
  1.629506264919e-03   -1.955166948039e-03   2.041716764221e+02  -1.148655810416e+01
  5.193483161502e-01   -1.780294014938e-03   2.057286473636e+02  -1.148655810416e+01
 -2.793689465575e-04    7.985961776055e-04   2.047465875877e+02  -1.148655810416e+01
  6.277937494439e-01   -8.905961632563e-02   1.889588635483e+02  -2.087017447662e+01
 -4.777570962278e-04   -7.936989219722e-06   1.967547573236e+02  -2.087017447662e+01
  1.768234831274e-03    3.437911335066e-05   1.886788715149e+02  -2.087017447662e+01
  5.189315827061e-01    1.115643709758e-03   2.057437294606e+02  -1.203432038772e+01
  8.450702327890e-01   -1.767381572400e-01   2.054160103237e+02  -1.203432038772e+01
  9.073563631054e-01   -2.276261695725e-03   2.084521416354e+02  -1.203432038772e+01
  8.484497629506e-01   -1.752392725548e-01   2.053650593816e+02  -1.139085810378e+01
  5.161633251492e-01   -4.198001939541e-04   2.058212383976e+02  -1.139085810378e+01
  3.956842804256e-01   -7.025908007095e-02   2.036506110522e+02  -1.139085810378e+01
  1.053637083861e+00   -2.181091758420e-01   2.100525254865e+02  -8.011020999138e+00
  9.077288378517e-01   -2.190034056289e-03   2.085463307866e+02  -8.011020999138e+00
  8.455396564920e-01   -1.782268449969e-01   2.053595438640e+02  -8.011020999138e+00
  1.326952203816e+00    1.374260865381e-02   1.019086823857e+01  -8.810247139840e+00
  1.799071877240e-02   -1.158054614355e-03   6.340144428208e+00  -8.810247139840e+00
  9.742868984123e-01   -1.375501980290e-02  -6.243992488282e-02  -8.810247139840e+00
  3.966447789464e-01   -6.915401524263e-02   2.036364625454e+02  -1.101147255829e+01
  8.106947200659e-01   -1.943082962738e-01   2.014879083172e+02  -1.101147255829e+01
  8.483713759630e-01   -1.763445701663e-01   2.053434429449e+02  -1.101147255829e+01
  1.259410858681e+00    1.209533201436e-02   1.151617518574e+02  -4.996564217226e+00
  6.702089376511e-01    2.682794668911e-02   1.153310495161e+02  -4.996564217226e+00
  1.079288789231e+00    2.034454472668e-02   1.105847083509e+02  -4.996564217226e+00
  4.890467460145e-01   -9.527687490952e-02   1.984113416590e+02  -1.051720682677e+01
  6.282674672029e-01   -8.955544463720e-02   1.889512401772e+02  -1.051720682677e+01
  9.175098141302e-01   -2.181454451030e-01   1.960716075313e+02  -1.051720682677e+01
  1.767553305600e-03    3.976821071303e-04   2.019766876065e+02  -1.504832119619e+01
  4.874968896329e-01   -9.479120876677e-02   1.984437425532e+02  -1.504832119619e+01
  3.953219595965e-01   -6.969315799157e-02   2.036877553915e+02  -1.504832119619e+01
  8.118376846411e-01   -1.944637699369e-01   2.014709412776e+02  -5.427375113136e+00
  9.158764757773e-01   -2.193389075162e-01   1.960791823948e+02  -5.427375113136e+00
  9.973471329908e-01   -2.930682440382e-01   2.036156740458e+02  -5.427375113136e+00
  9.157431374494e-01   -2.182761279532e-01   1.960836987597e+02  -1.128349382337e+01
  8.117922465601e-01   -1.946841864991e-01   2.014780543050e+02  -1.128349382337e+01
  4.909364612542e-01   -9.515177019402e-02   1.983810463769e+02  -1.128349382337e+01
  1.062910150776e+00   -3.317413472836e-01   1.982155334215e+02  -3.494450386806e+00
  9.946029811942e-01   -2.932598771766e-01   2.036777102734e+02  -3.494450386806e+00
  9.193658309285e-01   -2.193164308058e-01   1.960220388175e+02  -3.494450386806e+00
  8.116742247334e-01   -1.947510024911e-01   2.014744680159e+02  -6.886514732555e+00
  9.974876970675e-01   -2.923991100892e-01   2.036158365507e+02  -6.886514732555e+00
  8.466907240873e-01   -1.767541908046e-01   2.053800688606e+02  -6.886514732555e+00
  1.063994864173e+00   -3.320355085296e-01   1.981816101228e+02  -8.826428842893e-01
  9.182365813024e-01   -2.190936733543e-01   1.960521188057e+02  -8.826428842893e-01
  1.140834678668e+00   -2.478563124165e-01   1.888965256374e+02  -8.826428842893e-01
  4.889947313550e-01   -9.560023483550e-02   1.984298824467e+02  -1.081237314868e+01
  8.130084896115e-01   -1.942183904722e-01   2.014522495428e+02  -1.081237314868e+01
  3.942885486557e-01   -6.916614980026e-02   2.036973966802e+02  -1.081237314868e+01
  1.859653232259e-03   -5.249477186867e-04   1.644545471398e+02  -2.298238193919e+01
  1.072765212021e-03    9.389205605846e-04   1.412506406228e+02  -2.298238193919e+01
  6.917961893701e-01    3.302251766706e-02   1.589757108254e+02  -2.298238193919e+01
  1.050918728212e+00   -2.186612525985e-01   2.100431025232e+02  -6.939704592662e+00
  8.484085116585e-01   -1.772067693914e-01   2.053400808126e+02  -6.939704592662e+00
  9.953952143970e-01   -2.924588106071e-01   2.036421139625e+02  -6.939704592662e+00
  1.168885119095e+00   -4.514829540124e-03   2.132343352674e+02  -4.495525747589e+00
  1.047732923808e+00   -2.165357121284e-01   2.100431761585e+02  -4.495525747589e+00
  1.083124219088e+00   -9.578390106453e-02   2.147015197791e+02  -4.495525747589e+00
  1.166119997023e+00   -1.204153566730e-03   2.131876951720e+02  -9.953118401545e+00
  9.103198165327e-01   -1.202843540005e-03   2.085214946579e+02  -9.953118401545e+00
  1.050494541492e+00   -2.181035755562e-01   2.100858201392e+02  -9.953118401545e+00
  1.170343502322e+00   -4.467286569044e-03   2.132769319270e+02  -4.666486575196e+00
  1.082219898200e+00   -9.470937359668e-02   2.146988227265e+02  -4.666486575196e+00
  1.296005212605e+00    1.553691015945e-03   2.168048025525e+02  -4.666486575196e+00
  1.078249006616e+00   -9.160733334929e-02   2.147039775987e+02  -2.557749082622e+00
  1.053619112755e+00   -2.198147940147e-01   2.100242208027e+02  -2.557749082622e+00
  8.734646262675e-01   -2.060284209270e-01   2.123934889785e+02  -2.557749082622e+00
  8.360585899883e-01    1.574375502455e-02   2.147712196419e+02   3.617467220999e-01
  1.080873783814e+00   -9.199198453932e-02   2.146171467414e+02   3.617467220999e-01
  8.692013681720e-01   -2.044869597298e-01   2.124602191106e+02   3.617467220999e-01
  1.079622408898e+00   -8.863745987891e-02   2.146710711438e+02  -1.503474907356e+00
  1.096786222301e+00    1.136864748184e-01   2.145767095652e+02  -1.503474907356e+00
  1.297142101424e+00   -4.023572387449e-03   2.167979380773e+02  -1.503474907356e+00
  1.053589973599e+00   -2.190184225012e-01   2.100072025566e+02   5.020687692700e-01
  9.473814718883e-01   -3.266503295227e-01   2.065454748977e+02   5.020687692700e-01
  8.734182382513e-01   -2.075204803835e-01   2.124025849723e+02   5.020687692700e-01
  7.329576922253e-01   -1.075755119062e-02   1.108260565519e+02   9.357332525497e+00
  1.009081503559e+00   -1.445493774320e-02   1.040720590444e+02   9.357332525497e+00
  1.102898729293e-02   -1.074788877170e-03   1.029015882059e+02   9.357332525497e+00
  6.761085125636e-01   -2.681580407342e-01   2.093584817846e+02   9.800435870495e+00
  9.511060569030e-01   -3.281937137629e-01   2.065525888441e+02   9.800435870495e+00
  8.041376016523e-01   -3.026711710595e-01   2.010660246012e+02   9.800435870495e+00
  9.515183359256e-01   -3.270672384372e-01   2.064953709439e+02  -1.680339784081e+00
  1.048999832136e+00   -2.181438999971e-01   2.100825193788e+02  -1.680339784081e+00
  9.974477040596e-01   -2.935093740479e-01   2.036127302462e+02  -1.680339784081e+00
  3.010148480028e-01   -8.423948555547e-02   2.166714252571e+02   1.081478941112e+01
  5.829432279442e-01   -1.525532490949e-01   2.149125421130e+02   1.081478941112e+01
  3.522846164642e-01   -1.572141168539e-01   2.117280901780e+02   1.081478941112e+01
  5.824846903658e-01   -1.518796468629e-01   2.148480406977e+02   7.072102423390e+00
  8.703942466016e-01   -2.059344727428e-01   2.124806841383e+02   7.072102423390e+00
  6.733473172300e-01   -2.679736881091e-01   2.094634648981e+02   7.072102423390e+00
  6.747529896929e-01   -2.677970296934e-01   2.094051553311e+02   1.203264324804e+01
  3.541619568844e-01   -1.575275685731e-01   2.116981633415e+02   1.203264324804e+01
  5.813412945362e-01   -1.524198365405e-01   2.149347990296e+02   1.203264324804e+01
  5.825858559847e-01   -1.514157392412e-01   2.148720356039e+02   1.464010458055e+00
  8.342065496465e-01    1.697224291808e-02   2.148402173552e+02   1.464010458055e+00
  8.700484739324e-01   -2.056185491636e-01   2.124550131012e+02   1.464010458055e+00
  1.062467111876e+00   -3.329628797636e-01   1.982078383006e+02   6.940018832920e+00
  8.073645947885e-01   -3.026883031481e-01   2.010039413044e+02   6.940018832920e+00
  9.483250208930e-01   -3.281541526937e-01   2.066164642153e+02   6.940018832920e+00
  6.757896475223e-01   -2.679858417708e-01   2.094151528412e+02   4.292363881138e+00
  8.685814239636e-01   -2.062242052999e-01   2.125247949050e+02   4.292363881138e+00
  9.507923818285e-01   -3.278525905374e-01   2.064961517291e+02   4.292363881138e+00
  1.058638342916e+00   -3.323542694998e-01   1.982764971842e+02   1.593489376424e+00
  9.517545464489e-01   -3.279866986701e-01   2.064843392393e+02   1.593489376424e+00
  9.977684148056e-01   -2.930974776494e-01   2.036092879023e+02   1.593489376424e+00
  5.815883421315e-01   -1.511926873254e-01   2.148771968823e+02   4.423438569692e+00
  3.017271123392e-01   -8.516002435527e-02   2.167137692231e+02   4.423438569692e+00
  5.521200667403e-01    1.273511862226e-02   2.168200224323e+02   4.423438569692e+00
  1.147057005039e+00   -2.470161283614e-01   1.888100931224e+02  -7.660813580634e+00
  9.132999320212e-01   -2.189183519306e-01   1.961619617422e+02  -7.660813580634e+00
  6.357764329737e-01   -8.922819295150e-02   1.888438417790e+02  -7.660813580634e+00
  1.315925056021e+00    1.408455886290e-02   1.023886092449e+01  -3.473799651118e+00
  9.792429834321e-01   -1.357473001432e-02   7.015725590579e-03  -3.473799651118e+00
  1.323481039742e+00    3.201343945139e-03   1.250498330439e-01  -3.473799651118e+00
  1.168664701439e+00   -1.326983377566e-01   1.785039596956e+02  -7.212529458918e+00
  6.829114020376e-01   -3.877912487393e-02   1.749409686487e+02  -7.212529458918e+00
  1.164170583636e+00   -1.305845827462e-02   1.669514265250e+02  -7.212529458918e+00
  1.166074968542e+00   -1.355562655417e-01   1.785608710279e+02  -5.555271705340e+00
  1.148548989214e+00   -2.461494372140e-01   1.887708575765e+02  -5.555271705340e+00
  6.350131698126e-01   -9.056152946094e-02   1.888648250368e+02  -5.555271705340e+00
  1.062923851721e+00   -3.334110555103e-01   1.982893991055e+02   1.099675124809e+01
  9.327375568110e-01   -2.550011203009e-01   1.907377053366e+02   1.099675124809e+01
  8.074619186189e-01   -3.023948208610e-01   2.009259088848e+02   1.099675124809e+01
  9.361031025348e-01   -2.549100231948e-01   1.906676426516e+02   7.900903475569e+00
  1.059945104034e+00   -3.331406233439e-01   1.983632499004e+02   7.900903475569e+00
  1.145307460975e+00   -2.480493555976e-01   1.888057145488e+02   7.900903475569e+00
  1.025226147480e+00   -1.490816916845e-01   1.791809101613e+02   1.080240940915e+01
  9.359541762270e-01   -2.539862046056e-01   1.905698535857e+02   1.080240940915e+01
  1.146089911889e+00   -2.491443337460e-01   1.889048638691e+02   1.080240940915e+01
  4.957664978601e-01   -1.546382996034e-01   1.923827572848e+02   2.362195882899e+01
  8.062887495539e-01   -3.025272036344e-01   2.010829563756e+02   2.362195882899e+01
  9.340541260081e-01   -2.545852959476e-01   1.906246744762e+02   2.362195882899e+01
  1.143415257779e+00   -2.490984198241e-01   1.889806893183e+02   7.192397209102e+00
  1.171200461038e+00   -1.335660643823e-01   1.784559883863e+02   7.192397209102e+00
  1.028068331855e+00   -1.485747946411e-01   1.791095594439e+02   7.192397209102e+00
  1.170100144798e+00   -1.344644590467e-01   1.785098408740e+02  -9.947605381683e+00
  6.298158113931e-01   -9.131869219993e-02   1.889627983105e+02  -9.947605381683e+00
  6.804491137604e-01   -3.729862519380e-02   1.749470217316e+02  -9.947605381683e+00
  1.065066605841e+00   -1.481074903897e-02   1.669599767172e+02   9.767529971270e+00
  1.027162929021e+00   -1.470462751544e-01   1.789963173605e+02   9.767529971270e+00
  1.172681715973e+00   -1.350662061298e-01   1.785656193031e+02   9.767529971270e+00
  1.987016066315e-03   -1.132688118527e-03   1.666827125367e+02   4.239149477741e+01
  5.920095139167e-01   -5.362893485226e-03   1.668205364579e+02   4.239149477741e+01
  1.830249157464e-03    2.578982477091e-03   1.536582626623e+02   4.239149477741e+01
  1.029534252629e+00   -1.478128965979e-01   1.791487295282e+02   2.666033461579e+01
  5.897338914862e-01   -7.322261282326e-03   1.668398960902e+02   2.666033461579e+01
  5.550819223911e-01   -9.491788896731e-02   1.798562049100e+02   2.666033461579e+01
  5.927496704462e-01   -7.214109632328e-03   1.668319646921e+02   2.679443898069e+01
  1.026962100017e+00   -1.474417733673e-01   1.791636072436e+02   2.679443898069e+01
  1.062670330339e+00   -1.316345164539e-02   1.667977995422e+02   2.679443898069e+01
  5.552003562038e-01   -9.392220024124e-02   1.799508267658e+02   4.567225909496e+01
  5.887860240135e-01   -9.228452269212e-03   1.666745322646e+02   4.567225909496e+01
  4.298765317108e-03   -2.618640014567e-03   1.799682398633e+02   4.567225909496e+01
  1.026787321963e+00   -1.482542648815e-01   1.790480272973e+02   2.611051253372e+01
  5.572937839240e-01   -9.487642814594e-02   1.799694344726e+02   2.611051253372e+01
  9.344319168922e-01   -2.540361216392e-01   1.907402314412e+02   2.611051253372e+01
  1.025397158579e+00    1.209835424961e-01   1.545102960311e+02   2.669120750375e+01
  5.925279716597e-01   -7.659710439325e-03   1.666685233513e+02   2.669120750375e+01
  1.062735517576e+00   -1.218981926351e-02   1.668403300538e+02   2.669120750375e+01
  1.068652419193e+00   -1.419065426693e-02   1.669120441503e+02   6.570659526885e+00
  1.169499681870e+00   -1.353906311988e-01   1.786288051136e+02   6.570659526885e+00
  1.163767856272e+00   -1.096669760954e-02   1.668846066552e+02   6.570659526885e+00
  6.800696862595e-01   -3.988774405086e-02   1.749649151856e+02  -1.037165046273e+01
  6.882140681816e-01    3.309076174734e-02   1.589553625364e+02  -1.037165046273e+01
  1.167121246748e+00   -1.174935074727e-02   1.669303932438e+02  -1.037165046273e+01
  4.934039158522e-01   -1.541742951194e-01   1.922830586371e+02   2.527020505514e+01
  9.369332458024e-01   -2.546429589312e-01   1.907167143276e+02   2.527020505514e+01
  5.543495775642e-01   -9.460385612656e-02   1.799948135530e+02   2.527020505514e+01
  1.066991889490e-04   -3.643887797660e-04   2.117455459413e+02   2.478238300224e+01
  3.563775060370e-01   -1.584419983850e-01   2.117471239874e+02   2.478238300224e+01
  2.576939280335e-03   -1.491798276983e-03   2.036199624308e+02   2.478238300224e+01
  3.530854292804e-01   -1.566245624676e-01   2.116431592425e+02   1.737773265178e+01
  6.767624614601e-01   -2.689297556810e-01   2.094619092471e+02   1.737773265178e+01
  4.241708086028e-01   -1.797156330735e-01   2.032750068165e+02   1.737773265178e+01
  5.873276656941e-01   -7.964732581857e-02   1.271949190405e+02   1.466116443368e+01
  2.254203946473e-04    9.419148427079e-04   1.197837431784e+02   1.466116443368e+01
  1.743215275972e-03   -3.024988094790e-04   1.272426256248e+02   1.466116443368e+01
  2.293839318968e-03   -3.331461768217e-03   2.175788927455e+02   7.943978106087e+00
  2.859040513323e-01    6.167569327596e-03   2.185760183287e+02   7.943978106087e+00
  3.002803978179e-01   -8.310918467971e-02   2.166897793380e+02   7.943978106087e+00
  1.526959128733e-03   -1.332297430605e-03   2.118248335661e+02   2.009545486371e+01
 -6.991173332395e-04    9.394142256788e-04   2.175205485489e+02   2.009545486371e+01
  3.535558552959e-01   -1.565087603957e-01   2.116671967995e+02   2.009545486371e+01
  6.484186947414e-01    1.260719725585e-01   1.966005140256e+02   1.514445042611e+01
  2.827360548337e-03   -5.278762419699e-04   2.006880133290e+02   1.514445042611e+01
  5.175799381167e-01    8.987564156817e-02   2.015319536987e+02   1.514445042611e+01
  3.544563416039e-01   -1.574876452330e-01   2.117582497038e+02   3.050647627904e+01
  4.236566166971e-01   -1.790167075730e-01   2.031832166457e+02   3.050647627904e+01
  4.470204843287e-03   -2.542585949235e-03   2.035833827622e+02   3.050647627904e+01
  8.649963812088e-04    1.619986952426e-04   2.175064607175e+02   1.577594593760e+01
  3.012778261688e-01   -8.500056541393e-02   2.167067950916e+02   1.577594593760e+01
  3.515262145002e-01   -1.557332676092e-01   2.116804548490e+02   1.577594593760e+01
  3.110935936812e-03    3.679396993248e-04   1.801360196670e+02   3.972707686819e+01
  5.792657454331e-04   -2.459808989588e-03   1.925888680390e+02   3.972707686819e+01
  5.558261543217e-01   -9.669969294569e-02   1.798483829264e+02   3.972707686819e+01
  1.259701827235e-03   -2.293629433924e-03   1.799496998680e+02   4.247987154921e+01
  5.919768449573e-01   -9.230943347487e-03   1.666746427787e+02   4.247987154921e+01
  2.128531656039e-03    9.669562565300e-04   1.668286961487e+02   4.247987154921e+01
  8.721115070225e-01    5.318233133700e-02   1.737899168972e+02   1.773757489037e+01
  6.658862930628e-03    9.306965500156e-04   1.872658859073e+02   1.773757489037e+01
  7.716047419310e-01    1.170725187528e-01   1.869807523120e+02   1.773757489037e+01
  6.237343817302e-04   -1.276818053631e-03   2.034306580871e+02   3.243904197460e+01
  4.275764193707e-01   -1.797790874134e-01   2.032879282374e+02   3.243904197460e+01
  3.639037845286e-03   -5.052321422647e-04   1.928669397789e+02   3.243904197460e+01
  3.787197596194e-03   -3.610205692723e-03   1.926019307090e+02   4.148435566469e+01
  4.934364188162e-01   -1.530694082852e-01   1.923709500299e+02   4.148435566469e+01
  5.528528559126e-01   -9.609517274592e-02   1.798519544352e+02   4.148435566469e+01
  6.801414305773e-01   -3.783152781066e-02   1.749609124914e+02  -2.098965313636e+01
  6.658700527828e-03    8.873843698072e-04   1.645205731985e+02  -2.098965313636e+01
  6.874676909159e-01    3.148939954631e-02   1.589572919159e+02  -2.098965313636e+01
  4.900206010782e-01   -9.455885148635e-02   1.984101866643e+02  -1.630358323660e+01
 -3.792982011755e-04    2.627174668607e-04   2.020203981758e+02  -1.630358323660e+01
  1.884074027458e-03   -7.520491793903e-05   1.967554583831e+02  -1.630358323660e+01
  6.664166523777e-03   -1.711117436097e-03   1.928336078798e+02   3.771596116782e+01
  4.251788405940e-01   -1.788255546411e-01   2.033024398239e+02   3.771596116782e+01
  4.917915398978e-01   -1.540328981474e-01   1.922943939509e+02   3.771596116782e+01
  4.239515075785e-01   -1.792696528382e-01   2.031769125983e+02   2.215821990453e+01
  8.084270269858e-01   -3.030994939854e-01   2.010606164708e+02   2.215821990453e+01
  4.931292259030e-01   -1.541220048912e-01   1.924072073378e+02   2.215821990453e+01
  6.304880537840e-01   -8.884388958780e-02   1.889866975824e+02  -2.097776770538e+01
  6.627504764502e-03    1.382346273351e-03   1.775966301741e+02  -2.097776770538e+01
  6.785365958607e-01   -3.874609969136e-02   1.749462116833e+02  -2.097776770538e+01
  1.068503864346e+00   -1.132197321460e-02   1.667278172909e+02   6.481571990515e+00
  1.163814018759e+00   -1.244338444480e-02   1.669686449596e+02   6.481571990515e+00
  1.175922039398e+00    1.090986962907e-01   1.552121973975e+02   6.481571990515e+00
  4.261753546291e-01   -1.801564141581e-01   2.032528957745e+02   1.871014575988e+01
  6.750075209408e-01   -2.685772793304e-01   2.094824121204e+02   1.871014575988e+01
  8.054892693465e-01   -3.023722710263e-01   2.009825271543e+02   1.871014575988e+01
 -2.099203499322e-04   -4.204061182011e-04   1.886681232006e+02  -2.106364693289e+01
  3.931479109909e-03    9.791126716059e-04   1.776218798409e+02  -2.106364693289e+01
  6.327057730870e-01   -8.815024820055e-02   1.889712854396e+02  -2.106364693289e+01
  2.874320578182e-01    5.971616193914e-03   2.185665276387e+02   2.390879113332e+00
  8.434093135280e-04   -2.745368635543e-03   2.176055020712e+02   2.390879113332e+00
  3.750177900920e-04    1.145557147312e-03   2.188256026164e+02   2.390879113332e+00
  1.104847641551e+00    2.607582928032e-01   2.093698369139e+02   2.020285038819e+00
  1.094868673150e+00    1.180256582812e-01   2.145422808548e+02   2.020285038819e+00
  8.960043776979e-01    2.429052340355e-01   2.119846735948e+02   2.020285038819e+00
  1.096821766426e+00    1.146227989024e-01   2.145610178217e+02   2.249437554481e+00
  1.297094234497e+00    3.544644622761e-03   2.158339251608e+02   2.249437554481e+00
  1.297787033284e+00   -4.717416712132e-03   2.168474510801e+02   2.249437554481e+00
  1.295092598365e+00   -1.099826116580e-03   2.158154984211e+02   7.889463211139e+00
  1.096933313136e+00    2.576481547026e-01   2.094560697747e+02   7.889463211139e+00
  1.168546450134e+00    2.100592249577e-03   2.109248178637e+02   7.889463211139e+00
  1.098146689272e+00    2.573578391157e-01   2.094407742476e+02   2.615335373832e+00
  1.294013030035e+00   -9.911952094030e-05   2.158234238512e+02   2.615335373832e+00
  1.098518381491e+00    1.204413589959e-01   2.145242077584e+02   2.615335373832e+00
  1.165759717762e+00    1.140181621353e-03   2.109409943600e+02   1.075454390155e+01
  1.102825002149e+00    2.594882896796e-01   2.094179733399e+02   1.075454390155e+01
  9.112136493832e-01    1.075544732968e-03   2.059464660856e+02   1.075454390155e+01
  7.611482280106e-03   -4.056546211104e-04   6.363764708465e+00  -9.574755830333e+00
 -1.953795836270e-04    2.213622913074e-04   4.037054812800e-02  -9.574755830333e+00
  9.817313099286e-01   -1.371232347341e-02  -2.586962262062e-02  -9.574755830333e+00
  1.097677203525e+00    1.186634832086e-01   2.144651604656e+02  -8.056908056239e-01
  8.361056811410e-01    1.895581523142e-02   2.147757345607e+02  -8.056908056239e-01
  8.916548833287e-01    2.412889401810e-01   2.120527680799e+02  -8.056908056239e-01
  1.096818465466e+00    1.189576648908e-01   2.145439323747e+02  -2.440544556604e-01
  1.079907651189e+00   -9.245719438543e-02   2.146806348050e+02  -2.440544556604e-01
  8.378344728993e-01    1.741469390062e-02   2.147156056054e+02  -2.440544556604e-01
  5.945835211981e-01    1.797187463963e-01   2.146308200857e+02  -2.414290962662e+00
  8.924538140822e-01    2.423693847538e-01   2.120527736584e+02  -2.414290962662e+00
  8.342964885169e-01    1.776654064669e-02   2.148420325163e+02  -2.414290962662e+00
  6.976365360033e-01    2.943794424466e-01   2.088315984264e+02  -1.361986001792e+01
  5.934677409869e-01    1.807190174718e-01   2.146999537752e+02  -1.361986001792e+01
  3.614162738382e-01    1.672761616908e-01   2.110573074433e+02  -1.361986001792e+01
  8.911008133251e-01    2.431085129144e-01   2.121258260179e+02  -5.385761824691e+00
  6.987750786966e-01    2.947879287244e-01   2.088483111808e+02  -5.385761824691e+00
  9.946518905093e-01    3.674416507245e-01   2.057369109371e+02  -5.385761824691e+00
  6.963250128117e-01    2.946928022891e-01   2.088952067247e+02  -7.961818571728e+00
  8.929051850954e-01    2.428847330510e-01   2.120819192420e+02  -7.961818571728e+00
  5.944145719268e-01    1.800328776932e-01   2.146053326584e+02  -7.961818571728e+00
  1.126845885001e+00    3.711446089341e-01   1.972171962148e+02  -8.159981044327e+00
  9.922096238226e-01    3.677700026677e-01   2.058582905358e+02  -8.159981044327e+00
  8.416060872459e-01    3.288897163232e-01   2.002855266985e+02  -8.159981044327e+00
  8.958965333770e-01    2.442719026468e-01   2.120025069370e+02  -1.207228534170e+00
  9.913120975320e-01    3.663657380451e-01   2.057832095854e+02  -1.207228534170e+00
  1.104877701305e+00    2.599865136819e-01   2.093365842857e+02  -1.207228534170e+00
  5.934384766013e-01    1.793892126543e-01   2.146416016498e+02  -5.593560545825e+00
  5.522052175155e-01    1.467810384457e-02   2.168171799710e+02  -5.593560545825e+00
  3.073552281241e-01    1.017969017383e-01   2.166254986338e+02  -5.593560545825e+00
  5.926621323701e-01    1.796055890747e-01   2.146748876505e+02  -3.155711625750e+00
  8.361736309985e-01    1.758411258151e-02   2.147963645815e+02  -3.155711625750e+00
  5.527891686851e-01    1.396988704042e-02   2.167503682517e+02  -3.155711625750e+00
  8.360912063708e-01    1.727469592816e-02   2.147964113988e+02   2.355028591242e+00
  5.806783197761e-01   -1.513925781383e-01   2.149140225932e+02   2.355028591242e+00
  5.528288906491e-01    1.343599712873e-02   2.167503930101e+02   2.355028591242e+00
  1.100232930711e+00    2.590925023475e-01   2.093986777463e+02   9.022738339120e-01
  9.954870789043e-01    3.668262454602e-01   2.057399032236e+02   9.022738339120e-01
  1.068797264486e+00    3.367109006740e-01   2.024400616180e+02   9.022738339120e-01
  9.072503519001e-01    2.713049792911e-03   2.059151741579e+02   1.261989033413e+01
  9.283023202016e-01    2.078736461749e-01   2.037422452212e+02   1.261989033413e+01
  5.195068334868e-01   -1.973174591233e-03   2.031423372340e+02   1.261989033413e+01
  9.092010397783e-01    2.136463795881e-03   2.059796142896e+02   7.883503833892e+00
  1.105420484448e+00    2.591827747434e-01   2.093635629460e+02   7.883503833892e+00
  9.271793645447e-01    2.102707461126e-01   2.037002373554e+02   7.883503833892e+00
  5.183406005332e-01    1.676247900014e-03   2.031306502410e+02   1.314213914711e+01
  5.161406508935e-01    8.890376259188e-02   2.015426130131e+02   1.314213914711e+01
 -4.365876297119e-04   -2.344100349435e-03   2.032394300341e+02   1.314213914711e+01
  5.186403874648e-01    9.215475726471e-02   2.014956413102e+02   1.062089635151e+01
  5.171114103007e-01   -9.567178411890e-04   2.032064961441e+02   1.062089635151e+01
  9.313211664490e-01    2.068132060872e-01   2.036937646892e+02   1.062089635151e+01
  6.551740823699e-01    1.258476635670e-01   1.965768167171e+02   1.635387578200e+01
  5.868846949938e-03   -4.675819723620e-05   1.874096475232e+02   1.635387578200e+01
 -1.472549316067e-03   -1.885770084753e-04   2.007902494860e+02   1.635387578200e+01
  3.821496679344e-03   -3.638615301974e-04   1.028840365335e+02   1.051837682613e+01
  3.517914262582e-04    3.135826215727e-04   1.104309443983e+02   1.051837682613e+01
  7.369829741017e-01   -1.089104750362e-02   1.108193071871e+02   1.051837682613e+01
  9.308291962496e-01    2.084069602851e-01   2.036781558790e+02   1.045198166921e+01
  9.134059022373e-01    2.312225561224e-01   1.998035057294e+02   1.045198166921e+01
  5.198256850994e-01    9.062964577421e-02   2.014791589032e+02   1.045198166921e+01
  6.335797061111e-01    2.369600469195e-02   1.116062808167e+02  -1.055647002669e+01
 -1.353120959671e-04   -4.471769561233e-04   1.108926869480e+02  -1.055647002669e+01
  3.482932079591e-03    3.017197716379e-04   1.036203830467e+02  -1.055647002669e+01
  1.065870798463e+00    3.364169788101e-01   2.025031108421e+02   2.334524641459e+00
  1.127360929147e+00    3.699920058386e-01   1.972257221522e+02   2.334524641459e+00
  1.027406696710e+00    2.582164876855e-01   1.945796545272e+02   2.334524641459e+00
  1.123038559699e+00    3.705291841057e-01   1.972840959292e+02  -2.499187362638e+00
  1.069175512026e+00    3.363276769399e-01   2.024383253085e+02  -2.499187362638e+00
  9.956020170672e-01    3.676343929776e-01   2.057289564365e+02  -2.499187362638e+00
  9.144979978982e-01    2.316817922274e-01   1.997903213948e+02   9.830351774154e+00
  1.024140663581e+00    2.572106279830e-01   1.946497135139e+02   9.830351774154e+00
  6.492632591681e-01    1.264835716645e-01   1.965532601533e+02   9.830351774154e+00
  1.024119010704e+00    2.582382841982e-01   1.946380611612e+02   4.544725817924e+00
  9.146961499141e-01    2.314764179422e-01   1.997897219379e+02   4.544725817924e+00
  1.068427024827e+00    3.362258124544e-01   2.024413403704e+02   4.544725817924e+00
  6.476347080060e-01    1.267830072465e-01   1.965983141238e+02   9.187666366046e+00
  1.025968430707e+00    2.570206434935e-01   1.946373395249e+02   9.187666366046e+00
  7.722516479255e-01    1.183112633012e-01   1.869852014175e+02   9.187666366046e+00
  9.155923253818e-01    2.312984421077e-01   1.997628716956e+02   9.798325957493e+00
  6.478875682260e-01    1.268457267700e-01   1.965943358554e+02   9.798325957493e+00
  5.173410291289e-01    9.013484807579e-02   2.015420026890e+02   9.798325957493e+00
  1.128345753387e+00    3.702207969233e-01   1.971909446216e+02  -3.189651863596e-01
  1.225523719010e+00    2.809193523697e-01   1.878042262455e+02  -3.189651863596e-01
  1.026360494812e+00    2.580601461610e-01   1.946112113766e+02  -3.189651863596e-01
  1.068800032975e+00    3.357311178360e-01   2.024479086637e+02   6.168387843610e+00
  9.143395371827e-01    2.316324603700e-01   1.997884568039e+02   6.168387843610e+00
  9.289471979019e-01    2.090294818839e-01   2.037244090944e+02   6.168387843610e+00
  1.102037389024e+00    2.595306837803e-01   2.093532360153e+02   6.512817968798e+00
  1.066867788947e+00    3.358118756818e-01   2.024735288653e+02   6.512817968798e+00
  9.303738215746e-01    2.094812586572e-01   2.036866203636e+02   6.512817968798e+00
  6.519964977064e-01    1.264547338400e-01   1.966218065495e+02   1.886477040639e+01
  7.683523381923e-01    1.178783728628e-01   1.869688975013e+02   1.886477040639e+01
  1.060525143981e-02   -6.302030383486e-04   1.873174234924e+02   1.886477040639e+01
  9.950396124865e-01    3.678607701054e-01   2.057955080671e+02  -1.090954472607e+01
  6.989710188322e-01    2.948166301240e-01   2.087891689838e+02  -1.090954472607e+01
  8.383492426877e-01    3.288106537104e-01   2.003452694750e+02  -1.090954472607e+01
  2.052073714512e-02    5.425637937677e-04   1.710497611117e+01  -9.223075946212e+00
  1.332874977589e+00    1.661610891713e-02   1.024769178392e+01  -9.223075946212e+00
  1.148757621736e+00    2.929812630279e-02   1.947941282583e+01  -9.223075946212e+00
  2.860551491914e-01    9.767041643002e-03   2.185835909783e+02  -9.578889441517e+00
  1.884601407608e-03    2.779594521064e-03   2.172154048167e+02  -9.578889441517e+00
  3.062753699633e-01    1.000526642758e-01   2.166049506569e+02  -9.578889441517e+00
  2.874882794796e-01    9.923594691272e-03   2.185727093211e+02  -3.498436494137e+00
  3.933818898093e-04   -9.348626270824e-04   2.188216488997e+02  -3.498436494137e+00
  6.918882554598e-04    2.436921375462e-03   2.172472666608e+02  -3.498436494137e+00
  3.068938734917e-01    1.023628202183e-01   2.166818554526e+02  -2.135816141515e+01
  3.889071081935e-03    3.852576258109e-03   2.119496814933e+02  -2.135816141515e+01
  3.589835190050e-01    1.652556694104e-01   2.110072189349e+02  -2.135816141515e+01
  4.357355937769e-01    1.929838036756e-01   2.025758384588e+02  -2.829946844757e+01
  3.606993189535e-01    1.663633541739e-01   2.110521663537e+02  -2.829946844757e+01
  9.880996977412e-04    1.840224996859e-03   2.118057993653e+02  -2.829946844757e+01
  4.401230675755e-01    1.940881133608e-01   2.026335711040e+02  -2.015146657993e+01
  8.397439151726e-01    3.285674927395e-01   2.002608973971e+02  -2.015146657993e+01
  6.978326748943e-01    2.950764928869e-01   2.089110994836e+02  -2.015146657993e+01
  4.376235808036e-01    1.935708654849e-01   2.026638231449e+02  -1.874590438184e+01
  6.998504503836e-01    2.955100051811e-01   2.088882088199e+02  -1.874590438184e+01
  3.599935493127e-01    1.662241321617e-01   2.109940544457e+02  -1.874590438184e+01
  2.093492184457e-03    2.670431240994e-03   2.119822635895e+02  -1.546962269397e+01
  3.084505009199e-01    1.030799420923e-01   2.166644364959e+02  -1.546962269397e+01
  1.382805494969e-04   -3.375137640181e-04   2.171348016937e+02  -1.546962269397e+01
  5.951103084447e-01    1.810034824098e-01   2.146796786637e+02  -1.181366778805e+01
  3.062059060268e-01    1.006881114198e-01   2.165945954133e+02  -1.181366778805e+01
  3.594913738676e-01    1.667430739330e-01   2.110808088637e+02  -1.181366778805e+01
 -1.010739011786e-03    5.358535808057e-04   2.118091881619e+02  -3.026249004147e+01
  2.729159358856e-03    1.251411512408e-03   2.030431651375e+02  -3.026249004147e+01
  4.379306784763e-01    1.938802135153e-01   2.025627556658e+02  -3.026249004147e+01
  6.894904705699e-01    3.263539335916e-02   1.589591512790e+02  -1.951723613033e+01
  3.502663336321e-03    1.353282468929e-03   1.412795220586e+02  -1.951723613033e+01
  6.317102256764e-01    7.298596248077e-02   1.447774571659e+02  -1.951723613033e+01
  1.329857291381e+00   -2.476540868281e-02   7.487283824710e+01   7.140585525114e+00
  3.987114093046e-02    1.637251815745e-03   8.275119739191e+01   7.140585525114e+00
  1.504219449854e+00   -1.716953647730e-02   8.394804178617e+01   7.140585525114e+00
  5.181166291983e-01   -2.525436240079e-03   2.057656290545e+02  -1.407896050718e+01
  2.342848485968e-03   -1.455510462847e-03   2.041546855919e+02  -1.407896050718e+01
  3.934712833478e-01   -6.881307105341e-02   2.036869907589e+02  -1.407896050718e+01
  5.259133356416e-01    1.693837885634e-01   1.918785630343e+02  -3.981312180012e+01
  9.437637068552e-04    1.407333822412e-03   1.917484769957e+02  -3.981312180012e+01
  3.105092379901e-03   -9.243449633071e-04   1.794467254132e+02  -3.981312180012e+01
  5.228754884720e-01    1.714606494330e-01   1.917432557364e+02  -3.745295488462e+01
 -5.768110973408e-04    1.545118196550e-03   2.029252204417e+02  -3.745295488462e+01
  2.520483555970e-03    2.891571633403e-04   1.918819938393e+02  -3.745295488462e+01
  5.280792678606e-01    7.607373201458e-02   1.336325459643e+02  -1.550422188627e+01
  9.038329076120e-04   -7.357892263864e-04   1.269082563601e+02  -1.550422188627e+01
  4.419582823496e-01    5.962676846124e-02   1.264508886528e+02  -1.550422188627e+01
  4.391163568784e-01    1.929994327550e-01   2.026247601114e+02  -3.774484336345e+01
  1.889061797906e-03    2.676640518004e-03   2.029282661013e+02  -3.774484336345e+01
  5.199219639191e-01    1.705680339841e-01   1.917482698466e+02  -3.774484336345e+01
  9.657219950360e-01    7.690989125388e-02   1.195933781542e+02  -6.636004064679e+00
  6.740798879267e-01    4.962581066062e-02   1.194056215728e+02  -6.636004064679e+00
  6.661647239944e-01    2.546760029670e-02   1.153254214540e+02  -6.636004064679e+00
  5.795902839103e-01    9.828439934249e-02   1.793700454703e+02  -4.246356970558e+01
  2.050520359472e-03    1.681098833908e-03   1.792360970728e+02  -4.246356970558e+01
  3.144410315342e-03   -2.076012436632e-03   1.661723505385e+02  -4.246356970558e+01
  8.402565219155e-01    3.286217078692e-01   2.003610453556e+02  -2.479409081382e+01
  5.238994030984e-01    1.702347246903e-01   1.918442902090e+02  -2.479409081382e+01
  9.787345922478e-01    2.774349977185e-01   1.898916598496e+02  -2.479409081382e+01
  5.214058956654e-01    1.698752380214e-01   1.918691715792e+02  -2.368688966901e+01
  8.423423611987e-01    3.291415447963e-01   2.003394554529e+02  -2.368688966901e+01
  4.384437813876e-01    1.933625186737e-01   2.025464070085e+02  -2.368688966901e+01
  1.268365964903e+00    1.573998132850e-01   1.774797793876e+02   4.116592472918e+00
  7.801707842060e-01    1.193213511630e-01   1.868998735521e+02   4.116592472918e+00
  1.233058980059e+00    2.792707946263e-01   1.876849965292e+02   4.116592472918e+00
  7.806201773233e-01    1.179786895131e-01   1.868849962719e+02   6.374262013365e+00
  1.021518888998e+00    2.578608039649e-01   1.947225736916e+02   6.374262013365e+00
  1.231767658867e+00    2.801644258985e-01   1.877213410400e+02   6.374262013365e+00
  1.229913752571e+00    2.810614848529e-01   1.877129002065e+02  -9.302937613025e+00
  1.124414276050e+00    3.713299894398e-01   1.973702930843e+02  -9.302937613025e+00
  9.807489122138e-01    2.777636110732e-01   1.899316050100e+02  -9.302937613025e+00
  9.805365419793e-01    2.768104884697e-01   1.898356411677e+02  -1.224665359108e+01
  1.074490956300e+00    1.640936139495e-01   1.784568152498e+02  -1.224665359108e+01
  1.230821858311e+00    2.821929702152e-01   1.878112812146e+02  -1.224665359108e+01
  9.816466604676e-01    2.775782346999e-01   1.899859375445e+02  -2.650727657984e+01
  5.217331497927e-01    1.697275256098e-01   1.917484860885e+02  -2.650727657984e+01
  5.767075754367e-01    9.985649183171e-02   1.793762485558e+02  -2.650727657984e+01
  8.415915649620e-01    3.285710075306e-01   2.002082829592e+02  -1.225196039150e+01
  9.774050634236e-01    2.778420355285e-01   1.900009931740e+02  -1.225196039150e+01
  1.127400632757e+00    3.716173261947e-01   1.972976647389e+02  -1.225196039150e+01
  5.761362943781e-01    1.001657350262e-01   1.792397218285e+02  -2.801262207934e+01
  5.994638224392e-01    9.406449822092e-03   1.661564178672e+02  -2.801262207934e+01
  1.079129473856e+00    1.627304627624e-01   1.784284179297e+02  -2.801262207934e+01
  5.759553157899e-01    1.003934920730e-01   1.792545645957e+02  -4.550000518408e+01
  5.229442593532e-01    1.684206485146e-01   1.918863627175e+02  -4.550000518408e+01
  6.049475663775e-03   -1.282232444419e-04   1.794162224068e+02  -4.550000518408e+01
  1.274794165620e+00    1.567543470132e-01   1.775012520482e+02  -1.145989273602e+01
  1.076201067700e+00    1.620788843487e-01   1.782691228049e+02  -1.145989273602e+01
  1.113675337192e+00    2.057036470744e-02   1.662891723411e+02  -1.145989273602e+01
  1.077270166395e+00    1.636081890474e-01   1.783853726019e+02  -8.931665496861e+00
  1.273126832599e+00    1.553071384375e-01   1.773846058279e+02  -8.931665496861e+00
  1.228192535352e+00    2.821565506425e-01   1.878859874936e+02  -8.931665496861e+00
  8.733074605629e-01    5.288207861376e-02   1.737741740905e+02   4.710794851700e+00
  1.270516119763e+00    1.542808803719e-01   1.774201646110e+02   4.710794851700e+00
  1.274065188996e+00    1.989085480057e-02   1.662888362305e+02   4.710794851700e+00
  1.272111739982e+00    1.563101588890e-01   1.774289037381e+02   7.768677194409e+00
  8.713304906165e-01    5.101033557897e-02   1.737665624309e+02   7.768677194409e+00
  7.746925177657e-01    1.199796616475e-01   1.869813640413e+02   7.768677194409e+00
  1.111116073135e+00    1.902201221471e-02   1.661178873184e+02  -2.890498901844e+01
  1.076344330090e+00    1.622895221978e-01   1.784438991522e+02  -2.890498901844e+01
  6.029101435530e-01    9.381742719683e-03   1.661465552522e+02  -2.890498901844e+01
  5.792227614617e-01    1.002221810138e-01   1.793531030073e+02  -2.780827362822e+01
  1.075786075890e+00    1.631938625264e-01   1.783237866315e+02  -2.780827362822e+01
  9.793777501716e-01    2.769455785031e-01   1.900082541314e+02  -2.780827362822e+01
  6.955145842885e-03   -1.977851213283e-03   1.661479080394e+02  -4.758694822174e+01
  5.977533835725e-01    1.071015064983e-02   1.660211977710e+02  -4.758694822174e+01
  5.764667662660e-01    9.796761309929e-02   1.793752862695e+02  -4.758694822174e+01
  8.718637619128e-01    5.209153813446e-02   1.737970369969e+02   1.959458920874e+01
  8.765565066050e-01   -3.594334555850e-02   1.588116468974e+02   1.959458920874e+01
  8.945210061174e-03   -7.256188471595e-04   1.642966489970e+02   1.959458920874e+01
  7.082901383543e-03    2.031113289524e-03   1.658953672091e+02  -4.729108113221e+01
  5.712537741184e-01   -7.698254679661e-02   1.528806311858e+02  -4.729108113221e+01
  5.976659395143e-01    8.633494479288e-03   1.660976721577e+02  -4.729108113221e+01
  3.058949585619e-01    1.015252338701e-01   2.166474376957e+02  -3.556460916037e+00
  5.537975568544e-01    1.472106695537e-02   2.167999574481e+02  -3.556460916037e+00
  2.858818911497e-01    7.724110886656e-03   2.185153454655e+02  -3.556460916037e+00
  5.537784744010e-01    1.271900676640e-02   2.168025280560e+02   2.573541120479e+00
  3.000974126978e-01   -8.485134171095e-02   2.167367927351e+02   2.573541120479e+00
  2.858361237385e-01    8.270233649491e-03   2.185133048370e+02   2.573541120479e+00
  3.623097390818e-03   -1.180306877654e-03   1.643538389106e+02   2.181052686676e+01
  1.867802716858e-03    1.235124601004e-03   1.872944312391e+02   2.181052686676e+01
  8.767426534618e-01    5.278200720198e-02   1.737771353541e+02   2.181052686676e+01
  5.347762841968e-01    7.617706095860e-02   1.336467019991e+02  -1.784128747515e+01
  4.450481553468e-03   -5.115424960189e-05   1.413206881862e+02  -1.784128747515e+01
 -8.369353338084e-04   -1.535599627860e-05   1.329354824147e+02  -1.784128747515e+01
  1.273913629307e+00    1.901178432083e-03   1.108877661885e+02  -2.732528930293e+00
  1.082028995774e+00    2.072814951837e-02   1.105468498949e+02  -2.732528930293e+00
  1.356931210955e+00    1.273208642642e-02   1.002258965722e+02  -2.732528930293e+00
  1.179187537787e+00    1.086302480275e-01   1.552738853600e+02   9.906846933182e+00
  1.025854085646e+00    1.205146827858e-01   1.546764961014e+02   9.906846933182e+00
  1.064857092167e+00   -1.055792982277e-02   1.666808406649e+02   9.906846933182e+00
  1.176786343700e+00    1.081997314627e-01   1.553391402840e+02  -1.011723725693e+01
  6.899042310711e-01    3.029413782634e-02   1.589856386334e+02  -1.011723725693e+01
  6.339871161838e-01    7.521070214582e-02   1.447747849759e+02  -1.011723725693e+01
  5.487297104590e-01    7.744485563207e-02   1.536485928977e+02   4.495393763823e+01
  5.523690543292e-03    3.136918808914e-03   1.536420327042e+02   4.495393763823e+01
  5.885915636505e-01   -5.415932725122e-03   1.668199999510e+02   4.495393763823e+01
  5.893875440470e-01   -7.440085231604e-03   1.666591453457e+02   2.677189767991e+01
  1.028038672047e+00    1.212756995765e-01   1.545263194571e+02   2.677189767991e+01
  5.493113118817e-01    7.874702272380e-02   1.537426925027e+02   2.677189767991e+01
  5.518933745318e-01    7.881905345151e-02   1.536313848233e+02   2.601561709124e+01
  1.025191439473e+00    1.216932903937e-01   1.546251969908e+02   2.601561709124e+01
  9.299604791005e-01    2.255445758615e-01   1.430623565921e+02   2.601561709124e+01
  7.640134703670e-03   -6.505433464957e-05   1.533978343816e+02   4.258082185561e+01
  5.474694665180e-01    7.903252294356e-02   1.537276672231e+02   4.258082185561e+01
  4.955818372088e-01    1.417597152640e-01   1.413491672458e+02   4.258082185561e+01
  1.177897314587e+00    1.071509549936e-01   1.553813036822e+02   7.091264715923e+00
  1.154585619225e+00    2.152759768603e-01   1.446774181589e+02   7.091264715923e+00
  1.026566889674e+00    1.220345489622e-01   1.545668154719e+02   7.091264715923e+00
  1.622284054900e-03    2.588307753651e-04   1.967291324128e+02  -1.723890699887e+01
  6.253792988359e-01   -8.945916585431e-02   1.889720192385e+02  -1.723890699887e+01
  4.903653583811e-01   -9.506353586101e-02   1.984128872493e+02  -1.723890699887e+01
  6.465117647684e-01    2.434480317545e-01   1.252455205129e+02   1.018741873899e+01
  7.887848630653e-01    2.722930239769e-01   1.331225646162e+02   1.018741873899e+01
  9.251550322158e-01    2.903155596028e-01   1.277207863673e+02   1.018741873899e+01
  1.157248800391e+00    2.151549078953e-01   1.447530312043e+02   1.106045489141e+01
  9.313553530864e-01    2.252287116284e-01   1.432329526236e+02   1.106045489141e+01
  1.023669326773e+00    1.226689882793e-01   1.544965189160e+02   1.106045489141e+01
  4.962432989694e-01    1.432024565587e-01   1.413942246574e+02   2.305535963558e+01
  9.293960258525e-01    2.259646936411e-01   1.431756434590e+02   2.305535963558e+01
  7.906449944322e-01    2.720872265183e-01   1.331106963166e+02   2.305535963558e+01
  4.940955663642e-01    1.428486230860e-01   1.414832680168e+02   2.485033345696e+01
  5.490723030284e-01    7.859406364159e-02   1.536062575368e+02   2.485033345696e+01
  9.322829261571e-01    2.260542887003e-01   1.430862158111e+02   2.485033345696e+01
  1.064313260449e+00    2.922804927292e-01   1.354909340818e+02   1.137622035735e+01
  7.919547160682e-01    2.720028579128e-01   1.332567438810e+02   1.137622035735e+01
  9.280598268829e-01    2.263545298006e-01   1.430732262910e+02   1.137622035735e+01
  3.975961344700e-03   -7.923838208615e-04   1.533690211594e+02   3.733281818573e+01
  4.987539482268e-01    1.426242607138e-01   1.413572458958e+02   3.733281818573e+01
  4.934429205166e-04    1.229348524334e-03   1.414853461841e+02   3.733281818573e+01
  1.156690211670e+00    2.140173451728e-01   1.448441132814e+02   8.020648075802e+00
  1.061504513493e+00    2.920971920510e-01   1.354170659123e+02   8.020648075802e+00
  9.312972025966e-01    2.261549760964e-01   1.431439935383e+02   8.020648075802e+00
  1.172537982201e+00    1.093155495222e-01   1.552992504892e+02  -5.827122435021e+00
  6.400200666583e-01    7.451119585312e-02   1.448427385572e+02  -5.827122435021e+00
  1.160588903998e+00    2.122368887001e-01   1.448666693537e+02  -5.827122435021e+00
  1.541540521874e-03   -2.772359284606e-04   1.775822593673e+02  -2.268372330438e+01
  2.923473143457e-03    8.032734202323e-04   1.645422578650e+02  -2.268372330438e+01
  6.832654645864e-01   -3.744894660130e-02   1.749514767706e+02  -2.268372330438e+01
  4.102492381996e-01    1.618289851808e-01   1.312328055073e+02   2.193105957157e+01
  4.939362415985e-01    1.429026435812e-01   1.413669084269e+02   2.193105957157e+01
  7.925717963614e-01    2.725495935823e-01   1.331338412578e+02   2.193105957157e+01
  4.955879802831e-01    1.445420100404e-01   1.414841941392e+02   3.473588978081e+01
 -2.945896936610e-04    1.725546432093e-03   1.308073744125e+02   3.473588978081e+01
  2.226049161823e-03    1.396044652613e-04   1.413597456797e+02   3.473588978081e+01
  2.360948690960e-03    3.052479089377e-03   1.308047128370e+02   3.452023863813e+01
  4.926341593483e-01    1.436400831133e-01   1.414780568274e+02   3.452023863813e+01
  4.105448923950e-01    1.611967364006e-01   1.311624051597e+02   3.452023863813e+01
  3.957659160508e-01   -6.920602540503e-02   2.036588868112e+02  -1.317635400704e+01
 -7.241655928071e-05   -5.236636164055e-05   2.042129911654e+02  -1.317635400704e+01
  1.273384833831e-03   -1.257353591188e-04   2.020074514515e+02  -1.317635400704e+01
  3.383936702632e-01    1.454203673557e-01   1.230326880149e+02   2.332994708000e+01
 -2.329515667732e-04    2.220484274256e-04   1.230375020387e+02   2.332994708000e+01
  3.294616703837e-03    1.691016241018e-03   1.305941420162e+02   2.332994708000e+01
  3.353070148119e-01    1.436591181507e-01   1.231045349426e+02   1.876887707294e+01
 -8.418770314969e-04   -7.654124643254e-04   1.176075148674e+02   1.876887707294e+01
  1.451469040714e-03    1.156172874969e-03   1.229658290523e+02   1.876887707294e+01
  4.412041600735e-01    5.853890820669e-02   1.264430437190e+02  -1.468851782397e+01
  1.055138308705e-03    2.467458939604e-04   1.268827957518e+02  -1.468851782397e+01
 -3.219234664681e-04   -6.271651874633e-04   1.197083116418e+02  -1.468851782397e+01
  3.363118680978e-01    1.444093401692e-01   1.230228857708e+02   2.908382665257e+01
  5.734645388446e-03    2.996857804882e-03   1.306242803826e+02   2.908382665257e+01
  4.086395270282e-01    1.611956949121e-01   1.312218738863e+02   2.908382665257e+01
  7.778823753734e-01   -6.549182533525e-02   1.197557510228e+02   1.159159498216e+01
  7.680374586604e-01   -3.043594105490e-02   1.149186681736e+02   1.159159498216e+01
  6.914785308943e-03   -3.437159383899e-04   1.197733921036e+02   1.159159498216e+01
  2.790444656514e-01    7.985562956154e-02   1.184060739464e+02   1.049071658226e+01
  3.342686986904e-01    1.441501279748e-01   1.230482724682e+02   1.049071658226e+01
  5.403816147277e-01    1.424631185687e-01   1.200624030045e+02   1.049071658226e+01
  6.474261928597e-01    2.442430909061e-01   1.251440216223e+02   1.692319713612e+01
  3.346602598298e-01    1.435823171911e-01   1.231298196209e+02   1.692319713612e+01
  4.099369935518e-01    1.620738063857e-01   1.311305867070e+02   1.692319713612e+01
  7.685083844441e-04    2.482310336949e-03   1.175192073771e+02   2.654098947725e+00
  2.631238973588e-01    1.221942568228e-03   1.166412666837e+02   2.654098947725e+00
  4.699060508026e-04   -1.033407573626e-03   1.161107722538e+02   2.654098947725e+00
  2.090410078450e-03    3.058543189394e-03   1.175438816952e+02   7.761778294992e+00
  2.784179010671e-01    7.880356621956e-02   1.183904956793e+02   7.761778294992e+00
  2.617970758361e-01    9.596326930619e-04   1.166267782061e+02   7.761778294992e+00
  5.054811881933e-01   -1.787820020279e-03   1.182386046215e+02   2.719865014542e+00
  2.618864318704e-01   -9.394013423671e-04   1.166855969151e+02   2.719865014542e+00
  2.782080254096e-01    8.035836508894e-02   1.183464775361e+02   2.719865014542e+00
  7.816413948996e-04    1.452478482112e-03   1.160803399311e+02  -3.872552361138e+00
  2.625565190452e-01   -1.387466224417e-03   1.166766491678e+02  -3.872552361138e+00
  2.825668269370e-01   -8.274095987059e-02   1.179207007949e+02  -3.872552361138e+00
  5.388588488849e-01    1.423217737395e-01   1.200418426978e+02   1.211044672443e+01
  3.360072828184e-01    1.444371948824e-01   1.230764800587e+02   1.211044672443e+01
  6.451902213999e-01    2.431506665980e-01   1.252001798683e+02   1.211044672443e+01
  2.794165303884e-01    8.049098018051e-02   1.183724547181e+02   1.521703506239e+01
  5.982752355583e-04   -1.348910618343e-05   1.176185082892e+02   1.521703506239e+01
  3.333777742993e-01    1.429037983938e-01   1.230934788247e+02   1.521703506239e+01
  4.121645232614e-01    1.625926977166e-01   1.311537918755e+02   1.874917051498e+01
  7.899492794906e-01    2.719949918827e-01   1.332056800658e+02   1.874917051498e+01
  6.456276098744e-01    2.438490743114e-01   1.251230729498e+02   1.874917051498e+01
  8.818923334050e-01   -3.785597455882e-02   1.588301388344e+02   2.194053781140e+01
  2.050245607286e-03   -1.365837525019e-03   1.416513994839e+02   2.194053781140e+01
  3.222666430317e-03    8.808871579556e-04   1.642313946954e+02   2.194053781140e+01
  1.158930579367e+00    2.130503008001e-01   1.448411228187e+02  -8.100395245704e+00
  6.409595772219e-01    7.330970041369e-02   1.448391277122e+02  -8.100395245704e+00
  9.432713173319e-01    1.852120854888e-01   1.368123389409e+02  -8.100395245704e+00
  7.801822216875e-01   -6.689775917516e-02   1.197711601400e+02   1.195267567763e+01
  4.032535094470e-03    1.675836997548e-03   1.198174703423e+02   1.195267567763e+01
  5.852197001147e-01   -8.051613609262e-02   1.271995418801e+02   1.195267567763e+01
  5.291163593840e-01    7.672863509049e-02   1.336439130446e+02  -1.056947641229e+01
  4.418570723835e-01    5.938210433686e-02   1.264492759182e+02  -1.056947641229e+01
  8.546318267221e-01    1.619719341634e-01   1.307186665406e+02  -1.056947641229e+01
  5.318853034440e-01    7.647564738284e-02   1.336345272996e+02  -1.982092522456e+01
  6.286997318218e-01    7.364968692226e-02   1.447466490204e+02  -1.982092522456e+01
  7.890198982258e-03   -1.923987378367e-04   1.413391242375e+02  -1.982092522456e+01
  9.464939560316e-01    1.852708441950e-01   1.368894928382e+02  -4.548774769392e+00
  8.528909216871e-01    1.621980738342e-01   1.307035631002e+02  -4.548774769392e+00
  1.007337872353e+00    2.503440890891e-01   1.296565602259e+02  -4.548774769392e+00
  8.531564610279e-01    1.623561230943e-01   1.306912382280e+02  -1.112278030503e+01
  9.460880371618e-01    1.843765354323e-01   1.368952790083e+02  -1.112278030503e+01
  5.310906928782e-01    7.644901266956e-02   1.336867848157e+02  -1.112278030503e+01
  8.800794754442e-01    1.560159323504e-01   1.261170998057e+02  -5.506866901088e+00
  1.007180130739e+00    2.495187185564e-01   1.296766941760e+02  -5.506866901088e+00
  8.528664368420e-01    1.625325937717e-01   1.306904714458e+02  -5.506866901088e+00
  9.499910226326e-01    1.852444474362e-01   1.369451226672e+02  -2.925095364906e+00
  1.004436714751e+00    2.505839460765e-01   1.295978130938e+02  -2.925095364906e+00
  1.064504868026e+00    2.905993374985e-01   1.355662186810e+02  -2.925095364906e+00
  8.518238378814e-01    1.619054976436e-01   1.306983417901e+02  -1.016681988626e+01
  4.452065366310e-01    5.962472782228e-02   1.264865902956e+02  -1.016681988626e+01
  8.819300052134e-01    1.558907393286e-01   1.261308128994e+02  -1.016681988626e+01
  5.290585168099e-01    7.663144910915e-02   1.336574153117e+02  -1.072799517484e+01
  9.481572516164e-01    1.843210288813e-01   1.368972286902e+02  -1.072799517484e+01
  6.322998058368e-01    7.378773291574e-02   1.447382019658e+02  -1.072799517484e+01
  6.788952094202e-01    5.086254533205e-02   1.194298130637e+02  -1.200497537133e+01
  4.405885895801e-01    5.927767788150e-02   1.264411392917e+02  -1.200497537133e+01
  1.208983062595e-03   -1.275299612244e-03   1.197340675160e+02  -1.200497537133e+01
  6.317308305404e-01    2.358823386407e-02   1.115991889337e+02  -1.052060144739e+01
  6.634194742692e-01    2.500490284008e-02   1.152910634853e+02  -1.052060144739e+01
  1.753979899604e-03   -6.305522233943e-04   1.109000926477e+02  -1.052060144739e+01
  1.081432360362e+00    2.122602889885e-02   1.106009278137e+02  -6.451477111862e+00
  6.653445914027e-01    2.584203398285e-02   1.153288019729e+02  -6.451477111862e+00
  6.317049207937e-01    2.403307249978e-02   1.116011229616e+02  -6.451477111862e+00
  6.759828143742e-01    4.872166721632e-02   1.194570132258e+02  -7.546712389387e+00
  9.647554750068e-01    7.858090022858e-02   1.195346861223e+02  -7.546712389387e+00
  8.785893226103e-01    1.557153400327e-01   1.260765717000e+02  -7.546712389387e+00
  1.249798788844e+00   -6.584150096281e-03   3.542198292659e+01  -8.082501280822e+00
  3.094746211268e-02   -9.904668277494e-04   2.629979884807e+01  -8.082501280822e+00
  1.505496683529e+00    8.398550140606e-03   2.695284055673e+01  -8.082501280822e+00
  1.012205223998e+00    1.944955517025e-01   1.240678441739e+02  -4.851031249699e+00
  1.004901984808e+00    2.493469848596e-01   1.296549546322e+02  -4.851031249699e+00
  8.821035138489e-01    1.565855888359e-01   1.261457768672e+02  -4.851031249699e+00
  1.150430069801e+00   -8.848886916263e-03   1.110967495894e+02   6.280759360891e+00
  7.703384456034e-01   -3.059668670990e-02   1.149882978435e+02   6.280759360891e+00
  1.042981946741e+00   -8.900607396847e-02   1.193988577160e+02   6.280759360891e+00
  6.745763827224e-01    4.970022045493e-02   1.193976833648e+02  -9.978368888268e+00
  8.815581297436e-01    1.549161072132e-01   1.261195848846e+02  -9.978368888268e+00
  4.448758903497e-01    6.058796825186e-02   1.264579880301e+02  -9.978368888268e+00
  4.094619163748e-04   -3.894500304752e-04   1.109030717108e+02  -1.105592261622e+01
  6.648025277895e-01    2.488075227109e-02   1.152828717231e+02  -1.105592261622e+01
  1.684343531570e-03   -1.442192654494e-04   1.145838748372e+02  -1.105592261622e+01
  1.125479209904e-02    9.642737116985e-04   1.036232866662e+02  -8.511832543199e+00
  1.373160285830e+00    1.403948970009e-02   1.003623261545e+02  -8.511832543199e+00
  6.303892456347e-01    2.422398964457e-02   1.116562296045e+02  -8.511832543199e+00
  8.062029905826e-01    1.851747463111e-01   1.225164129870e+02   5.159910238379e+00
  6.463232604062e-01    2.433150073649e-01   1.251885826661e+02   5.159910238379e+00
  9.247097113106e-01    2.899254826965e-01   1.277765950465e+02   5.159910238379e+00
  1.060442262993e+00    2.912349101268e-01   1.354955157362e+02   2.595973001969e+00
  1.007193507640e+00    2.504247229605e-01   1.296782724930e+02   2.595973001969e+00
  9.259144560378e-01    2.900632615544e-01   1.277883287685e+02   2.595973001969e+00
  5.044177855202e-01   -2.464724157737e-03   1.182868687130e+02   2.492289477722e+00
  5.381055604275e-01    1.413814077232e-01   1.200612115759e+02   2.492289477722e+00
  7.564372244015e-01   -5.843265949944e-03   1.204111646583e+02   2.492289477722e+00
  5.397462268362e-01    1.418894555409e-01   1.201253016185e+02   7.276957700281e+00
  6.440165834694e-01    2.432766866950e-01   1.251423576646e+02   7.276957700281e+00
  8.079235010040e-01    1.849960638386e-01   1.225563680031e+02   7.276957700281e+00
  7.544993421518e-01   -5.616352218656e-03   1.203744130034e+02   1.856644715691e+00
  5.400067152296e-01    1.414465067829e-01   1.200969689598e+02   1.856644715691e+00
  8.072932272713e-01    1.847017509955e-01   1.225870337827e+02   1.856644715691e+00
  5.389262156067e-01    1.412307128569e-01   1.200960723425e+02   4.522699877861e+00
  5.038344506888e-01   -1.851582518473e-03   1.182237344434e+02   4.522699877861e+00
  2.798020482024e-01    8.067884423953e-02   1.183668385169e+02   4.522699877861e+00
  9.217995983360e-01    2.887536332797e-01   1.277169478177e+02   1.858656121158e+00
  1.013905364300e+00    1.946752487666e-01   1.241328218729e+02   1.858656121158e+00
  8.104713903243e-01    1.861782436044e-01   1.226551317635e+02   1.858656121158e+00
  9.226246966889e-01    2.902757858310e-01   1.276556144838e+02   7.547582473589e+00
  7.918092157484e-01    2.722977538809e-01   1.331849154235e+02   7.547582473589e+00
  1.063975220132e+00    2.918047235882e-01   1.355644776240e+02   7.547582473589e+00
  1.010290344247e+00    1.921033405716e-01   1.240670329822e+02  -4.739056909529e+00
  9.675546812079e-01    7.804941672998e-02   1.195742325137e+02  -4.739056909529e+00
  1.107342644111e+00    5.982129380360e-02   1.189049804001e+02  -4.739056909529e+00
  9.255508170955e-01    2.891224800689e-01   1.277812568499e+02  -1.395504640551e-01
  1.006925690876e+00    2.507204769450e-01   1.296710996916e+02  -1.395504640551e-01
  1.009935293629e+00    1.938035964647e-01   1.240351219071e+02  -1.395504640551e-01
  9.969169919085e-01   -1.027388340298e-01   1.216422421741e+02  -4.662676638897e-01
  7.580728826380e-01   -5.993562508099e-03   1.204780295067e+02  -4.662676638897e-01
  9.783280138304e-01    8.406742712733e-02   1.216755798269e+02  -4.662676638897e-01
  7.561319913529e-01   -4.448528442864e-03   1.204424299147e+02   8.678943453833e-01
  8.065131794301e-01    1.835148171185e-01   1.225776281022e+02   8.678943453833e-01
  9.797667686116e-01    8.347787902727e-02   1.217120342696e+02   8.678943453833e-01
  1.109423123228e+00    6.004816635041e-02   1.189394810345e+02  -5.315308685277e-01
  9.821093030989e-01    8.504921507916e-02   1.217337999301e+02  -5.315308685277e-01
  1.008189815341e+00    1.931100300485e-01   1.240408095626e+02  -5.315308685277e-01
  1.111454173019e+00    6.200349768811e-02   1.189272570513e+02  -1.859947223153e+00
  1.161030207273e+00   -1.216349069330e-02   1.186927048779e+02  -1.859947223153e+00
  9.810244854148e-01    8.226587713878e-02   1.217419874725e+02  -1.859947223153e+00
  1.254534363805e+00    1.036273512140e-02   1.151782630308e+02  -1.342271281286e+00
  1.161769635099e+00   -1.036561471016e-02   1.186971914953e+02  -1.342271281286e+00
  1.109531330808e+00    6.006537214415e-02   1.188918613496e+02  -1.342271281286e+00
  9.772945090021e-01    8.306692024528e-02   1.216353963280e+02  -1.075793279792e+00
  8.105750888636e-01    1.845338733560e-01   1.226541225345e+02  -1.075793279792e+00
  1.013575112417e+00    1.957941806344e-01   1.241211501442e+02  -1.075793279792e+00
  8.797201260460e-01    1.574314251950e-01   1.260788284552e+02  -4.208521040303e+00
  9.643580901196e-01    7.767660585131e-02   1.195193318432e+02  -4.208521040303e+00
  1.014362776092e+00    1.933871775061e-01   1.241064084430e+02  -4.208521040303e+00
  5.043414120491e-01   -2.984771985549e-03   1.182835912043e+02  -3.172382741405e+00
  7.565243731519e-01   -6.016022165458e-03   1.204153099362e+02  -3.172382741405e+00
  5.481721093974e-01   -1.488639560085e-01   1.198682678792e+02  -3.172382741405e+00
  1.380937311636e+00    3.471354357208e-03   4.226015539800e+01   7.074164368913e+00
  4.039388911368e-02    1.661826549305e-03   4.298962951213e+01   7.074164368913e+00
  1.386973598406e+00    4.079382747440e-03   5.339285280383e+01   7.074164368913e+00
  9.484202605071e-01    1.851507344458e-01   1.369261666570e+02  -3.998798317825e-01
  1.065898260551e+00    2.908327132172e-01   1.355921185116e+02  -3.998798317825e-01
  1.152282758321e+00    2.139722493759e-01   1.447598145348e+02  -3.998798317825e-01
  9.970920010172e-01    9.916867126057e-03  -1.487049349856e-02   9.711701406192e+00
  1.342288146827e-03   -1.327803186887e-04   2.540916795233e-02   9.711701406192e+00
  5.139075075774e-03    2.335615576614e-04   7.122974473734e+00   9.711701406192e+00
  2.621744351188e-01   -4.601687246883e-04   1.166946747722e+02  -3.193247894420e+00
  5.054026602195e-01   -3.481287968761e-03   1.182418588035e+02  -3.193247894420e+00
  2.828207657507e-01   -8.466441268699e-02   1.179182692409e+02  -3.193247894420e+00
  4.322687102436e-01   -1.703328390228e-01   1.304762026905e+02  -3.232417584784e+01
  3.304196514252e-03   -2.853537108322e-04   1.406167974521e+02  -3.232417584784e+01
  2.549079947422e-04   -9.270279297709e-04   1.305790600691e+02  -3.232417584784e+01
  6.347146787100e-01    2.480564087289e-02   1.116482053692e+02  -6.375317524165e+00
  1.363636914949e+00    1.342553222715e-02   1.003051631523e+02  -6.375317524165e+00
  1.078559310372e+00    2.099428844912e-02   1.105267439135e+02  -6.375317524165e+00
  3.021765922336e-03    9.276499825605e-04   1.527458224363e+02  -3.815832025797e+01
  1.496310540115e-03   -1.614484980062e-03   1.408196220460e+02  -3.815832025797e+01
  5.130576293994e-01   -1.423206365269e-01   1.407884994845e+02  -3.815832025797e+01
 -4.850320518156e-04   -4.699173341017e-04   1.268921503483e+02  -1.763794061343e+01
  5.300155082064e-01    7.577476440099e-02   1.336414526100e+02  -1.763794061343e+01
  1.318577928501e-03    1.699439116392e-04   1.329407867954e+02  -1.763794061343e+01
  4.298653480545e-01   -1.693273735526e-01   1.304657947315e+02  -3.874019739020e+01
  5.089470450177e-01   -1.431186267127e-01   1.409019435055e+02  -3.874019739020e+01
  5.751312261215e-03   -1.259916852008e-03   1.406518318166e+02  -3.874019739020e+01
  5.809781526806e-03    2.822790814085e-04   1.527794889803e+02  -4.436934106582e+01
  5.105176632486e-01   -1.416730564394e-01   1.407765430219e+02  -4.436934106582e+01
  5.706867843206e-01   -7.932570828385e-02   1.530030921528e+02  -4.436934106582e+01
  2.123770197520e-03   -7.842896635418e-04   1.304756482315e+02  -2.856110311854e+01
 -1.021990349534e-03   -5.227004934473e-04   1.223843778110e+02  -2.856110311854e+01
  4.286051431776e-01   -1.704710997146e-01   1.305823782708e+02  -2.856110311854e+01
  1.354181722170e+00   -2.913173245987e-02   7.547009114988e+01  -1.481286109098e+00
  1.174208266902e+00   -2.905137757364e-02   7.616316161406e+01  -1.481286109098e+00
  1.056971472951e+00   -1.859655861379e-02   6.756004548453e+01  -1.481286109098e+00
  2.845093511576e-01   -8.561308442440e-02   1.179011699436e+02  -1.979046392001e+01
  3.412045360498e-01   -1.424082554398e-01   1.229832341831e+02  -1.979046392001e+01
  4.083386276952e-03   -3.495807300827e-03   1.222660373024e+02  -1.979046392001e+01
  9.082980045442e-04   -1.161814686898e-03   1.178515420472e+02  -8.556982831863e+00
 -3.581131815344e-04    1.717529196158e-03   1.160566768444e+02  -8.556982831863e+00
  2.841725365806e-01   -8.314996689071e-02   1.179353825523e+02  -8.556982831863e+00
  4.277376624432e-01   -1.698495391187e-01   1.304980782724e+02  -1.786655009480e+01
  3.423550191868e-01   -1.433466633674e-01   1.229965967379e+02  -1.786655009480e+01
  6.677920520052e-01   -2.523799448808e-01   1.249355205180e+02  -1.786655009480e+01
  4.261679757456e-01   -1.695313376856e-01   1.305745976164e+02  -2.665680976994e+01
  9.852147153242e-04   -1.707546270795e-03   1.223895014864e+02  -2.665680976994e+01
  3.429880240774e-01   -1.433817317537e-01   1.229455799821e+02  -2.665680976994e+01
  5.489637895698e-01   -1.499613137212e-01   1.198408605944e+02  -1.314154562056e+01
  6.655991966610e-01   -2.514039959695e-01   1.249874104472e+02  -1.314154562056e+01
  3.437822131440e-01   -1.442391648372e-01   1.229362271146e+02  -1.314154562056e+01
  5.099565520990e-01   -1.431767616035e-01   1.407971114157e+02  -2.283408104995e+01
  4.280977214811e-01   -1.695591567498e-01   1.305933852961e+02  -2.283408104995e+01
  8.243500947603e-01   -2.831248530107e-01   1.327432149257e+02  -2.283408104995e+01
  3.419345160502e-01   -1.437743562550e-01   1.229155169018e+02  -1.106470803670e+01
  2.834306018964e-01   -8.403509805259e-02   1.179823294134e+02  -1.106470803670e+01
  5.505370702131e-01   -1.501971896061e-01   1.198591600507e+02  -1.106470803670e+01
  2.277124193452e-03   -2.425731734634e-03   1.222393698671e+02  -1.379414010873e+01
 -1.708574399635e-04    4.857181824187e-04   1.178823345789e+02  -1.379414010873e+01
  2.861546146187e-01   -8.628516397509e-02   1.179092119827e+02  -1.379414010873e+01
  6.955223374488e-01   -1.021434517485e-01   1.345422243128e+02   1.889656267888e+01
  9.684240265351e-03    3.304198883741e-04   1.416873423941e+02   1.889656267888e+01
  8.009420039658e-01   -9.245716220082e-02   1.452407945408e+02   1.889656267888e+01
  8.216273024682e-01   -2.825320378065e-01   1.328143746807e+02  -1.952077026713e+01
  4.299003017127e-01   -1.702051974909e-01   1.305250612575e+02  -1.952077026713e+01
  6.659957794386e-01   -2.520590493164e-01   1.249139972533e+02  -1.952077026713e+01
  1.073038653376e+00   -1.234277098354e-01   1.539122747735e+02  -2.871123233542e+01
  1.111104676979e+00    1.790739884046e-02   1.661614997900e+02  -2.871123233542e+01
  6.028259360697e-01    1.011517402900e-02   1.659734287169e+02  -2.871123233542e+01
  1.072571014829e+00   -1.243017556541e-01   1.540311239642e+02  -2.741415610640e+01
  5.737097362785e-01   -7.896776968366e-02   1.529105514869e+02  -2.741415610640e+01
  9.704362097655e-01   -2.331946401036e-01   1.426071067946e+02  -2.741415610640e+01
  1.116950709454e+00    1.718791819768e-02   1.660425094375e+02  -8.391757807535e+00
  1.279797232106e+00   -1.162015090142e-01   1.549031578133e+02  -8.391757807535e+00
  1.273719609704e+00    1.911521376748e-02   1.662981627645e+02  -8.391757807535e+00
  8.794784851418e-01   -3.640049186333e-02   1.588390448854e+02   4.773758242923e+00
  1.273914723689e+00    1.688018126448e-02   1.662286761074e+02   4.773758242923e+00
  1.279111748916e+00   -1.135070593560e-01   1.550455530597e+02   4.773758242923e+00
  1.276781652354e+00    1.839642235024e-02   1.662592947806e+02   7.928528166053e+00
  8.765116520590e-01   -3.782040197259e-02   1.588050803925e+02   7.928528166053e+00
  8.707479490581e-01    5.433386841861e-02   1.738094995705e+02   7.928528166053e+00
  1.117188532523e+00    1.999147716687e-02   1.662391492730e+02  -8.522725341807e+00
  1.273618565864e+00    1.770274569116e-02   1.662071799558e+02  -8.522725341807e+00
  1.271706240911e+00    1.570097453298e-01   1.775648765161e+02  -8.522725341807e+00
  1.283021807869e+00   -1.157304877543e-01   1.549660479744e+02  -1.164610148545e+01
  1.113323492108e+00    1.638965571692e-02   1.659933396836e+02  -1.164610148545e+01
  1.073188102257e+00   -1.231055730527e-01   1.540881200963e+02  -1.164610148545e+01
  5.993805901383e-01    9.922413869401e-03   1.659619118732e+02  -2.795704183119e+01
  5.708160392015e-01   -7.907410611682e-02   1.530187857661e+02  -2.795704183119e+01
  1.075789856835e+00   -1.237282493776e-01   1.539292766226e+02  -2.795704183119e+01
  1.242794821071e+00   -2.306074746750e-01   1.447223318703e+02  -9.471953955848e+00
  9.717628611900e-01   -2.339183792791e-01   1.426856561832e+02  -9.471953955848e+00
  1.126505896062e+00   -3.122717908111e-01   1.353412883670e+02  -9.471953955848e+00
  9.726608160367e-01   -2.337327733184e-01   1.426305173760e+02  -2.619214216769e+01
  5.712075367480e-01   -7.870633712035e-02   1.528862820918e+02  -2.619214216769e+01
  5.097797122905e-01   -1.431199738687e-01   1.409103746295e+02  -2.619214216769e+01
  1.276652096534e+00   -1.165698856121e-01   1.549972236068e+02   3.978870450611e+00
  1.246437020109e+00   -2.288507263286e-01   1.447442426474e+02   3.978870450611e+00
  8.124158957821e-01   -9.383145389276e-02   1.453168045645e+02   3.978870450611e+00
  1.281678104095e+00   -1.143188336598e-01   1.550776992136e+02  -8.825490101088e+00
  1.073955807990e+00   -1.245794244317e-01   1.539770624427e+02  -8.825490101088e+00
  1.240799453472e+00   -2.318521156550e-01   1.445562728883e+02  -8.825490101088e+00
  8.235425589338e-01   -2.824517442271e-01   1.328707053072e+02  -1.258947480483e+01
  1.129309368807e+00   -3.124289352971e-01   1.354145805783e+02  -1.258947480483e+01
  9.685170281128e-01   -2.341220254351e-01   1.426152516125e+02  -1.258947480483e+01
  1.280595124756e+00   -1.153958540506e-01   1.550402426461e+02   7.936708001473e+00
  8.066714656836e-01   -9.459107655255e-02   1.452476619496e+02   7.936708001473e+00
  8.776958951181e-01   -3.483944984047e-02   1.588435602875e+02   7.936708001473e+00
  1.245005987696e+00   -2.297165627780e-01   1.447173495341e+02   6.313555460444e+00
  1.060551706394e+00   -2.115789044011e-01   1.371899531688e+02   6.313555460444e+00
  8.130039839173e-01   -9.253044096838e-02   1.453180141115e+02   6.313555460444e+00
  1.243434815269e+00   -2.317224262479e-01   1.446312353919e+02  -1.254585599677e+01
  1.071115350150e+00   -1.252213930816e-01   1.539060323363e+02  -1.254585599677e+01
  9.717534947660e-01   -2.329893307526e-01   1.427746694186e+02  -1.254585599677e+01
  5.122593376864e-01   -1.435638985657e-01   1.408208353373e+02  -2.445387424742e+01
  8.224522514714e-01   -2.826578159906e-01   1.327209448931e+02  -2.445387424742e+01
  9.696796780292e-01   -2.336588284393e-01   1.427190795218e+02  -2.445387424742e+01
  5.875104611707e-01   -8.088623408061e-02   1.272163685252e+02   1.550825047821e+01
  2.305578082893e-03    6.998968079219e-04   1.272481512540e+02   1.550825047821e+01
  6.941302538481e-01   -1.018607717333e-01   1.345564340499e+02   1.550825047821e+01
  9.680780464042e-01   -3.085972862000e-01   1.276556888340e+02  -1.116377818648e+01
  8.204636702922e-01   -2.827422987988e-01   1.327392178543e+02  -1.116377818648e+01
  6.669323627854e-01   -2.518238874966e-01   1.250260563870e+02  -1.116377818648e+01
  3.298649506579e-03    2.034760307360e-03   1.658695043629e+02  -4.189971568995e+01
  1.857552884956e-03   -1.551157667313e-03   1.529595344543e+02  -4.189971568995e+01
  5.743437579758e-01   -7.719745859390e-02   1.528869448234e+02  -4.189971568995e+01
  7.545659119095e-01   -6.215530899076e-03   1.203771902922e+02  -2.704939231292e+00
  8.280600368348e-01   -1.992692221408e-01   1.224975938612e+02  -2.704939231292e+00
  5.500842698983e-01   -1.489447645896e-01   1.199062870051e+02  -2.704939231292e+00
  2.843578397821e-01   -8.488939889972e-02   1.179466668002e+02  -5.139597408964e+00
  5.037885681303e-01   -3.480901548262e-03   1.182245520725e+02  -5.139597408964e+00
  5.489015226257e-01   -1.488053404501e-01   1.198978824331e+02  -5.139597408964e+00
  9.655417829850e-01   -3.085674840612e-01   1.275910883393e+02  -8.694739102030e+00
  1.128870802959e+00   -3.119466718660e-01   1.354864407996e+02  -8.694739102030e+00
  8.234671553906e-01   -2.827336305315e-01   1.328019109785e+02  -8.694739102030e+00
  6.668369810398e-01   -2.517239675755e-01   1.249706474149e+02  -6.172943390096e+00
  8.270644033655e-01   -1.997653941621e-01   1.224288825271e+02  -6.172943390096e+00
  9.675806737954e-01   -3.082034190760e-01   1.277086465005e+02  -6.172943390096e+00
  1.072943641573e+00   -2.178890005471e-01   1.242373488834e+02  -2.701601159916e+00
  9.648047296000e-01   -3.070868531041e-01   1.276528265794e+02  -2.701601159916e+00
  8.311942756504e-01   -2.007665873121e-01   1.225644152997e+02  -2.701601159916e+00
  9.687793025200e-01   -3.083726177096e-01   1.277196291192e+02  -3.668001083278e+00
  1.086137097401e+00   -2.770240481725e-01   1.298854547140e+02  -3.668001083278e+00
  1.125413125177e+00   -3.113904496262e-01   1.354206440972e+02  -3.668001083278e+00
  1.072511494966e+00   -2.188658432757e-01   1.242196605529e+02   1.344324351514e-01
  8.314002722008e-01   -1.991992380932e-01   1.225675751232e+02   1.344324351514e-01
  9.959635163392e-01   -1.018127583825e-01   1.216016734394e+02   1.344324351514e-01
  6.645245260235e-01   -2.516358234658e-01   1.249261944885e+02  -8.056882550461e+00
  5.497262139222e-01   -1.493892599308e-01   1.199315986797e+02  -8.056882550461e+00
  8.287935084863e-01   -1.996122966420e-01   1.224687826381e+02  -8.056882550461e+00
  7.768907962441e-01   -6.606065626586e-02   1.197424572851e+02   6.342021957646e+00
  1.045836775442e+00   -9.024261368262e-02   1.194299840475e+02   6.342021957646e+00
  7.677071316906e-01   -2.987973269555e-02   1.149506851212e+02   6.342021957646e+00
  1.384769843999e+00    1.223774812342e-02   1.003725747527e+02  -8.364863114729e+00
  7.542974942898e-03    1.921956797544e-03   1.034966430153e+02  -8.364863114729e+00
  1.382837636490e-02   -1.540318793988e-03   9.214982767590e+01  -8.364863114729e+00
  1.069391294409e+00   -2.151501081558e-01   1.241705072690e+02   4.212717588912e+00
  1.155512539798e+00   -7.221077703489e-02   1.191444034242e+02   4.212717588912e+00
  1.047151226086e+00   -9.108223070574e-02   1.194634750574e+02   4.212717588912e+00
  1.067229322337e+00   -2.159122940222e-01   1.241364558177e+02  -1.900451570351e-01
  1.000597666799e+00   -1.040842833175e-01   1.216956853137e+02  -1.900451570351e-01
  1.157277353753e+00   -7.288805909362e-02   1.191787264074e+02  -1.900451570351e-01
  1.158969829624e+00   -7.179134990539e-02   1.191963687646e+02  -8.717391930214e-02
  1.160901871609e+00   -1.096551424388e-02   1.186979327972e+02  -8.717391930214e-02
  1.255967965810e+00    1.109004089504e-02   1.151785169322e+02  -8.717391930214e-02
  1.085813805560e+00   -2.772845915411e-01   1.298769003053e+02  -8.555809309924e-01
  9.685245670486e-01   -3.074994499052e-01   1.277150303117e+02  -8.555809309924e-01
  1.069034040713e+00   -2.170060394975e-01   1.241438619829e+02  -8.555809309924e-01
  1.153566550854e+00   -1.010486567142e-02   1.111280374448e+02   1.822989831764e+00
  1.158801451338e+00   -7.115283716441e-02   1.192178478589e+02   1.822989831764e+00
  1.257542706497e+00    1.045086348434e-02   1.151736684571e+02   1.822989831764e+00
  1.159263955399e+00   -7.502705668440e-02   1.191797331939e+02   8.654142378422e-01
  9.996805856506e-01   -1.011504341272e-01   1.216976519292e+02   8.654142378422e-01
  1.160987705056e+00   -8.574726387039e-03   1.187026368545e+02   8.654142378422e-01
  8.274007313073e-01   -1.980705278638e-01   1.224910091240e+02  -1.616568219885e+00
  7.560525238456e-01   -7.438658509671e-03   1.204413982107e+02  -1.616568219885e+00
  9.984057394538e-01   -1.022521788204e-01   1.216800196201e+02  -1.616568219885e+00
  9.819266444213e-01   -1.855609101107e-01   1.265358735023e+02   3.493480461921e+00
  1.073646846071e+00   -2.164495628946e-01   1.242156714000e+02   3.493480461921e+00
  1.043909242898e+00   -9.106917838578e-02   1.194129499048e+02   3.493480461921e+00
  1.086171877836e+00   -2.761973019205e-01   1.298844880026e+02   4.409444470819e+00
  9.825532657682e-01   -1.840234827294e-01   1.265729882364e+02   4.409444470819e+00
  9.701352014381e-01   -1.911761266239e-01   1.312292798711e+02   4.409444470819e+00
  1.083908425790e+00   -2.759884864412e-01   1.298634208566e+02   3.980153453194e+00
  1.071250204133e+00   -2.175899560754e-01   1.241740158764e+02   3.980153453194e+00
  9.845189089210e-01   -1.846469116600e-01   1.266006939608e+02   3.980153453194e+00
  1.063323625767e+00   -2.108252865361e-01   1.372681457086e+02   9.717420835786e+00
  9.704080707237e-01   -1.910395837096e-01   1.312317149437e+02   9.717420835786e+00
  6.950782271532e-01   -1.022642575967e-01   1.345891095093e+02   9.717420835786e+00
  9.702660961982e-01   -1.908852051629e-01   1.312436338406e+02   3.377908993610e+00
  1.063582792783e+00   -2.116813578592e-01   1.372630619096e+02   3.377908993610e+00
  1.086160154780e+00   -2.769834954599e-01   1.298631272364e+02   3.377908993610e+00
  5.873727474686e-01   -8.085487971679e-02   1.272192919932e+02   9.502041944590e+00
  6.937801770546e-01   -1.025676122233e-01   1.345523957416e+02   9.502041944590e+00
  9.717316983909e-01   -1.906673528007e-01   1.312602092718e+02   9.502041944590e+00
  1.065483391839e+00   -2.107603410274e-01   1.372704809428e+02   9.153275682999e+00
  6.926190649989e-01   -1.024452644317e-01   1.345615878431e+02   9.153275682999e+00
  8.042993381745e-01   -9.286051650763e-02   1.452249450057e+02   9.153275682999e+00
  9.692560935793e-01   -1.905833778742e-01   1.312408816094e+02   9.381345888277e+00
  9.843921785782e-01   -1.838654645313e-01   1.265847361173e+02   9.381345888277e+00
  5.901840792776e-01   -8.111279048915e-02   1.272526578144e+02   9.381345888277e+00
  1.083308984166e+00   -2.772171811604e-01   1.298065310810e+02   1.598989080164e+00
  1.067024683669e+00   -2.116494852556e-01   1.373162164986e+02   1.598989080164e+00
  1.129500360115e+00   -3.107720788588e-01   1.354896760491e+02   1.598989080164e+00
  7.787733541616e-01   -6.493519239370e-02   1.197809720200e+02   7.232027235093e+00
  9.809975841182e-01   -1.837382820154e-01   1.265433894192e+02   7.232027235093e+00
  1.044287765038e+00   -9.215598443108e-02   1.194134357169e+02   7.232027235093e+00
  7.335282808027e-01   -1.089383275752e-02   1.108656159156e+02   1.071386110449e+01
  3.178551561311e-03    5.622501243843e-04   1.104056318212e+02   1.071386110449e+01
  7.680330035744e-01   -2.981357318632e-02   1.149775017278e+02   1.071386110449e+01
  7.331084832427e-01   -1.086252684948e-02   1.108228531569e+02   5.939337555091e+00
  1.151288766959e+00   -9.609871281677e-03   1.110718235838e+02   5.939337555091e+00
  1.009676913678e+00   -1.385490584882e-02   1.040440033747e+02   5.939337555091e+00
  3.092846044692e-03   -5.767266058147e-04   1.197313204327e+02   1.099914867103e+01
  7.712208747598e-01   -3.027221009225e-02   1.149529488731e+02   1.099914867103e+01
  6.797636118025e-04    5.700641765780e-04   1.103869767614e+02   1.099914867103e+01
  9.912136767263e-01    9.675660238052e-03   6.564469331406e-03   3.257423039901e+00
  1.173727552199e+00    1.151323088616e-02   7.761682815763e+00   3.257423039901e+00
  1.327972635331e+00    3.403005323941e-03   7.803527308197e-02   3.257423039901e+00
 -1.275088715098e-03   -1.534968603388e-03   2.033138552564e+02   1.294828195042e+01
  5.176874171781e-01    8.795187481628e-02   2.015191782928e+02   1.294828195042e+01
  2.060852051953e-03    8.623475235193e-04   2.007379477836e+02   1.294828195042e+01
  1.163268290454e+00   -1.509656592753e-02   9.250393168291e+01  -8.870388755806e+00
  1.374533585220e+00    1.116324306312e-02   1.003476220756e+02  -8.870388755806e+00
  2.043729732613e-02   -1.788526676535e-03   9.215090395797e+01  -8.870388755806e+00
  7.764267029698e-01   -6.578407042391e-02   1.197280010693e+02   9.264156568771e+00
  5.891094994835e-01   -8.200443681028e-02   1.272182777214e+02   9.264156568771e+00
  9.845661791022e-01   -1.829477723957e-01   1.265794984875e+02   9.264156568771e+00
  1.374926449905e+00    2.854710936651e-03   4.224463545863e+01   1.488115215417e-01
  1.261594544415e+00   -6.556532986954e-03   3.535903853323e+01   1.488115215417e-01
  1.210379794853e+00    6.358706551373e-03   3.395406335617e+01   1.488115215417e-01
 -8.509063192616e-04    2.946037727144e-04   1.271809940309e+02   1.741856288802e+01
  4.818899105795e-03   -7.701819267918e-05   1.416037234932e+02   1.741856288802e+01
  6.986942300419e-01   -1.015828958778e-01   1.345762957097e+02   1.741856288802e+01
  1.304267749966e+00   -6.157100829906e-03   9.387890400891e+01   9.266179716654e+00
  2.251364861797e-02   -1.767172684062e-03   1.029553648661e+02   9.266179716654e+00
  1.000483612576e+00   -1.422801791641e-02   1.039771825598e+02   9.266179716654e+00
  1.130763485475e+00   -3.110086392281e-01   1.355139659418e+02  -1.005727193085e+00
  1.065626490818e+00   -2.115371902210e-01   1.372989917584e+02  -1.005727193085e+00
  1.238496481800e+00   -2.306047867627e-01   1.446392148666e+02  -1.005727193085e+00
  1.162157178973e+00   -1.034250187666e-02   1.187459190439e+02  -4.012549665379e-01
  9.974586476365e-01   -9.941102674196e-02   1.216677568616e+02  -4.012549665379e-01
  9.786697514468e-01    8.074550211657e-02   1.217012177584e+02  -4.012549665379e-01
  5.723631747462e-03   -1.486227762563e-03   1.416799094997e+02   1.822880978071e+01
  8.784139888125e-01   -3.782159030073e-02   1.588138729480e+02   1.822880978071e+01
  8.036794575390e-01   -9.152156282185e-02   1.452501449387e+02   1.822880978071e+01
  1.359264008791e+00    1.215081195036e-02   1.001727900294e+02   2.410821737135e+00
  1.024636600613e+00   -1.392617729773e-02   1.040166239067e+02   2.410821737135e+00
  1.274997014385e+00    2.310475681487e-03   1.109663441271e+02   2.410821737135e+00
  1.175460530889e+00    1.063961942211e-01   1.553436006351e+02  -7.164678682161e+00
  1.163922414607e+00   -1.031301693907e-02   1.669050225282e+02  -7.164678682161e+00
  6.916111183553e-01    3.176489212049e-02   1.589872473685e+02  -7.164678682161e+00
  1.234245023439e-02    5.399844450426e-04   7.110275802445e+00   8.903552477067e+00
  1.177118001501e+00    1.144522338480e-02   7.710224481485e+00   8.903552477067e+00
  9.906055673091e-01    9.818905077116e-03  -3.338630434379e-02   8.903552477067e+00
  1.271689501563e+00    2.517797905645e-03   1.109337773436e+02   1.630503310492e+00
  1.153862715974e+00   -1.042622679961e-02   1.111157074138e+02   1.630503310492e+00
  1.256578547403e+00    1.026034399378e-02   1.151670863509e+02   1.630503310492e+00
  1.525399512082e+00    1.076309965554e-02   2.694515224607e+01   6.793394404396e+00
  1.258122307757e+00    1.954425403794e-02   1.610344255882e+01   6.793394404396e+00
  4.847859048141e-02   -9.338297918900e-04   2.485213970822e+01   6.793394404396e+00
  1.278781574637e+00    2.219502048171e-03   1.109784562135e+02   1.906775433464e+00
  1.018835094141e+00   -1.380230843549e-02   1.040374262907e+02   1.906775433464e+00
  1.146652568316e+00   -9.799117910247e-03   1.111172645357e+02   1.906775433464e+00
  1.009744109184e+00   -1.354698913080e-02   1.038686877162e+02   2.046280446596e+00
  1.369060992114e+00    1.083889496537e-02   1.001539117102e+02   2.046280446596e+00
  1.294510390729e+00   -6.293576285745e-03   9.382190688818e+01   2.046280446596e+00
  1.255183968930e+00    1.066655927922e-02   1.151665413649e+02  -3.739687740167e+00
  1.109171471920e+00    6.000783847742e-02   1.188930118437e+02  -3.739687740167e+00
  9.638809761578e-01    7.726889297344e-02   1.195750294348e+02  -3.739687740167e+00
  1.082916941624e+00    2.056386614315e-02   1.105874137603e+02  -2.766005614206e+00
  1.273285799698e+00    1.978883770683e-03   1.109328700563e+02  -2.766005614206e+00
  1.254263864663e+00    1.119316146256e-02   1.151999389091e+02  -2.766005614206e+00
  9.626160753677e-01    7.619197044583e-02   1.195927813282e+02  -5.922744887055e+00
  6.712404788768e-01    2.655679632513e-02   1.153591409895e+02  -5.922744887055e+00
  1.258023382471e+00    1.188835652712e-02   1.151749328271e+02  -5.922744887055e+00
  1.269339467770e-03   -8.284128376374e-04   1.145354586014e+02  -1.131567286123e+01
  6.795109218503e-01    4.909041261202e-02   1.194243317400e+02  -1.131567286123e+01
  1.571197980857e-03    2.804614674502e-04   1.197132148417e+02  -1.131567286123e+01
  6.761873648212e-01    4.894910746873e-02   1.194119911438e+02  -1.137723863798e+01
  3.648209132933e-03   -1.024269302169e-03   1.145580673727e+02  -1.137723863798e+01
  6.635923018103e-01    2.557582518672e-02   1.153040355897e+02  -1.137723863798e+01
  1.150711680616e+00   -8.738548450207e-03   1.111096847016e+02   3.079319802507e+00
  1.042378557737e+00   -8.935812493334e-02   1.193921416364e+02   3.079319802507e+00
  1.160201348366e+00   -7.230069745043e-02   1.192215904438e+02   3.079319802507e+00
  7.327047222207e-01   -1.075522674554e-02   1.108508151430e+02   6.293735488847e+00
  7.678698727020e-01   -3.029093267641e-02   1.150062176534e+02   6.293735488847e+00
  1.153006956206e+00   -9.622195979738e-03   1.110951600064e+02   6.293735488847e+00
  1.173691556495e+00    1.012657321258e-02   7.794321466620e+00   1.019009857942e+00
  1.264260665082e+00    2.065277601028e-02   1.657228396529e+01   1.019009857942e+00
  1.329036557459e+00    1.719641380892e-02   1.023454379997e+01   1.019009857942e+00
  1.881572686764e-02    9.327253158111e-04   8.265863400133e+01   8.793491704635e+00
  1.345300098012e+00   -2.345152478507e-02   7.506503936242e+01   8.793491704635e+00
  9.352821315685e-04    8.009083651493e-04   7.355420276201e+01   8.793491704635e+00
  3.643176030768e-02   -6.240818516833e-04   8.350089285599e+01  -7.104592758278e+00
  1.519078773505e+00   -1.630929611397e-02   8.404320637267e+01  -7.104592758278e+00
  1.165070783058e+00   -1.423279444247e-02   9.280024686295e+01  -7.104592758278e+00
  1.506798992678e+00   -1.659456418036e-02   8.407703279621e+01   7.014562621291e+00
  3.864724816421e-02    7.620473852678e-04   8.322039960508e+01   7.014562621291e+00
  1.301093668331e+00   -5.173816410527e-03   9.429020847624e+01   7.014562621291e+00
  1.199834358759e+00    1.098299240788e-03   4.813802197725e+01  -1.844209087243e+00
  1.397110788473e+00    4.755145987759e-03   5.303108047301e+01  -1.844209087243e+00
  1.197289148935e+00    1.405171634556e-02   5.814365675929e+01  -1.844209087243e+00
  1.211291447085e+00    6.769449076648e-03   3.397222622447e+01   8.803615014816e+00
 -4.067938202605e-04   -1.379373655947e-04   3.385428993544e+01   8.803615014816e+00
  1.463855315162e-02    6.297197629720e-04   4.257785366054e+01   8.803615014816e+00
  1.064279287820e+00   -1.866316384875e-02   6.742879325836e+01  -2.407258111315e+00
  1.391954810994e+00   -1.848329938405e-02   6.410770536297e+01  -2.407258111315e+00
  1.345280546286e+00   -2.882614428825e-02   7.550896974223e+01  -2.407258111315e+00
  1.385104885124e+00    3.861573507348e-03   5.250996625514e+01   6.826976663058e+00
  4.493489309584e-02   -2.203300760001e-03   6.389189232570e+01   6.826976663058e+00
  1.404593221227e+00   -1.760354262127e-02   6.405671606649e+01   6.826976663058e+00
  1.191320610245e+00    9.575726055877e-04   4.802467281795e+01  -1.960168582421e+00
  1.244296874602e+00   -5.980327447491e-03   3.532228568335e+01  -1.960168582421e+00
  1.386595881922e+00    1.928400178562e-03   4.220712886740e+01  -1.960168582421e+00
  1.407752009451e+00   -1.969192182871e-02   6.431016280604e+01   6.628630507912e+00
  4.118700540088e-02   -3.258924290917e-04   6.433821045580e+01   6.628630507912e+00
  1.333131779638e+00   -2.592255984816e-02   7.571578602747e+01   6.628630507912e+00
  1.342174021488e+00    1.527482387977e-02   1.022992674246e+01  -8.682008927530e+00
  1.336412333445e-02    9.975437920007e-04   1.708102464887e+01  -8.682008927530e+00
  8.689062481590e-03   -1.397325093581e-03   6.371641765889e+00  -8.682008927530e+00
  1.571226244353e-02   -1.165529511208e-03   1.571091176964e+01   8.522611993349e+00
  1.263844884629e+00    1.849171766317e-02   1.648322463144e+01   8.522611993349e+00
  1.175539166682e+00    1.086833996838e-02   7.737144514790e+00   8.522611993349e+00
  7.428801281426e-03   -6.040881423431e-04   1.572010960023e+01   8.997145844438e+00
  1.184226841865e+00    1.113080087459e-02   7.717944842681e+00   8.997145844438e+00
  6.079894680726e-03    6.113222184929e-04   7.167147153171e+00   8.997145844438e+00
  1.320298509475e+00    3.036085374416e-03   7.667814108931e-02   1.158056657434e+00
  1.181409197282e+00    1.171213301744e-02   7.725197086715e+00   1.158056657434e+00
  1.320379832062e+00    1.483339957725e-02   1.021087905476e+01   1.158056657434e+00
 -8.282820666602e-04    3.286037961586e-04   3.361815015957e+01   8.799647603602e+00
  1.209358370745e+00    6.450966730455e-03   3.438492917025e+01   8.799647603602e+00
  2.078486856715e-02    6.364440946789e-05   2.541293144563e+01   8.799647603602e+00
  1.275123872668e+00    2.193833955000e-02   1.656729033106e+01  -8.627114548380e-01
  1.498608785294e+00    1.028607822970e-02   2.710366830497e+01  -8.627114548380e-01
  1.162741905305e+00    3.029013517667e-02   1.972984465661e+01  -8.627114548380e-01
  1.272881893759e+00    1.804939415248e-02   1.630574007449e+01   8.614621569041e+00
  4.886337326941e-03   -1.012156931746e-03   1.586280728972e+01   8.614621569041e+00
  2.113170165413e-02   -6.347799763962e-04   2.481713766130e+01   8.614621569041e+00
  1.279349374939e+00    2.210622367355e-02   1.654856131145e+01  -8.288803572054e-01
  1.160328785565e+00    3.042861480493e-02   1.948754193594e+01  -8.288803572054e-01
  1.318652429335e+00    1.735279467414e-02   1.011481339008e+01  -8.288803572054e-01
  4.105363957762e-03    5.765787245994e-04   1.705088095719e+01  -9.596702722114e+00
  1.160460527916e+00    2.792248605249e-02   1.937003306029e+01  -9.596702722114e+00
  9.428732981807e-03   -1.025721748401e-03   2.592255470855e+01  -9.596702722114e+00
  2.853038174819e-02   -1.883274396981e-03   2.598221249529e+01  -8.005160319535e+00
  1.150465988213e+00    2.825678555611e-02   1.930378655675e+01  -8.005160319535e+00
  1.508057297049e+00    9.203290484093e-03   2.697357350198e+01  -8.005160319535e+00
  1.317474127814e+00   -5.921708809114e-03   9.395538476434e+01   9.087495066373e+00
  2.787633208372e-03    8.816208303853e-04   9.305037213123e+01   9.087495066373e+00
  1.239568370882e-02   -1.075517162008e-03   1.028991413359e+02   9.087495066373e+00
  1.175492921421e+00   -1.368045453097e-02   9.258375619385e+01  -9.649848124492e-01
  1.308257395645e+00   -5.805048580054e-03   9.390039003098e+01  -9.649848124492e-01
  1.357759868138e+00    1.040498656046e-02   1.003554232287e+02  -9.649848124492e-01
  4.712563989560e-03    2.226635661501e-04   7.308801354018e+01  -9.240134322617e+00
  1.187201790663e+00   -2.771104163050e-02   7.579158368698e+01  -9.240134322617e+00
  1.284925421636e-02    2.034259803059e-04   8.319964545273e+01  -9.240134322617e+00
  1.305563557478e+00   -5.266834635673e-03   9.389135100966e+01  -1.343417165924e+00
  1.179292869619e+00   -1.362567617811e-02   9.238693968664e+01  -1.343417165924e+00
  1.496127289171e+00   -1.622323151887e-02   8.397904041605e+01  -1.343417165924e+00
  1.175528931037e+00   -1.540633886502e-02   9.264485389149e+01  -8.927185697677e+00
  4.028099150165e-03   -1.048414035297e-03   9.214423861237e+01  -8.927185697677e+00
  1.472271504064e-02   -3.622546401013e-04   8.357508970805e+01  -8.927185697677e+00
  1.262659258923e-02   -4.258089210026e-04   2.632334714268e+01  -9.567096434844e+00
  1.263619906360e+00   -6.496468289485e-03   3.538199217386e+01  -9.567096434844e+00
  1.423017703279e-03    4.660751874032e-05   3.693044110819e+01  -9.567096434844e+00
  1.989484153895e-03    4.241227449014e-04   9.292492443772e+01   9.076927164796e+00
  1.315868196235e+00   -4.956523384597e-03   9.415922421202e+01   9.076927164796e+00
  1.773420401020e-02    4.968339101348e-04   8.325175570013e+01   9.076927164796e+00
  1.213025835004e+00    6.064270538832e-03   3.408307127727e+01   7.591560794705e-01
  1.256525923498e+00   -6.729034078564e-03   3.505888275373e+01   7.591560794705e-01
  1.497212258309e+00    8.511815487713e-03   2.688568539290e+01   7.591560794705e-01
  4.535817768811e-02    3.908473752724e-05   2.531608553422e+01   6.193278259101e+00
  1.195280886728e+00    5.931587844462e-03   3.464199020615e+01   6.193278259101e+00
  1.527407381424e+00    9.647468682393e-03   2.702940189862e+01   6.193278259101e+00
  1.200450243571e+00    6.500771915778e-03   3.373615256101e+01   6.886592318605e+00
  3.330822246204e-02    1.484133132256e-03   4.264762545029e+01   6.886592318605e+00
  1.386449761941e+00    3.693119780202e-03   4.210493066774e+01   6.886592318605e+00
  1.200624321134e+00    1.726676792690e-03   4.813974262117e+01  -9.439031846122e+00
  1.198161995163e+00    1.305339883348e-02   5.813053508523e+01  -9.439031846122e+00
  1.803177450168e-02   -1.094600102035e-04   5.534982891125e+01  -9.439031846122e+00
  1.404134403621e+00    3.972537947152e-03   5.316045309119e+01   8.262515382325e+00
  2.015756023384e-02    9.928478112620e-04   4.308728474853e+01   8.262515382325e+00
  2.794800211381e-03   -4.392343802976e-04   5.337742549755e+01   8.262515382325e+00
  2.388749983910e-03   -2.115469348799e-04   3.697322129634e+01  -9.559476193820e+00
  1.259959191535e+00   -5.870295622016e-03   3.533275258096e+01  -9.559476193820e+00
  1.083576419228e-02    4.595864643966e-04   4.584243100528e+01  -9.559476193820e+00
  1.182534102316e+00   -2.951633197796e-02   7.621973217207e+01  -1.732981190017e+00
  1.337958181738e+00   -2.733489933441e-02   7.532542056759e+01  -1.732981190017e+00
  1.493030508345e+00   -1.661596666455e-02   8.392874165118e+01  -1.732981190017e+00
  3.788154045454e-02   -2.780895224509e-05   8.319557816946e+01  -7.503086199575e+00
  1.171128612852e+00   -2.781650048151e-02   7.567075336960e+01  -7.503086199575e+00
  1.517172076924e+00   -1.693119022916e-02   8.394560988688e+01  -7.503086199575e+00
  1.158015443636e-02    7.697492356594e-04   7.296114680648e+01  -9.375178380903e+00
  1.045298688716e+00   -1.667003815125e-02   6.767401382500e+01  -9.375178380903e+00
  1.180656041900e+00   -2.868109015322e-02   7.590473072523e+01  -9.375178380903e+00
  1.049246482599e+00   -1.452210606399e-02   6.776356939412e+01  -1.019285050246e+01
  3.328239465984e-03   -1.658122154798e-05   7.294553260885e+01  -1.019285050246e+01
  4.186365691444e-03    8.891416070998e-04   6.532477857144e+01  -1.019285050246e+01
  6.469994261845e-03   -4.422225512915e-04   5.531536376477e+01  -9.557988939880e+00
  1.208902940866e+00    1.325536329715e-02   5.814966033378e+01  -9.557988939880e+00
  7.196824320084e-03    3.637417965930e-04   6.530672203612e+01  -9.557988939880e+00
  1.204571135399e+00    1.508428989274e-02   5.831597139987e+01  -1.664279393712e+00
  1.386674413723e+00    4.720622486384e-03   5.277381228246e+01  -1.664279393712e+00
  1.395133430158e+00   -1.675381439971e-02   6.402087097957e+01  -1.664279393712e+00
  2.197040505108e-02   -1.422103976033e-03   6.380342903296e+01   8.262845369300e+00
  1.403152954651e+00    3.034467733844e-03   5.275228734986e+01   8.262845369300e+00
  2.649199843199e-03    2.316129117247e-05   5.361711386456e+01   8.262845369300e+00
  2.662088042058e-04    1.471169470466e-03   7.333109778876e+01   8.804676878792e+00
  1.346173217228e+00   -2.410675136171e-02   7.544308121189e+01   8.804676878792e+00
  1.889943016981e-02   -5.761415693148e-05   6.439025439454e+01   8.804676878792e+00
  1.196853614690e+00    1.393123619667e-02   5.820739269827e+01  -9.533562213399e+00
  1.037526833994e+00   -1.444721215591e-02   6.777613190708e+01  -9.533562213399e+00
  1.692200463326e-02    1.129025335076e-03   6.533307686595e+01  -9.533562213399e+00
  1.192093802796e+00    1.503966489567e-02   5.825588548119e+01  -3.058562352974e+00
  1.404228123854e+00   -1.778234500711e-02   6.398909939639e+01  -3.058562352974e+00
  1.041757836623e+00   -1.620893168493e-02   6.765687330876e+01  -3.058562352974e+00
  1.208570673708e+00    1.925328235273e-03   4.812220207494e+01  -9.434348179106e+00
  8.150931326470e-03    9.430157165831e-05   5.536209265815e+01  -9.434348179106e+00
  6.371187286934e-03    2.491109023778e-04   4.580298583888e+01  -9.434348179106e+00
  1.247767216793e+00   -5.868187906509e-03   3.531792396672e+01  -9.239067261031e+00
  1.190907607714e+00    1.358048304014e-03   4.805162829754e+01  -9.239067261031e+00
  2.188159120846e-02    6.688292887675e-04   4.583804881283e+01  -9.239067261031e+00
  1.386324962840e+00    4.398419114709e-03   5.325015667339e+01  -1.686577112349e+00
  1.207946021166e+00    5.249979849450e-04   4.800953873249e+01  -1.686577112349e+00
  1.374655307510e+00    2.296813842318e-03   4.225246184319e+01  -1.686577112349e+00
