
 -1.259721237309e-03    1.532663381153e-03  -1.537791473686e+02   8.700153450175e+00
 -3.932533203075e-01    1.409729942634e-03  -1.549888051112e+02   8.700153450175e+00
  2.198475547390e-04   -6.311474336213e-04  -1.542283101058e+02   8.700153450175e+00
 -4.778336321030e-01    6.632037831654e-02  -1.420592536016e+02   1.588438536401e+01
  3.328285764615e-04    3.380193330913e-05  -1.480290325739e+02   1.588438536401e+01
 -1.324322504967e-03   -3.932006327390e-05  -1.418273339536e+02   1.588438536401e+01
 -3.929183862036e-01   -8.427863417577e-04  -1.549984295337e+02   9.201368747798e+00
 -6.422002584927e-01    1.383714826872e-01  -1.547566557802e+02   9.201368747798e+00
 -6.870535849739e-01    1.885906004288e-03  -1.571767541881e+02   9.201368747798e+00
 -6.447631817542e-01    1.371085672436e-01  -1.547172824727e+02   8.693045749835e+00
 -3.908023378986e-01    4.057191105727e-04  -1.550599870033e+02   8.693045749835e+00
 -3.008882684392e-01    5.466547070352e-02  -1.533786140075e+02   8.693045749835e+00
 -7.984154596902e-01    1.714574084614e-01  -1.583419896613e+02   6.125383156605e+00
 -6.873493363581e-01    1.901491392248e-03  -1.572569723375e+02   6.125383156605e+00
 -6.425446594705e-01    1.394529009598e-01  -1.547091841234e+02   6.125383156605e+00
 -9.917109666607e-01   -1.011487373354e-02  -7.789667081630e+00   6.577570226142e+00
 -1.343072365868e-02    8.212487459868e-04  -4.933017739097e+00   6.577570226142e+00
 -7.246357116249e-01    1.026258136291e-02   3.935454701930e-02   6.577570226142e+00
 -3.016307865509e-01    5.382974257875e-02  -1.533680471495e+02   8.315188520505e+00
 -6.172842194514e-01    1.494772366503e-01  -1.517119762524e+02   8.315188520505e+00
 -6.447157064193e-01    1.379286192174e-01  -1.546999990037e+02   8.315188520505e+00
 -9.497884670219e-01   -8.908718905308e-03  -8.655458849748e+01   3.762410510607e+00
 -5.046392128839e-01   -1.942854995236e-02  -8.668453748801e+01   3.762410510607e+00
 -8.139673858967e-01   -1.571974028693e-02  -8.314399303563e+01   3.762410510607e+00
 -3.729508551680e-01    7.266706050298e-02  -1.493251189087e+02   7.967724690786e+00
 -4.781968518719e-01    6.662918806539e-02  -1.420541469979e+02   7.967724690786e+00
 -6.988505753240e-01    1.648995011658e-01  -1.475404569373e+02   7.967724690786e+00
 -1.362196036144e-03   -2.981718779575e-04  -1.520699287461e+02   1.143446177836e+01
 -3.717519467713e-01    7.229394034738e-02  -1.493500609325e+02   1.143446177836e+01
 -3.006416765222e-01    5.423167985293e-02  -1.534074218929e+02   1.143446177836e+01
 -6.181674919584e-01    1.495775568645e-01  -1.516988217740e+02   4.002196175885e+00
 -6.976492119849e-01    1.657857197629e-01  -1.475468398771e+02   4.002196175885e+00
 -7.579033180713e-01    2.248347198637e-01  -1.533371180940e+02   4.002196175885e+00
 -6.975311444923e-01    1.650293599860e-01  -1.475496638205e+02   8.496284876789e+00
 -6.181353741067e-01    1.497123830482e-01  -1.517043356699e+02   8.496284876789e+00
 -3.743805913702e-01    7.255225249194e-02  -1.493020889089e+02   8.496284876789e+00
 -8.069432562804e-01    2.495012395175e-01  -1.491868406290e+02   2.475073649634e+00
 -7.558022442619e-01    2.249810806127e-01  -1.533838501058e+02   2.475073649634e+00
 -7.003086107714e-01    1.657629435222e-01  -1.475037005561e+02   2.475073649634e+00
 -6.180229369631e-01    1.497697745478e-01  -1.517015565145e+02   5.126965737933e+00
 -7.580117598802e-01    2.243804102850e-01  -1.533371977819e+02   5.126965737933e+00
 -6.434406316049e-01    1.383038897561e-01  -1.547276783142e+02   5.126965737933e+00
 -8.077844643302e-01    2.496916851659e-01  -1.491617297039e+02   5.120126252037e-01
 -6.994605904596e-01    1.656196113547e-01  -1.475257274606e+02   5.120126252037e-01
 -8.666233220230e-01    1.834351920386e-01  -1.420885263717e+02   5.120126252037e-01
 -3.728969336937e-01    7.287481264387e-02  -1.493395828528e+02   8.200001472244e+00
 -6.190424064060e-01    1.493773989706e-01  -1.516846930050e+02   8.200001472244e+00
 -2.998350212018e-01    5.386282209399e-02  -1.534148148957e+02   8.200001472244e+00
 -1.435511446116e-03    3.882381823750e-04  -1.234066814989e+02   1.735079147439e+01
 -7.590941560314e-04   -6.900230785772e-04  -1.059509534456e+02   1.735079147439e+01
 -5.222804516400e-01   -2.712815897433e-02  -1.192956993836e+02   1.735079147439e+01
 -7.963101011415e-01    1.718155707330e-01  -1.583311455945e+02   5.152871227428e+00
 -6.447697651248e-01    1.386602062668e-01  -1.546970196462e+02   5.152871227428e+00
 -7.564102731492e-01    2.244399709777e-01  -1.533569899610e+02   5.152871227428e+00
 -8.851452485204e-01    3.757273246705e-03  -1.610841069852e+02   3.440961735389e+00
 -7.938571993139e-01    1.702299726449e-01  -1.583242625191e+02   3.440961735389e+00
 -8.172897706873e-01    7.564339303141e-02  -1.619042266436e+02   3.440961735389e+00
 -8.829509012135e-01    1.066496835099e-03  -1.610384363647e+02   7.660980687708e+00
 -6.893178997053e-01    1.037919187263e-03  -1.572414028570e+02   7.660980687708e+00
 -7.960267005506e-01    1.715855844579e-01  -1.583641459551e+02   7.660980687708e+00
 -8.862221351507e-01    3.630090347944e-03  -1.611252810660e+02   3.593123524945e+00
 -8.165984050286e-01    7.485973779611e-02  -1.618973930876e+02   3.593123524945e+00
 -9.812227293885e-01   -1.220411251918e-03  -1.639683687966e+02   3.593123524945e+00
 -8.134724685022e-01    7.237247147794e-02  -1.619017854276e+02   1.816165628567e+00
 -7.983516801858e-01    1.726671293438e-01  -1.583151029397e+02   1.816165628567e+00
 -6.570667216790e-01    1.575360687333e-01  -1.599487103247e+02   1.816165628567e+00
 -6.267712143282e-01   -1.224341817851e-02  -1.617423929397e+02  -3.806613902907e-01
 -8.154899118153e-01    7.257536907322e-02  -1.618353766977e+02  -3.806613902907e-01
 -6.538049085654e-01    1.563982953333e-01  -1.599989346675e+02  -3.806613902907e-01
 -8.145727000876e-01    7.001195202176e-02  -1.618759287749e+02   1.162745386592e+00
 -8.268946627206e-01   -8.949380413285e-02  -1.617855182221e+02   1.162745386592e+00
 -9.821446361147e-01    3.187361310739e-03  -1.639600133731e+02   1.162745386592e+00
 -7.983429457901e-01    1.720736264663e-01  -1.583020207170e+02  -5.877836789035e-01
 -7.165113786774e-01    2.482970749218e-01  -1.555135409187e+02  -5.877836789035e-01
 -6.570553611180e-01    1.586564421482e-01  -1.599563375830e+02  -5.877836789035e-01
 -5.518840696965e-01    7.897623737194e-03  -8.334795157644e+01  -7.062261316608e+00
 -7.614401045508e-01    1.059006478431e-02  -7.830630765252e+01  -7.062261316608e+00
 -8.527887435885e-03    8.422979568277e-04  -7.747345569232e+01  -7.062261316608e+00
 -5.083170946667e-01    2.013431143490e-01  -1.575691433311e+02  -7.646436925586e+00
 -7.193012127336e-01    2.493838705149e-01  -1.555197602859e+02  -7.646436925586e+00
 -6.070951793111e-01    2.258568126371e-01  -1.513257776942e+02  -7.646436925586e+00
 -7.196747895937e-01    2.485934392457e-01  -1.554763019874e+02   1.081410754898e+00
 -7.948160619138e-01    1.714291489156e-01  -1.583585404875e+02   1.081410754898e+00
 -7.579660648106e-01    2.252000218907e-01  -1.533358889446e+02   1.081410754898e+00
 -2.248148228046e-01    6.301021054053e-02  -1.629789073298e+02  -8.197086914330e+00
 -4.361635451690e-01    1.149022020668e-01  -1.617401320049e+02  -8.197086914330e+00
 -2.640858614081e-01    1.173036209726e-01  -1.592872622578e+02  -8.197086914330e+00
 -4.358112020091e-01    1.143983234994e-01  -1.616924965349e+02  -5.517627338109e+00
 -6.546974174419e-01    1.574372331456e-01  -1.600141991317e+02  -5.517627338109e+00
 -5.062247748491e-01    2.012220687960e-01  -1.576470944706e+02  -5.517627338109e+00
 -5.072720204700e-01    2.010647162983e-01  -1.576040441002e+02  -9.182829202271e+00
 -2.654863052306e-01    1.175292018865e-01  -1.592650132903e+02  -9.182829202271e+00
 -4.349691084105e-01    1.148138666780e-01  -1.617566599402e+02  -9.182829202271e+00
 -4.358689994538e-01    1.140904797880e-01  -1.617099557978e+02  -1.219900040566e+00
 -6.253333088919e-01   -1.308745644167e-02  -1.617944314513e+02  -1.219900040566e+00
 -6.544343902354e-01    1.571726825397e-01  -1.599953832795e+02  -1.219900040566e+00
 -8.065446270392e-01    2.503976303186e-01  -1.491823967405e+02  -5.487648959673e+00
 -6.095227326159e-01    2.258600520630e-01  -1.512793899689e+02  -5.487648959673e+00
 -7.172137766050e-01    2.493656996510e-01  -1.555675830459e+02  -5.487648959673e+00
 -5.080563468309e-01    2.012117868082e-01  -1.576110467936e+02  -3.460894639249e+00
 -6.533441646980e-01    1.576862429573e-01  -1.600470876815e+02  -3.460894639249e+00
 -7.190631376573e-01    2.491525961457e-01  -1.554778763323e+02  -3.460894639249e+00
 -8.036845760129e-01    2.499577181107e-01  -1.492328602606e+02  -1.438338975078e+00
 -7.198672064854e-01    2.492677639504e-01  -1.554689796643e+02  -1.438338975078e+00
 -7.582378014490e-01    2.248818001926e-01  -1.533325680001e+02  -1.438338975078e+00
 -4.351372727377e-01    1.138820665699e-01  -1.617139231902e+02  -3.380384509406e+00
 -2.253445024243e-01    6.371372618315e-02  -1.630103655827e+02  -3.380384509406e+00
 -4.121729344301e-01   -9.665743903115e-03  -1.631730137509e+02  -3.380384509406e+00
 -8.713575252776e-01    1.828073377774e-01  -1.420230198449e+02   5.725752153580e+00
 -6.956575155720e-01    1.654762466916e-01  -1.476087527704e+02   5.725752153580e+00
 -4.839099555243e-01    6.638876897821e-02  -1.419723321671e+02   5.725752153580e+00
 -9.835946607471e-01   -1.035588244975e-02  -7.827580738162e+00   2.606225146105e+00
 -7.281215482070e-01    1.014472716309e-02  -1.108800537658e-02   2.606225146105e+00
 -9.864183612545e-01   -2.042631701724e-03  -9.735325196706e-02   2.606225146105e+00
 -8.861390202176e-01    9.491790520372e-02  -1.341756141933e+02   5.449423073182e+00
 -5.176096677689e-01    2.709966014645e-02  -1.313809849081e+02   5.449423073182e+00
 -8.808552660626e-01    4.163444602702e-03  -1.254117623670e+02   5.449423073182e+00
 -8.842269783386e-01    9.710494476920e-02  -1.342179891277e+02   4.150549637645e+00
 -8.724778003039e-01    1.821081767372e-01  -1.419942724411e+02   4.150549637645e+00
 -4.833573228510e-01    6.743490399221e-02  -1.419870970237e+02   4.150549637645e+00
 -8.068749322723e-01    2.507029817603e-01  -1.492428366742e+02  -8.529971827461e+00
 -7.056708517978e-01    1.881088620348e-01  -1.435298504504e+02  -8.529971827461e+00
 -6.096200274481e-01    2.256579355039e-01  -1.512215040565e+02  -8.529971827461e+00
 -7.082107967308e-01    1.880356445706e-01  -1.434774178353e+02  -6.153058128401e+00
 -8.046280030012e-01    2.504957162820e-01  -1.492980762034e+02  -6.153058128401e+00
 -8.699589811379e-01    1.835575058506e-01  -1.420214162169e+02  -6.153058128401e+00
 -7.759918981069e-01    1.067980273155e-01  -1.347899351883e+02  -8.314468220366e+00
 -7.081381831304e-01    1.873579326437e-01  -1.434045353789e+02  -8.314468220366e+00
 -8.705090100798e-01    1.843612567064e-01  -1.420953321004e+02  -8.314468220366e+00
 -3.741481948442e-01    1.141273206352e-01  -1.447780443828e+02  -1.794312859228e+01
 -6.087109012233e-01    2.257238883623e-01  -1.513387153704e+02  -1.794312859228e+01
 -7.066604402010e-01    1.878189655512e-01  -1.434459036073e+02  -1.794312859228e+01
 -8.684701902770e-01    1.843273163370e-01  -1.421523075623e+02  -5.522200770849e+00
 -8.880800578333e-01    9.555520569112e-02  -1.341403377393e+02  -5.522200770849e+00
 -7.781499535918e-01    1.064085227900e-01  -1.347362352469e+02  -5.522200770849e+00
 -8.872653306578e-01    9.628727758625e-02  -1.341792983322e+02   7.516088512501e+00
 -4.793817575332e-01    6.801506639318e-02  -1.420608739646e+02   7.516088512501e+00
 -5.157158058905e-01    2.597503628072e-02  -1.313861243542e+02   7.516088512501e+00
 -8.059492940146e-01    4.724974031934e-03  -1.255401710949e+02  -7.448735052260e+00
 -7.775138815076e-01    1.052713908469e-01  -1.346512956066e+02  -7.448735052260e+00
 -8.891532445799e-01    9.666875507487e-02  -1.342225652394e+02  -7.448735052260e+00
 -1.499557455124e-03    8.506834079346e-04  -1.253939204709e+02  -3.211583048920e+01
 -4.480537975025e-01    6.347189503321e-04  -1.254978076558e+02  -3.211583048920e+01
 -1.404334035710e-03   -1.958440545405e-03  -1.155200242686e+02  -3.211583048920e+01
 -7.792579111469e-01    1.058346691566e-01  -1.347668248307e+02  -2.020042752284e+01
 -4.463058232695e-01    2.109409698489e-03  -1.255117191215e+02  -2.020042752284e+01
 -4.196649433309e-01    6.860254559660e-02  -1.353430366554e+02  -2.020042752284e+01
 -4.485861328194e-01    2.004233211884e-03  -1.255056469279e+02  -2.027861585395e+01
 -7.773145074490e-01    1.055672302355e-01  -1.347780185679e+02  -2.027861585395e+01
 -8.041790279600e-01    3.506577111730e-03  -1.254182340963e+02  -2.027861585395e+01
 -4.197516485210e-01    6.784284658614e-02  -1.354143451399e+02  -3.452227934508e+01
 -4.455939159393e-01    3.571342479661e-03  -1.253873154546e+02  -3.452227934508e+01
 -3.236242924683e-03    1.963931098146e-03  -1.354302678241e+02  -3.452227934508e+01
 -7.771993930184e-01    1.061922154652e-01  -1.346909368314e+02  -1.979042410106e+01
 -4.213098186519e-01    6.853795062051e-02  -1.354281387295e+02  -1.979042410106e+01
 -7.069379837626e-01    1.873779487312e-01  -1.435323375058e+02  -1.979042410106e+01
 -7.758089917290e-01   -9.747005276952e-02  -1.161165625575e+02  -2.018919266394e+01
 -4.484487202581e-01    2.341390340482e-03  -1.253819074765e+02  -2.018919266394e+01
 -8.042267637806e-01    2.770887530549e-03  -1.254504681865e+02  -2.018919266394e+01
 -8.086754764195e-01    4.240015533100e-03  -1.255040242798e+02  -4.979305836125e+00
 -8.867184493015e-01    9.692483711708e-02  -1.342701802723e+02  -4.979305836125e+00
 -8.805502529245e-01    2.580524528204e-03  -1.253625977132e+02  -4.979305836125e+00
 -5.154635730458e-01    2.794520050089e-02  -1.313988934665e+02   7.851017991613e+00
 -5.196290470202e-01   -2.722185286506e-02  -1.192802055318e+02   7.851017991613e+00
 -8.830763404273e-01    3.184490880826e-03  -1.253956043331e+02   7.851017991613e+00
 -3.723867299975e-01    1.138191198911e-01  -1.447036766798e+02  -1.915687705180e+01
 -7.088158119084e-01    1.878258750319e-01  -1.435146573669e+02  -1.915687705180e+01
 -4.190898758721e-01    6.834730845009e-02  -1.354473638446e+02  -1.915687705180e+01
 -6.476920468350e-05    2.718627081805e-04  -1.592440791215e+02  -1.854879720562e+01
 -2.671627570269e-01    1.181914516815e-01  -1.593016484073e+02  -1.854879720562e+01
 -1.952726654237e-03    1.097725107330e-03  -1.531871566916e+02  -1.854879720562e+01
 -2.646662115828e-01    1.168635675109e-01  -1.592245168562e+02  -1.318661449681e+01
 -5.087992654587e-01    2.018867788155e-01  -1.576458912468e+02  -1.318661449681e+01
 -3.191904178130e-01    1.336401525144e-01  -1.529596100592e+02  -1.318661449681e+01
 -4.399616816945e-01    5.919869176982e-02  -9.553492323650e+01  -1.098308789210e+01
 -1.914254537352e-04   -7.122308272691e-04  -9.006620372900e+01  -1.098308789210e+01
 -1.285627078791e-03    2.294654090860e-04  -9.555258798851e+01  -1.098308789210e+01
 -1.721523667085e-03    2.482035937019e-03  -1.635782262091e+02  -5.958508419261e+00
 -2.131965612300e-01   -4.634617556626e-03  -1.644023764318e+02  -5.958508419261e+00
 -2.242754736157e-01    6.217033022215e-02  -1.629925047457e+02  -5.958508419261e+00
 -1.148290507421e-03    9.877252968488e-04  -1.593018080660e+02  -1.502880292896e+01
  5.474311078041e-04   -7.034765179456e-04  -1.635356999968e+02  -1.502880292896e+01
 -2.650098697945e-01    1.167599315657e-01  -1.592432851114e+02  -1.502880292896e+01
 -4.941125195086e-01   -9.612929652933e-02  -1.479237994826e+02  -1.149169547851e+01
 -2.171126198140e-03    3.901871852604e-04  -1.510560325249e+02  -1.149169547851e+01
 -3.935325573120e-01   -7.009093408914e-02  -1.517284090928e+02  -1.149169547851e+01
 -2.657245396128e-01    1.174902319983e-01  -1.593098238036e+02  -2.293345357804e+01
 -3.187880062883e-01    1.331364495901e-01  -1.528918137132e+02  -2.293345357804e+01
 -3.369794004088e-03    1.874930204190e-03  -1.531600110341e+02  -2.293345357804e+01
 -6.219656879335e-04   -1.293291669109e-04  -1.635254888176e+02  -1.184832433837e+01
 -2.250408516316e-01    6.358302810292e-02  -1.630046511149e+02  -1.184832433837e+01
 -2.634929647332e-01    1.161918449138e-01  -1.592527508456e+02  -1.184832433837e+01
 -2.356102530843e-03   -2.910441186851e-04  -1.355558685642e+02  -2.994710471482e+01
 -4.090848504655e-04    1.856221168325e-03  -1.449277559220e+02  -2.994710471482e+01
 -4.201925375143e-01    6.994189287255e-02  -1.353380723142e+02  -2.994710471482e+01
 -9.379827299283e-04    1.732320082417e-03  -1.354165559618e+02  -3.211657313418e+01
 -4.480063939678e-01    3.561706046418e-03  -1.253874331249e+02  -3.211657313418e+01
 -1.614018368551e-03   -7.389750089615e-04  -1.255043939210e+02  -3.211657313418e+01
 -6.609764889463e-01   -3.704201847383e-02  -1.305146908814e+02  -1.346409370465e+01
 -5.148807304192e-03   -7.381326771585e-04  -1.407269638575e+02  -1.346409370465e+01
 -5.871978218865e-01   -8.692720945900e-02  -1.405520207043e+02  -1.346409370465e+01
 -4.518267516503e-04    9.554220108461e-04  -1.530469519575e+02  -2.434498370098e+01
 -3.217609073452e-01    1.336809739546e-01  -1.529695967730e+02  -2.434498370098e+01
 -2.758366764198e-03    3.554085566579e-04  -1.451352722778e+02  -2.434498370098e+01
 -2.826120596236e-03    2.706573901366e-03  -1.449373539877e+02  -3.128839862462e+01
 -3.724246294452e-01    1.129772712572e-01  -1.447693102410e+02  -3.128839862462e+01
 -4.179521551345e-01    6.949896277860e-02  -1.353407675505e+02  -3.128839862462e+01
 -5.154858565900e-01    2.638811859082e-02  -1.313959489997e+02   1.587069425426e+01
 -5.015069856071e-03   -6.653682529980e-04  -1.234574281370e+02   1.587069425426e+01
 -5.190857149537e-01   -2.600451708320e-02  -1.192817413645e+02   1.587069425426e+01
 -3.736799156077e-01    7.210843175664e-02  -1.493244797081e+02   1.243213330119e+01
  2.931288343296e-04   -1.887730371551e-04  -1.521031694219e+02   1.243213330119e+01
 -1.446203557625e-03    5.272110191362e-05  -1.480304299673e+02   1.243213330119e+01
 -5.032979290973e-03    1.246555402665e-03  -1.451101920981e+02  -2.841174205581e+01
 -3.199599780778e-01    1.329788153511e-01  -1.529805844729e+02  -2.841174205581e+01
 -3.711562047564e-01    1.137130189868e-01  -1.447123526723e+02  -2.841174205581e+01
 -3.190130078555e-01    1.333316010240e-01  -1.528869040520e+02  -1.681053319784e+01
 -6.103053517004e-01    2.261425465641e-01  -1.513219480627e+02  -1.681053319784e+01
 -3.721698793304e-01    1.137513767724e-01  -1.447964099703e+02  -1.681053319784e+01
 -4.798188733929e-01    6.610102564638e-02  -1.420795375416e+02   1.588774589157e+01
 -4.992804721797e-03   -1.067572537478e-03  -1.333761927020e+02   1.588774589157e+01
 -5.143178166612e-01    2.709794213755e-02  -1.313852715571e+02   1.588774589157e+01
 -8.086245203460e-01    2.070558506943e-03  -1.253646452069e+02  -4.888188413684e+00
 -8.805649974143e-01    3.698354424925e-03  -1.254261808008e+02  -4.888188413684e+00
 -8.878598871357e-01   -8.800506420080e-02  -1.165421415008e+02  -4.888188413684e+00
 -3.206866139088e-01    1.339600149421e-01  -1.529430960418e+02  -1.424809640185e+01
 -5.074945665664e-01    2.016367780194e-01  -1.576611895295e+02  -1.424809640185e+01
 -6.080937585833e-01    2.256391436982e-01  -1.512639938893e+02  -1.424809640185e+01
  1.465211384141e-04    3.299098726157e-04  -1.418196239150e+02   1.602812400199e+01
 -2.947996839194e-03   -7.618616434312e-04  -1.333952231343e+02   1.602812400199e+01
 -4.814892824476e-01    6.557825080775e-02  -1.420681713010e+02   1.602812400199e+01
 -2.143405181096e-01   -4.487973477351e-03  -1.643958186890e+02  -1.781531037575e+00
 -6.367600987580e-04    2.047434852107e-03  -1.635973776155e+02  -1.781531037575e+00
 -2.743427755731e-04   -8.550840036026e-04  -1.645040517729e+02  -1.781531037575e+00
 -8.363535521328e-01   -2.052882366622e-01  -1.577937133583e+02  -1.405294289723e+00
 -8.254129098773e-01   -9.296067212939e-02  -1.617611176540e+02  -1.405294289723e+00
 -6.737108172417e-01   -1.859419646376e-01  -1.596311103936e+02  -1.405294289723e+00
 -8.269165379263e-01   -9.028506690172e-02  -1.617714621561e+02  -1.769786850085e+00
 -9.820724762368e-01   -2.909428873338e-03  -1.631313831066e+02  -1.769786850085e+00
 -9.826234792492e-01    3.729931711229e-03  -1.640025099159e+02  -1.769786850085e+00
 -9.805032706984e-01    7.552706963974e-04  -1.630998757765e+02  -6.129786143085e+00
 -8.302721027039e-01   -2.032095392048e-01  -1.578551163953e+02  -6.129786143085e+00
 -8.848411595148e-01   -1.741352669333e-03  -1.591931324054e+02  -6.129786143085e+00
 -8.311775183845e-01   -2.028267594139e-01  -1.578417476574e+02  -1.988468750754e+00
 -9.796743950041e-01   -1.285076556226e-04  -1.631092144213e+02  -1.988468750754e+00
 -8.282563586497e-01   -9.479180511894e-02  -1.617513093709e+02  -1.988468750754e+00
 -8.826476168602e-01   -9.981712654896e-04  -1.592014706829e+02  -8.300994531363e+00
 -8.349008614702e-01   -2.046279545285e-01  -1.578336450933e+02  -8.300994531363e+00
 -6.900199014912e-01   -9.342114244361e-04  -1.552206729744e+02  -8.300994531363e+00
 -5.700169429195e-03    2.841726181850e-04  -4.951644372659e+00   7.122535117721e+00
  6.421288454448e-05   -1.537041514393e-04  -2.867653202591e-02   7.122535117721e+00
 -7.303547425223e-01    1.022411546737e-02   1.576022365739e-02   7.122535117721e+00
 -8.275808264650e-01   -9.336568821042e-02  -1.617023115752e+02   7.050666586331e-01
 -6.268037362008e-01   -1.462022379697e-02  -1.617458631722e+02   7.050666586331e-01
 -6.703749398174e-01   -1.847535609356e-01  -1.596823547585e+02   7.050666586331e-01
 -8.269077773792e-01   -9.351751743149e-02  -1.617623507595e+02   1.712911190451e-01
 -8.147426508880e-01    7.287501316459e-02  -1.618838786417e+02   1.712911190451e-01
 -6.281233158042e-01   -1.348801312834e-02  -1.616996938476e+02   1.712911190451e-01
 -4.446760547744e-01   -1.355131723284e-01  -1.615291102569e+02   1.945096868802e+00
 -6.709645295924e-01   -1.854812548224e-01  -1.596831134229e+02   1.945096868802e+00
 -6.253964934259e-01   -1.380004801999e-02  -1.617955113495e+02   1.945096868802e+00
 -5.242057582883e-01   -2.209959227229e-01  -1.571797531368e+02   1.037524917829e+01
 -4.438689285687e-01   -1.362282289659e-01  -1.615806359110e+02   1.037524917829e+01
 -2.708621431000e-01   -1.248127049786e-01  -1.587919759705e+02   1.037524917829e+01
 -6.699605133844e-01   -1.860949928692e-01  -1.597370577815e+02   4.305711880086e+00
 -5.250643872406e-01   -2.213040169709e-01  -1.571918283398e+02   4.305711880086e+00
 -7.518032085980e-01   -2.793157809066e-01  -1.549019581657e+02   4.305711880086e+00
 -5.232279934169e-01   -2.212542325123e-01  -1.572266811712e+02   6.203284927153e+00
 -6.713082703540e-01   -1.858938698270e-01  -1.597044697942e+02   6.203284927153e+00
 -4.445661398344e-01   -1.357080049044e-01  -1.615106583446e+02   6.203284927153e+00
 -8.549557878045e-01   -2.789510663363e-01  -1.484415109047e+02   6.435445250569e+00
 -7.499756174800e-01   -2.795448553954e-01  -1.549924056685e+02   6.435445250569e+00
 -6.350004596004e-01   -2.451711234818e-01  -1.507580050777e+02   6.435445250569e+00
 -6.736378864363e-01   -1.869621232418e-01  -1.596454576386e+02   1.145031900712e+00
 -7.493141652421e-01   -2.785619920797e-01  -1.549351657401e+02   1.145031900712e+00
 -8.364132405391e-01   -2.047024684481e-01  -1.577683727299e+02   1.145031900712e+00
 -4.438331523640e-01   -1.352238827428e-01  -1.615373860147e+02   4.263269466457e+00
 -4.122365398901e-01   -1.114763066873e-02  -1.631708297489e+02   4.263269466457e+00
 -2.294339882570e-01   -7.615016845076e-02  -1.629477582308e+02   4.263269466457e+00
 -4.432357168184e-01   -1.354405958496e-01  -1.615619189203e+02   2.415228250128e+00
 -6.268044521244e-01   -1.365073666665e-02  -1.617616225873e+02   2.415228250128e+00
 -4.126843627922e-01   -1.058397282158e-02  -1.631214581338e+02   2.415228250128e+00
 -6.267443288803e-01   -1.332618271588e-02  -1.617618623285e+02  -1.802629958635e+00
 -4.344395289232e-01    1.140852645541e-01  -1.617412851969e+02  -1.802629958635e+00
 -4.127131123420e-01   -1.022486723457e-02  -1.631213819575e+02  -1.802629958635e+00
 -8.328607431005e-01   -2.040465282478e-01  -1.578149490888e+02  -4.564110982431e-01
 -7.524991196897e-01   -2.788877361962e-01  -1.549030828134e+02  -4.564110982431e-01
 -8.117218936849e-01   -2.584919826597e-01  -1.524376651464e+02  -4.564110982431e-01
 -6.869839425949e-01   -2.241574580934e-03  -1.551837798986e+02  -9.662740487430e+00
 -7.051186429001e-01   -1.628857686178e-01  -1.534652861175e+02  -9.662740487430e+00
 -3.933477711428e-01    1.504467530956e-03  -1.529450627409e+02  -9.662740487430e+00
 -6.884921491889e-01   -1.869138944144e-03  -1.552425894785e+02  -6.028002122244e+00
 -8.368927981633e-01   -2.042217721459e-01  -1.577947918748e+02  -6.028002122244e+00
 -7.042543962591e-01   -1.646612537816e-01  -1.534282383699e+02  -6.028002122244e+00
 -3.924887524701e-01   -1.349474226901e-03  -1.529372788531e+02  -9.991504992888e+00
 -3.923643601606e-01   -6.935850107226e-02  -1.517362698885e+02  -9.991504992888e+00
  3.634256222889e-04    1.826683123594e-03  -1.530060244042e+02  -9.991504992888e+00
 -3.942975716818e-01   -7.184848890230e-02  -1.517002391678e+02  -8.102747789590e+00
 -3.915089957362e-01    6.641476790409e-04  -1.529962075572e+02  -8.102747789590e+00
 -7.074054711515e-01   -1.619656409889e-01  -1.534276982498e+02  -8.102747789590e+00
 -4.992267781983e-01   -9.590754457167e-02  -1.479056375765e+02  -1.246021509582e+01
 -4.464597936573e-03    8.041308139850e-05  -1.408380073541e+02  -1.246021509582e+01
  1.123950580212e-03    1.102974392845e-04  -1.511337177317e+02  -1.246021509582e+01
 -2.978041353936e-03    2.922453864102e-04  -7.745938482104e+01  -7.920969242791e+00
 -2.033950301593e-04   -2.368641495215e-04  -8.307503410001e+01  -7.920969242791e+00
 -5.549405497864e-01    8.003166925738e-03  -8.334370516575e+01  -7.920969242791e+00
 -7.070470044332e-01   -1.631628003183e-01  -1.534145232927e+02  -7.873648474438e+00
 -6.952452278324e-01   -1.780290737371e-01  -1.504159595252e+02  -7.873648474438e+00
 -3.952219075393e-01   -7.069059865138e-02  -1.516880687322e+02  -7.873648474438e+00
 -4.788621650152e-01   -1.808033185195e-02  -8.392289044442e+01   7.979164739610e+00
  1.426212513424e-04    3.427700714355e-04  -8.338526650269e+01   7.979164739610e+00
 -2.655392759301e-03   -2.413362603769e-04  -7.807381505802e+01   7.979164739610e+00
 -8.095034073344e-01   -2.582345358673e-01  -1.524841436685e+02  -1.564108764606e+00
 -8.554130742220e-01   -2.781084306370e-01  -1.484463452175e+02  -1.564108764606e+00
 -7.820992115325e-01   -1.950856759311e-01  -1.464027352323e+02  -1.564108764606e+00
 -8.521191017099e-01   -2.785067015322e-01  -1.484904599217e+02   2.155568400885e+00
 -8.120400863078e-01   -2.581936821201e-01  -1.524355194056e+02   2.155568400885e+00
 -7.525974576894e-01   -2.794769095839e-01  -1.548960086157e+02   2.155568400885e+00
 -6.960883025386e-01   -1.783164057427e-01  -1.504059656967e+02  -7.362321014552e+00
 -7.795869789006e-01   -1.943868144261e-01  -1.464549318553e+02  -7.362321014552e+00
 -4.947512319157e-01   -9.643647084838e-02  -1.478875834687e+02  -7.362321014552e+00
 -7.795974767507e-01   -1.951114798064e-01  -1.464468126652e+02  -3.299922669610e+00
 -6.962308396076e-01   -1.781935136948e-01  -1.504053634833e+02  -3.299922669610e+00
 -8.114605684504e-01   -2.580873561585e-01  -1.524377273097e+02  -3.299922669610e+00
 -4.935116713677e-01   -9.669307397935e-02  -1.479215396365e+02  -6.930150994405e+00
 -7.809463608370e-01   -1.942018604405e-01  -1.464454788163e+02  -6.930150994405e+00
 -5.876855921170e-01   -8.786473090920e-02  -1.405546848335e+02  -6.930150994405e+00
 -6.969024820389e-01   -1.780524949065e-01  -1.503849707327e+02  -7.414460797556e+00
 -4.937088977770e-01   -9.668323838201e-02  -1.479193437349e+02  -7.414460797556e+00
 -3.933348597413e-01   -7.033682495056e-02  -1.517363416941e+02  -7.414460797556e+00
 -8.561845198358e-01   -2.782488766975e-01  -1.484207767760e+02   4.276943345378e-01
 -9.305030341974e-01   -2.075483384968e-01  -1.412773186661e+02   4.276943345378e-01
 -7.813073244480e-01   -1.949920263372e-01  -1.464256149600e+02   4.276943345378e-01
 -8.117398782532e-01   -2.577732555242e-01  -1.524425136676e+02  -4.557138908261e+00
 -6.959414336142e-01   -1.782839609457e-01  -1.504044600783e+02  -4.557138908261e+00
 -7.056214258355e-01   -1.637117774592e-01  -1.534491545985e+02  -4.557138908261e+00
 -8.342762820561e-01   -2.043837306870e-01  -1.577832725561e+02  -4.797381195591e+00
 -8.102589852229e-01   -2.578507181672e-01  -1.524617649266e+02  -4.797381195591e+00
 -7.067295890493e-01   -1.640618997782e-01  -1.534202884994e+02  -4.797381195591e+00
 -4.968155217105e-01   -9.637319092087e-02  -1.479395564409e+02  -1.430345768742e+01
 -5.847514545862e-01   -8.760232476534e-02  -1.405418817838e+02  -1.430345768742e+01
 -8.091136278067e-03    5.301012686137e-04  -1.407675342648e+02  -1.430345768742e+01
 -7.520981297374e-01   -2.796000506631e-01  -1.549454543343e+02   8.502602402345e+00
 -5.252319349111e-01   -2.213306917230e-01  -1.571481039161e+02   8.502602402345e+00
 -6.325533338384e-01   -2.451224638664e-01  -1.508025281000e+02   8.502602402345e+00
 -1.546588576974e-02   -4.116546332273e-04  -1.297061504155e+01   6.891338894346e+00
 -9.967971365500e-01   -1.222020213830e-02  -7.818846936715e+00   6.891338894346e+00
 -8.574167352505e-01   -2.211463056691e-02  -1.476138512602e+01   6.891338894346e+00
 -2.133077903648e-01   -7.321533925576e-03  -1.644079006391e+02   7.173441134699e+00
 -1.410017438583e-03   -2.070058213449e-03  -1.633125862527e+02   7.173441134699e+00
 -2.286405421711e-01   -7.483353539487e-02  -1.629327472295e+02   7.173441134699e+00
 -2.143801264617e-01   -7.437576122467e-03  -1.644003268157e+02   2.612155166874e+00
 -2.896364606575e-04    6.984603611520e-04  -1.645011867505e+02   2.612155166874e+00
 -5.194487437762e-04   -1.816808275193e-03  -1.633356278969e+02   2.612155166874e+00
 -2.291188771741e-01   -7.655381862807e-02  -1.629892659411e+02   1.603043587101e+01
 -2.928494177096e-03   -2.852674795768e-03  -1.594025597402e+02   1.603043587101e+01
 -2.690356865653e-01   -1.233212834106e-01  -1.587551335946e+02   1.603043587101e+01
 -3.277312132578e-01   -1.433439271941e-01  -1.524545024623e+02   2.126355298868e+01
 -2.703520453105e-01   -1.241388749430e-01  -1.587878804168e+02   2.126355298868e+01
 -7.037131077123e-04   -1.370882658471e-03  -1.592970264939e+02   2.126355298868e+01
 -3.310443826780e-01   -1.441333066198e-01  -1.524966215242e+02   1.533654606976e+01
 -6.335820037792e-01   -2.449481530579e-01  -1.507402223668e+02   1.533654606976e+01
 -5.243836665270e-01   -2.215035244342e-01  -1.572385514946e+02   1.533654606976e+01
 -3.291787223637e-01   -1.437590132757e-01  -1.525191043635e+02   1.421444849282e+01
 -5.258834994754e-01   -2.218114107746e-01  -1.572215801313e+02   1.421444849282e+01
 -2.697907616020e-01   -1.240423686736e-01  -1.587451625916e+02   1.421444849282e+01
 -1.584439445059e-03   -1.978516322157e-03  -1.594263691389e+02   1.156083894254e+01
 -2.302864899752e-01   -7.708124373558e-02  -1.629765695943e+02   1.156083894254e+01
 -9.068721059482e-05    2.519802269974e-04  -1.632534025392e+02   1.156083894254e+01
 -4.450949095245e-01   -1.364269268995e-01  -1.615656242054e+02   8.959831659273e+00
 -2.285750359720e-01   -7.530950796815e-02  -1.629248897458e+02   8.959831659273e+00
 -2.694253618644e-01   -1.244270198102e-01  -1.588093707134e+02   8.959831659273e+00
  7.928296795087e-04   -4.058956543098e-04  -1.592995595623e+02   2.266128067027e+01
 -2.054554300359e-03   -9.207604773530e-04  -1.527670898708e+02   2.266128067027e+01
 -3.293740034869e-01   -1.440036657751e-01  -1.524449336098e+02   2.266128067027e+01
 -5.205594955752e-01   -2.685160735056e-02  -1.192833324098e+02   1.468589266089e+01
 -2.558622324399e-03   -9.890453782479e-04  -1.059732745141e+02   1.468589266089e+01
 -4.752364839320e-01   -5.652348556766e-02  -1.086190911988e+02   1.468589266089e+01
 -9.972686267136e-01    1.945354943501e-02  -5.643168951890e+01  -5.360856138547e+00
 -3.040849651088e-02   -1.195728327174e-03  -6.247751183669e+01  -5.360856138547e+00
 -1.130457055666e+00    1.358292169623e-02  -6.339775312011e+01  -5.360856138547e+00
 -3.923172708447e-01    2.019665047652e-03  -1.550172979821e+02   1.072055340037e+01
 -1.794124699486e-03    1.135210213442e-03  -1.537659226016e+02   1.072055340037e+01
 -2.991831309117e-01    5.356325692027e-02  -1.534065009166e+02   1.072055340037e+01
 -3.965250309590e-01   -1.247617467286e-01  -1.444397896874e+02   2.993979813201e+01
 -6.976069274133e-04   -1.056545698284e-03  -1.443272445301e+02   2.993979813201e+01
 -2.354692873646e-03    7.153761252133e-04  -1.350958474700e+02   2.993979813201e+01
 -3.942005925490e-01   -1.263438820947e-01  -1.443394903102e+02   2.811087054881e+01
  4.643798179553e-04   -1.165996207768e-03  -1.526807733608e+02   2.811087054881e+01
 -1.900364780306e-03   -2.028165431456e-04  -1.444260872901e+02   2.811087054881e+01
 -3.962174367445e-01   -5.746220770329e-02  -1.002872622487e+02   1.165466674383e+01
 -6.582202838513e-04    5.754821284152e-04  -9.528921312086e+01   1.165466674383e+01
 -3.316924058387e-01   -4.432520880729e-02  -9.495982697018e+01   1.165466674383e+01
 -3.303090772860e-01   -1.433359781254e-01  -1.524899442219e+02   2.838524843770e+01
 -1.386728463009e-03   -2.001663470835e-03  -1.526828684178e+02   2.838524843770e+01
 -3.919872697938e-01   -1.256867360645e-01  -1.443430435928e+02   2.838524843770e+01
 -7.283380879211e-01   -5.539281645874e-02  -8.986926787484e+01   5.013858871892e+00
 -5.074347149574e-01   -3.593541603747e-02  -8.974399197775e+01   5.013858871892e+00
 -5.015786520439e-01   -1.842191967225e-02  -8.668306452068e+01   5.013858871892e+00
 -4.378408117304e-01   -7.065103760994e-02  -1.350315859527e+02   3.204666244225e+01
 -1.535291440561e-03   -1.260930335099e-03  -1.349372926118e+02   3.204666244225e+01
 -2.394605173246e-03    1.583098335778e-03  -1.250859270431e+02   3.204666244225e+01
 -6.339880656385e-01   -2.449548829595e-01  -1.508145967562e+02   1.883192040966e+01
 -3.949959786340e-01   -1.253913978082e-01  -1.444134804956e+02   1.883192040966e+01
 -7.399837144558e-01   -2.042898934373e-01  -1.429273932768e+02   1.883192040966e+01
 -3.931283736642e-01   -1.251316346605e-01  -1.444321703092e+02   1.795337526803e+01
 -6.355404274539e-01   -2.453339305294e-01  -1.507984505848e+02   1.795337526803e+01
 -3.297805031570e-01   -1.436261787434e-01  -1.524320084900e+02   1.795337526803e+01
 -9.615450415073e-01   -1.123461757784e-01  -1.334243626866e+02  -3.032538277807e+00
 -5.937599274891e-01   -8.866518822333e-02  -1.404889907795e+02  -3.032538277807e+00
 -9.362149843401e-01   -2.062607578676e-01  -1.411879389799e+02  -3.032538277807e+00
 -5.940560953860e-01   -8.761195808580e-02  -1.404786225605e+02  -4.718169574446e+00
 -7.775649014794e-01   -1.948288694122e-01  -1.465096129209e+02  -4.718169574446e+00
 -9.352483986618e-01   -2.069823578651e-01  -1.412144946206e+02  -4.718169574446e+00
 -9.337766505437e-01   -2.076328882354e-01  -1.412101196304e+02   7.237609717129e+00
 -8.531136862102e-01   -2.790492623551e-01  -1.485552158622e+02   7.237609717129e+00
 -7.415117723708e-01   -2.045042275006e-01  -1.429564661725e+02   7.237609717129e+00
 -7.413886274895e-01   -2.038095648052e-01  -1.428850952249e+02   9.422537400286e+00
 -8.128055838158e-01   -1.171235596432e-01  -1.342891474851e+02   9.422537400286e+00
 -9.344229482863e-01   -2.084577480109e-01  -1.412833344871e+02   9.422537400286e+00
 -7.421632152212e-01   -2.043535501968e-01  -1.429976933362e+02   2.008591136479e+01
 -3.933757995770e-01   -1.250585479801e-01  -1.443422829018e+02   2.008591136479e+01
 -4.356359219888e-01   -7.182943686062e-02  -1.350353578555e+02   2.008591136479e+01
 -6.350119930201e-01   -2.449546088189e-01  -1.507008605838e+02   9.496447787956e+00
 -7.389905432583e-01   -2.045680756331e-01  -1.430083267857e+02   9.496447787956e+00
 -8.553624911464e-01   -2.792692804451e-01  -1.485009645158e+02   9.496447787956e+00
 -4.352315211812e-01   -7.209416153144e-02  -1.349329527747e+02   2.121871592648e+01
 -4.534732938272e-01   -3.194904597559e-03  -1.250562457365e+02   2.121871592648e+01
 -8.163161285731e-01   -1.160902313545e-01  -1.342690134657e+02   2.121871592648e+01
 -4.350740001327e-01   -7.226028511129e-02  -1.349444000357e+02   3.430810908531e+01
 -3.942953671870e-01   -1.240550702784e-01  -1.444456576239e+02   3.430810908531e+01
 -4.569332335739e-03    1.317670510466e-04  -1.350726991258e+02   3.430810908531e+01
 -9.662920377848e-01   -1.117833290690e-01  -1.334418942888e+02   8.741263885307e+00
 -8.141612933216e-01   -1.156185854864e-01  -1.341481515682e+02   8.741263885307e+00
 -8.423278316542e-01   -7.955432382461e-03  -1.250884001975e+02   8.741263885307e+00
 -8.149149539752e-01   -1.167501035169e-01  -1.342353815742e+02   6.856930760071e+00
 -9.650918755871e-01   -1.107150760043e-01  -1.333542972439e+02   6.856930760071e+00
 -9.324209878770e-01   -2.084292639741e-01  -1.413393966108e+02   6.856930760071e+00
 -6.618418674949e-01   -3.677352124370e-02  -1.305029835950e+02  -3.542490058674e+00
 -9.631107933652e-01   -1.099574610612e-01  -1.333800266814e+02  -3.542490058674e+00
 -9.634626332537e-01   -7.922929691012e-03  -1.249444096250e+02  -3.542490058674e+00
 -9.643662232417e-01   -1.115320282738e-01  -1.333855793777e+02  -5.849008107358e+00
 -6.603225517154e-01   -3.534801054785e-02  -1.304979452140e+02  -5.849008107358e+00
 -5.895919982290e-01   -8.916904477384e-02  -1.405507298004e+02  -5.849008107358e+00
 -8.404507383653e-01   -6.818714185800e-03  -1.249594778378e+02   2.186767167446e+01
 -8.142107025200e-01   -1.157718862897e-01  -1.342806640442e+02   2.186767167446e+01
 -4.560818572489e-01   -3.149385519748e-03  -1.250488018037e+02   2.186767167446e+01
 -4.375318619022e-01   -7.209124586927e-02  -1.350179143227e+02   2.107104765788e+01
 -8.138126901149e-01   -1.164710777215e-01  -1.341902136459e+02   2.107104765788e+01
 -7.404610210603e-01   -2.038859740860e-01  -1.430144439690e+02   2.107104765788e+01
 -5.274066953531e-03    1.529756094358e-03  -1.250672232100e+02   3.597458851055e+01
 -4.521878352710e-01   -4.199669080401e-03  -1.249539159498e+02   3.597458851055e+01
 -4.354842753844e-01   -7.042922654968e-02  -1.350356397750e+02   3.597458851055e+01
 -6.607242391126e-01   -3.619555940790e-02  -1.305200258576e+02  -1.480452833931e+01
 -6.612100105234e-01    3.035709544753e-02  -1.191828789841e+02  -1.480452833931e+01
 -6.741155412716e-03    5.448449522962e-04  -1.232715845289e+02  -1.480452833931e+01
 -5.348104901627e-03   -1.502040419287e-03  -1.248762192927e+02   3.579821644338e+01
 -4.327610773409e-01    6.188347173566e-02  -1.149925235073e+02   3.579821644338e+01
 -4.521461745730e-01   -2.629575782798e-03  -1.250117768835e+02   3.579821644338e+01
 -2.283471816634e-01   -7.595213435639e-02  -1.629639684617e+02   2.680460688324e+00
 -4.134210560726e-01   -1.117877830183e-02  -1.631581739355e+02   2.680460688324e+00
 -2.131689160527e-01   -5.787925892982e-03  -1.643574349824e+02   2.680460688324e+00
 -4.134070006905e-01   -9.653171270250e-03  -1.631601842299e+02  -1.937487877505e+00
 -2.241301450265e-01    6.348780514188e-02  -1.630273380982e+02  -1.937487877505e+00
 -2.131343979519e-01   -6.212878142717e-03  -1.643558733092e+02  -1.937487877505e+00
 -2.680530740536e-03    9.018991105197e-04  -1.233143495872e+02  -1.652956069769e+01
 -1.487270781660e-03   -9.603490352368e-04  -1.407477989970e+02  -1.652956069769e+01
 -6.644659060624e-01   -3.675866756171e-02  -1.305046038795e+02  -1.652956069769e+01
 -4.012719717295e-01   -5.757346375465e-02  -1.002979918609e+02   1.338809839258e+01
 -3.347383739149e-03    2.199150366234e-05  -1.060065335240e+02   1.338809839258e+01
  6.309642074025e-04    2.011338578236e-05  -9.975895870887e+01   1.338809839258e+01
 -9.589465161180e-01   -2.119366690149e-03  -8.337004723777e+01   2.032246989727e+00
 -8.162026070524e-01   -1.597962651986e-02  -8.311791545975e+01   2.032246989727e+00
 -1.020969483074e+00   -1.018467818101e-02  -7.549463914717e+01   2.032246989727e+00
 -8.903045540774e-01   -8.766287200505e-02  -1.165890126993e+02  -7.428286677551e+00
 -7.761052079115e-01   -9.711167349011e-02  -1.162422407996e+02  -7.428286677551e+00
 -8.058761963383e-01    1.509466354724e-03  -1.253289805821e+02  -7.428286677551e+00
 -8.883978549837e-01   -8.726185346465e-02  -1.166370157496e+02   7.662230567205e+00
 -5.209460949159e-01   -2.512208951303e-02  -1.193041289304e+02   7.662230567205e+00
 -4.768904449831e-01   -5.816988112366e-02  -1.086156771849e+02   7.662230567205e+00
 -4.157067043724e-01   -6.179174918029e-02  -1.155046205094e+02  -3.405985090262e+01
 -4.204877879894e-03   -2.399269178556e-03  -1.155075303470e+02  -3.405985090262e+01
 -4.454627527718e-01    6.881274697276e-04  -1.254973285707e+02  -3.405985090262e+01
 -4.460687741042e-01    2.199311385807e-03  -1.253748504263e+02  -2.022887866360e+01
 -7.778123366944e-01   -9.770521324364e-02  -1.161287643302e+02  -2.022887866360e+01
 -4.161498753202e-01   -6.277338269188e-02  -1.155762463701e+02  -2.022887866360e+01
 -4.181394550243e-01   -6.286355025760e-02  -1.154914310817e+02  -1.965355467436e+01
 -7.756341772344e-01   -9.799500508086e-02  -1.162039538707e+02  -1.965355467436e+01
 -7.039182079543e-01   -1.754772762189e-01  -1.074426514562e+02  -1.965355467436e+01
 -5.788158897198e-03    8.472872431488e-06  -1.153213946809e+02  -3.231335092107e+01
 -4.147749573494e-01   -6.298778086436e-02  -1.155650281228e+02  -3.231335092107e+01
 -3.761426564805e-01   -1.101533941926e-01  -1.061533058044e+02  -3.231335092107e+01
 -8.892792829215e-01   -8.652312367118e-02  -1.166710037672e+02  -5.284074749504e+00
 -8.702910158578e-01   -1.671332900817e-01  -1.086109755053e+02  -5.284074749504e+00
 -7.766952058764e-01   -9.827774492884e-02  -1.161585311619e+02  -5.284074749504e+00
 -1.276638509913e-03   -1.630226348567e-04  -1.480098279280e+02   1.310121066741e+01
 -4.760154961647e-01    6.661524066247e-02  -1.420694450437e+02   1.310121066741e+01
 -3.739565018568e-01    7.246560857186e-02  -1.493267696915e+02   1.310121066741e+01
 -4.924415692819e-01   -1.859642175584e-01  -9.389578515311e+01  -7.504093427619e+00
 -5.982222811389e-01   -2.092999377756e-01  -9.989414542601e+01  -7.504093427619e+00
 -7.005161673521e-01   -2.196146809034e-01  -9.582160872676e+01  -7.504093427619e+00
 -8.722911414584e-01   -1.670459612446e-01  -1.086685628377e+02  -8.228077205148e+00
 -7.049225419681e-01   -1.752214484341e-01  -1.075728062100e+02  -8.228077205148e+00
 -7.745092282461e-01   -9.874951210520e-02  -1.161050659116e+02  -8.228077205148e+00
 -3.766612155192e-01   -1.112720717107e-01  -1.061870239737e+02  -1.738010537824e+01
 -7.034820774724e-01   -1.757689909092e-01  -1.075293846769e+02  -1.738010537824e+01
 -5.996414060770e-01   -2.091679184130e-01  -9.988524174877e+01  -1.738010537824e+01
 -3.750195366513e-01   -1.109641714777e-01  -1.062555099496e+02  -1.876638854914e+01
 -4.159981817182e-01   -6.267817430647e-02  -1.154723351272e+02  -1.876638854914e+01
 -7.056894297721e-01   -1.758739662610e-01  -1.074608287255e+02  -1.876638854914e+01
 -8.026471274952e-01   -2.232659669542e-01  -1.016936714350e+02  -8.412480197926e+00
 -6.006193904592e-01   -2.090777192183e-01  -9.999728139371e+01  -8.412480197926e+00
 -7.024588940113e-01   -1.760801422155e-01  -1.074504189627e+02  -8.412480197926e+00
 -3.003821274049e-03    5.798975911406e-04  -1.152996135570e+02  -2.840359876944e+01
 -3.785578411531e-01   -1.108292214271e-01  -1.061594427626e+02  -2.840359876944e+01
 -3.878821800759e-04   -9.349640190938e-04  -1.062422642273e+02  -2.840359876944e+01
 -8.718274133774e-01   -1.661648786779e-01  -1.087385852556e+02  -5.907342003076e+00
 -8.005110978128e-01   -2.231248638101e-01  -1.016372217680e+02  -5.907342003076e+00
 -7.049165559865e-01   -1.759366016916e-01  -1.075044519701e+02  -5.907342003076e+00
 -8.851807482965e-01   -8.811243445018e-02  -1.166070451014e+02   4.455431389990e+00
 -4.814091971259e-01   -5.764779393025e-02  -1.086670423494e+02   4.455431389990e+00
 -8.747100636896e-01   -1.648309835286e-01  -1.087548251902e+02   4.455431389990e+00
 -1.183188164398e-03    2.106855001219e-04  -1.333655845422e+02   1.719200621166e+01
 -2.183808304045e-03   -6.061334422068e-04  -1.234739162014e+02   1.719200621166e+01
 -5.178511813750e-01    2.611165059104e-02  -1.313888860239e+02   1.719200621166e+01
 -3.121107853920e-01   -1.247405884829e-01  -9.843156586651e+01  -1.656491498419e+01
 -3.748969448103e-01   -1.110338082079e-01  -1.061662533813e+02  -1.656491498419e+01
 -6.011243614957e-01   -2.095307877373e-01  -9.990291582842e+01  -1.656491498419e+01
 -3.761862584174e-01   -1.122707187465e-01  -1.062573130329e+02  -2.647681119211e+01
  1.937451070241e-04   -1.313184920007e-03  -9.807696938489e+01  -2.647681119211e+01
 -1.688859979739e-03   -1.172033370209e-04  -1.061452728194e+02  -2.647681119211e+01
 -1.832199389186e-03   -2.339331427029e-03  -9.807492529708e+01  -2.626606666852e+01
 -3.739305460291e-01   -1.115703833470e-01  -1.062523676293e+02  -2.626606666852e+01
 -3.123096807048e-01   -1.242677664308e-01  -9.837708034759e+01  -2.626606666852e+01
 -3.009595296804e-01    5.385251232610e-02  -1.533849359594e+02   1.001961059282e+01
  6.834353557636e-05    4.619109971693e-05  -1.538110296199e+02   1.001961059282e+01
 -9.870408413860e-04    9.222679696587e-05  -1.520942539490e+02   1.001961059282e+01
 -2.584597756333e-01   -1.117017200421e-01  -9.215790785663e+01  -1.785079807089e+01
  1.618133852732e-04   -1.685414632788e-04  -9.210983883025e+01  -1.785079807089e+01
 -2.491967072799e-03   -1.316667850032e-03  -9.791227248054e+01  -1.785079807089e+01
 -2.561405799687e-01   -1.103349786830e-01  -9.221404787684e+01  -1.437400722598e+01
  6.198761153461e-04    5.888196366270e-04  -8.793035214556e+01  -1.437400722598e+01
 -1.104845176681e-03   -8.944092347930e-04  -9.205361110720e+01  -1.437400722598e+01
 -3.311649127912e-01   -4.349737908326e-02  -9.495391790938e+01   1.102550795559e+01
 -7.777846761392e-04   -1.854528902513e-04  -9.527085101610e+01   1.102550795559e+01
  2.237990005114e-04    4.724173000981e-04  -8.997520614727e+01   1.102550795559e+01
 -2.568697527452e-01   -1.109152318707e-01  -9.215028045500e+01  -2.214945886036e+01
 -4.355029112078e-03   -2.327874077622e-03  -9.793552300115e+01  -2.214945886036e+01
 -3.108879615747e-01   -1.242541043630e-01  -9.842324221685e+01  -2.214945886036e+01
 -5.844873253069e-01    4.742930696461e-02  -9.002950192472e+01  -8.699203610110e+00
 -5.775398926120e-01    2.171574947475e-02  -8.643109317529e+01  -8.699203610110e+00
 -5.176007782943e-03    2.428672844645e-04  -9.006010785171e+01  -8.699203610110e+00
 -2.139920706272e-01   -6.106363368889e-02  -8.861055835318e+01  -7.929086918516e+00
 -2.553176805104e-01   -1.107011206735e-01  -9.216957681764e+01  -7.929086918516e+00
 -4.137771619137e-01   -1.083151699966e-01  -8.993992291031e+01  -7.929086918516e+00
 -4.931427201111e-01   -1.866014801095e-01  -9.381767778049e+01  -1.277878748171e+01
 -2.556387881366e-01   -1.102627885851e-01  -9.223266706632e+01  -1.277878748171e+01
 -3.118627621746e-01   -1.249466120298e-01  -9.835281848275e+01  -1.277878748171e+01
 -5.827719789669e-04   -1.910598235997e-03  -8.786149101825e+01  -2.020103349613e+00
 -2.021008956735e-01   -6.900651051881e-04  -8.726315376900e+01  -2.020103349613e+00
 -3.654362263286e-04    7.973272288051e-04  -8.678201972300e+01  -2.020103349613e+00
 -1.594357919174e-03   -2.354795958818e-03  -8.788101261965e+01  -5.918428035150e+00
 -2.135030382175e-01   -6.025159219542e-02  -8.859847747028e+01  -5.918428035150e+00
 -2.010874525615e-01   -4.891378867167e-04  -8.725160873307e+01  -5.918428035150e+00
 -3.879957716170e-01    1.796840827451e-03  -8.855286372157e+01  -2.055724797873e+00
 -2.011672312936e-01    9.662007909563e-04  -8.729705664362e+01  -2.055724797873e+00
 -2.133487428363e-01   -6.143544743430e-02  -8.856451637435e+01  -2.055724797873e+00
 -6.060440817885e-04   -1.109363889135e-03  -8.675885348199e+01   2.975622194040e+00
 -2.016680611171e-01    1.314171338339e-03  -8.729015917227e+01   2.975622194040e+00
 -2.167710419988e-01    6.382899274117e-02  -8.825732561041e+01   2.975622194040e+00
 -4.126095291483e-01   -1.081989779235e-01  -8.992400715029e+01  -9.092607687954e+00
 -2.566517154369e-01   -1.109274577671e-01  -9.219136704219e+01  -9.092607687954e+00
 -4.914566652787e-01   -1.857427992145e-01  -9.386105845791e+01  -9.092607687954e+00
 -2.142483032607e-01   -6.154950882479e-02  -8.858423259796e+01  -1.159448213857e+01
 -4.830098931950e-04    7.006121866819e-06  -8.793917206462e+01  -1.159448213857e+01
 -2.546629345272e-01   -1.097464566336e-01  -9.220508259284e+01  -1.159448213857e+01
 -3.135704305217e-01   -1.253542083398e-01  -9.837067829910e+01  -1.410872851159e+01
 -5.991306642282e-01   -2.090717677710e-01  -9.995829224294e+01  -1.410872851159e+01
 -4.917585155441e-01   -1.862879514755e-01  -9.380156353334e+01  -1.410872851159e+01
 -6.651331734513e-01    3.174957034008e-02  -1.191958282723e+02  -1.654774177972e+01
 -1.459065451601e-03    9.982637975248e-04  -1.062507521376e+02  -1.654774177972e+01
 -2.490035082353e-03   -6.538383452671e-04  -1.232224555383e+02  -1.654774177972e+01
 -8.734464109360e-01   -1.654059943514e-01  -1.087346661389e+02   6.181344731871e+00
 -4.821546876332e-01   -5.677031429778e-02  -1.086652804315e+02   6.181344731871e+00
 -7.088585153040e-01   -1.409598746856e-01  -1.026748878248e+02   6.181344731871e+00
 -5.861850858671e-01    4.847474424658e-02  -9.004185551359e+01  -8.983898307902e+00
 -3.042871257205e-03   -1.261125521993e-03  -9.009150751018e+01  -8.983898307902e+00
 -4.383891619491e-01    5.984844229914e-02  -9.553857965669e+01  -8.983898307902e+00
 -3.970031833450e-01   -5.798324585869e-02  -1.002961306849e+02   7.965379728520e+00
 -3.316172684080e-01   -4.412071933752e-02  -9.495827936777e+01   7.965379728520e+00
 -6.418033019733e-01   -1.215414797974e-01  -9.812623687634e+01   7.965379728520e+00
 -3.990968365980e-01   -5.779256034560e-02  -1.002886155360e+02   1.493297658075e+01
 -4.729255497947e-01   -5.699094816803e-02  -1.085949955991e+02   1.493297658075e+01
 -5.917947400728e-03    1.298038124160e-04  -1.060201495886e+02   1.493297658075e+01
 -7.112323771597e-01   -1.410156275199e-01  -1.027340843634e+02   3.533809444173e+00
 -6.404930931407e-01   -1.216986414124e-01  -9.811479840055e+01   3.533809444173e+00
 -7.585226980057e-01   -1.881438797171e-01  -9.731786508170e+01   3.533809444173e+00
 -6.406849468024e-01   -1.218403856936e-01  -9.810581784497e+01   8.429099779085e+00
 -7.109519130476e-01   -1.403032225278e-01  -1.027375939032e+02   8.429099779085e+00
 -3.984840654003e-01   -5.775769339270e-02  -1.003280090870e+02   8.429099779085e+00
 -6.617035261863e-01   -1.156279085809e-01  -9.470204488682e+01   4.243377151222e+00
 -7.584128198086e-01   -1.874902671771e-01  -9.733244727517e+01   4.243377151222e+00
 -6.404855725925e-01   -1.219684342738e-01  -9.810522688589e+01   4.243377151222e+00
 -7.138559563145e-01   -1.410068873117e-01  -1.027762049038e+02   2.350051460857e+00
 -7.563582939035e-01   -1.883145355144e-01  -9.727322094303e+01   2.350051460857e+00
 -8.027154708762e-01   -2.219436621721e-01  -1.017502469640e+02   2.350051460857e+00
 -6.396949789850e-01   -1.214744541275e-01  -9.811071653617e+01   7.694782131136e+00
 -3.341218961938e-01   -4.431453011363e-02  -9.498648918166e+01   7.694782131136e+00
 -6.630791039710e-01   -1.155622387889e-01  -9.471274282880e+01   7.694782131136e+00
 -3.969573519797e-01   -5.787639560104e-02  -1.003054407497e+02   8.099699813258e+00
 -7.125331733203e-01   -1.402871343732e-01  -1.027393131822e+02   8.099699813258e+00
 -4.756517516216e-01   -5.713123068625e-02  -1.085891033744e+02   8.099699813258e+00
 -5.110245379651e-01   -3.685978720580e-02  -8.976243254666e+01   9.036397705547e+00
 -3.306999098317e-01   -4.405078099548e-02  -9.495268493716e+01   9.036397705547e+00
 -9.366010514543e-04    9.569519873759e-04  -8.999441488441e+01   9.036397705547e+00
 -4.773233076662e-01   -1.796084189555e-02  -8.391509906033e+01   7.935447620812e+00
 -4.995099554019e-01   -1.813638256386e-02  -8.665494992129e+01   7.935447620812e+00
 -1.352467539403e-03    4.427531097034e-04  -8.339201169999e+01   7.935447620812e+00
 -8.156451232165e-01   -1.636143511108e-02  -8.315663716293e+01   4.838890944205e+00
 -5.009180778741e-01   -1.872167093318e-02  -8.668184685556e+01   4.838890944205e+00
 -4.773452524512e-01   -1.831426335389e-02  -8.391743769984e+01   4.838890944205e+00
 -5.088099610383e-01   -3.522979515210e-02  -8.978239920128e+01   5.711960511477e+00
 -7.275995825141e-01   -5.662654210262e-02  -8.982481386675e+01   5.711960511477e+00
 -6.606000972842e-01   -1.153976622806e-01  -9.467229130609e+01   5.711960511477e+00
 -9.385142330917e-01    4.168866506501e-03  -2.678427089443e+01   6.047684950335e+00
 -2.295771850013e-02    6.717385366802e-04  -2.001065562263e+01   6.047684950335e+00
 -1.126322900945e+00   -7.334928502208e-03  -2.049961772608e+01   6.047684950335e+00
 -7.649224174932e-01   -1.438250620828e-01  -9.313642462937e+01   3.781138062966e+00
 -7.567055495330e-01   -1.873494081999e-01  -9.731580864565e+01   3.781138062966e+00
 -6.632035988745e-01   -1.160557153938e-01  -9.472391118921e+01   3.781138062966e+00
 -8.654970461395e-01    5.710550476282e-03  -8.353660365728e+01  -4.722313437350e+00
 -5.792374311297e-01    2.183141813499e-02  -8.648278377725e+01  -4.722313437350e+00
 -7.854757604218e-01    6.427128409848e-02  -8.974688584833e+01  -4.722313437350e+00
 -5.077889241858e-01   -3.596186129513e-02  -8.973827415019e+01   7.517220089130e+00
 -6.628059956332e-01   -1.148159575938e-01  -9.470434185835e+01   7.517220089130e+00
 -3.338897353676e-01   -4.504959961834e-02  -9.496536807333e+01   7.517220089130e+00
 -3.343648886531e-04    2.648641147208e-04  -8.339384106241e+01   8.324597999325e+00
 -5.005837944694e-01   -1.804800976415e-02  -8.665032458830e+01   8.324597999325e+00
 -1.257516064682e-03    1.126550926940e-04  -8.615350725887e+01   8.324597999325e+00
 -8.552199641228e-03   -7.573507303624e-04  -7.807616428713e+01   6.406014189659e+00
 -1.033126609749e+00   -1.116996827266e-02  -7.559889074206e+01   6.406014189659e+00
 -4.765585692738e-01   -1.848190496563e-02  -8.396138150069e+01   6.406014189659e+00
 -6.144045240445e-01   -1.391629117903e-01  -9.187421989700e+01  -3.702814920134e+00
 -4.923092094144e-01   -1.858593937102e-01  -9.385196323654e+01  -3.702814920134e+00
 -7.001860354271e-01   -2.193041370303e-01  -9.586451226165e+01  -3.702814920134e+00
 -7.996638073212e-01   -2.224233044283e-01  -1.016971891539e+02  -1.752887297603e+00
 -7.584144150930e-01   -1.881855592901e-01  -9.733378226359e+01  -1.752887297603e+00
 -7.010220809737e-01   -2.194008076478e-01  -9.587322262268e+01  -1.752887297603e+00
 -3.871701492340e-01    2.289882252262e-03  -8.858972215914e+01  -1.860564882755e+00
 -4.120640229881e-01   -1.074466875745e-01  -8.993906623630e+01  -1.860564882755e+00
 -5.787644941013e-01    4.923640350415e-03  -9.028100455766e+01  -1.860564882755e+00
 -4.133066412299e-01   -1.078740479523e-01  -8.998849743381e+01  -5.365112453959e+00
 -4.905462151546e-01   -1.858173432260e-01  -9.381642603484e+01  -5.365112453959e+00
 -6.157238375208e-01   -1.390464503348e-01  -9.190501935598e+01  -5.365112453959e+00
 -5.772913663127e-01    4.758121903751e-03  -9.025250142508e+01  -1.302387712565e+00
 -4.135131743083e-01   -1.075033461036e-01  -8.996673049392e+01  -1.302387712565e+00
 -6.152602559696e-01   -1.388478784482e-01  -9.192848509583e+01  -1.302387712565e+00
 -4.126791855172e-01   -1.073710411845e-01  -8.996579933506e+01  -3.389256694072e+00
 -3.867317156088e-01    1.844264937292e-03  -8.854112391283e+01  -3.389256694072e+00
 -2.145718537080e-01   -6.168441633290e-02  -8.858044620394e+01  -3.389256694072e+00
 -6.979456621396e-01   -2.183666240424e-01  -9.581843861526e+01  -1.219431904197e+00
 -7.662522969300e-01   -1.439384736306e-01  -9.318515532174e+01  -1.219431904197e+00
 -6.176111075006e-01   -1.399349935774e-01  -9.198030981468e+01  -1.219431904197e+00
 -6.985788634047e-01   -2.195750044253e-01  -9.577181763038e+01  -5.493602783009e+00
 -6.005293050158e-01   -2.093123843680e-01  -9.994185221957e+01  -5.493602783009e+00
 -8.023774845566e-01   -2.228825688880e-01  -1.017505167355e+02  -5.493602783009e+00
 -7.635201832255e-01   -1.420095472542e-01  -9.313546212515e+01   3.617416527946e+00
 -7.296705243704e-01   -5.623142947764e-02  -8.985486922625e+01   3.617416527946e+00
 -8.374469497896e-01   -4.306671604429e-02  -8.932863862898e+01   3.617416527946e+00
 -7.007687551321e-01   -2.186610980428e-01  -9.586732126084e+01   2.779446793959e-01
 -7.582299632517e-01   -1.884200721560e-01  -9.732873738864e+01   2.779446793959e-01
 -7.632691588842e-01   -1.432703619588e-01  -9.311105071075e+01   2.779446793959e-01
 -7.578516649464e-01    7.644746424301e-02  -9.129167686477e+01   3.430359875567e-01
 -5.799721818543e-01    5.002223411304e-03  -9.033206846540e+01   3.430359875567e-01
 -7.439662776649e-01   -6.187018129865e-02  -9.130916007105e+01   3.430359875567e-01
 -5.785087991195e-01    3.822303492078e-03  -9.030450362791e+01  -5.726875010239e-01
 -6.146589150343e-01   -1.378949415133e-01  -9.192124045933e+01  -5.726875010239e-01
 -7.450251806255e-01   -6.139848080186e-02  -9.133738084651e+01  -5.726875010239e-01
 -8.389734727641e-01   -4.324155875250e-02  -8.935477170944e+01   4.892098641020e-01
 -7.467102347525e-01   -6.256844695011e-02  -9.135321316689e+01   4.892098641020e-01
 -7.619990078512e-01   -1.427613205423e-01  -9.311541478834e+01   4.892098641020e-01
 -8.405159973835e-01   -4.472486713169e-02  -8.934545445353e+01   1.413990905541e+00
 -8.788057630801e-01    9.055250245954e-03  -8.916122010301e+01   1.413990905541e+00
 -7.458978127899e-01   -6.047708225018e-02  -9.135954256368e+01   1.413990905541e+00
 -9.462021862007e-01   -7.679184438382e-03  -8.656772318797e+01   1.016689490167e+00
 -8.793153844836e-01    7.702203711780e-03  -8.916462484844e+01   1.016689490167e+00
 -8.391359056317e-01   -4.330166673179e-02  -8.931899452098e+01   1.016689490167e+00
 -7.431718560366e-01   -6.105866548561e-02  -9.127887285349e+01   9.347593739281e-01
 -6.177091513381e-01   -1.386780172312e-01  -9.197962761869e+01   9.347593739281e-01
 -7.660272396463e-01   -1.448035530786e-01  -9.317633071628e+01   9.347593739281e-01
 -6.614543174486e-01   -1.166932753847e-01  -9.467400928935e+01   3.248564241399e+00
 -7.273097321580e-01   -5.594428216366e-02  -8.981354416029e+01   3.248564241399e+00
 -7.665321955756e-01   -1.429968587012e-01  -9.316558120994e+01   3.248564241399e+00
 -3.871130300768e-01    2.718249445688e-03  -8.858728354099e+01   2.381963391451e+00
 -5.788287569377e-01    4.988239947760e-03  -9.028403011557e+01   2.381963391451e+00
 -4.197917835592e-01    1.139885418934e-01  -8.980832383129e+01   2.381963391451e+00
 -1.032030189377e+00   -2.180384080458e-03  -3.188062589575e+01  -5.290747574284e+00
 -2.991870827897e-02   -1.195021881548e-03  -3.246295243841e+01  -5.290747574284e+00
 -1.038944814523e+00   -2.533776303409e-03  -4.032797623463e+01  -5.290747574284e+00
 -7.126734963654e-01   -1.409130103822e-01  -1.027609233226e+02   4.441512794524e-01
 -8.037392393999e-01   -2.221508769825e-01  -1.017704361913e+02   4.441512794524e-01
 -8.684468940557e-01   -1.661020660336e-01  -1.086733278047e+02   4.441512794524e-01
 -7.437335064485e-01   -7.219102925070e-03   1.090990012828e-02  -7.243617438205e+00
 -1.038896441509e-03    9.888655170165e-05  -1.878925623056e-02  -7.243617438205e+00
 -3.865709426716e-03   -1.741420528686e-04  -5.436109791251e+00  -7.243617438205e+00
 -2.013869228927e-01    6.096427535119e-04  -8.730419662477e+01   2.441983489970e+00
 -3.879350344226e-01    3.076287485401e-03  -8.855518827224e+01   2.441983489970e+00
 -2.169662054347e-01    6.529101545563e-02  -8.825500533676e+01   2.441983489970e+00
 -3.290386599094e-01    1.317970731020e-01  -9.790649284211e+01   2.469492449462e+01
 -2.499640977525e-03    2.399080230179e-04  -1.056482087621e+02   2.469492449462e+01
 -2.100926210275e-04    7.098724516540e-04  -9.795105774872e+01   2.469492449462e+01
 -4.797675418043e-01   -1.890982942610e-02  -8.395511381047e+01   4.793543365525e+00
 -1.026035155123e+00   -1.071266286456e-02  -7.555578675659e+01   4.793543365525e+00
 -8.135582455650e-01   -1.617804765753e-02  -8.310179185984e+01   4.793543365525e+00
 -2.279966213343e-03   -6.890740840153e-04  -1.148977145004e+02   2.904393506966e+01
 -1.152920970187e-03    1.236783427050e-03  -1.058038440069e+02   2.904393506966e+01
 -3.894393672414e-01    1.110230009065e-01  -1.057883772812e+02   2.904393506966e+01
  3.750983189832e-04    3.711434070131e-04  -9.527692704506e+01   1.323443521484e+01
 -3.976752541343e-01   -5.723508209888e-02  -1.002939559845e+02   1.323443521484e+01
 -9.960657070370e-04   -1.363675466469e-04  -9.976285874574e+01   1.323443521484e+01
 -3.272011484439e-01    1.310112450399e-01  -9.789849273328e+01   2.948276496986e+01
 -3.863361181421e-01    1.116063942815e-01  -1.058752127186e+02   2.948276496986e+01
 -4.368259110088e-03    9.980901727669e-04  -1.056749580756e+02   2.948276496986e+01
 -4.401232690037e-03   -1.833425285895e-04  -1.149231197938e+02   3.367828510811e+01
 -3.875045251686e-01    1.105146805226e-01  -1.057793904932e+02   3.367828510811e+01
 -4.323562647443e-01    6.366041009656e-02  -1.150852142815e+02   3.367828510811e+01
 -1.614666986543e-03    6.120428967717e-04  -9.787026068923e+01   2.186008987843e+01
  7.463736637534e-04    4.001930110869e-04  -9.164336438905e+01   2.186008987843e+01
 -3.262873544819e-01    1.318835370512e-01  -9.798917978291e+01   2.186008987843e+01
 -1.015119203840e+00    2.271847462724e-02  -5.687284514538e+01   1.110430028986e+00
 -8.782347683297e-01    2.211264555480e-02  -5.743235155031e+01   1.110430028986e+00
 -7.945705417590e-01    1.351135495378e-02  -5.085675429299e+01   1.110430028986e+00
 -2.182369651280e-01    6.604177230823e-02  -8.824180652072e+01   1.512458395629e+01
 -2.606449976196e-01    1.097934325974e-01  -9.215370454846e+01   1.512458395629e+01
 -3.106403259073e-03    2.709241995471e-03  -9.155121055531e+01   1.512458395629e+01
 -6.965684196268e-04    8.971184930173e-04  -8.813583559072e+01   6.589271276308e+00
  2.665985244605e-04   -1.317290473676e-03  -8.674008022421e+01   6.589271276308e+00
 -2.179986985663e-01    6.415208870177e-02  -8.826918311055e+01   6.589271276308e+00
 -3.255802943961e-01    1.314072232744e-01  -9.792285194600e+01   1.351269318324e+01
 -2.615279404997e-01    1.105172851235e-01  -9.216397676417e+01   1.351269318324e+01
 -5.086658178858e-01    1.935580448571e-01  -9.369147813826e+01   1.351269318324e+01
 -3.244189994032e-01    1.311494790751e-01  -9.798280646822e+01   2.034099486988e+01
 -7.904710660824e-04    1.320706415215e-03  -9.164748776055e+01   2.034099486988e+01
 -2.619768668317e-01    1.105475949901e-01  -9.212409923476e+01   2.034099486988e+01
 -4.203715673438e-01    1.148608079481e-01  -8.978718884794e+01   9.893735591895e+00
 -5.070123480226e-01    1.927872768874e-01  -9.373169621083e+01   9.893735591895e+00
 -2.626086694842e-01    1.112145972984e-01  -9.211728820528e+01   9.893735591895e+00
 -3.870963459567e-01    1.116784098490e-01  -1.057943870213e+02   1.724745951527e+01
 -3.258761276678e-01    1.311642213089e-01  -9.799653891387e+01   1.724745951527e+01
 -6.252245133107e-01    2.183587616546e-01  -9.965197635086e+01   1.724745951527e+01
 -2.611909945739e-01    1.108467260255e-01  -9.210120454900e+01   8.377690856688e+00
 -2.174407026841e-01    6.482282241417e-02  -8.830464238203e+01   8.377690856688e+00
 -4.215772268618e-01    1.150532020710e-01  -8.980137535879e+01   8.377690856688e+00
 -1.724218836080e-03    1.877342942603e-03  -9.153026968455e+01   1.060284318519e+01
  1.177939560175e-04   -3.722163784472e-04  -8.816039649719e+01   1.060284318519e+01
 -2.194934355788e-01    6.656768767317e-02  -8.824831889743e+01   1.060284318519e+01
 -5.210840161663e-01    7.727078419848e-02  -1.009843157958e+02  -1.423052639937e+01
 -7.239176482391e-03   -2.395165213108e-04  -1.062804085511e+02  -1.423052639937e+01
 -6.016693500509e-01    7.184621558719e-02  -1.089810914044e+02  -1.423052639937e+01
 -6.231561527594e-01    2.178652482555e-01  -9.970697401185e+01   1.469434875681e+01
 -3.272409065098e-01    1.316905450155e-01  -9.794356379787e+01   1.469434875681e+01
 -5.072812209664e-01    1.932972141708e-01  -9.367491156332e+01   1.469434875681e+01
 -8.115954809835e-01    1.003223210947e-01  -1.157219538963e+02   2.170710538911e+01
 -8.404424975270e-01   -5.976964790473e-03  -1.249924850664e+02   2.170710538911e+01
 -4.560605661549e-01   -3.704468812712e-03  -1.249178588321e+02   2.170710538911e+01
 -8.112185499457e-01    1.009690559542e-01  -1.158122472770e+02   2.070344699515e+01
 -4.346564830904e-01    6.342488915271e-02  -1.150141858150e+02   2.070344699515e+01
 -7.344170567393e-01    1.821445921869e-01  -1.071519127886e+02   2.070344699515e+01
 -8.449084785518e-01   -5.379860131930e-03  -1.249019402965e+02   6.326429193974e+00
 -9.655528439394e-01    9.466837226849e-02  -1.163451969806e+02   6.326429193974e+00
 -9.631860373005e-01   -7.336175616670e-03  -1.249528956558e+02   6.326429193974e+00
 -6.633905628397e-01    3.072226126667e-02  -1.192038595594e+02  -3.633724758417e+00
 -9.633408165186e-01   -5.647178740744e-03  -1.248988996202e+02  -3.633724758417e+00
 -9.649415440568e-01    9.259776771267e-02  -1.164524808356e+02  -3.633724758417e+00
 -9.655089870565e-01   -6.803758251853e-03  -1.249218024499e+02  -5.998862900929e+00
 -6.611531539898e-01    3.178511139454e-02  -1.191780077439e+02  -5.998862900929e+00
 -6.599081543214e-01   -3.788320548107e-02  -1.305295525385e+02  -5.998862900929e+00
 -8.450022987502e-01   -7.498733117848e-03  -1.250506757677e+02   6.456358925966e+00
 -9.631422179246e-01   -6.267117627136e-03  -1.248840684669e+02   6.456358925966e+00
 -9.639270020882e-01   -1.119872716226e-01  -1.334898979747e+02   6.456358925966e+00
 -9.679621798040e-01    9.432577790074e-02  -1.163928849143e+02   8.723936908653e+00
 -8.421801279462e-01   -4.797061776469e-03  -1.248646405111e+02   8.723936908653e+00
 -8.116461890564e-01    1.000743919448e-01  -1.158546446355e+02   8.723936908653e+00
 -4.534536288895e-01   -3.585890866108e-03  -1.249091401346e+02   2.111164012334e+01
 -4.324323804356e-01    6.346301565261e-02  -1.150968482726e+02   2.111164012334e+01
 -8.136801581026e-01    1.005657152283e-01  -1.157348509452e+02   2.111164012334e+01
 -9.361018654836e-01    1.797472688540e-01  -1.086835244170e+02   6.981537240691e+00
 -7.354082206813e-01    1.826938791606e-01  -1.072113350281e+02   6.981537240691e+00
 -8.490702913185e-01    2.391607518883e-01  -1.016146384358e+02   6.981537240691e+00
 -7.361164446621e-01    1.825650713443e-01  -1.071697200720e+02   1.977894035940e+01
 -4.327548865122e-01    6.321073231523e-02  -1.149957896641e+02   1.977894035940e+01
 -3.869570297013e-01    1.116023273975e-01  -1.058814973275e+02   1.977894035940e+01
 -9.630249912494e-01    9.488189194376e-02  -1.164149496168e+02  -3.080468053029e+00
 -9.387856013223e-01    1.784370062051e-01  -1.086991473789e+02  -3.080468053029e+00
 -6.102617015175e-01    7.289594310000e-02  -1.090375052340e+02  -3.080468053029e+00
 -9.668841076253e-01    9.323275956743e-02  -1.164779983743e+02   6.575791253304e+00
 -8.122854211652e-01    1.012104297650e-01  -1.157699292467e+02   6.575791253304e+00
 -9.346500662992e-01    1.807105736513e-01  -1.085563231444e+02   6.575791253304e+00
 -6.245732076163e-01    2.178025525170e-01  -9.974995136956e+01   9.308284486894e+00
 -8.512039742298e-01    2.392841396328e-01  -1.016706692944e+02   9.308284486894e+00
 -7.329446185237e-01    1.828384452024e-01  -1.071575469020e+02   9.308284486894e+00
 -9.660104549440e-01    9.398849325365e-02  -1.164473041671e+02  -6.023833976777e+00
 -6.059589683568e-01    7.346037948437e-02  -1.089852533982e+02  -6.023833976777e+00
 -6.620671490264e-01    2.954614053062e-02  -1.192079482109e+02  -6.023833976777e+00
 -9.376997649196e-01    1.790501567129e-01  -1.086777984556e+02  -4.854141193109e+00
 -7.962225611790e-01    1.613598626281e-01  -1.029819603674e+02  -4.854141193109e+00
 -6.107475264788e-01    7.194532660447e-02  -1.090396058634e+02  -4.854141193109e+00
 -9.366293589083e-01    1.806175115722e-01  -1.086133997594e+02   9.328683022583e+00
 -8.101446669411e-01    1.016853188836e-01  -1.157159564677e+02   9.328683022583e+00
 -7.353609249780e-01    1.819705124418e-01  -1.072798404109e+02   9.328683022583e+00
 -3.888571038710e-01    1.119861395244e-01  -1.058124950832e+02   1.843796582325e+01
 -6.237637531276e-01    2.179896245720e-01  -9.963497746422e+01   1.843796582325e+01
 -7.338352372973e-01    1.824668147600e-01  -1.072377429687e+02   1.843796582325e+01
 -4.400515216220e-01    6.014009891128e-02  -9.555116772132e+01  -1.164467626754e+01
 -1.694140852527e-03   -5.509269001553e-04  -9.555572904373e+01  -1.164467626754e+01
 -5.200158578164e-01    7.703445694188e-02  -1.009950193433e+02  -1.164467626754e+01
 -7.327139231092e-01    2.341398102486e-01  -9.579901133940e+01   8.230140016781e+00
 -6.222433736374e-01    2.180261806207e-01  -9.964871930553e+01   8.230140016781e+00
 -5.080095123397e-01    1.931025394960e-01  -9.376137227122e+01   8.230140016781e+00
 -2.481109046917e-03   -1.525445193285e-03  -1.248568693456e+02   3.177334763904e+01
 -1.420849323538e-03    1.182393352476e-03  -1.150600835267e+02   3.177334763904e+01
 -4.351059568288e-01    6.206385130843e-02  -1.149971946032e+02   3.177334763904e+01
 -5.773411936602e-01    5.130414895613e-03  -9.025448367507e+01   1.942863962145e+00
 -6.309624980005e-01    1.507003006788e-01  -9.187548249262e+01   1.942863962145e+00
 -4.212497094413e-01    1.140591013271e-01  -8.983772272168e+01   1.942863962145e+00
 -2.181463645465e-01    6.546867642911e-02  -8.827706143540e+01   3.876483671937e+00
 -3.866961126569e-01    3.074230352997e-03  -8.854161811396e+01   3.876483671937e+00
 -4.203411611910e-01    1.139835683557e-01  -8.983125929482e+01   3.876483671937e+00
 -7.307702127508e-01    2.341030913163e-01  -9.574966155993e+01   6.340507787192e+00
 -8.508581445912e-01    2.388894786173e-01  -1.017263952676e+02   6.340507787192e+00
 -6.245351430625e-01    2.180316703480e-01  -9.969668665174e+01   6.340507787192e+00
 -5.079449709336e-01    1.930265606383e-01  -9.371849901623e+01   4.457993481061e+00
 -6.301756939422e-01    1.510319810048e-01  -9.182245541717e+01   4.457993481061e+00
 -7.323474664950e-01    2.338228339941e-01  -9.583990056215e+01   4.457993481061e+00
 -8.101087373909e-01    1.615133400400e-01  -9.328102766677e+01   1.834519218724e+00
 -7.302017268534e-01    2.329241882623e-01  -9.579641905383e+01   1.834519218724e+00
 -6.332828264149e-01    1.518030258536e-01  -9.192639064102e+01   1.834519218724e+00
 -7.331729691282e-01    2.339399259906e-01  -9.584802698559e+01   2.532902836366e+00
 -8.171000516091e-01    2.085270422051e-01  -9.751319489167e+01   2.532902836366e+00
 -8.481979110524e-01    2.384392816746e-01  -1.016752769046e+02   2.532902836366e+00
 -8.098122178924e-01    1.622720289848e-01  -9.326793798061e+01  -2.462365376177e-01
 -6.334526669594e-01    1.506050526940e-01  -9.192864457251e+01  -2.462365376177e-01
 -7.571183993152e-01    7.568402856521e-02  -9.126095032097e+01  -2.462365376177e-01
 -5.061758990055e-01    1.929431541170e-01  -9.368427209322e+01   5.953379101489e+00
 -4.209728307315e-01    1.144283352638e-01  -8.985738776458e+01   5.953379101489e+00
 -6.315014621835e-01    1.509385179515e-01  -9.185322767637e+01   5.953379101489e+00
 -5.837342087509e-01    4.784030787139e-02  -9.001957723999e+01  -4.792305116505e+00
 -7.875648202294e-01    6.517876146733e-02  -8.976957922474e+01  -4.792305116505e+00
 -5.772950587534e-01    2.130861940724e-02  -8.645499844964e+01  -4.792305116505e+00
 -1.041125825753e+00   -9.758833228059e-03  -7.560392450622e+01   6.288520918680e+00
 -5.958912124158e-03   -1.496968930468e-03  -7.798253599603e+01   6.288520918680e+00
 -1.000917765324e-02    1.168780208855e-03  -6.951431179944e+01   6.288520918680e+00
 -8.074210329591e-01    1.594446483656e-01  -9.323084558414e+01  -3.224837634345e+00
 -8.725216373286e-01    5.206206636971e-02  -8.952295761918e+01  -3.224837634345e+00
 -7.884907940127e-01    6.576469758388e-02  -8.979404835569e+01  -3.224837634345e+00
 -8.058575618142e-01    1.600243494667e-01  -9.320495205737e+01   3.448046460450e-02
 -7.605340274783e-01    7.740591416251e-02  -9.133206255056e+01   3.448046460450e-02
 -8.738210054042e-01    5.256961240686e-02  -8.954898700725e+01   3.448046460450e-02
 -8.750674541063e-01    5.180076173656e-02  -8.956213240313e+01   6.917951936194e-03
 -8.786503812240e-01    8.150073959547e-03  -8.916577552578e+01   6.917951936194e-03
 -9.472746726270e-01   -8.235098050054e-03  -8.656733661954e+01   6.917951936194e-03
 -8.168748150277e-01    2.087307704605e-01  -9.750721646563e+01   4.458658239311e-01
 -7.330011465971e-01    2.332543018545e-01  -9.584378626489e+01   4.458658239311e-01
 -8.071669116860e-01    1.608307765901e-01  -9.320997937127e+01   4.458658239311e-01
 -8.677244185359e-01    6.588413224775e-03  -8.356034770107e+01  -1.369629124747e+00
 -8.748850518428e-01    5.132432970620e-02  -8.957896311164e+01  -1.369629124747e+00
 -9.484593460516e-01   -7.787791103806e-03  -8.656318329194e+01  -1.369629124747e+00
 -8.753133842370e-01    5.418803370941e-02  -8.954972144477e+01  -7.013912304854e-01
 -7.598506301831e-01    7.520645533750e-02  -9.133365811773e+01  -7.013912304854e-01
 -8.787369443767e-01    6.348135507820e-03  -8.916902226278e+01  -7.013912304854e-01
 -6.304471622081e-01    1.497367293272e-01  -9.187017954365e+01   1.128444048107e+00
 -5.784532838385e-01    6.107555202491e-03  -9.030381150647e+01   1.128444048107e+00
 -7.589477042144e-01    7.604949257408e-02  -9.132077729172e+01   1.128444048107e+00
 -7.372158483900e-01    1.376445381438e-01  -9.503490152449e+01  -2.725559584181e+00
 -8.105579787980e-01    1.604402989494e-01  -9.326521691953e+01  -2.725559584181e+00
 -7.860982408414e-01    6.574005253265e-02  -8.975598187357e+01  -2.725559584181e+00
 -8.171341641405e-01    2.078880713294e-01  -9.751229026573e+01  -3.442194763037e+00
 -7.376616283388e-01    1.364903753266e-01  -9.506208151592e+01  -3.442194763037e+00
 -7.275555480645e-01    1.436046283410e-01  -9.852972889323e+01  -3.442194763037e+00
 -8.154389731127e-01    2.077186990778e-01  -9.749609002923e+01  -3.149079293040e+00
 -8.087749497235e-01    1.612974659687e-01  -9.323368655740e+01  -3.149079293040e+00
 -7.391171404325e-01    1.369570615774e-01  -9.508327602323e+01  -3.149079293040e+00
 -7.982662180984e-01    1.607573895110e-01  -1.030410292146e+02  -7.389019203231e+00
 -7.277424928572e-01    1.435081784724e-01  -9.853167807434e+01  -7.389019203231e+00
 -5.207362338838e-01    7.735044950628e-02  -1.010197929885e+02  -7.389019203231e+00
 -7.276430739382e-01    1.433676577756e-01  -9.854019988318e+01  -2.678735413819e+00
 -7.984340664837e-01    1.614431109288e-01  -1.030382741635e+02  -2.678735413819e+00
 -8.171143225586e-01    2.085131945265e-01  -9.749693350808e+01  -2.678735413819e+00
 -4.399516744342e-01    6.008961987948e-02  -9.555284475521e+01  -7.169802672486e+00
 -5.197648298790e-01    7.759888388588e-02  -1.009925835228e+02  -7.169802672486e+00
 -7.287401499239e-01    1.432139972704e-01  -9.855279573367e+01  -7.169802672486e+00
 -7.999163569001e-01    1.607390158686e-01  -1.030430213458e+02  -6.931251714930e+00
 -5.188877986295e-01    7.746203840939e-02  -1.009985210496e+02  -6.931251714930e+00
 -6.042187157606e-01    7.219384174668e-02  -1.089695490764e+02  -6.931251714930e+00
 -7.268808826711e-01    1.431320941013e-01  -9.853792232858e+01  -7.113858474981e+00
 -7.390240934852e-01    1.364022356210e-01  -9.507135476956e+01  -7.113858474981e+00
 -4.420560873776e-01    6.029667454146e-02  -9.557818967988e+01  -7.113858474981e+00
 -8.149908089805e-01    2.086796169650e-01  -9.745386631848e+01  -1.376313267435e+00
 -8.010170305637e-01    1.614323936092e-01  -1.030785727043e+02  -1.376313267435e+00
 -8.512655472354e-01    2.379752579842e-01  -1.017270320816e+02  -1.376313267435e+00
 -5.850902942914e-01    4.697588555825e-02  -9.004866934013e+01  -5.477538326807e+00
 -7.365044470659e-01    1.362657131632e-01  -9.504030603589e+01  -5.477538326807e+00
 -7.863793648330e-01    6.656513825943e-02  -8.975632894564e+01  -5.477538326807e+00
 -5.522446841724e-01    7.966387920591e-03  -8.337779027332e+01  -8.052181507895e+00
 -2.381406462373e-03   -3.966926620561e-04  -8.305694884580e+01  -8.052181507895e+00
 -5.774923559693e-01    2.126328071443e-02  -8.647415736314e+01  -8.052181507895e+00
 -5.520265279043e-01    7.960768688031e-03  -8.334608075589e+01  -4.457731934607e+00
 -8.660808456159e-01    6.312503844490e-03  -8.351475856641e+01  -4.457731934607e+00
 -7.617328953072e-01    1.013861033558e-02  -7.828384494276e+01  -4.457731934607e+00
 -2.320411020483e-03    4.152945589561e-04  -9.002986545232e+01  -8.270401276633e+00
 -5.799095592238e-01    2.160416118279e-02  -8.645612115407e+01  -8.270401276633e+00
 -5.124710542083e-04   -4.067115434797e-04  -8.304381959555e+01  -8.270401276633e+00
 -7.390701641573e-01   -7.035258376822e-03  -4.279015837076e-03  -2.426631110518e+00
 -8.766644167349e-01   -8.338634683484e-03  -5.919124733747e+00  -2.426631110518e+00
 -9.899201485058e-01   -2.217108731133e-03  -6.233510545452e-02  -2.426631110518e+00
  1.007187603302e-03    1.189131123157e-03  -1.530644087999e+02  -9.843583265805e+00
 -3.935448165660e-01   -6.859733487232e-02  -1.517178057094e+02  -9.843583265805e+00
 -1.589179128210e-03   -6.662775454945e-04  -1.510963672872e+02  -9.843583265805e+00
 -8.736055619831e-01    1.167348938566e-02  -6.975491925975e+01   6.671934644011e+00
 -1.033103269482e+00   -8.905814354766e-03  -7.558337167153e+01   6.671934644011e+00
 -1.502637726026e-02    1.339592098093e-03  -6.951508842762e+01   6.671934644011e+00
 -5.833766096865e-01    4.761130015232e-02  -9.000934076939e+01  -6.982953983916e+00
 -4.412795772261e-01    6.098127202556e-02  -9.555286762776e+01  -6.982953983916e+00
 -7.391541373945e-01    1.356950026573e-01  -9.506729062190e+01  -6.982953983916e+00
 -1.027171378824e+00   -1.757715309799e-03  -3.186211367669e+01  -1.385150541363e-01
 -9.470178310632e-01    4.141308637066e-03  -2.672895767193e+01  -1.385150541363e-01
 -9.063413092650e-01   -4.788889449332e-03  -2.567358522764e+01  -1.385150541363e-01
  6.523623694871e-04   -2.468590614700e-04  -9.550484847740e+01  -1.305057050976e+01
 -3.626859672323e-03    8.147815340733e-05  -1.062179045613e+02  -1.305057050976e+01
 -5.234578598231e-01    7.683861275898e-02  -1.010100810627e+02  -1.305057050976e+01
 -9.830501436763e-01    4.982799934115e-03  -7.078691517732e+01  -6.985324346237e+00
 -1.717297458809e-02    1.348530603961e-03  -7.751410957317e+01  -6.985324346237e+00
 -7.551563791762e-01    1.039669705666e-02  -7.823657095430e+01  -6.985324346237e+00
 -8.521846131060e-01    2.381827717988e-01  -1.017461543868e+02   5.886291959061e-01
 -7.999705843476e-01    1.613278928648e-01  -1.030643898108e+02   5.886291959061e-01
 -9.328070899542e-01    1.797171419387e-01  -1.086188915994e+02   5.886291959061e-01
 -8.795890690099e-01    7.680059390992e-03  -8.920168661542e+01   2.943227589463e-01
 -7.582172338785e-01    7.391195755957e-02  -9.131066098738e+01   2.943227589463e-01
 -7.441953260958e-01   -5.934094841853e-02  -9.132822099560e+01   2.943227589463e-01
 -4.190310730160e-03    1.073644693074e-03  -1.062728066780e+02  -1.370227414645e+01
 -6.625157063720e-01    3.174355539746e-02  -1.191839054669e+02  -1.370227414645e+01
 -6.037776951819e-01    7.118503258408e-02  -1.089893393279e+02  -1.370227414645e+01
 -1.022621201558e+00   -9.729876543789e-03  -7.545344182409e+01  -1.798589182016e+00
 -7.728000421189e-01    1.013156913789e-02  -7.826383503743e+01  -1.798589182016e+00
 -9.596667759994e-01   -2.451909631149e-03  -8.342935559021e+01  -1.798589182016e+00
 -8.874460440138e-01   -8.593255951474e-02  -1.166413874360e+02   5.434208531971e+00
 -8.806458379964e-01    2.088609022318e-03  -1.253765841486e+02   5.434208531971e+00
 -5.222037949858e-01   -2.622938829390e-02  -1.193046389896e+02   5.434208531971e+00
 -9.264832946326e-03   -4.029116770867e-04  -5.426611781409e+00  -6.648547165995e+00
 -8.790375955267e-01   -8.281081045102e-03  -5.878685082998e+00  -6.648547165995e+00
 -7.387953810551e-01   -7.146111372351e-03   2.457981644561e-02  -6.648547165995e+00
 -9.572708514781e-01   -2.535115030257e-03  -8.340461376525e+01  -1.244702972216e+00
 -8.680015157332e-01    6.845562820592e-03  -8.354971466016e+01  -1.244702972216e+00
 -9.476984285439e-01   -7.649268894930e-03  -8.655902828872e+01  -1.244702972216e+00
 -1.140615497174e+00   -9.046386112008e-03  -2.049104935662e+01  -5.068891766339e+00
 -9.391275543798e-01   -1.442474487477e-02  -1.225836294938e+01  -5.068891766339e+00
 -3.670879489934e-02    7.134541067814e-04  -1.892510474094e+01  -5.068891766339e+00
 -9.624679642635e-01   -2.383412795593e-03  -8.343813100252e+01  -1.434513178856e+00
 -7.684603231913e-01    1.006017867463e-02  -7.827882385796e+01  -1.434513178856e+00
 -8.626096717119e-01    6.466686662688e-03  -8.354812434628e+01  -1.434513178856e+00
 -7.621703206469e-01    9.835617213359e-03  -7.815507128672e+01  -1.512276884641e+00
 -1.029500786720e+00   -8.694037649127e-03  -7.543562994975e+01  -1.512276884641e+00
 -9.756959019935e-01    5.122205178254e-03  -7.074290028007e+01  -1.512276884641e+00
 -9.467470262313e-01   -7.868459477157e-03  -8.655834264737e+01   2.845411797884e+00
 -8.388238629737e-01   -4.327067151121e-02  -8.932078331531e+01   2.845411797884e+00
 -7.270152678265e-01   -5.563843409452e-02  -8.985544014612e+01   2.845411797884e+00
 -8.167017716991e-01   -1.585300975655e-02  -8.314730149181e+01   2.049263505564e+00
 -9.584756652284e-01   -2.163884303469e-03  -8.340492900530e+01   2.049263505564e+00
 -9.458340097136e-01   -8.281868005967e-03  -8.658323370185e+01   2.049263505564e+00
 -7.260501421128e-01   -5.485012370438e-02  -8.986911779790e+01   4.443287722953e+00
 -5.053472081675e-01   -1.921235326799e-02  -8.670747522811e+01   4.443287722953e+00
 -9.488578937143e-01   -8.745756384851e-03  -8.656407472835e+01   4.443287722953e+00
 -9.566692437830e-04    6.009265236117e-04  -8.611759278427e+01   8.517465867083e+00
 -5.115063502439e-01   -3.555794349652e-02  -8.975801931406e+01   8.517465867083e+00
 -1.185119736941e-03   -2.032422497274e-04  -8.997959431876e+01   8.517465867083e+00
 -5.090157827330e-01   -3.544204349954e-02  -8.974882499763e+01   8.556102358204e+00
 -2.738437640236e-03    7.380522165649e-04  -8.613416096727e+01   8.556102358204e+00
 -4.996650618110e-01   -1.851233207548e-02  -8.666689678499e+01   8.556102358204e+00
 -8.656446413694e-01    5.612295318711e-03  -8.354694975025e+01  -2.352003601301e+00
 -7.850671144735e-01    6.453999125711e-02  -8.974115121216e+01  -2.352003601301e+00
 -8.758965011423e-01    5.215597179246e-02  -8.958175376336e+01  -2.352003601301e+00
 -5.516264628852e-01    7.868720801343e-03  -8.336671186920e+01  -4.714959965933e+00
 -5.773673676842e-01    2.160052272457e-02  -8.649611386811e+01  -4.714959965933e+00
 -8.674332736617e-01    6.297811468729e-03  -8.353429590828e+01  -4.714959965933e+00
 -8.765001418403e-01   -7.301626593765e-03  -5.941073992275e+00  -7.730865397297e-01
 -9.436210094420e-01   -1.522085342478e-02  -1.259841986099e+01  -7.730865397297e-01
 -9.938809373883e-01   -1.265143748818e-02  -7.809420574594e+00  -7.730865397297e-01
 -1.444483207302e-02   -6.846787802402e-04  -6.240875571798e+01  -6.594990445731e+00
 -1.008967956749e+00    1.849011718502e-02  -5.657475004073e+01  -6.594990445731e+00
 -6.852603478370e-04   -5.741741511126e-04  -5.546617464310e+01  -6.594990445731e+00
 -2.725501594729e-02    4.376984476361e-04  -6.308668224686e+01   5.342568261167e+00
 -1.141961330869e+00    1.291901897710e-02  -6.346797995521e+01   5.342568261167e+00
 -8.756691735252e-01    1.099416167470e-02  -6.997998423192e+01   5.342568261167e+00
 -1.132834376301e+00    1.315295941335e-02  -6.349276809470e+01  -5.272747216726e+00
 -2.889987820704e-02   -5.476531905882e-04  -6.283153381735e+01  -5.272747216726e+00
 -9.802591235982e-01    4.277890087864e-03  -7.110005074176e+01  -5.272747216726e+00
 -9.000256447540e-01   -1.182590223997e-04  -3.632059269199e+01   1.381639523396e+00
 -1.046850294940e+00   -3.034469364383e-03  -4.005498823038e+01   1.381639523396e+00
 -8.972486355952e-01   -1.042014763857e-02  -4.386322380279e+01   1.381639523396e+00
 -9.069900580341e-01   -5.021788199257e-03  -2.568914528517e+01  -6.592273957787e+00
  3.093679417695e-04    1.092114178652e-04  -2.563620074067e+01  -6.592273957787e+00
 -1.090285420249e-02   -4.252973665040e-04  -3.215064613819e+01  -6.592273957787e+00
 -8.002159399194e-01    1.357515377439e-02  -5.076358329054e+01   1.788421147435e+00
 -1.045248234000e+00    1.369881265580e-02  -4.832002126732e+01   1.788421147435e+00
 -1.008488932284e+00    2.250164173819e-02  -5.689884573797e+01   1.788421147435e+00
 -1.038393065257e+00   -2.477230841101e-03  -3.966566451692e+01  -5.119669480868e+00
 -3.393112171454e-02    1.611888149837e-03  -4.817251546843e+01  -5.119669480868e+00
 -1.054424891873e+00    1.297596989446e-02  -4.828435176102e+01  -5.119669480868e+00
 -8.936699439826e-01   -9.728362737310e-05  -3.623581585446e+01   1.417157987540e+00
 -9.339653271773e-01    3.738127286806e-03  -2.669748467968e+01   1.417157987540e+00
 -1.036344354544e+00   -1.092551868419e-03  -3.184009426109e+01   1.417157987540e+00
 -1.056718565382e+00    1.457407037766e-02  -4.847141651578e+01  -4.984359707016e+00
 -3.069578176342e-02    2.034951755487e-04  -4.850570133295e+01  -4.984359707016e+00
 -9.992203672545e-01    2.031529741895e-02  -5.705394572636e+01  -4.984359707016e+00
 -1.003440153160e+00   -1.125343853040e-02  -7.810987892367e+00   6.490950638082e+00
 -1.016835989156e-02   -7.475906904461e-04  -1.295271739001e+01   6.490950638082e+00
 -6.324511162661e-03    1.008779368133e-03  -4.960042069153e+00   6.490950638082e+00
 -1.180531457641e-02    9.015444047884e-04  -1.195176264720e+01  -6.361187960141e+00
 -9.434106828511e-01   -1.359906801838e-02  -1.253591995280e+01  -6.361187960141e+00
 -8.779134911890e-01   -7.841111713805e-03  -5.894924418261e+00  -6.361187960141e+00
 -5.609250082359e-03    4.675849370032e-04  -1.195818885070e+01  -6.719437346534e+00
 -8.844223212346e-01   -8.035090178024e-03  -5.881855050166e+00  -6.719437346534e+00
 -4.555802419917e-03   -4.620753183066e-04  -5.470593990811e+00  -6.719437346534e+00
 -9.841513040799e-01   -1.939968286901e-03  -6.440481500398e-02  -8.647735115278e-01
 -8.825767990510e-01   -8.489073070486e-03  -5.890160090104e+00  -8.647735115278e-01
 -9.871214462442e-01   -1.090094579421e-02  -7.801875962495e+00  -8.647735115278e-01
  6.403626886323e-04   -2.180932533875e-04  -2.545757727851e+01  -6.589576413735e+00
 -9.055710144032e-01   -4.838419380140e-03  -2.600313503754e+01  -6.589576413735e+00
 -1.550844598194e-02   -4.878533964828e-05  -1.934588753376e+01  -6.589576413735e+00
 -9.514966085501e-01   -1.619692324004e-02  -1.260122386859e+01   6.585218893594e-01
 -1.119941122335e+00   -8.710837685199e-03  -2.061271752347e+01   6.585218893594e-01
 -8.669056931651e-01   -2.289462181515e-02  -1.495561764555e+01   6.585218893594e-01
 -9.503287737580e-01   -1.328271740146e-02  -1.240749452087e+01  -6.431074414180e+00
 -3.627631685622e-03    7.839012069417e-04  -1.206565929773e+01  -6.431074414180e+00
 -1.607666990899e-02    4.707464251519e-04  -1.890086088654e+01  -6.431074414180e+00
 -9.548221381115e-01   -1.631728964439e-02  -1.258366930396e+01   6.210617294706e-01
 -8.658130036728e-01   -2.296891039421e-02  -1.477136973493e+01   6.210617294706e-01
 -9.865342759551e-01   -1.274429480283e-02  -7.715077686327e+00   6.210617294706e-01
 -3.215774271089e-03   -4.139417381371e-04  -1.292784434841e+01   7.160613388962e+00
 -8.659569078484e-01   -2.116065650974e-02  -1.468657751250e+01   7.160613388962e+00
 -7.085724103409e-03    7.181106621608e-04  -1.972947780787e+01   7.160613388962e+00
 -2.150876621165e-02    1.323875925664e-03  -1.977289610149e+01   5.988270713949e+00
 -8.579980325358e-01   -2.140649558497e-02  -1.463977669006e+01   5.988270713949e+00
 -1.127533888947e+00   -7.926866207971e-03  -2.051444383968e+01   5.988270713949e+00
 -9.928560448472e-01    4.811249898781e-03  -7.084498042451e+01  -6.849487067114e+00
 -1.926364440277e-03   -6.636053858042e-04  -7.016998555595e+01  -6.849487067114e+00
 -9.490333378845e-03    8.120946189316e-04  -7.747180854277e+01  -6.849487067114e+00
 -8.828659017271e-01    1.064410489529e-02  -6.981599118441e+01   7.576969417547e-01
 -9.859604832757e-01    4.783009713964e-03  -7.080153366494e+01   7.576969417547e-01
 -1.020369718947e+00   -8.332136247501e-03  -7.558679578874e+01   7.576969417547e-01
 -3.591179365540e-03   -1.686185140614e-04  -5.505579065444e+01   6.914486078176e+00
 -8.884886601223e-01    2.113704268614e-02  -5.716121998525e+01   6.914486078176e+00
 -9.772085064920e-03   -1.523962535402e-04  -6.286588181140e+01   6.914486078176e+00
 -9.839879597075e-01    4.378976521032e-03  -7.079709593208e+01   1.030004210570e+00
 -8.865142596304e-01    1.058249756462e-02  -6.966824508586e+01   1.030004210570e+00
 -1.125223545540e+00    1.285945051252e-02  -6.342047449096e+01   1.030004210570e+00
 -8.831490794027e-01    1.186061547856e-02  -6.986315937976e+01   6.708110450777e+00
 -2.816213448867e-03    7.772549726294e-04  -6.950959994722e+01   6.708110450777e+00
 -1.109781532622e-02    2.515417750365e-04  -6.314310865047e+01   6.708110450777e+00
 -9.346822190824e-03    2.829048351703e-04  -2.002906646873e+01   7.181960391646e+00
 -9.486001015050e-01    4.101971577216e-03  -2.675174699958e+01   7.181960391646e+00
 -1.055745679323e-03   -2.533262812214e-05  -2.790991494850e+01   7.181960391646e+00
 -1.496586454277e-03   -3.292952684947e-04  -7.007429414341e+01  -6.838036484728e+00
 -9.913347637157e-01    4.108545369066e-03  -7.100037026279e+01  -6.838036484728e+00
 -1.320395054439e-02   -3.559420909397e-04  -6.285622582949e+01  -6.838036484728e+00
 -9.086989199603e-01   -4.597743321921e-03  -2.577416774782e+01  -5.866913715358e-01
 -9.436892742021e-01    4.268263410320e-03  -2.650858687968e+01  -5.866913715358e-01
 -1.120708429637e+00   -7.410460867467e-03  -2.045159486362e+01  -5.866913715358e-01
 -3.385733740881e-02   -6.722925045583e-06  -1.927186429054e+01  -4.637395912734e+00
 -8.951679695283e-01   -4.496346888392e-03  -2.619715657670e+01  -4.637395912734e+00
 -1.142668313704e+00   -8.226417142043e-03  -2.055407208442e+01  -4.637395912734e+00
 -8.989262991334e-01   -4.848233450883e-03  -2.550834782019e+01  -5.147097923599e+00
 -2.484086050472e-02   -1.034775930378e-03  -3.220515743734e+01  -5.147097923599e+00
 -1.036075121451e+00   -2.372671329198e-03  -3.176062128442e+01  -5.147097923599e+00
 -9.006099444663e-01   -6.291725469672e-04  -3.632142090484e+01   7.079477196007e+00
 -8.979572782508e-01   -9.673359150497e-03  -4.385267113350e+01   7.079477196007e+00
 -1.355765736984e-02    7.345228809887e-05  -4.176199951779e+01   7.079477196007e+00
 -1.051947784593e+00   -2.483736012946e-03  -4.015271004733e+01  -6.188779169264e+00
 -1.483918062111e-02   -7.088853047419e-04  -3.253723142567e+01  -6.188779169264e+00
 -2.265240625015e-03    3.079474366082e-04  -4.031247188657e+01  -6.188779169264e+00
 -1.771952984691e-03    1.407692115092e-04  -2.794460432481e+01   7.175993784337e+00
 -9.458267188932e-01    3.685163456903e-03  -2.670906866194e+01   7.175993784337e+00
 -8.164133289178e-03   -3.149736091572e-04  -3.459321435561e+01   7.175993784337e+00
 -8.842412273169e-01    2.248012161210e-02  -5.748266982988e+01   1.322667157926e+00
 -1.002949482602e+00    2.136757839231e-02  -5.676711769019e+01   1.322667157926e+00
 -1.121714651922e+00    1.316475006742e-02  -6.338861127813e+01   1.322667157926e+00
 -2.863814445746e-02    2.606913013392e-06  -6.285884658977e+01   5.634102991977e+00
 -8.761395028075e-01    2.122404502262e-02  -5.707692121846e+01   5.634102991977e+00
 -1.140044508548e+00    1.338477666050e-02  -6.339751746536e+01   5.634102991977e+00
 -8.745897335678e-03   -5.810879850295e-04  -5.496032048540e+01   7.017422128290e+00
 -7.855416681474e-01    1.203665301935e-02  -5.094190809607e+01   7.017422128290e+00
 -8.834643862041e-01    2.186427609467e-02  -5.723928940845e+01   7.017422128290e+00
 -7.884594463336e-01    1.036638553041e-02  -5.101688197892e+01   7.659203895526e+00
 -2.486534046750e-03    1.865181472011e-05  -5.494477002436e+01   7.659203895526e+00
 -3.141205274051e-03   -7.076868612079e-04  -4.923579278586e+01   7.659203895526e+00
 -4.832503875871e-03    3.631407834579e-04  -4.173638258143e+01   7.164540146716e+00
 -9.061067482029e-01   -9.898263075418e-03  -4.386959353079e+01   7.164540146716e+00
 -5.448794921219e-03   -3.185357164203e-04  -4.922462737416e+01   7.164540146716e+00
 -9.024962371384e-01   -1.123189940250e-02  -4.399523438579e+01   1.260436174664e+00
 -1.039245133092e+00   -3.076982696450e-03  -3.986234216516e+01   1.260436174664e+00
 -1.047325037046e+00    1.231321700200e-02  -4.825902433216e+01   1.260436174664e+00
 -1.667604036711e-02    1.032923540944e-03  -4.810700046255e+01  -6.194036000901e+00
 -1.051758226674e+00   -1.845210686819e-03  -3.984661940687e+01  -6.194036000901e+00
 -1.862922476805e-03   -5.892849715343e-06  -4.049188738219e+01  -6.194036000901e+00
 -3.657160292646e-04   -1.061721422294e-03  -5.530094664139e+01  -6.600078065136e+00
 -1.009214801298e+00    1.896578156931e-02  -5.685350678994e+01  -6.600078065136e+00
 -1.402600276651e-02    1.590989821663e-05  -4.854242048425e+01  -6.600078065136e+00
 -8.970573576031e-01   -1.043578228939e-02  -4.391583667840e+01   7.160466675086e+00
 -7.797646798408e-01    1.031458791863e-02  -5.102981416883e+01   7.160466675086e+00
 -1.274266014019e-02   -9.233560858709e-04  -4.924234871221e+01   7.160466675086e+00
 -8.933001222645e-01   -1.126844344570e-02  -4.395337654691e+01   2.299645848806e+00
 -1.054292902667e+00    1.315444009194e-02  -4.823322091784e+01   2.299645848806e+00
 -7.831249453011e-01    1.167487220308e-02  -5.093972084031e+01   2.299645848806e+00
 -9.065617607537e-01   -8.127089239775e-04  -3.630849269415e+01   7.076670349324e+00
 -6.134189475468e-03   -7.557010325414e-05  -4.177316972629e+01   7.076670349324e+00
 -4.800691116645e-03   -1.873834048598e-04  -3.456879940629e+01   7.076670349324e+00
 -9.366336463760e-01    3.684109420839e-03  -2.669500192192e+01   6.923690305181e+00
 -8.932786541371e-01   -4.070383691682e-04  -3.625482369581e+01   6.923690305181e+00
 -1.650905180073e-02   -4.661124270089e-04  -3.459178560446e+01   6.923690305181e+00
 -1.038593454807e+00   -2.738161842061e-03  -4.022041750579e+01   1.240268264892e+00
 -9.062277501083e-01    2.650915427052e-04  -3.622573529557e+01   1.240268264892e+00
 -1.027444407384e+00   -1.331860966314e-03  -3.187642046804e+01   1.240268264892e+00
