
 -1.719145881530e-03    2.097681642533e-03  -2.087222044333e+02   1.185467700518e+01
 -5.358195864639e-01    1.932354716568e-03  -2.103686226124e+02   1.185467700518e+01
  3.008027890494e-04   -8.652305353815e-04  -2.093330009594e+02   1.185467700518e+01
 -6.515327215538e-01    9.012775989227e-02  -1.927317769990e+02   2.165847962798e+01
  4.486246673402e-04    5.175283564150e-05  -2.008724223730e+02   2.165847962798e+01
 -1.800857262279e-03   -5.630600900269e-05  -1.924123348401e+02   2.165847962798e+01
 -5.353590120405e-01   -1.149360233541e-03  -2.103809899152e+02   1.255562340983e+01
 -8.755130861958e-01    1.894751793007e-01  -2.100600592565e+02   1.255562340983e+01
 -9.361346302493e-01    2.603232700323e-03  -2.133690602398e+02   1.255562340983e+01
 -8.790054589030e-01    1.877281026282e-01  -2.100062059505e+02   1.185939873418e+01
 -5.324716228154e-01    5.690720308313e-04  -2.104655729527e+02   1.185939873418e+01
 -4.102050129496e-01    7.477554156988e-02  -2.081768884470e+02   1.185939873418e+01
 -1.088021278398e+00    2.349560800497e-01  -2.149576241923e+02   8.358801464057e+00
 -9.365398164578e-01    2.640795398608e-03  -2.134802229998e+02   8.358801464057e+00
 -8.759806902539e-01    1.909403838972e-01  -2.099944503114e+02   8.358801464057e+00
 -1.348592158196e+00   -1.374857858954e-02  -1.058081213274e+01   8.943126037930e+00
 -1.821431046636e-02    1.105406267796e-03  -6.714523608686e+00   8.943126037930e+00
 -9.844981816137e-01    1.392453024853e-02   5.164892645153e-02   8.943126037930e+00
 -4.112193482532e-01    7.363692663680e-02  -2.081624561760e+02   1.132597579185e+01
 -8.417837570225e-01    2.041503947828e-01  -2.059040455970e+02   1.132597579185e+01
 -8.789437445371e-01    1.888422668541e-01  -2.099825084467e+02   1.132597579185e+01
 -1.293521390541e+00   -1.208616487562e-02  -1.172808005744e+02   5.125706364899e+00
 -6.868112915717e-01   -2.629312766078e-02  -1.174563321159e+02   5.125706364899e+00
 -1.108431147887e+00   -2.146275231558e-02  -1.126638195274e+02   5.125706364899e+00
 -5.086730404420e-01    9.911501309639e-02  -2.026443478082e+02   1.085821954869e+01
 -6.520306510277e-01    9.053456758082e-02  -1.927249695644e+02   1.085821954869e+01
 -9.530611707128e-01    2.246184432673e-01  -2.002133117775e+02   1.085821954869e+01
 -1.858729885616e-03   -4.057961292606e-04  -2.063892080136e+02   1.558726992125e+01
 -5.070338119290e-01    9.860536181420e-02  -2.026784462613e+02   1.558726992125e+01
 -4.098743181508e-01    7.418369557234e-02  -2.082161916713e+02   1.558726992125e+01
 -8.429913643661e-01    2.042836810846e-01  -2.058860777887e+02   5.431511162413e+00
 -9.514326682760e-01    2.258219887576e-01  -2.002221357376e+02   5.431511162413e+00
 -1.033258282460e+00    3.069593373447e-01  -2.081219539408e+02   5.431511162413e+00
 -9.512678872463e-01    2.248018922566e-01  -2.002258403395e+02   1.156763647600e+01
 -8.429478733596e-01    2.044604801336e-01  -2.058936390654e+02   1.156763647600e+01
 -5.106203453758e-01    9.895421470043e-02  -2.026129798966e+02   1.156763647600e+01
 -1.099931138413e+00    3.395969734046e-01  -2.024635444757e+02   3.336805528657e+00
 -1.030390541699e+00    3.071590661220e-01  -2.081855829716e+02   3.336805528657e+00
 -9.550599185376e-01    2.257896481134e-01  -2.001634004411e+02   3.336805528657e+00
 -8.427899776134e-01    2.045400336857e-01  -2.058898452721e+02   6.968300489135e+00
 -1.033406417375e+00    3.063516640955e-01  -2.081220382480e+02   6.968300489135e+00
 -8.772059740378e-01    1.893679286708e-01  -2.100202106340e+02   6.968300489135e+00
 -1.101081249904e+00    3.398494959112e-01  -2.024294379087e+02   6.650230607825e-01
 -9.539061311835e-01    2.255998698355e-01  -2.001932278704e+02   6.650230607825e-01
 -1.181373531821e+00    2.490400338807e-01  -1.927894952238e+02   6.650230607825e-01
 -5.085964735038e-01    9.939019648591e-02  -2.026641874524e+02   1.117659844744e+01
 -8.441802876545e-01    2.040076108841e-01  -2.058668463053e+02   1.117659844744e+01
 -4.087703654129e-01    7.368722378484e-02  -2.082262745083e+02   1.117659844744e+01
 -1.961236434678e-03    5.270902300983e-04  -1.673147122698e+02   2.362793141304e+01
 -1.021392275481e-03   -9.358757647748e-04  -1.435735704192e+02   2.362793141304e+01
 -7.112300943057e-01   -3.742136240016e-02  -1.617254910952e+02   2.362793141304e+01
 -1.085142992545e+00    2.354309359253e-01  -2.149421191237e+02   7.000004595487e+00
 -8.790231439435e-01    1.898564251175e-01  -2.099783516064e+02   7.000004595487e+00
 -1.031220630893e+00    3.064355701464e-01  -2.081489760621e+02   7.000004595487e+00
 -1.206054312509e+00    5.191948127039e-03  -2.187487698529e+02   4.696122010404e+00
 -1.081792693228e+00    2.332773727700e-01  -2.149311897511e+02   4.696122010404e+00
 -1.112998244922e+00    1.037235980582e-01  -2.198183714188e+02   4.696122010404e+00
 -1.203042668158e+00    1.486463336902e-03  -2.186843019940e+02   1.046481679445e+01
 -9.392225638788e-01    1.439755506207e-03  -2.134596568518e+02   1.046481679445e+01
 -1.084765343998e+00    2.351589604076e-01  -2.149871702361e+02   1.046481679445e+01
 -1.207514728032e+00    4.998962655986e-03  -2.188068267770e+02   4.908322945802e+00
 -1.112055378838e+00    1.026620666056e-01  -2.198080446968e+02   4.908322945802e+00
 -1.336923997416e+00   -1.672578935856e-03  -2.227154786904e+02   4.908322945802e+00
 -1.107770494227e+00    9.924340349933e-02  -2.198142017014e+02   2.448795227335e+00
 -1.087923617864e+00    2.365878342571e-01  -2.149198539717e+02   2.448795227335e+00
 -8.943571457862e-01    2.149668973145e-01  -2.171232438920e+02   2.448795227335e+00
 -8.526629064527e-01   -1.677957017956e-02  -2.195641538801e+02  -5.414464160244e-01
 -1.110525511766e+00    9.950042747532e-02  -2.197235688082e+02  -5.414464160244e-01
 -8.899056126304e-01    2.134231468084e-01  -2.171915872164e+02  -5.414464160244e-01
 -1.109282541776e+00    9.600315845783e-02  -2.197786824546e+02   1.589294791796e+00
 -1.125932439478e+00   -1.227120097027e-01  -2.196511786128e+02   1.589294791796e+00
 -1.338193648949e+00    4.373034482858e-03  -2.227033746401e+02   1.589294791796e+00
 -1.087914740515e+00    2.357805436899e-01  -2.149020111914e+02  -8.451463067724e-01
 -9.760924509091e-01    3.385173027652e-01  -2.110825201767e+02  -8.451463067724e-01
 -8.943466645648e-01    2.164917686677e-01  -2.171337423850e+02  -8.451463067724e-01
 -7.511478926475e-01    1.070054046015e-02  -1.129444493665e+02  -9.618572609333e+00
 -1.036947979323e+00    1.434074293105e-02  -1.061228461433e+02  -9.618572609333e+00
 -1.162726098136e-02    1.153121101000e-03  -1.050085055806e+02  -9.618572609333e+00
 -6.918057550959e-01    2.739693215007e-01  -2.138733616430e+02  -1.046650603310e+01
 -9.798869133838e-01    3.399807993845e-01  -2.110911898589e+02  -1.046650603310e+01
 -8.267715458374e-01    3.070285895469e-01  -2.053783820270e+02  -1.046650603310e+01
 -9.804092355890e-01    3.389172234519e-01  -2.110319304651e+02   1.432789023221e+00
 -1.083098476130e+00    2.349055852492e-01  -2.149789601148e+02   1.432789023221e+00
 -1.033340776546e+00    3.074636692697e-01  -2.081204830475e+02   1.432789023221e+00
 -3.056465280248e-01    8.567982442012e-02  -2.212176915959e+02  -1.116987145585e+01
 -5.931626134937e-01    1.564175274325e-01  -2.195462837575e+02  -1.116987145585e+01
 -3.592409018881e-01    1.594521868212e-01  -2.162009329939e+02  -1.116987145585e+01
 -5.926812118568e-01    1.557322146265e-01  -2.194816275941e+02  -7.552290431719e+00
 -8.911197867820e-01    2.148264412214e-01  -2.172123568977e+02  -7.552290431719e+00
 -6.889550383822e-01    2.738084088736e-01  -2.139792475082e+02  -7.552290431719e+00
 -6.903780921199e-01    2.735888888149e-01  -2.139208241838e+02  -1.252675022756e+01
 -3.611444218990e-01    1.597570148808e-01  -2.161707166430e+02  -1.252675022756e+01
 -5.915391734468e-01    1.562999071774e-01  -2.195687225250e+02  -1.252675022756e+01
 -5.927562069472e-01    1.553221834491e-01  -2.195052849327e+02  -1.685634886933e+00
 -8.506966164402e-01   -1.791089855845e-02  -2.196350263981e+02  -1.685634886933e+00
 -8.907608388656e-01    2.144605668818e-01  -2.171868422437e+02  -1.685634886933e+00
 -1.099373711035e+00    3.408122273589e-01  -2.024578199071e+02  -7.526978012009e+00
 -8.300754878093e-01    3.070310253399e-01  -2.053153282427e+02  -7.526978012009e+00
 -9.770469573743e-01    3.399584746478e-01  -2.111562303512e+02  -7.526978012009e+00
 -6.914466459082e-01    2.737902471026e-01  -2.139302643951e+02  -4.760639603389e+00
 -8.892802673871e-01    2.151721456034e-01  -2.172570466249e+02  -4.760639603389e+00
 -9.795622272093e-01    3.396714781760e-01  -2.110342991933e+02  -4.760639603389e+00
 -1.095485837369e+00    3.402171966020e-01  -2.025262181616e+02  -2.008885170225e+00
 -9.806742021107e-01    3.398312354292e-01  -2.110221547081e+02  -2.008885170225e+00
 -1.033717347035e+00    3.070289264584e-01  -2.081157796272e+02  -2.008885170225e+00
 -5.917642830836e-01    1.550296609694e-01  -2.195106823334e+02  -4.611926024841e+00
 -3.063661703555e-01    8.663989655955e-02  -2.212604351905e+02  -4.611926024841e+00
 -5.603431330856e-01   -1.319392438400e-02  -2.214950093967e+02  -4.611926024841e+00
 -1.187828852972e+00    2.481863345283e-01  -1.927002455594e+02   7.786455966017e+00
 -9.487100988817e-01    2.254024846266e-01  -2.003063581294e+02   7.786455966017e+00
 -6.598200240139e-01    9.020845861616e-02  -1.926134071972e+02   7.786455966017e+00
 -1.337591924264e+00   -1.407199144379e-02  -1.063278839419e+01   3.549232112746e+00
 -9.891969510715e-01    1.376754735670e-02  -1.660305286070e-02   3.549232112746e+00
 -1.340965342575e+00   -2.712359693140e-03  -1.331566418248e-01   3.549232112746e+00
 -1.207619025896e+00    1.281512911237e-01  -1.820059779549e+02   7.422490202249e+00
 -7.053169730557e-01    3.644530372662e-02  -1.781798352101e+02   7.422490202249e+00
 -1.200011742062e+00    4.451374641728e-03  -1.700696293802e+02   7.422490202249e+00
 -1.205024805998e+00    1.311359856331e-01  -1.820635138083e+02   5.643985978340e+00
 -1.189352672652e+00    2.472246525854e-01  -1.926612790337e+02   5.643985978340e+00
 -6.590729323154e-01    9.164154276058e-02  -1.926332442660e+02   5.643985978340e+00
 -1.099820382176e+00    3.412211109891e-01  -2.025398813163e+02  -1.166588422853e+01
 -9.613242447601e-01    2.552455751370e-01  -1.947667395752e+02  -1.166588422853e+01
 -8.302129598579e-01    3.067598521156e-01  -2.052366999955e+02  -1.166588422853e+01
 -9.647830178630e-01    2.551450163241e-01  -1.946954540216e+02  -8.420358917106e+00
 -1.096760911999e+00    3.409381103265e-01  -2.026149961388e+02  -8.420358917106e+00
 -1.185907060629e+00    2.492017543665e-01  -1.926984634215e+02  -8.420358917106e+00
 -1.057187952025e+00    1.442202516306e-01  -1.828665906944e+02  -1.135793832709e+01
 -9.646926324033e-01    2.542262148004e-01  -1.945963919590e+02  -1.135793832709e+01
 -1.186647351916e+00    2.502915795003e-01  -1.927989149152e+02  -1.135793832709e+01
 -5.094815860521e-01    1.548650261635e-01  -1.964691576802e+02  -2.445976516017e+01
 -8.289698722932e-01    3.068423533813e-01  -2.053960396176e+02  -2.445976516017e+01
 -9.626707535532e-01    2.548557841575e-01  -1.946527271467e+02  -2.445976516017e+01
 -1.183866456719e+00    2.502455180576e-01  -1.928764434826e+02  -7.540939396066e+00
 -1.210268144580e+00    1.290154097339e-01  -1.819581507703e+02  -7.540939396066e+00
 -1.060129645615e+00    1.436883994762e-01  -1.827935107320e+02  -7.540939396066e+00
 -1.209162303222e+00    1.300238276031e-01  -1.820108151933e+02   1.023786436474e+01
 -6.536481663763e-01    9.243369220711e-02  -1.927336723309e+02   1.023786436474e+01
 -7.027305483951e-01    3.491227890607e-02  -1.781869782593e+02   1.023786436474e+01
 -1.097956829782e+00    5.051556599160e-03  -1.702706690222e+02  -1.016118168276e+01
 -1.059273603940e+00    1.421433929208e-01  -1.826779488153e+02  -1.016118168276e+01
 -1.211719968347e+00    1.305278522408e-01  -1.820700112407e+02  -1.016118168276e+01
 -2.041683539208e-03    1.157481871092e-03  -1.700848982360e+02  -4.375771579552e+01
 -6.103747257823e-01    1.323958032009e-04  -1.702263166758e+02  -4.375771579552e+01
 -1.916745702549e-03   -2.669439798436e-03  -1.566345045922e+02  -4.375771579552e+01
 -1.061637935553e+00    1.429068022924e-01  -1.828353771792e+02  -2.752611156253e+01
 -6.079885777162e-01    2.139232710554e-03  -1.702451091132e+02  -2.752611156253e+01
 -5.716138743117e-01    9.277124071117e-02  -1.836294558986e+02  -2.752611156253e+01
 -6.110944116808e-01    1.991043386181e-03  -1.702368355379e+02  -2.762841169249e+01
 -1.058991327643e+00    1.425453498958e-01  -1.828506079409e+02  -2.762841169249e+01
 -1.095554090846e+00    3.397833066597e-03  -1.701047416532e+02  -2.762841169249e+01
 -5.717313517391e-01    9.173479756011e-02  -1.837265057468e+02  -4.702048828878e+01
 -6.070197743403e-01    4.135233143457e-03  -1.700758288257e+02  -4.702048828878e+01
 -4.404343182620e-03    2.671639062776e-03  -1.837490781881e+02  -4.702048828878e+01
 -1.058838143279e+00    1.433991109477e-01  -1.827320767309e+02  -2.696910710364e+01
 -5.738483691466e-01    9.267601967105e-02  -1.837452727367e+02  -2.696910710364e+01
 -9.630470793245e-01    2.542495560162e-01  -1.947702557257e+02  -2.696910710364e+01
 -1.056868933110e+00   -1.340671956478e-01  -1.574377306439e+02  -2.750437068962e+01
 -6.109137661874e-01    2.450927350603e-03  -1.700682810288e+02  -2.750437068962e+01
 -1.095618757141e+00    2.395579876065e-03  -1.701486302528e+02  -2.750437068962e+01
 -1.101673601034e+00    4.387461431788e-03  -1.702214573603e+02  -6.786158556926e+00
 -1.208397077322e+00    1.308790580285e-01  -1.821348362973e+02  -6.786158556926e+00
 -1.199595905914e+00    2.294798922552e-03  -1.700029688592e+02  -6.786158556926e+00
 -7.023944194931e-01    3.759873856071e-02  -1.782041784361e+02   1.069686706536e+01
 -7.076343842428e-01   -3.755767700821e-02  -1.617043736390e+02   1.069686706536e+01
 -1.203035155607e+00    3.120123135611e-03  -1.700475798375e+02   1.069686706536e+01
 -5.070877289651e-01    1.544543259215e-01  -1.963680540234e+02  -2.610609594389e+01
 -9.656018194202e-01    2.548573330130e-01  -1.947462017333e+02  -2.610609594389e+01
 -5.708261301271e-01    9.241961832946e-02  -1.837714514091e+02  -2.610609594389e+01
 -8.489525141789e-05    3.694891669448e-04  -2.161313083371e+02  -2.522597333978e+01
 -3.634278336380e-01    1.606525696813e-01  -2.162205399064e+02  -2.522597333978e+01
 -2.660417861611e-03    1.488723992244e-03  -2.079020502833e+02  -2.522597333978e+01
 -3.600259656154e-01    1.588538462850e-01  -2.161157778742e+02  -1.797267919758e+01
 -6.924600466499e-01    2.747013754079e-01  -2.139776037671e+02  -1.797267919758e+01
 -4.344538235335e-01    1.815628758006e-01  -2.075983529671e+02  -1.797267919758e+01
 -5.983506912975e-01    8.045531508694e-02  -1.294493039800e+02  -1.493721249448e+01
 -2.604504496662e-04   -9.706001294795e-04  -1.220451933506e+02  -1.493721249448e+01
 -1.743906119378e-03    3.128413705494e-04  -1.294673475488e+02  -1.493721249448e+01
 -2.341941565176e-03    3.373025002524e-03  -2.220172308510e+02  -8.105666816456e+00
 -2.897830673976e-01   -6.317384403574e-03  -2.231523650755e+02  -8.105666816456e+00
 -3.049153358227e-01    8.453892636810e-02  -2.212361471572e+02  -8.105666816456e+00
 -1.562702454076e-03    1.341268505077e-03  -2.162094659146e+02  -2.043629032719e+01
  7.496615761204e-04   -9.569746474010e-04  -2.219596294610e+02  -2.043629032719e+01
 -3.604915123606e-01    1.587089992895e-01  -2.161414927474e+02  -2.043629032719e+01
 -6.738696122714e-01   -1.311285738553e-01  -2.007269422151e+02  -1.566256745983e+01
 -2.960842024093e-03    5.298767981706e-04  -2.049974780685e+02  -1.566256745983e+01
 -5.365122010328e-01   -9.592440676855e-02  -2.059163843779e+02  -1.566256745983e+01
 -3.614719837713e-01    1.597018732780e-01  -2.162316081783e+02  -3.121007079281e+01
 -4.339027990835e-01    1.808819133886e-01  -2.075063566809e+02  -3.121007079281e+01
 -4.587423685063e-03    2.543599552997e-03  -2.078652046766e+02  -3.121007079281e+01
 -8.402916056308e-04   -1.779280361755e-04  -2.219458291685e+02  -1.612171955817e+01
 -3.059601622862e-01    8.645961855751e-02  -2.212525382243e+02  -1.612171955817e+01
 -3.584291840255e-01    1.579391958789e-01  -2.161542504947e+02  -1.612171955817e+01
 -3.209646079162e-03   -3.992242741804e-04  -1.839198470938e+02  -4.077140613808e+01
 -5.508908132051e-04    2.527577896868e-03  -1.966723579830e+02  -4.077140613808e+01
 -5.723248095063e-01    9.459372494347e-02  -1.836229135871e+02  -4.077140613808e+01
 -1.274199241658e-03    2.359219128706e-03  -1.837304728763e+02  -4.374458699293e+01
 -6.103053385955e-01    4.119690473886e-03  -1.700760098188e+02  -4.374458699293e+01
 -2.199148232680e-03   -1.008237896012e-03  -1.702353695802e+02  -4.374458699293e+01
 -9.007000414157e-01   -4.979207710696e-02  -1.770001047809e+02  -1.835174421230e+01
 -7.033223185795e-03   -1.012768159049e-03  -1.909054852266e+02  -1.835174421230e+01
 -8.006769600389e-01   -1.180868408880e-01  -1.906750908383e+02  -1.835174421230e+01
 -6.112321974517e-04    1.299215614839e-03  -2.077117303885e+02  -3.312238567033e+01
 -4.379536591914e-01    1.816166707638e-01  -2.076120006429e+02  -3.312238567033e+01
 -3.758108913993e-03    4.782688883188e-04  -1.969543948239e+02  -3.312238567033e+01
 -3.840964699792e-03    3.681583730521e-03  -1.966853753605e+02  -4.260186175612e+01
 -5.071421924583e-01    1.533061591083e-01  -1.964572628789e+02  -4.260186175612e+01
 -5.692751684481e-01    9.399349366865e-02  -1.836265711580e+02  -4.260186175612e+01
 -7.024172598721e-01    3.547702363687e-02  -1.782002026392e+02   2.161748698231e+01
 -6.823959974272e-03   -9.052749243429e-04  -1.673840364657e+02   2.161748698231e+01
 -7.068980685061e-01   -3.589799798131e-02  -1.617064642357e+02   2.161748698231e+01
 -5.096628173517e-01    9.835055336688e-02  -2.026435741082e+02   1.695611074626e+01
  4.015102006995e-04   -2.552225313755e-04  -2.064345179151e+02   1.695611074626e+01
 -1.973560733753e-03    7.093420418365e-05  -2.008745019764e+02   1.695611074626e+01
 -6.853339371572e-03    1.687611209213e-03  -1.969202750598e+02  -3.867774933380e+01
 -4.355033534711e-01    1.806643751707e-01  -2.076269634130e+02  -3.867774933380e+01
 -5.054093850737e-01    1.543099893428e-01  -1.963799166049e+02  -3.867774933380e+01
 -4.342096809745e-01    1.811486791337e-01  -2.074996266511e+02  -2.291132147390e+01
 -8.311368074665e-01    3.074096028578e-01  -2.053732309448e+02  -2.291132147390e+01
 -5.067904535013e-01    1.543560483921e-01  -1.964941396733e+02  -2.291132147390e+01
 -6.542273267287e-01    8.981731641763e-02  -1.927592341785e+02   2.164668655422e+01
 -6.794374636599e-03   -1.458966500049e-03  -1.808933114177e+02   2.164668655422e+01
 -7.008362342993e-01    3.644789030414e-02  -1.781857465620e+02   2.164668655422e+01
 -1.101617354355e+00    1.432441337424e-03  -1.700315850619e+02  -6.657156388883e+00
 -1.199611639509e+00    3.817667219324e-03  -1.700895821060e+02  -6.657156388883e+00
 -1.209151776558e+00   -1.210763583345e-01  -1.579968144350e+02  -6.657156388883e+00
 -4.364876019427e-01    1.819957182296e-01  -2.075759120046e+02  -1.943032488528e+01
 -6.906876513039e-01    2.743643709654e-01  -2.139983909658e+02  -1.943032488528e+01
 -8.281265861591e-01    3.067338054786e-01  -2.052945185083e+02  -1.943032488528e+01
  1.973995283146e-04    4.519318411081e-04  -1.924019096742e+02   2.185372001967e+01
 -4.009119611735e-03   -1.042366985941e-03  -1.809192145855e+02   2.185372001967e+01
 -6.564998217376e-01    8.910552317687e-02  -1.927438277078e+02   2.185372001967e+01
 -2.913388302492e-01   -6.118005995826e-03  -2.231435820069e+02  -2.420467992518e+00
 -8.669567684945e-04    2.782927629041e-03  -2.220430951805e+02  -2.420467992518e+00
 -3.717979958045e-04   -1.162474995948e-03  -2.232740482423e+02  -2.420467992518e+00
 -1.139551128406e+00   -2.814339870525e-01  -2.142028047564e+02  -1.887867557532e+00
 -1.123907575932e+00   -1.274747002802e-01  -2.196183703256e+02  -1.887867557532e+00
 -9.169629242294e-01   -2.538269513464e-01  -2.166882767435e+02  -1.887867557532e+00
 -1.125961297502e+00   -1.238081510172e-01  -2.196316037444e+02  -2.426492884561e+00
 -1.338087108908e+00   -4.013483808193e-03  -2.215528021504e+02  -2.426492884561e+00
 -1.338843461723e+00    5.116083557893e-03  -2.227623648089e+02  -2.426492884561e+00
 -1.335937858943e+00    1.011008394666e-03  -2.215059506858e+02  -8.386313683086e+00
 -1.131246532444e+00   -2.786623858555e-01  -2.142856739597e+02  -8.386313683086e+00
 -1.205628792796e+00   -2.404582538825e-03  -2.161409980590e+02  -8.386313683086e+00
 -1.132477173213e+00   -2.781059379904e-01  -2.142670220760e+02  -2.711670755876e+00
 -1.334806248278e+00   -2.205735628706e-04  -2.215194581307e+02  -2.711670755876e+00
 -1.127798464994e+00   -1.299701467644e-01  -2.196058137900e+02  -2.711670755876e+00
 -1.202622496054e+00   -1.389461938687e-03  -2.161515630575e+02  -1.134498730990e+01
 -1.137588455394e+00   -2.805977713170e-01  -2.142579216639e+02  -1.134498730990e+01
 -9.401841445004e-01   -1.296931272226e-03  -2.106897623309e+02  -1.134498730990e+01
 -7.733109045521e-03    3.816126488821e-04  -6.740117975716e+00   9.676876656136e+00
  7.379996666658e-05   -2.059548558849e-04  -3.860580286784e-02   9.676876656136e+00
 -9.922879263460e-01    1.387082119104e-02   2.051416533109e-02   9.676876656136e+00
 -1.126870332246e+00   -1.280094329098e-01  -2.195381424070e+02   9.814616021864e-01
 -8.527067014499e-01   -2.000587047239e-02  -2.195688964291e+02   9.814616021864e-01
 -9.124082499108e-01   -2.522154439609e-01  -2.167580209533e+02   9.814616021864e-01
 -1.125948300558e+00   -1.282008400478e-01  -2.196200094142e+02   2.305822715388e-01
 -1.109503899862e+00    9.989748458322e-02  -2.197897201040e+02   2.305822715388e-01
 -8.545069354681e-01   -1.847092542757e-02  -2.195058970246e+02   2.305822715388e-01
 -6.047071224583e-01   -1.845465884503e-01  -2.192590388682e+02   2.676074179179e+00
 -9.132082957788e-01   -2.531874068442e-01  -2.167592382383e+02   2.676074179179e+00
 -8.507817540770e-01   -1.890577767979e-02  -2.196364324609e+02   2.676074179179e+00
 -7.133848518993e-01   -3.007341697533e-01  -2.133444505730e+02   1.415072725145e+01
 -6.036154923628e-01   -1.855116567260e-01  -2.193290499813e+02   1.415072725145e+01
 -3.684541632425e-01   -1.696773078774e-01  -2.155283621420e+02   1.415072725145e+01
 -9.118452270222e-01   -2.540351771802e-01  -2.168324432258e+02   5.916280568780e+00
 -7.145540116498e-01   -3.011538026789e-01  -2.133608061503e+02   5.916280568780e+00
 -1.024099079704e+00   -3.808504669350e-01  -2.102487368012e+02   5.916280568780e+00
 -7.120560796374e-01   -3.010906425227e-01  -2.134081322977e+02   8.490100719413e+00
 -9.136773979505e-01   -2.537543603470e-01  -2.167881976783e+02   8.490100719413e+00
 -6.045609256749e-01   -1.848026706722e-01  -2.192340588419e+02   8.490100719413e+00
 -1.165298522325e+00   -3.796694609220e-01  -2.014495765317e+02   8.824372478349e+00
 -1.021614057926e+00   -3.811582115501e-01  -2.103716684140e+02   8.824372478349e+00
 -8.647154283928e-01   -3.332521962544e-01  -2.046092303762e+02   8.824372478349e+00
 -9.168651596029e-01   -2.552139181777e-01  -2.167079692300e+02   1.609896766160e+00
 -1.020716662755e+00   -3.798361786279e-01  -2.102935737802e+02   1.609896766160e+00
 -1.139640655120e+00   -2.806348148991e-01  -2.141682603789e+02   1.609896766160e+00
 -6.035637947705e-01   -1.841437358638e-01  -2.192703186736e+02   5.815668530382e+00
 -5.604296559473e-01   -1.521546591653e-02  -2.214920272933e+02   5.815668530382e+00
 -3.119065374962e-01   -1.035701804119e-01  -2.211758796192e+02   5.815668530382e+00
 -6.027478208340e-01   -1.844504686101e-01  -2.193036034011e+02   3.296832217838e+00
 -8.526972231165e-01   -1.869996038114e-02  -2.195904197512e+02   3.296832217838e+00
 -5.610407726894e-01   -1.444146322505e-02  -2.214250100584e+02   3.296832217838e+00
 -8.526157270769e-01   -1.823828853884e-02  -2.195907921070e+02  -2.459674553631e+00
 -5.908117832682e-01    1.553177504533e-01  -2.195478554684e+02  -2.459674553631e+00
 -5.610796896711e-01   -1.396194467562e-02  -2.214248847674e+02  -2.459674553631e+00
 -1.134792729221e+00   -2.797447578855e-01  -2.142316683932e+02  -5.730896063825e-01
 -1.025061346238e+00   -3.802754522123e-01  -2.102500143224e+02  -5.730896063825e-01
 -1.106558071577e+00   -3.529870830685e-01  -2.068933099749e+02  -5.730896063825e-01
 -9.360419735848e-01   -3.093837641359e-03  -2.106367635052e+02  -1.318874491609e+01
 -9.612357774285e-01   -2.231095628027e-01  -2.082934483884e+02  -1.318874491609e+01
 -5.359420906133e-01    2.053735266324e-03  -2.075632591308e+02  -1.318874491609e+01
 -9.381023347763e-01   -2.598983124198e-03  -2.107189691422e+02  -8.226488629216e+00
 -1.140307851377e+00   -2.800063774311e-01  -2.142054715474e+02  -8.226488629216e+00
 -9.600567200263e-01   -2.255220100803e-01  -2.082419544936e+02  -8.226488629216e+00
 -5.347781781800e-01   -1.854557293167e-03  -2.075531293146e+02  -1.362210980873e+01
 -5.349030399502e-01   -9.492607372334e-02  -2.059270321224e+02  -1.362210980873e+01
  5.026973645762e-04    2.499873428554e-03  -2.076472815827e+02  -1.362210980873e+01
 -5.375469766551e-01   -9.832522754458e-02  -2.058779892039e+02  -1.105408331980e+01
 -5.334312507358e-01    8.942688157289e-04  -2.076335501482e+02  -1.105408331980e+01
 -9.643516782885e-01   -2.218312510534e-01  -2.082420396130e+02  -1.105408331980e+01
 -6.808345371141e-01   -1.308153654581e-01  -2.007021859314e+02  -1.699279044287e+01
 -6.085518304851e-03    1.190635662176e-04  -1.910572311778e+02  -1.699279044287e+01
  1.534632559861e-03    1.436429839102e-04  -2.051033705317e+02  -1.699279044287e+01
 -4.064447111038e-03    4.014234506332e-04  -1.049891415754e+02  -1.078105572557e+01
 -2.605287104676e-04   -3.222979386510e-04  -1.125784336718e+02  -1.078105572557e+01
 -7.553027917712e-01    1.084573465578e-02  -1.129389119228e+02  -1.078105572557e+01
 -9.638670519591e-01   -2.234607542581e-01  -2.082238568324e+02  -1.072091366969e+01
 -9.480741809020e-01   -2.432089274572e-01  -2.041322345878e+02  -1.072091366969e+01
 -5.388115600225e-01   -9.674693950608e-02  -2.058613939249e+02  -1.072091366969e+01
 -6.520879982257e-01   -2.464340363370e-02  -1.137248463693e+02   1.086572006140e+01
  2.034337745111e-04    4.673255711327e-04  -1.129931399104e+02   1.086572006140e+01
 -3.610228425059e-03   -3.306379645835e-04  -1.058363714804e+02   1.086572006140e+01
 -1.103534891852e+00   -3.526289942286e-01  -2.069563854962e+02  -2.088262264122e+00
 -1.165936908168e+00   -3.785278323394e-01  -2.014557806160e+02  -2.088262264122e+00
 -1.066533917821e+00   -2.657377404570e-01  -1.986602309450e+02  -2.088262264122e+00
 -1.161444023883e+00   -3.790684894315e-01  -2.015158697247e+02   2.993328589474e+00
 -1.106998604574e+00   -3.525791738794e-01  -2.068901832316e+02   2.993328589474e+00
 -1.025197514894e+00   -3.810731116298e-01  -2.102406152298e+02   2.993328589474e+00
 -9.492265258995e-01   -2.435875635089e-01  -2.041186601171e+02  -1.001591570800e+01
 -1.063102107977e+00   -2.647992623785e-01  -1.987311336524e+02  -1.001591570800e+01
 -6.747404587264e-01   -1.315460133410e-01  -2.006775116037e+02  -1.001591570800e+01
 -1.063122376043e+00   -2.657749474643e-01  -1.987202407926e+02  -4.467351593130e+00
 -9.494192224431e-01   -2.434272216383e-01  -2.041177811956e+02  -4.467351593130e+00
 -1.106206280171e+00   -3.524279374392e-01  -2.068932088154e+02  -4.467351593130e+00
 -6.730500836532e-01   -1.319021178673e-01  -2.007237132129e+02  -9.438366065592e+00
 -1.064948708335e+00   -2.645385510449e-01  -1.987182616411e+02  -9.438366065592e+00
 -8.013413444112e-01   -1.193642271871e-01  -1.906785787948e+02  -9.438366065592e+00
 -9.503323999485e-01   -2.432334495334e-01  -2.040900066594e+02  -1.010320573430e+01
 -6.733204888079e-01   -1.318765415210e-01  -2.007209365511e+02  -1.010320573430e+01
 -5.362393940934e-01   -9.626974866660e-02  -2.059272649412e+02  -1.010320573430e+01
 -1.166993142472e+00   -3.787120449525e-01  -2.014210871904e+02   6.220588552156e-01
 -1.268400135224e+00   -2.817167987095e-01  -1.916868978472e+02   6.220588552156e-01
 -1.065455208088e+00   -2.656155979690e-01  -1.986911641560e+02   6.220588552156e-01
 -1.106586110872e+00   -3.520132644562e-01  -2.068996793732e+02  -6.186384875525e+00
 -9.490208270532e-01   -2.435442841958e-01  -2.041165860292e+02  -6.186384875525e+00
 -9.619246143847e-01   -2.242262073962e-01  -2.082709653269e+02  -6.186384875525e+00
 -1.136731766639e+00   -2.802049791184e-01  -2.141890480047e+02  -6.508657100100e+00
 -1.104564445876e+00   -3.521219528028e-01  -2.069258759079e+02  -6.508657100100e+00
 -9.634406437197e-01   -2.247051880353e-01  -2.082315718944e+02  -6.508657100100e+00
 -6.775504580732e-01   -1.314512225717e-01  -2.007483394711e+02  -1.949261766982e+01
 -7.973475388624e-01   -1.190205107641e-01  -1.906610093212e+02  -1.949261766982e+01
 -1.103256219277e-02    7.335011244564e-04  -1.909610891551e+02  -1.949261766982e+01
 -1.024501400992e+00   -3.812307158004e-01  -2.103078245955e+02   1.163737187748e+01
 -7.147860985679e-01   -3.011911054831e-01  -2.133014272682e+02   1.163737187748e+01
 -8.613854471245e-01   -3.331880924138e-01  -2.046697217481e+02   1.163737187748e+01
 -2.101399096782e-02   -5.609542732084e-04  -1.760235801119e+01   9.370750493142e+00
 -1.355639602391e+00   -1.659986261410e-02  -1.061743913403e+01   9.370750493142e+00
 -1.165661629386e+00   -3.012334910745e-02  -2.002931742271e+01   9.370750493142e+00
 -2.899340227125e-01   -9.970126779841e-03  -2.231598469673e+02   9.757849863842e+00
 -1.917426323796e-03   -2.813152603840e-03  -2.216571440454e+02   9.757849863842e+00
 -3.108305475607e-01   -1.017769192587e-01  -2.211555315273e+02   9.757849863842e+00
 -2.913922773071e-01   -1.012775775613e-02  -2.231496885670e+02   3.551981955128e+00
 -3.928605503169e-04    9.496491822136e-04  -2.232701710905e+02   3.551981955128e+00
 -7.067553123286e-04   -2.469388261975e-03  -2.216882903777e+02   3.551981955128e+00
 -3.114843321001e-01   -1.041146350389e-01  -2.212321717770e+02   2.181204006556e+01
 -3.986179680133e-03   -3.872876842771e-03  -2.163477649880e+02   2.181204006556e+01
 -3.659690028785e-01   -1.676533789882e-01  -2.154783832796e+02   2.181204006556e+01
 -4.460557119010e-01   -1.947227676387e-01  -2.069146387588e+02   2.893698249658e+01
 -3.677660127874e-01   -1.687627493121e-01  -2.155227152608e+02   2.893698249658e+01
 -9.491884879099e-04   -1.862951645730e-03  -2.162047102144e+02   2.893698249658e+01
 -4.505676673203e-01   -1.957883804425e-01  -2.069717003231e+02   2.091391487842e+01
 -8.627808834335e-01   -3.329526455699e-01  -2.045851747390e+02   2.091391487842e+01
 -7.136335700874e-01   -3.014214338238e-01  -2.134242638141e+02   2.091391487842e+01
 -4.480316548708e-01   -1.952820748263e-01  -2.070022267106e+02   1.937243642555e+01
 -7.156709978776e-01   -3.018366276621e-01  -2.134012291455e+02   1.937243642555e+01
 -3.669956106095e-01   -1.686332410186e-01  -2.154647921181e+02   1.937243642555e+01
 -2.158376558677e-03   -2.686348832240e-03  -2.163800068564e+02   1.572010301540e+01
 -3.130727429633e-01   -1.048298990475e-01  -2.212149906015e+02   1.572010301540e+01
 -1.206029652876e-04    3.425210361954e-04  -2.215768942108e+02   1.572010301540e+01
 -6.052820833741e-01   -1.857788405481e-01  -2.193086806023e+02   1.221181600058e+01
 -3.107385529732e-01   -1.024243873125e-01  -2.211448229374e+02   1.221181600058e+01
 -3.665010475667e-01   -1.691556255448e-01  -2.155519670280e+02   1.221181600058e+01
  1.086015690469e-03   -5.530751813767e-04  -2.162081422160e+02   3.082219872360e+01
 -2.796427425734e-03   -1.248697865352e-03  -2.073325910221e+02   3.082219872360e+01
 -4.482896493298e-01   -1.956175338290e-01  -2.069016871699e+02   3.082219872360e+01
 -7.088922300867e-01   -3.704801002748e-02  -1.617086681115e+02   1.998807168128e+01
 -3.462683361018e-03   -1.340202167384e-03  -1.436040845847e+02   1.998807168129e+01
 -6.468016889784e-01   -7.729686816574e-02  -1.472058384237e+02   1.998807168128e+01
 -1.356805045401e+00    2.666085753363e-02  -7.649999733804e+01  -7.295436265381e+00
 -4.139922314026e-02   -1.618763346570e-03  -8.471483700280e+01  -7.295436265381e+00
 -1.538588654622e+00    1.862095485278e-02  -8.596818695557e+01  -7.295436265381e+00
 -5.345432501565e-01    2.772301531864e-03  -2.104074595070e+02   1.461876256362e+01
 -2.445603800253e-03    1.552454012142e-03  -2.087041686084e+02   1.461876256362e+01
 -4.078754684741e-01    7.327239800412e-02  -2.082148595171e+02   1.461876256362e+01
 -5.398813677123e-01   -1.692477811003e-01  -1.960170375066e+02   4.074755731911e+01
 -9.467614814412e-04   -1.437526402181e-03  -1.958611627726e+02   4.074755731911e+01
 -3.208291195487e-03    9.781670118618e-04  -1.833059542026e+02   4.074755731911e+01
 -5.367097695661e-01   -1.714055099454e-01  -1.958808828395e+02   3.824708093231e+01
  6.385934997222e-04   -1.587762548141e-03  -2.072156398383e+02   3.824708093231e+01
 -2.587130242097e-03   -2.728118182916e-04  -1.959953304986e+02   3.824708093231e+01
 -5.389906198580e-01   -7.828507259728e-02  -1.358878182608e+02   1.585823618256e+01
 -8.871316730287e-04    7.881462057922e-04  -1.291068545649e+02   1.585823618256e+01
 -4.511989434280e-01   -6.023893345159e-02  -1.286636617716e+02   1.585823618256e+01
 -4.495715025365e-01   -1.947076286744e-01  -2.069625688459e+02   3.863294160229e+01
 -1.879788324395e-03   -2.721734867615e-03  -2.072184589427e+02   3.863294160229e+01
 -5.336994807961e-01   -1.705142518213e-01  -1.958856519285e+02   3.863294160229e+01
 -9.917450343517e-01   -7.491562005725e-02  -1.217695022861e+02   6.832451975986e+00
 -6.906024240662e-01   -4.863888273421e-02  -1.216015274763e+02   6.832451975986e+00
 -6.826428607342e-01   -2.492656400934e-02  -1.174549192783e+02   6.832451975986e+00
 -5.963097102655e-01   -9.546181187310e-02  -1.832169184772e+02   4.363873004153e+01
 -2.087784299543e-03   -1.715344383295e-03  -1.830901930329e+02   4.363873004153e+01
 -3.264789201645e-03    2.159402160552e-03  -1.696811298709e+02   4.363873004153e+01
 -8.633379377425e-01   -3.329544608805e-01  -2.046861872383e+02   2.567223908112e+01
 -5.377979271481e-01   -1.701028586836e-01  -1.959811388798e+02   2.567223908112e+01
 -1.007990375787e+00   -2.771361467365e-01  -1.939534830768e+02   2.567223908112e+01
 -5.352579245939e-01   -1.697514872581e-01  -1.960065513826e+02   2.446621603833e+01
 -8.654470870310e-01   -3.334678543669e-01  -2.046642428442e+02   2.446621603833e+01
 -4.488472642835e-01   -1.951063830378e-01  -2.068839451161e+02   2.446621603833e+01
 -1.310387683116e+00   -1.516365855880e-01  -1.809869715640e+02  -4.114520796710e+00
 -8.096343086389e-01   -1.204624028952e-01  -1.905888382101e+02  -4.114520796710e+00
 -1.276183954316e+00   -2.799541787947e-01  -1.915653219552e+02  -4.114520796710e+00
 -8.100280062926e-01   -1.190195837476e-01  -1.905749322788e+02  -6.406410607011e+00
 -1.060339212272e+00   -2.653908493791e-01  -1.988055786658e+02  -6.406410607011e+00
 -1.274869878791e+00   -2.809469123225e-01  -1.916013078272e+02  -6.406410607011e+00
 -1.272849223018e+00   -2.818272645630e-01  -1.915958081488e+02   9.903781173047e+00
 -1.162788559270e+00   -3.797941953479e-01  -2.016040157295e+02   9.903781173047e+00
 -1.010073270022e+00   -2.774210503416e-01  -1.939928501565e+02   9.903781173047e+00
 -1.009913451510e+00   -2.764802971645e-01  -1.938958707955e+02   1.287153002932e+01
 -1.107272275587e+00   -1.580772174261e-01  -1.821938129811e+02   1.287153002932e+01
 -1.273720936694e+00   -2.829444621552e-01  -1.916952838494e+02   1.287153002932e+01
 -1.010954173965e+00   -2.772132504088e-01  -1.940490182365e+02   2.737130925938e+01
 -5.355948440454e-01   -1.696603489266e-01  -1.958844211512e+02   2.737130925938e+01
 -5.933015175657e-01   -9.706480017140e-02  -1.832218706366e+02   2.737130925938e+01
 -8.647357178700e-01   -3.329623816478e-01  -2.045316377914e+02   1.298688034736e+01
 -1.006640394129e+00   -2.775088031304e-01  -1.940633423544e+02   1.298688034736e+01
 -1.165849821130e+00   -3.800946658551e-01  -2.015302624860e+02   1.298688034736e+01
 -5.927567015295e-01   -9.743226981567e-02  -1.830825641550e+02   2.891337831818e+01
 -6.177315056136e-01   -3.515791803783e-03  -1.696370075403e+02   2.891337831818e+01
 -1.112054227877e+00   -1.566688425030e-01  -1.821666799998e+02   2.891337831818e+01
 -5.925376631872e-01   -9.765713176682e-02  -1.830982298866e+02   4.671223141205e+01
 -5.368478812433e-01   -1.682899109114e-01  -1.960250212163e+02   4.671223141205e+01
 -6.222080866993e-03    1.871824819755e-04  -1.832744255960e+02   4.671223141205e+01
 -1.316829292168e+00   -1.508539495672e-01  -1.810111685658e+02   1.192528746254e+01
 -1.109132717383e+00   -1.560311734215e-01  -1.820019526803e+02   1.192528746254e+01
 -1.147464481815e+00   -9.216544636311e-03  -1.696663121494e+02   1.192528746254e+01
 -1.110147524927e+00   -1.575671954857e-01  -1.821206397293e+02   9.363956488881e+00
 -1.315207472865e+00   -1.494043030620e-01  -1.808919767597e+02   9.363956488881e+00
 -1.270990727130e+00   -2.829054195007e-01  -1.917715572623e+02   9.363956488881e+00
 -9.018724875416e-01   -4.941744711799e-02  -1.769841933376e+02  -4.821874811721e+00
 -1.312507410798e+00   -1.483762181955e-01  -1.809267775430e+02  -4.821874811721e+00
 -1.312484025464e+00   -9.276692947096e-03  -1.694395270019e+02  -4.821874811721e+00
 -1.314228417086e+00   -1.505296740470e-01  -1.809341006790e+02  -7.963128175174e+00
 -8.997974726930e-01   -4.747342028391e-02  -1.769775070248e+02  -7.963128175174e+00
 -8.039515982907e-01   -1.211501995149e-01  -1.906729640839e+02  -7.963128175174e+00
 -1.144919717382e+00   -7.675501841953e-03  -1.694908365735e+02   2.979244842991e+01
 -1.109186747184e+00   -1.562384307324e-01  -1.821825424852e+02   2.979244842991e+01
 -6.212849190749e-01   -3.448097577053e-03  -1.696268719812e+02   2.979244842991e+01
 -5.958826236365e-01   -9.741835029902e-02  -1.831981292688e+02   2.871396831571e+01
 -1.108649764720e+00   -1.571943375228e-01  -1.820594231473e+02   2.871396831571e+01
 -1.008638548933e+00   -2.765786313989e-01  -1.940718058397e+02   2.871396831571e+01
 -7.186064974716e-03    2.091189921856e-03  -1.696556146517e+02   4.900101026650e+01
 -6.159824975235e-01   -4.888778739106e-03  -1.694976259184e+02   4.900101026650e+01
 -5.931013230829e-01   -9.516351144730e-02  -1.832224649501e+02   4.900101026650e+01
 -9.003429799311e-01   -4.863429771919e-02  -1.770073516861e+02  -2.016364818433e+01
 -9.003497448977e-01    4.203835825012e-02  -1.615736250358e+02  -2.016364818433e+01
 -9.173791457888e-03    7.414217725919e-04  -1.671268054500e+02  -2.016364818433e+01
 -7.282113269232e-03   -2.038943739888e-03  -1.693954705308e+02   4.877093525609e+01
 -5.896513138622e-01    8.508629303340e-02  -1.559278007454e+02   4.877093525609e+01
 -6.159309645628e-01   -2.750020060992e-03  -1.695763939454e+02   4.877093525609e+01
 -3.104298095639e-01   -1.033019403248e-01  -2.211978667799e+02   3.650128673804e+00
 -5.620390521503e-01   -1.525766099325e-02  -2.214748820549e+02   3.650128673804e+00
 -2.897431631009e-01   -7.883309088118e-03  -2.230913428271e+02   3.650128673804e+00
 -5.620199202184e-01   -1.317674693096e-02  -2.214776350901e+02  -2.636754412294e+00
 -3.047158497617e-01    8.633377824351e-02  -2.212834473781e+02  -2.636754412294e+00
 -2.896961984023e-01   -8.464908084455e-03  -2.230892115933e+02  -2.636754412294e+00
 -3.637577640063e-03    1.230678190434e-03  -1.671849819305e+02  -2.252434002476e+01
 -2.040142605256e-03   -1.313924528477e-03  -1.909337218780e+02  -2.252434002476e+01
 -9.054483620731e-01   -4.941015757893e-02  -1.769862636858e+02  -2.252434002476e+01
 -5.458723758198e-01   -7.844352968460e-02  -1.359024469647e+02   1.821275855560e+01
 -4.554502297837e-03    2.653086667216e-05  -1.436498568093e+02   1.821275855560e+01
  8.596366110475e-04    2.919650738360e-05  -1.351680389757e+02   1.821275855560e+01
 -1.305636155131e+00   -3.028624533280e-03  -1.129720628531e+02   2.763840684774e+00
 -1.111510243849e+00   -2.180975661634e-02  -1.126288443636e+02   2.763840684774e+00
 -1.389834924782e+00   -1.395198110903e-02  -1.023311612180e+02   2.763840684774e+00
 -1.212476761288e+00   -1.206128875561e-01  -1.580607124006e+02  -1.010659703463e+01
 -1.057262378577e+00   -1.335786440682e-01  -1.576089244878e+02  -1.010659703463e+01
 -1.097875552354e+00    6.717476934407e-04  -1.699829759045e+02  -1.010659703463e+01
 -1.209860278156e+00   -1.200505290403e-01  -1.581258239780e+02   1.044057343065e+01
 -7.094360953750e-01   -3.470036281452e-02  -1.617371455680e+02   1.044057343065e+01
 -6.490401128721e-01   -7.953229090267e-02  -1.472008943928e+02   1.044057343065e+01
 -5.664021841497e-01   -8.486615452506e-02  -1.566120929848e+02  -4.640798297433e+01
 -5.732527203008e-03   -3.273899597658e-03  -1.566174441200e+02  -4.640798297433e+01
 -6.068445348090e-01    2.080624885070e-04  -1.702256641596e+02  -4.640798297433e+01
 -6.076710996308e-01    2.262672928844e-03  -1.700586886115e+02  -2.755295820790e+01
 -1.059598770483e+00   -1.343906276465e-01  -1.574543638205e+02  -2.755295820790e+01
 -5.670064302335e-01   -8.620283806993e-02  -1.567097254512e+02  -2.755295820790e+01
 -5.697241868797e-01   -8.633305000891e-02  -1.565940481157e+02  -2.676916569988e+01
 -1.056626654582e+00   -1.347800660542e-01  -1.575568610843e+02  -2.676916569988e+01
 -9.590067155567e-01   -2.401158602219e-01  -1.456240212470e+02  -2.676916569988e+01
 -7.885260041580e-03    3.178072733959e-06  -1.563636473641e+02  -4.403954412925e+01
 -5.651376926967e-01   -8.649451412841e-02  -1.566944478687e+02  -4.403954412925e+01
 -5.126496740623e-01   -1.506899938428e-01  -1.438677442401e+02  -4.403954412925e+01
 -1.211069554160e+00   -1.190558978871e-01  -1.581725563004e+02  -7.182587815647e+00
 -1.184920769537e+00   -2.286388642434e-01  -1.472076173520e+02  -7.182587815647e+00
 -1.058076943286e+00   -1.351705552141e-01  -1.574947259742e+02  -7.182587815647e+00
 -1.746895970166e-03   -2.154034227481e-04  -2.008463009844e+02   1.785967765253e+01
 -6.490591701178e-01    9.052792442046e-02  -1.927457029181e+02   1.785967765253e+01
 -5.100445114764e-01    9.883219673276e-02  -2.026467163530e+02   1.785967765253e+01
 -6.715747367069e-01   -2.537614516984e-01  -1.271629847442e+02  -1.018037948316e+01
 -8.152690897129e-01   -2.858735875727e-01  -1.353393373678e+02  -1.018037948316e+01
 -9.544824038090e-01   -2.992504584312e-01  -1.298037846338e+02  -1.018037948316e+01
 -1.187642608900e+00   -2.285210064305e-01  -1.472861445795e+02  -1.118049292242e+01
 -9.603643426544e-01   -2.397641793064e-01  -1.458015489450e+02  -1.118049292242e+01
 -1.055100187484e+00   -1.358112833506e-01  -1.574218442282e+02  -1.118049292242e+01
 -5.133602576344e-01   -1.522199299709e-01  -1.439135749918e+02  -2.366479525214e+01
 -9.584107221966e-01   -2.405078913949e-01  -1.457423793503e+02  -2.366479525214e+01
 -8.172046526498e-01   -2.856986020211e-01  -1.353272239631e+02  -2.366479525214e+01
 -5.111204033372e-01   -1.517920482463e-01  -1.440071127976e+02  -2.555898722845e+01
 -5.668060281050e-01   -8.607721582769e-02  -1.565680240331e+02  -2.555898722845e+01
 -9.614223982027e-01   -2.406586544709e-01  -1.456488071873e+02  -2.555898722845e+01
 -1.092926557016e+00   -3.046779361975e-01  -1.377972626956e+02  -1.141998904759e+01
 -8.185342280139e-01   -2.855703706534e-01  -1.354801838889e+02  -1.141998904759e+01
 -9.570144646847e-01   -2.409351786900e-01  -1.456345010146e+02  -1.141998904759e+01
 -4.090260407800e-03    7.860490411658e-04  -1.563340018331e+02  -3.872656452444e+01
 -5.159425786969e-01   -1.516151645362e-01  -1.438761057110e+02  -3.872656452444e+01
 -5.315050910070e-04   -1.274713496094e-03  -1.439854754135e+02  -3.872656452444e+01
 -1.187002084401e+00   -2.273163855948e-01  -1.473817675206e+02  -8.014542409326e+00
 -1.090014262494e+00   -3.044849877041e-01  -1.377202479087e+02  -8.014542409326e+00
 -9.603643829429e-01   -2.407414646768e-01  -1.457081927190e+02  -8.014542409326e+00
 -1.205477417647e+00   -1.212106120031e-01  -1.580850621758e+02   6.079920616439e+00
 -6.551853069332e-01   -7.882252532275e-02  -1.472708700846e+02   6.079920616439e+00
 -1.190914518928e+00   -2.255017441044e-01  -1.474037652798e+02   6.079920616439e+00
 -1.614758690152e-03    2.872665915316e-04  -1.808789235192e+02   2.342629321887e+01
 -2.967666403623e-03   -8.255123695802e-04  -1.674065289458e+02   2.342629321887e+01
 -7.056382894497e-01    3.510311948170e-02  -1.781906035270e+02   2.342629321887e+01
 -4.255470587802e-01   -1.704411026840e-01  -1.333378454990e+02  -2.256148569912e+01
 -5.109529768627e-01   -1.518928173466e-01  -1.438852746530e+02  -2.256148569912e+01
 -8.192301000383e-01   -2.861957498782e-01  -1.353513245534e+02  -2.256148569912e+01
 -5.127174772451e-01   -1.535770295077e-01  -1.440097814882e+02  -3.611026519902e+01
  2.577367814945e-04   -1.790548886220e-03  -1.328469420413e+02  -3.611026519902e+01
 -2.301384628972e-03   -1.620592653711e-04  -1.438529459096e+02  -3.611026519902e+01
 -2.505421203293e-03   -3.193078775869e-03  -1.328441409862e+02  -3.581380209147e+01
 -5.096405086972e-01   -1.526192365356e-01  -1.440029999661e+02  -3.581380209147e+01
 -4.258127073032e-01   -1.697980518072e-01  -1.332633783865e+02  -3.581380209147e+01
 -4.103024403165e-01    7.366465784316e-02  -2.081854494391e+02   1.365985232686e+01
  9.680175257261e-05    6.388336066547e-05  -2.087657705025e+02   1.365985232686e+01
 -1.348754453217e-03    1.250879546691e-04  -2.064225415124e+02   1.365985232686e+01
 -3.526209076337e-01   -1.525459443698e-01  -1.247790939702e+02  -2.436170610271e+01
  2.172161999922e-04   -2.297607327769e-04  -1.247014787045e+02  -2.436170610271e+01
 -3.394062956652e-03   -1.801451110062e-03  -1.326218979694e+02  -2.436170610271e+01
 -3.494653973556e-01   -1.506767565264e-01  -1.248559439097e+02  -1.961991179952e+01
  8.407271766323e-04    8.043512771136e-04  -1.189938037434e+02  -1.961991179952e+01
 -1.506443176087e-03   -1.222707017348e-03  -1.246244559700e+02  -1.961991179952e+01
 -4.504851832757e-01   -5.910983107334e-02  -1.286555802183e+02   1.499815556875e+01
 -1.054862457720e-03   -2.524521754705e-04  -1.290820340978e+02   1.499815556875e+01
  3.031358306792e-04    6.433826144684e-04  -1.219140239673e+02   1.499815556875e+01
 -3.504518360395e-01   -1.514700113100e-01  -1.247686745449e+02  -3.020533424588e+01
 -5.935429932954e-03   -3.183871124294e-03  -1.326536453807e+02  -3.020533424588e+01
 -4.238804391158e-01   -1.697768253711e-01  -1.333264855003e+02  -3.020533424588e+01
 -7.953274410662e-01    6.420103879033e-02  -1.219952674755e+02  -1.183569354352e+01
 -7.859025857725e-01    2.932035339540e-02  -1.171234899093e+02  -1.183569354352e+01
 -7.026323410106e-03    3.269840863326e-04  -1.220373214802e+02  -1.183569354352e+01
 -2.921441524294e-01   -8.333686545466e-02  -1.199381864372e+02  -1.080078403030e+01
 -3.483364236747e-01   -1.511747702040e-01  -1.247949774826e+02  -1.080078403030e+01
 -5.647696599465e-01   -1.477002856361e-01  -1.217686669932e+02  -1.080078403030e+01
 -6.725319013882e-01   -2.546371654493e-01  -1.270562876802e+02  -1.740430715785e+01
 -3.487791807496e-01   -1.505756303929e-01  -1.248812229871e+02  -1.740430715785e+01
 -4.252067424552e-01   -1.707262410465e-01  -1.332302613105e+02  -1.740430715785e+01
 -7.940065215953e-04   -2.609926804805e-03  -1.188995505533e+02  -2.754863576644e+00
 -2.759811918000e-01   -8.927241106770e-04  -1.181004436379e+02  -2.754863576644e+00
 -4.999820561553e-04    1.089550712446e-03  -1.174263707965e+02  -2.754863576644e+00
 -2.174452190958e-03   -3.216832923763e-03  -1.189263123854e+02  -8.073076215953e+00
 -2.914748183177e-01   -8.222715496181e-02  -1.199216715992e+02  -8.073076215953e+00
 -2.745985939908e-01   -6.184432488847e-04  -1.180846055259e+02  -8.073076215953e+00
 -5.297874676116e-01    2.538905629605e-03  -1.198781837800e+02  -2.800078632665e+00
 -2.747099812698e-01    1.368395458858e-03  -1.181467246555e+02  -2.800078632665e+00
 -2.912655065091e-01   -8.384184502402e-02  -1.198752614491e+02  -2.800078632665e+00
 -8.286747652401e-04   -1.513804684852e-03  -1.173947695301e+02   4.063361811203e+00
 -2.753909046211e-01    1.844295600170e-03  -1.181372964638e+02   4.063361811203e+00
 -2.959569335152e-01    8.722361479853e-02  -1.194595119050e+02   4.063361811203e+00
 -5.631756959662e-01   -1.475400367858e-01  -1.217469190707e+02  -1.237277245185e+01
 -3.501577019766e-01   -1.514850721998e-01  -1.248247477956e+02  -1.237277245185e+01
 -6.702363657160e-01   -2.534605038216e-01  -1.271155821181e+02  -1.237277245185e+01
 -2.924877595517e-01   -8.399997017395e-02  -1.199021387189e+02  -1.581310816369e+01
 -6.644632233122e-04    9.027372238631e-06  -1.190059097330e+02  -1.581310816369e+01
 -3.474487066706e-01   -1.498714439468e-01  -1.248436206588e+02  -1.581310816369e+01
 -4.275376813105e-01   -1.712846924206e-01  -1.332546440496e+02  -1.920508994082e+01
 -8.165122956080e-01   -2.855620969024e-01  -1.354269863851e+02  -1.920508994082e+01
 -6.706413022258e-01   -2.542067746476e-01  -1.270342889188e+02  -1.920508994082e+01
 -9.056669158102e-01    4.392411100638e-02  -1.615910590250e+02  -2.253195201657e+01
 -1.965805305469e-03    1.352762017065e-03  -1.439806445402e+02  -2.253195201657e+01
 -3.402345512706e-03   -8.882085437890e-04  -1.670599013378e+02  -2.253195201657e+01
 -1.189191752174e+00   -2.262765872251e-01  -1.473761081556e+02   8.432466072789e+00
 -6.562076489336e-01   -7.763370204651e-02  -1.472686556622e+02   8.432466072789e+00
 -9.646434392060e-01   -1.922582048349e-01  -1.391327452187e+02   8.432466072789e+00
 -7.976307902686e-01    6.562174623600e-02  -1.220122401613e+02  -1.222561999982e+01
 -4.131129726623e-03   -1.717398880441e-03  -1.220796381378e+02  -1.222561999982e+01
 -5.962176243716e-01    8.133911987335e-02  -1.294543154502e+02  -1.222561999982e+01
 -5.400626330221e-01   -7.900033267331e-02  -1.358999556550e+02   1.084594491122e+01
 -4.510964907336e-01   -5.995624990157e-02  -1.286614842524e+02   1.084594491122e+01
 -8.732764529206e-01   -1.654195415949e-01  -1.329575960591e+02   1.084594491122e+01
 -5.429139206135e-01   -7.874068448395e-02  -1.358896613012e+02   2.032820464188e+01
 -6.436464591270e-01   -7.792660965401e-02  -1.471728693777e+02   2.032820464188e+01
 -8.047335259318e-03    1.736624332552e-04  -1.436683238405e+02   2.032820464188e+01
 -9.678634283237e-01   -1.923367378741e-01  -1.392136028529e+02   4.835360190568e+00
 -8.714943613409e-01   -1.656308578619e-01  -1.329420183825e+02   4.835360190568e+00
 -1.032603158091e+00   -2.561224318045e-01  -1.318537616033e+02   4.835360190568e+00
 -8.717532470661e-01   -1.658284741436e-01  -1.329298460120e+02   1.148708567939e+01
 -9.674869835090e-01   -1.913587104031e-01  -1.392182011866e+02   1.148708567939e+01
 -5.420766611111e-01   -7.869010260402e-02  -1.359432881274e+02   1.148708567939e+01
 -9.005346615213e-01   -1.570741169341e-01  -1.283125059469e+02   5.798941704702e+00
 -1.032456013172e+00   -2.552260218668e-01  -1.318734890069e+02   5.798941704702e+00
 -8.714861897144e-01   -1.660018403042e-01  -1.329290297801e+02   5.798941704702e+00
 -9.714329860501e-01   -1.923272713141e-01  -1.392709785585e+02   3.231299541673e+00
 -1.029661093582e+00   -2.563525134505e-01  -1.317928874909e+02   3.231299541673e+00
 -1.093004275741e+00   -3.028659715961e-01  -1.378742798267e+02   3.231299541673e+00
 -8.704089825576e-01   -1.653247599139e-01  -1.329364325934e+02   1.048481958496e+01
 -4.545004034785e-01   -6.022233532407e-02  -1.286999177811e+02   1.048481958496e+01
 -9.024024813114e-01   -1.569904446977e-01  -1.283271630329e+02   1.048481958496e+01
 -5.399998346404e-01   -7.884786428684e-02  -1.359124939779e+02   1.103169277763e+01
 -9.696435936334e-01   -1.913421526326e-01  -1.392205771476e+02   1.103169277763e+01
 -6.473605916777e-01   -7.812518768990e-02  -1.471649390752e+02   1.103169277763e+01
 -6.954786035372e-01   -4.989579387182e-02  -1.216266838168e+02   1.229840199371e+01
 -4.498547469685e-01   -5.986277765041e-02  -1.286539518889e+02   1.229840199371e+01
 -1.273445680637e-03    1.302513328578e-03  -1.219401335221e+02   1.229840199371e+01
 -6.499727346100e-01   -2.447397568386e-02  -1.137138106819e+02   1.080338452266e+01
 -6.798241990054e-01   -2.455038334401e-02  -1.174161951777e+02   1.080338452266e+01
 -1.837555249780e-03    5.963665590940e-04  -1.130025194999e+02   1.080338452266e+01
 -1.110727283093e+00   -2.233135928675e-02  -1.126811354352e+02   6.587263895719e+00
 -6.817350547614e-01   -2.533833326703e-02  -1.174524838249e+02   6.587263895719e+00
 -6.500131110272e-01   -2.495811292075e-02  -1.137171889587e+02   6.587263895719e+00
 -6.924636963896e-01   -4.767280361437e-02  -1.216537863311e+02   7.785568977611e+00
 -9.907375624585e-01   -7.659018617272e-02  -1.217089591405e+02   7.785568977611e+00
 -8.990362078415e-01   -1.567598141518e-01  -1.282721701486e+02   7.785568977611e+00
 -1.277121177199e+00    5.525499009149e-03  -3.632960928202e+01   8.225792449700e+00
 -3.111438685277e-02    8.996854435633e-04  -2.716476816068e+01   8.225792449700e+00
 -1.531884802708e+00   -1.019051391848e-02  -2.783013307284e+01   8.225792449700e+00
 -1.041948219289e+00   -1.953112102970e-01  -1.261769131784e+02   5.177024993115e+00
 -1.030133721855e+00   -2.550316770773e-01  -1.318507932132e+02   5.177024993115e+00
 -9.025715702554e-01   -1.576565331828e-01  -1.283423436071e+02   5.177024993115e+00
 -1.178199846395e+00    7.566003381269e-03  -1.131995895672e+02  -6.431811978547e+00
 -7.882116892302e-01    2.947662962393e-02  -1.171936974093e+02  -6.431811978547e+00
 -1.069370308523e+00    8.696842661504e-02  -1.216083800740e+02  -6.431811978547e+00
 -6.910815908531e-01   -4.866852488588e-02  -1.215938055992e+02   1.023571685605e+01
 -9.020323294400e-01   -1.559718423522e-01  -1.283157351215e+02   1.023571685605e+01
 -4.541877223773e-01   -6.122517831859e-02  -1.286712312027e+02   1.023571685605e+01
 -4.555147661046e-04    3.550704713353e-04  -1.130049232952e+02   1.132967177691e+01
 -6.812873367311e-01   -2.443109286206e-02  -1.174102115774e+02   1.132967177691e+01
 -1.705131578984e-03    1.540817419344e-04  -1.167393456319e+02   1.132967177691e+01
 -1.162605678240e-02   -1.035452027739e-03  -1.058396105072e+02   8.720627737134e+00
 -1.406354543109e+00   -1.529074647732e-02  -1.024733008440e+02   8.720627737134e+00
 -6.489841677499e-01   -2.519065142474e-02  -1.137773723166e+02   8.720627737134e+00
 -8.380155108329e-01   -1.894366380799e-01  -1.244269725681e+02  -5.002023681848e+00
 -6.713967430185e-01   -2.536178945766e-01  -1.271031040977e+02  -5.002023681848e+00
 -9.540340196857e-01   -2.988241696715e-01  -1.298623853396e+02  -5.002023681848e+00
 -1.088851033067e+00   -3.035189613081e-01  -1.378020986082e+02  -2.342880751480e+00
 -1.032456620168e+00   -2.561751164519e-01  -1.318753526149e+02  -2.342880751480e+00
 -9.551572819669e-01   -2.989543342779e-01  -1.298742419561e+02  -2.342880751480e+00
 -5.286581980234e-01    3.206885423660e-03  -1.199284962045e+02  -2.529142607064e+00
 -5.624377655863e-01   -1.465066542309e-01  -1.217675172272e+02  -2.529142607064e+00
 -7.899004074901e-01    6.812105775975e-03  -1.222571927088e+02  -2.529142607064e+00
 -5.641307389861e-01   -1.470976453001e-01  -1.218350616736e+02  -7.279472206761e+00
 -6.689912750792e-01   -2.535578532206e-01  -1.270545894156e+02  -7.279472206761e+00
 -8.398164496399e-01   -1.892818147671e-01  -1.244690404477e+02  -7.279472206761e+00
 -7.878921019036e-01    6.587868731361e-03  -1.222182221407e+02  -1.752591210292e+00
 -5.644141729421e-01   -1.465853953710e-01  -1.218053207151e+02  -1.752591210292e+00
 -8.391876410207e-01   -1.890162222370e-01  -1.245010717878e+02  -1.752591210292e+00
 -5.632746443921e-01   -1.464113949004e-01  -1.218040154488e+02  -4.610645414000e+00
 -5.280615970875e-01    2.603365767884e-03  -1.198621019649e+02  -4.610645414000e+00
 -2.929353490822e-01   -8.418242871373e-02  -1.198970609465e+02  -4.610645414000e+00
 -9.509737300479e-01   -2.975362810427e-01  -1.297994401201e+02  -1.621269934090e+00
 -1.043769421171e+00   -1.954609349944e-01  -1.262432004678e+02  -1.621269934090e+00
 -8.423791154684e-01   -1.904911770003e-01  -1.245717710701e+02  -1.621269934090e+00
 -9.518384204189e-01   -2.991943335310e-01  -1.297358559936e+02  -7.438760832554e+00
 -8.184159362332e-01   -2.858925458091e-01  -1.354044234395e+02  -7.438760832554e+00
 -1.092556239313e+00   -3.041507307327e-01  -1.378749582409e+02  -7.438760832554e+00
 -1.040047620630e+00   -1.928369076043e-01  -1.261755417892e+02   4.938315405804e+00
 -9.935515397868e-01   -7.605324264130e-02  -1.217499157165e+02   4.938315405804e+00
 -1.140939402665e+00   -5.823876927591e-02  -1.210293783584e+02   4.938315405804e+00
 -9.548169614007e-01   -2.979407921979e-01  -1.298660661624e+02   4.159638268215e-01
 -1.032209093729e+00   -2.564969636483e-01  -1.318685436595e+02   4.159638268215e-01
 -1.039709305099e+00   -1.945487748673e-01  -1.261421865738e+02   4.159638268215e-01
 -1.033331307224e+00    1.039174477452e-01  -1.236616215496e+02   4.657429073318e-01
 -7.915389215641e-01    6.911967582350e-03  -1.223268435651e+02   4.657429073318e-01
 -1.014436597632e+00   -8.395476896378e-02  -1.236840022000e+02   4.657429073318e-01
 -7.895466053658e-01    5.302295407318e-03  -1.222891902538e+02  -7.621438310741e-01
 -8.383659027374e-01   -1.877066995731e-01  -1.244911940898e+02  -7.621438310741e-01
 -1.015872687017e+00   -8.330690623984e-02  -1.237225798717e+02  -7.621438310741e-01
 -1.143009564802e+00   -5.847759203958e-02  -1.210649990934e+02   6.862465494959e-01
 -1.018150903742e+00   -8.489723533128e-02  -1.237440469884e+02   6.862465494959e-01
 -1.037989136091e+00   -1.938592844460e-01  -1.261481844998e+02   6.862465494959e-01
 -1.145113396627e+00   -6.049932068951e-02  -1.210522651729e+02   1.929337724609e+00
 -1.197499570256e+00    1.231874439107e-02  -1.208002501260e+02   1.929337724609e+00
 -1.017045004916e+00   -8.205075894801e-02  -1.237527001780e+02   1.929337724609e+00
 -1.288657746715e+00   -1.042705349900e-02  -1.172988529601e+02   1.386724014486e+00
 -1.198183822938e+00    1.047666328652e-02  -1.208049145451e+02   1.386724014486e+00
 -1.143247909033e+00   -5.856914385093e-02  -1.210162522680e+02   1.386724014486e+00
 -1.013351728350e+00   -8.283820677332e-02  -1.236427490184e+02   1.300149361394e+00
 -8.425167432227e-01   -1.887760093517e-01  -1.245708291239e+02   1.300149361394e+00
 -1.043468108650e+00   -1.966435985005e-01  -1.262311784280e+02   1.300149361394e+00
 -9.001989222739e-01   -1.585246629540e-01  -1.282745019254e+02   4.441878974999e+00
 -9.903462439580e-01   -7.566092598825e-02  -1.216936609215e+02   4.441878974999e+00
 -1.044137343785e+00   -1.941853053241e-01  -1.262166255454e+02   4.441878974999e+00
 -5.285804672390e-01    3.797615483924e-03  -1.199251814052e+02   3.241339258545e+00
 -7.899876880563e-01    6.886550061278e-03  -1.222612940700e+02   3.241339258545e+00
 -5.729970117043e-01    1.556009892724e-01  -1.215922457340e+02   3.241339258545e+00
 -1.403476396904e+00   -2.877185929863e-03  -4.322567797512e+01  -7.196183721508e+00
 -4.054056078665e-02   -1.616807363583e-03  -4.401793704201e+01  -7.196183721508e+00
 -1.413226663307e+00   -3.335597754155e-03  -5.468655288940e+01  -7.196183721508e+00
 -9.698239574808e-01   -1.921944679863e-01  -1.392499727663e+02   6.357027213496e-01
 -1.094391971171e+00   -3.031547067884e-01  -1.379019354875e+02   6.357027213496e-01
 -1.182387393738e+00   -2.272243554760e-01  -1.472925995450e+02   6.357027213496e-01
 -1.010903687994e+00   -9.771706860783e-03   1.470349722234e-02  -9.845714716483e+00
 -1.414254908481e-03    1.341016857800e-04  -2.548517940104e-02  -9.845714716483e+00
 -5.246593172091e-03   -2.363341369027e-04  -7.381499025144e+00  -9.845714716483e+00
 -2.750096149800e-01    8.836787974824e-04  -1.181565070105e+02   3.332331154307e+00
 -5.297045021688e-01    4.281948106114e-03  -1.198813252926e+02   3.332331154307e+00
 -2.962234894754e-01    8.921721185516e-02  -1.194562526609e+02   3.332331154307e+00
 -4.486705408195e-01    1.801847363927e-01  -1.326315306204e+02   3.369323234722e+01
 -3.404576140076e-03    3.317169605690e-04  -1.431882540608e+02   3.369323234722e+01
 -2.899159152112e-04    9.688543686734e-04  -1.326843627774e+02   3.369323234722e+01
 -6.533404825308e-01   -2.577058759826e-02  -1.137688314262e+02   6.527853245539e+00
 -1.396727775072e+00   -1.467041963074e-02  -1.024146368698e+02   6.527853245539e+00
 -1.107904939721e+00   -2.208003868412e-02  -1.126067424367e+02   6.527853245539e+00
 -3.104051062594e-03   -9.361969568150e-04  -1.557999086746e+02   3.960310300874e+01
 -1.574843158442e-03    1.688045955542e-03  -1.434006775310e+02   3.960310300874e+01
 -5.307907516632e-01    1.519711078789e-01  -1.433818666256e+02   3.960310300874e+01
  5.149434246109e-04    5.090306818793e-04  -1.290900962203e+02   1.800343131022e+01
 -5.409730693252e-01   -7.797537533439e-02  -1.358969193904e+02   1.800343131022e+01
 -1.356409185705e-03   -1.874235664167e-04  -1.351733267713e+02   1.800343131022e+01
 -4.461635086408e-01    1.791089978724e-01  -1.326206195533e+02   4.020089119226e+01
 -5.265653827696e-01    1.527617692921e-01  -1.435003440296e+02   4.020089119226e+01
 -5.953524002164e-03    1.368933554099e-03  -1.432247199506e+02   4.020089119226e+01
 -5.995971308105e-03   -2.435740032846e-04  -1.558344864271e+02   4.590242981663e+01
 -5.281524751150e-01    1.512748113273e-01  -1.433696409864e+02   4.590242981663e+01
 -5.891051718667e-01    8.750802381663e-02  -1.560540445247e+02   4.590242981663e+01
 -2.201107217241e-03    8.377416509173e-04  -1.325737629090e+02   2.983422136010e+01
  1.011012563896e-03    5.460663233086e-04  -1.240710925942e+02   2.983422136010e+01
 -4.449273796611e-01    1.802987390047e-01  -1.327446466393e+02   2.983422136010e+01
 -1.381033614591e+00    3.109920241303e-02  -7.709867645334e+01   1.511301033755e+00
 -1.194330093827e+00    3.013755266185e-02  -7.785975953801e+01   1.511301033755e+00
 -1.081410972239e+00    1.829213951841e-02  -6.892117264154e+01   1.511301033755e+00
 -2.979530060710e-01    9.024685101267e-02  -1.194382129243e+02   2.063726147310e+01
 -3.556169308009e-01    1.500230101455e-01  -1.247797680768e+02   2.063726147310e+01
 -4.234997975904e-03    3.704461132292e-03  -1.239449930686e+02   2.063726147310e+01
 -9.509295152681e-04    1.226109055459e-03  -1.192778501399e+02   9.001764100684e+00
  3.622923040789e-04   -1.798596596689e-03  -1.173690237561e+02   9.001764100684e+00
 -2.976320315187e-01    8.766662022615e-02  -1.194758074530e+02   9.001764100684e+00
 -4.439535441459e-01    1.796488868047e-01  -1.326537796767e+02   1.840868772364e+01
 -3.568222660621e-01    1.510120849440e-01  -1.247937987156e+02   1.840868772364e+01
 -6.937186193222e-01    2.642822783481e-01  -1.268903674790e+02   1.840868772364e+01
 -4.423771897292e-01    1.792939482264e-01  -1.327358807189e+02   2.774805994176e+01
 -1.086307152614e-03    1.805096448485e-03  -1.240767479022e+02   2.774805994176e+01
 -3.574274151069e-01    1.510541921028e-01  -1.247392140447e+02   2.774805994176e+01
 -5.737827064818e-01    1.567981292656e-01  -1.215633681568e+02   1.346899772152e+01
 -6.914674036713e-01    2.632253185530e-01  -1.269453659086e+02   1.346899772152e+01
 -3.582947436156e-01    1.519668923690e-01  -1.247299653968e+02   1.346899772152e+01
 -5.276001585216e-01    1.528657666618e-01  -1.433899386164e+02   2.349186140684e+01
 -4.443614258632e-01    1.793128941152e-01  -1.327544916307e+02   2.349186140684e+01
 -8.520953538226e-01    2.983989995710e-01  -1.350180237396e+02   2.349186140684e+01
 -3.563593282035e-01    1.514623196063e-01  -1.247079767737e+02   1.141518709082e+01
 -2.968726450872e-01    8.858083150944e-02  -1.195241186082e+02   1.141518709082e+01
 -5.754284166930e-01    1.570631562028e-01  -1.215827566347e+02   1.141518709082e+01
 -2.348874970468e-03    2.566493234775e-03  -1.239163205007e+02   1.448056952009e+01
  1.579256503746e-04   -5.081340488720e-04  -1.193115776227e+02   1.448056952009e+01
 -2.996670916955e-01    9.096693832348e-02  -1.194471596288e+02   1.448056952009e+01
 -7.087420022706e-01    1.052994390860e-01  -1.368389150210e+02  -1.937179439062e+01
 -9.838084907168e-03   -3.243294893598e-04  -1.440215597649e+02  -1.937179439062e+01
 -8.187377660659e-01    9.830390647743e-02  -1.477009571619e+02  -1.937179439062e+01
 -8.492760747399e-01    2.977171867881e-01  -1.350931884925e+02   2.000388640668e+01
 -4.462208572599e-01    1.800379198336e-01  -1.326820440739e+02   2.000388640668e+01
 -6.918270097029e-01    2.639231262810e-01  -1.268677505010e+02   2.000388640668e+01
 -1.105598693656e+00    1.381674586316e-01  -1.569114660240e+02   2.957085555356e+01
 -1.144908564040e+00   -6.528940806250e-03  -1.695357806376e+02   2.957085555356e+01
 -6.212649692594e-01   -4.204750408782e-03  -1.694484922784e+02   2.957085555356e+01
 -1.105080300505e+00    1.390456885423e-01  -1.570345432820e+02   2.819860607921e+01
 -5.922412343359e-01    8.719457639537e-02  -1.559570896344e+02   2.819860607921e+01
 -1.000556874277e+00    2.493887830716e-01  -1.452382866447e+02   2.819860607921e+01
 -1.151002071968e+00   -5.704469298288e-03  -1.694123312763e+02   8.615573108449e+00
 -1.314856655669e+00    1.304301159892e-01  -1.577355775967e+02   8.615573108449e+00
 -1.312103486197e+00   -8.477204153209e-03  -1.694513975917e+02   8.615573108449e+00
 -9.033151463063e-01    4.253983858305e-02  -1.616022673439e+02  -4.955338353696e+00
 -1.312316457964e+00   -6.176720942594e-03  -1.693775500726e+02  -4.955338353696e+00
 -1.314004531774e+00    1.276023860402e-01  -1.578816423008e+02  -4.955338353696e+00
 -1.315270302870e+00   -7.754413817155e-03  -1.694086851923e+02  -8.173179494017e+00
 -9.002686714334e-01    4.398549098295e-02  -1.615670222575e+02  -8.173179494017e+00
 -8.992386318697e-01   -5.093172052680e-02  -1.770203424636e+02  -8.173179494017e+00
 -1.151111532099e+00   -8.590326683876e-03  -1.696149479471e+02   8.799013447364e+00
 -1.312050746760e+00   -7.020783136445e-03  -1.693576426779e+02   8.799013447364e+00
 -1.313601006843e+00   -1.511341377812e-01  -1.810765408990e+02   8.799013447364e+00
 -1.318132714319e+00    1.299663883335e-01  -1.578005713300e+02   1.186810685709e+01
 -1.147288516788e+00   -4.915056796833e-03  -1.693614990461e+02   1.186810685709e+01
 -1.105655176688e+00    1.378291801826e-01  -1.570921647840e+02   1.186810685709e+01
 -6.177139622544e-01   -4.049098293721e-03  -1.694366153825e+02   2.875370257865e+01
 -5.892043303353e-01    8.723775212890e-02  -1.560698653957e+02   2.875370257865e+01
 -1.108438963091e+00    1.385024803741e-01  -1.569290474287e+02   2.875370257865e+01
 -1.274433187329e+00    2.460440887429e-01  -1.473138192285e+02   9.473521914387e+00
 -1.001904911791e+00    2.501377443024e-01  -1.453192175385e+02   9.473521914387e+00
 -1.156082779181e+00    3.265001439983e-01  -1.376960938046e+02   9.473521914387e+00
 -1.002875205951e+00    2.499644561625e-01  -1.452625632510e+02   2.693863847297e+01
 -5.896491305325e-01    8.689927242098e-02  -1.559320274456e+02   2.693863847297e+01
 -5.274091915086e-01    1.527552782829e-01  -1.435089001121e+02   2.693863847297e+01
 -1.311382347833e+00    1.307071399424e-01  -1.578303420275e+02  -4.211933846901e+00
 -1.278074251424e+00    2.442628523304e-01  -1.473349475299e+02  -4.211933846901e+00
 -8.304243775213e-01    9.973625038991e-02  -1.477775556580e+02  -4.211933846901e+00
 -1.316651067958e+00    1.284720958504e-01  -1.579166556838e+02   8.938567819749e+00
 -1.106538294714e+00    1.393811881419e-01  -1.569765999626e+02   8.938567819749e+00
 -1.272467407416e+00    2.473607800054e-01  -1.471402055485e+02   8.938567819749e+00
 -8.511997379683e-01    2.976315724786e-01  -1.351518200436e+02   1.263637585812e+01
 -1.158992273205e+00    3.266693970383e-01  -1.377725425665e+02   1.263637585812e+01
 -9.985469141123e-01    2.503324218469e-01  -1.452458517268e+02   1.263637585812e+01
 -1.315449950945e+00    1.294890056823e-01  -1.578743550638e+02  -8.211305261836e+00
 -8.245723321267e-01    1.005030241976e-01  -1.477063757685e+02  -8.211305261836e+00
 -9.015172292435e-01    4.093853879064e-02  -1.616079570964e+02  -8.211305261836e+00
 -1.276594903168e+00    2.450892978000e-01  -1.473056335560e+02  -6.629881521760e+00
 -1.083428538008e+00    2.201551336185e-01  -1.395549953961e+02  -6.629881521760e+00
 -8.310942701295e-01    9.844826443970e-02  -1.477806465669e+02  -6.629881521760e+00
 -1.275160982527e+00    2.472352489618e-01  -1.472180369485e+02   1.267570236955e+01
 -1.103623467841e+00    1.400256729509e-01  -1.569030336145e+02   1.267570236955e+01
 -1.001831890494e+00    2.491480333386e-01  -1.454128023950e+02   1.267570236955e+01
 -5.300025727057e-01    1.532882010623e-01  -1.434146291090e+02   2.510656981018e+01
 -8.501001998598e-01    2.978927561049e-01  -1.349948410983e+02   2.510656981018e+01
 -9.997623468207e-01    2.498217556353e-01  -1.453554358411e+02   2.510656981018e+01
 -5.984679196456e-01    8.173895573353e-02  -1.294714908916e+02  -1.584323467767e+01
 -2.292501446246e-03   -7.551732904207e-04  -1.294714157268e+02  -1.584323467767e+01
 -7.072830797470e-01    1.049727827063e-01  -1.368534776534e+02  -1.584323467767e+01
 -9.983222838357e-01    3.191881790477e-01  -1.297780366536e+02   1.116739983788e+01
 -8.480258902391e-01    2.979368639869e-01  -1.350135409736e+02   1.116739983788e+01
 -6.928231820747e-01    2.636543766590e-01  -1.269858909740e+02   1.116739983788e+01
 -3.376205182959e-03   -2.075245636682e-03  -1.693691684901e+02   4.329905806560e+01
 -1.938623084544e-03    1.612605456805e-03  -1.560211925139e+02   4.329905806560e+01
 -5.928467458257e-01    8.533576822396e-02  -1.559341451691e+02   4.329905806560e+01
 -7.879599496641e-01    7.078440449486e-03  -1.222208998551e+02   2.625495929197e+00
 -8.605953208439e-01    2.053383599227e-01  -1.244315881887e+02   2.625495929197e+00
 -5.749854660662e-01    1.556990949987e-01  -1.216324175198e+02   2.625495929197e+00
 -2.978348672672e-01    8.946084853094e-02  -1.194864091200e+02   5.279060883110e+00
 -5.280129440891e-01    4.278761187275e-03  -1.198627514260e+02   5.279060883110e+00
 -5.737448406920e-01    1.556022559988e-01  -1.216236018285e+02   5.279060883110e+00
 -9.956691778528e-01    3.191351146944e-01  -1.297107108195e+02   8.588731251778e+00
 -1.158518171063e+00    3.261255568369e-01  -1.378487427868e+02   8.588731251778e+00
 -8.511521034916e-01    2.979470401303e-01  -1.350789819642e+02   8.588731251778e+00
 -6.927371121806e-01    2.635508933859e-01  -1.269272604126e+02   6.029115878481e+00
 -8.595166712500e-01    2.057812601359e-01  -1.243591353827e+02   6.029115878481e+00
 -9.978250177361e-01    3.187524072646e-01  -1.298339213324e+02   6.029115878481e+00
 -1.103393593049e+00    2.194185192780e-01  -1.263770138421e+02   2.455161461102e+00
 -9.948923302445e-01    3.175167653829e-01  -1.297744489585e+02   2.455161461102e+00
 -8.637458284802e-01    2.068345754975e-01  -1.245010490056e+02   2.455161461102e+00
 -9.989328182308e-01    3.189096985459e-01  -1.298449817482e+02   3.399579705103e+00
 -1.112242783800e+00    2.839429065280e-01  -1.321240216390e+02   3.399579705103e+00
 -1.154885024141e+00    3.255058055022e-01  -1.377788560030e+02   3.399579705103e+00
 -1.102996043065e+00    2.204565048170e-01  -1.263592383353e+02  -3.662748079229e-01
 -8.639801783046e-01    2.051999235788e-01  -1.245040632278e+02  -3.662748079229e-01
 -1.032329978394e+00    1.028647792694e-01  -1.236197368793e+02  -3.662748079229e-01
 -6.903230340250e-01    2.634337364696e-01  -1.268805247325e+02   8.080991220622e+00
 -5.746068168335e-01    1.562088306238e-01  -1.216593300015e+02   8.080991220622e+00
 -8.613263618275e-01    2.056585174963e-01  -1.244011696200e+02   8.080991220622e+00
 -7.943013611783e-01    6.475716384237e-02  -1.219817950357e+02  -6.530836671334e+00
 -1.072202123111e+00    8.819894612910e-02  -1.216391311426e+02  -6.530836671334e+00
 -7.855748486637e-01    2.876833129075e-02  -1.171559819455e+02  -6.530836671334e+00
 -1.417060396131e+00   -1.335982321777e-02  -1.024796554469e+02   8.559236824962e+00
 -8.148529775818e-03   -2.045992314157e-03  -1.057126390510e+02   8.559236824962e+00
 -1.350703849676e-02    1.593597641130e-03  -9.424484408915e+01   8.559236824962e+00
 -1.099731383499e+00    2.166014235625e-01  -1.263087399332e+02  -4.404175237686e+00
 -1.188476218150e+00    7.043646244691e-02  -1.212973520738e+02  -4.404175237686e+00
 -1.073450682936e+00    8.898706329999e-02  -1.216722795120e+02  -4.404175237686e+00
 -1.097616276045e+00    2.173918103729e-01  -1.262734498068e+02   2.334730739874e-02
 -1.036964649399e+00    1.052115731974e-01  -1.237166445200e+02   2.334730739874e-02
 -1.190238996651e+00    7.112707856007e-02  -1.213328191067e+02   2.334730739874e-02
 -1.191932229036e+00    7.009252566134e-02  -1.213507113712e+02  -3.214447148101e-03
 -1.197274443743e+00    1.108566218915e-02  -1.208065890345e+02  -3.214447148101e-03
 -1.290119090058e+00   -1.118576759654e-02  -1.172982340511e+02  -3.214447148101e-03
 -1.111939992529e+00    2.842220109424e-01  -1.321159630867e+02   5.646528313560e-01
 -9.987033681454e-01    3.179703991055e-01  -1.298390254390e+02   5.646528313560e-01
 -1.099388877649e+00    2.184854350994e-01  -1.262801374808e+02   5.646528313560e-01
 -1.181206579500e+00    8.747659477988e-03  -1.132319681170e+02  -1.865410215628e+00
 -1.191671398082e+00    6.944482949131e-02  -1.213737668305e+02  -1.865410215628e+00
 -1.291733654009e+00   -1.058363217530e-02  -1.172924781611e+02  -1.865410215628e+00
 -1.192271158189e+00    7.333233191850e-02  -1.213337847629e+02  -9.658036269323e-01
 -1.036035037534e+00    1.022189661896e-01  -1.237188433049e+02  -9.658036269323e-01
 -1.197397754927e+00    8.632054262999e-03  -1.208109472071e+02  -9.658036269323e-01
 -8.598897561620e-01    2.040139509671e-01  -1.244243186952e+02   1.517785115403e+00
 -7.894718779613e-01    8.420205694237e-03  -1.222882648100e+02   1.517785115403e+00
 -1.034817907660e+00    1.033691953792e-01  -1.237013728717e+02   1.517785115403e+00
 -1.003144652863e+00    1.870128557472e-01  -1.287689836388e+02  -3.732823960734e+00
 -1.103988713107e+00    2.179605873376e-01  -1.263555975521e+02  -3.732823960734e+00
 -1.070202857203e+00    8.895033437760e-02  -1.216204529070e+02  -3.732823960734e+00
 -1.112290853105e+00    2.830698261917e-01  -1.321227378514e+02  -4.713511949642e+00
 -1.003746551869e+00    1.854421012589e-01  -1.288058234740e+02  -4.713511949642e+00
 -9.898129864189e-01    1.954831067046e-01  -1.335104378861e+02  -4.713511949642e+00
 -1.109985014914e+00    2.828365128463e-01  -1.321006253400e+02  -4.321185873428e+00
 -1.101565367154e+00    2.191267694444e-01  -1.263126504763e+02  -4.321185873428e+00
 -1.005722966976e+00    1.860771234150e-01  -1.288347621493e+02  -4.321185873428e+00
 -1.086201468611e+00    2.193278532896e-01  -1.396354872820e+02  -1.007584750391e+01
 -9.900632602642e-01    1.953530646578e-01  -1.335131241704e+02  -1.007584750391e+01
 -7.082665245658e-01    1.054056105724e-01  -1.368872456358e+02  -1.007584750391e+01
 -9.899300384409e-01    1.951568013286e-01  -1.335246425292e+02  -3.676867556150e+00
 -1.086424021976e+00    2.202699470376e-01  -1.396319640855e+02  -3.676867556150e+00
 -1.112260967420e+00    2.839276383220e-01  -1.321019858750e+02  -3.676867556150e+00
 -5.983334023499e-01    8.166460736636e-02  -1.294736609466e+02  -9.765599441283e+00
 -7.069456227031e-01    1.057480071039e-01  -1.368502806457e+02  -9.765599441283e+00
 -9.914212830796e-01    1.949497354788e-01  -1.335418036841e+02  -9.765599441283e+00
 -1.088452163510e+00    2.193092533051e-01  -1.396382319578e+02  -9.445446216069e+00
 -7.057514826511e-01    1.055523866449e-01  -1.368581953092e+02  -9.445446216069e+00
 -8.222127325917e-01    9.878642600788e-02  -1.476853091225e+02  -9.445446216069e+00
 -9.888920561220e-01    1.948343146139e-01  -1.335215051494e+02  -9.697033343803e+00
 -1.005595820156e+00    1.853283342780e-01  -1.288185479131e+02  -9.697033343803e+00
 -6.011944677503e-01    8.194909949465e-02  -1.295082094185e+02  -9.697033343803e+00
 -1.109374999440e+00    2.841520003441e-01  -1.320432476548e+02  -1.910734657525e+00
 -1.089938746210e+00    2.202582739191e-01  -1.396868674740e+02  -1.910734657525e+00
 -1.159059696972e+00    3.248746665866e-01  -1.378492552827e+02  -1.910734657525e+00
 -7.961353880722e-01    6.357677687622e-02  -1.220214184724e+02  -7.466928033756e+00
 -1.002173983802e+00    1.851342290994e-01  -1.287762902016e+02  -7.466928033756e+00
 -1.070583899301e+00    9.007501952856e-02  -1.216209469199e+02  -7.466928033756e+00
 -7.516238677673e-01    1.078809010326e-02  -1.129852277037e+02  -1.095685754125e+01
 -3.227004690460e-03   -5.345328442005e-04  -1.125539703520e+02  -1.095685754125e+01
 -7.858289497535e-01    2.870749495309e-02  -1.171818323184e+02  -1.095685754125e+01
 -7.513492227684e-01    1.078303857857e-02  -1.129420262000e+02  -6.069379422243e+00
 -1.178981371698e+00    8.390528744233e-03  -1.131692412180e+02  -6.069379422243e+00
 -1.037318663144e+00    1.372583323007e-02  -1.060920506224e+02  -6.069379422243e+00
 -3.151248126739e-03    5.613968855762e-04  -1.219964834953e+02  -1.125401829480e+01
 -7.891151314698e-01    2.917059127310e-02  -1.171573674587e+02  -1.125401829480e+01
 -6.921728994254e-04   -5.492563190338e-04  -1.125362873078e+02  -1.125401829480e+01
 -1.004528938237e+00   -9.521057679357e-03  -5.856222799762e-03  -3.301065672904e+00
 -1.191989472210e+00   -1.127342278912e-02  -8.037627765449e+00  -3.301065672904e+00
 -1.345758675051e+00   -2.954473930050e-03  -8.555963286217e-02  -3.301065672904e+00
  1.381292670101e-03    1.626114787370e-03  -2.077271568376e+02  -1.341968162419e+01
 -5.365124888995e-01   -9.388089461803e-02  -2.059017733454e+02  -1.341968162419e+01
 -2.169686169730e-03   -9.105896237522e-04  -2.050529338278e+02  -1.341968162419e+01
 -1.188802790883e+00    1.596283347947e-02  -9.457196337449e+01   9.081556392516e+00
 -1.406091469292e+00   -1.219158591688e-02  -1.024513898406e+02   9.081556392516e+00
 -2.033032083513e-02    1.823631179367e-03  -9.424583741533e+01   9.081556392516e+00
 -7.938141102869e-01    6.444108727449e-02  -1.219679613541e+02  -9.510041466356e+00
 -6.001442742784e-01    8.288391119798e-02  -1.294738238594e+02  -9.510041466356e+00
 -1.005772553057e+00    1.843621913643e-01  -1.288129848395e+02  -9.510041466356e+00
 -1.396794836782e+00   -2.309305034492e-03  -4.319948805781e+01  -1.942876431840e-01
 -1.288641811847e+00    5.487265692717e-03  -3.625284601225e+01  -1.942876431840e-01
 -1.232771262638e+00   -6.530453044009e-03  -3.482482857955e+01  -1.942876431840e-01
  8.927023512901e-04   -3.414016287889e-04  -1.294020818257e+02  -1.775056180661e+01
 -4.935343847683e-03    1.157506778669e-04  -1.439365669045e+02  -1.775056180661e+01
 -7.119668828326e-01    1.047088869802e-01  -1.368739862159e+02  -1.775056180661e+01
 -1.338480089512e+00    6.851074625861e-03  -9.596842789975e+01  -9.511792383068e+00
 -2.337444883028e-02    1.838013971169e-03  -1.050640997742e+02  -9.511792383068e+00
 -1.028446774816e+00    1.407461673882e-02  -1.060283201452e+02  -9.511792383068e+00
 -1.160303534116e+00    3.251634005606e-01  -1.378754910873e+02   7.651004613105e-01
 -1.088516003881e+00    2.201116881891e-01  -1.396673165620e+02   7.651004613105e-01
 -1.269935913662e+00    2.459966536245e-01  -1.472254473143e+02   7.651004613105e-01
 -1.198551625680e+00    1.044560185143e-02  -1.208554489793e+02   3.994702025188e-01
 -1.033819885558e+00    1.004595738603e-01  -1.236874571425e+02   3.994702025188e-01
 -1.014742276813e+00   -8.050581116939e-02  -1.237099351380e+02   3.994702025188e-01
 -5.673802538015e-03    1.452070661733e-03  -1.440107980487e+02  -1.864738608296e+01
 -9.021061424969e-01    4.392014334977e-02  -1.615748876185e+02  -1.864738608296e+01
 -8.216176285458e-01    9.741274747033e-02  -1.477124112656e+02  -1.864738608296e+01
 -1.392069805025e+00   -1.333069735198e-02  -1.022749261688e+02  -2.445786321407e+00
 -1.052350950734e+00    1.370338808676e-02  -1.060651325316e+02  -2.445786321407e+00
 -1.306593592776e+00   -3.486291654838e-03  -1.130528368099e+02  -2.445786321407e+00
 -1.208574209935e+00   -1.182469553945e-01  -1.581319821246e+02   7.406132162937e+00
 -1.199721929259e+00    1.625192404800e-03  -1.700217228348e+02   7.406132162937e+00
 -7.111425178703e-01   -3.620778210699e-02  -1.617377158568e+02   7.406132162937e+00
 -1.257395615646e-02   -5.469014063782e-04  -7.368537900434e+00  -9.039813356270e+00
 -1.195174338704e+00   -1.119329131790e-02  -7.982273189918e+00  -9.039813356270e+00
 -1.004186316037e+00   -9.672576655213e-03   3.316782902787e-02  -9.039813356270e+00
 -1.303349006062e+00   -3.585390518851e-03  -1.130189645049e+02  -1.699606966820e+00
 -1.181595903267e+00    9.100504977808e-03  -1.132172048808e+02  -1.699606966820e+00
 -1.290688784415e+00   -1.039602186120e-02  -1.172869419670e+02  -1.699606966820e+00
 -1.551192898077e+00   -1.250558266999e-02  -2.781784712465e+01  -6.891531140700e+00
 -1.276793284121e+00   -1.957009819866e-02  -1.663405216629e+01  -6.891531140700e+00
 -4.993792865877e-02    9.731655724814e-04  -2.569578423077e+01  -6.891531140700e+00
 -1.310397838037e+00   -3.393347096916e-03  -1.130647095244e+02  -1.954317442368e+00
 -1.046445657764e+00    1.361089453373e-02  -1.060853456042e+02  -1.954317442368e+00
 -1.174259751757e+00    8.603068351643e-03  -1.132144448962e+02  -1.954317442368e+00
 -1.038006360513e+00    1.330050047625e-02  -1.059174686251e+02  -2.053425307673e+00
 -1.401333562118e+00   -1.191353211581e-02  -1.022499839321e+02  -2.053425307673e+00
 -1.328484823224e+00    7.048679693164e-03  -9.590816683945e+01  -2.053425307673e+00
 -1.289410613088e+00   -1.067668032999e-02  -1.172859484800e+02   3.883078114647e+00
 -1.142814067313e+00   -5.852944815806e-02  -1.210188686506e+02   3.883078114647e+00
 -9.899591028205e-01   -7.524518487988e-02  -1.217506711100e+02   3.883078114647e+00
 -1.112155111061e+00   -2.163748645506e-02  -1.126686540319e+02   2.785186269570e+00
 -1.304992571845e+00   -3.086090931733e-03  -1.130197003765e+02   2.785186269570e+00
 -1.288120683808e+00   -1.124364170769e-02  -1.173197703668e+02   2.785186269570e+00
 -9.886420761168e-01   -7.417648947049e-02  -1.217693657589e+02   6.049294376375e+00
 -6.877604725446e-01   -2.599654850014e-02  -1.174879566616e+02   6.049294376375e+00
 -1.292278920172e+00   -1.186250548407e-02  -1.172936401070e+02   6.049294376375e+00
 -1.296337885221e-03    8.136150304399e-04  -1.166905339155e+02   1.159175214549e+01
 -6.961314977989e-01   -4.812999889590e-02  -1.216205799265e+02   1.159175214549e+01
 -1.610616310751e-03   -2.749152368743e-04  -1.219201687228e+02   1.159175214549e+01
 -6.927495767391e-01   -4.797040580838e-02  -1.216080953237e+02   1.164307034884e+01
 -3.714207989378e-03    9.981804389016e-04  -1.167130021336e+02   1.164307034884e+01
 -6.800423081251e-01   -2.505165296522e-02  -1.174329273051e+02   1.164307034884e+01
 -1.178387791495e+00    7.429269509499e-03  -1.132138057912e+02  -3.211959884853e+00
 -1.068823522431e+00    8.733502131060e-02  -1.216004289548e+02  -3.211959884853e+00
 -1.193039871148e+00    7.057040408009e-02  -1.213775503959e+02  -3.211959884853e+00
 -7.507855433589e-01    1.065557713716e-02  -1.129701418349e+02  -6.417734748986e+00
 -7.856638604602e-01    2.916241362523e-02  -1.172118208929e+02  -6.417734748986e+00
 -1.180834701390e+00    8.366046320543e-03  -1.131962233541e+02  -6.417734748986e+00
 -1.191737695444e+00   -9.863972145064e-03  -8.066982344622e+00  -1.054259310331e+00
 -1.282896977496e+00   -2.064631999905e-02  -1.709452056650e+01  -1.054259310331e+00
 -1.351694537803e+00   -1.718463170814e-02  -1.060462194546e+01  -1.054259310331e+00
 -1.968337790732e-02   -9.280523708321e-04  -8.462157967160e+01  -8.972636056793e+00
 -1.372713915281e+00    2.535568541580e-02  -7.669431938290e+01  -8.972636056793e+00
 -9.179889341078e-04   -7.758099774005e-04  -7.519288040833e+01  -8.972636056793e+00
 -3.699707414503e-02    5.867218401680e-04  -8.555570996180e+01   7.272281752844e+00
 -1.554301329809e+00    1.771208372992e-02  -8.606346257652e+01   7.272281752844e+00
 -1.191757008425e+00    1.503145170567e-02  -9.487871038702e+01   7.272281752844e+00
 -1.541914195039e+00    1.803702409591e-02  -8.609704725517e+01  -7.177019023897e+00
 -3.922454532922e-02   -7.396615238223e-04  -8.519702418904e+01  -7.177019023897e+00
 -1.334599477272e+00    5.899161531729e-03  -9.639521849028e+01  -7.177019023897e+00
 -1.224566516216e+00   -1.378958721810e-05  -4.924163812554e+01   1.879382607435e+00
 -1.424070562927e+00   -4.016096999628e-03  -5.431510063951e+01   1.879382607435e+00
 -1.220573133398e+00   -1.414493914490e-02  -5.947331564812e+01   1.879382607435e+00
 -1.233600427461e+00   -6.833814940385e-03  -3.484640596789e+01  -8.966300751828e+00
  4.301576419369e-04    1.491869679855e-04  -3.478137052638e+01  -8.966300751828e+00
 -1.478187112849e-02   -5.697940118524e-04  -4.359263614798e+01  -8.966300751828e+00
 -1.089125276244e+00    1.838251982318e-02  -6.879552205085e+01   2.430557307632e+00
 -1.422495817852e+00    1.861703412646e-02  -6.550070016869e+01   2.430557307632e+00
 -1.372018563293e+00    3.080714976478e-02  -7.713321030932e+01   2.430557307632e+00
 -1.412656300391e+00   -3.280970435106e-03  -5.378602791431e+01  -6.966461481428e+00
 -4.612523218603e-02    2.184559403198e-03  -6.530699722452e+01  -6.966461481428e+00
 -1.434920127800e+00    1.762042371562e-02  -6.545299778335e+01  -6.966461481428e+00
 -1.215926832660e+00   -4.221180397161e-06  -4.912648234837e+01   1.918514087717e+00
 -1.270854704767e+00    4.943461367833e-03  -3.620934018910e+01   1.918514087717e+00
 -1.409368075017e+00   -1.409351286279e-03  -4.317048523038e+01   1.918514087717e+00
 -1.438023070624e+00    1.980020030610e-02  -6.570680091846e+01  -6.785161252911e+00
 -4.163950970382e-02    2.686268097668e-04  -6.575985240855e+01  -6.785161252911e+00
 -1.359355156729e+00    2.783175254289e-02  -7.734419526519e+01  -6.785161252911e+00
 -1.364588011670e+00   -1.529426570050e-02  -1.060798830038e+01   8.827278569727e+00
 -1.383764895780e-02   -1.016379804284e-03  -1.757796392739e+01   8.827278569727e+00
 -8.538795724745e-03    1.362773427602e-03  -6.751959221589e+00   8.827278569727e+00
 -1.601998782402e-02    1.234156220681e-03  -1.622385630237e+01  -8.648549664194e+00
 -1.282619469973e+00   -1.843936853402e-02  -1.701034410898e+01  -8.648549664194e+00
 -1.193654773458e+00   -1.059367129370e-02  -8.003477283290e+00  -8.648549664194e+00
 -7.614355711931e-03    6.402250474426e-04  -1.623244898654e+01  -9.136101713896e+00
 -1.202489633453e+00   -1.085616452166e-02  -7.985996480930e+00  -9.136101713896e+00
 -6.182303052887e-03   -6.291563845435e-04  -7.428568529594e+00  -9.136101713896e+00
 -1.337903017582e+00   -2.577100370531e-03  -8.903398392330e-02  -1.176552896992e+00
 -1.200070165572e+00   -1.147803282387e-02  -7.997730965947e+00  -1.176552896992e+00
 -1.342436932061e+00   -1.480928208999e-02  -1.059662785295e+01  -1.176552896992e+00
  8.837806582015e-04   -2.917004044059e-04  -3.453786268907e+01  -8.962712179499e+00
 -1.231680765789e+00   -6.595359772731e-03  -3.527442278588e+01  -8.962712179499e+00
 -2.104742082653e-02   -6.652840530068e-05  -2.626831229392e+01  -8.962712179499e+00
 -1.293556270229e+00   -2.197641543079e-02  -1.709969655876e+01   8.985614348105e-01
 -1.522946320420e+00   -1.205323018928e-02  -2.798419856250e+01   8.985614348105e-01
 -1.178370047563e+00   -3.119231619037e-02  -2.029528765306e+01   8.985614348105e-01
 -1.292032763692e+00   -1.801199211314e-02  -1.683651585101e+01  -8.743482005719e+00
 -4.908814299894e-03    1.073009129389e-03  -1.637901885486e+01  -8.743482005719e+00
 -2.188248584577e-02    6.392672457865e-04  -2.566334694249e+01  -8.743482005719e+00
 -1.298119273387e+00   -2.213887627709e-02  -1.707503864035e+01   8.449071597988e-01
 -1.177032375751e+00   -3.128748727277e-02  -2.004380681945e+01   8.449071597988e-01
 -1.341782665052e+00   -1.730584780778e-02  -1.047519342806e+01   8.449071597988e-01
 -4.392567545983e-03   -5.594975046621e-04  -1.754367665876e+01   9.734266033356e+00
 -1.177199003796e+00   -2.884209111844e-02  -1.992909156081e+01   9.734266033356e+00
 -9.617775297181e-03    9.668663922343e-04  -2.678246013631e+01   9.734266033356e+00
 -2.922211063095e-02    1.783189199417e-03  -2.684122191134e+01   8.144612755961e+00
 -1.166299258442e+00   -2.917545356627e-02  -1.986608309463e+01   8.144612755961e+00
 -1.533380583312e+00   -1.099288788488e-02  -2.785025254859e+01   8.144612755961e+00
 -1.351774389365e+00    6.618020947118e-03  -9.604751686641e+01  -9.325904029142e+00
 -2.573176307512e-03   -9.035388011227e-04  -9.513138452175e+01  -9.325904029142e+00
 -1.292526427281e-02    1.105287405861e-03  -1.050065953279e+02  -9.325904029142e+00
 -1.201426587804e+00    1.456984383534e-02  -9.465519519845e+01   1.037821399890e+00
 -1.342452857846e+00    6.592469487043e-03  -9.598784235883e+01   1.037821399890e+00
 -1.388758615566e+00   -1.141286048746e-02  -1.024557650931e+02   1.037821399890e+00
 -4.886942570058e-03   -2.300113254172e-04  -7.462418000693e+01   9.403715701432e+00
 -1.208349573323e+00    2.881722615798e-02  -7.749229217576e+01   9.403715701432e+00
 -1.329367609819e-02   -2.079692213584e-04  -8.525633018363e+01   9.403715701432e+00
 -1.339772901280e+00    6.043894348596e-03  -9.598209024433e+01   1.406207017185e+00
 -1.206560028936e+00    1.448079299399e-02  -9.445398813308e+01   1.406207017185e+00
 -1.531639071619e+00    1.763332654997e-02  -8.599877121396e+01   1.406207017185e+00
 -1.201830096491e+00    1.620737501093e-02  -9.471971358736e+01   9.129092090262e+00
 -3.772832577739e-03    1.057038463582e-03  -9.423826007342e+01   9.129092090262e+00
 -1.507927011745e-02    3.364469932853e-04  -8.563257287589e+01   9.129092090262e+00
 -1.266145250198e-02    3.777014719216e-04  -2.718989852309e+01   9.772514399013e+00
 -1.290753531290e+00    5.434527629868e-03  -3.628486640742e+01   9.772514399013e+00
 -1.426387730144e-03   -3.200583801429e-05  -3.785183608827e+01   9.772514399013e+00
 -2.026913075588e-03   -4.509450732313e-04  -9.500077802927e+01  -9.309538254877e+00
 -1.349636648364e+00    5.667152886079e-03  -9.625933630538e+01  -9.309538254877e+00
 -1.790493108827e-02   -4.806335812896e-04  -8.523076048048e+01  -9.309538254877e+00
 -1.236057648538e+00   -6.276314675591e-03  -3.496221406986e+01  -8.023073364844e-01
 -1.284209179487e+00    5.659398883026e-03  -3.595373445828e+01  -8.023073364844e-01
 -1.524372479771e+00   -1.029134178579e-02  -2.776501174450e+01  -8.023073364844e-01
 -4.595750734816e-02   -4.637807997071e-06  -2.616744274278e+01  -6.308269404393e+00
 -1.217589675885e+00   -6.139004737153e-03  -3.553864422902e+01  -6.308269404393e+00
 -1.554099355327e+00   -1.139378709137e-02  -2.790359338671e+01  -6.308269404393e+00
 -1.222674313175e+00   -6.602423727629e-03  -3.459975983429e+01  -7.000325468898e+00
 -3.369167353470e-02   -1.393430797869e-03  -4.366707374023e+01  -7.000325468898e+00
 -1.408956827454e+00   -3.143854338674e-03  -4.306181105755e+01  -7.000325468898e+00
 -1.225346818056e+00   -7.182858316168e-04  -4.924283344673e+01   9.632034641281e+00
 -1.221539454616e+00   -1.312741027855e-02  -5.945866793522e+01   9.632034641281e+00
 -1.841162968415e-02    9.945776854586e-05  -5.662227110468e+01   9.632034641281e+00
 -1.430909958154e+00   -3.273753981232e-03  -5.444807345816e+01  -8.418102923545e+00
 -2.008652407566e-02   -9.580065919867e-04  -4.411903475382e+01  -8.418102923545e+00
 -3.102080841240e-03    4.151799422211e-04  -5.466418722699e+01  -8.418102923545e+00
 -2.397076767481e-03    1.889086129809e-04  -3.789961375972e+01   9.764377689176e+00
 -1.286981359535e+00    4.877560505448e-03  -3.622572677719e+01   9.764377689176e+00
 -1.108783269202e-02   -4.236142957804e-04  -4.690341813007e+01   9.764377689176e+00
 -1.202449976848e+00    3.064115953589e-02  -7.792989994244e+01   1.805046198918e+00
 -1.364471346030e+00    2.926143654553e-02  -7.695563129054e+01   1.805046198918e+00
 -1.526614232209e+00    1.805023721734e-02  -8.595700198605e+01   1.805046198918e+00
 -3.893866440841e-02   -2.183423856350e-06  -8.524583906803e+01   7.667380215212e+00
 -1.191511197743e+00    2.893749348022e-02  -7.737890351661e+01   7.667380215212e+00
 -1.551590137478e+00    1.834517369792e-02  -8.596818064487e+01   7.667380215212e+00
 -1.188050564692e-02   -7.923161614641e-04  -7.449411819273e+01   9.544574588246e+00
 -1.069057410324e+00    1.627868031843e-02  -6.903707362402e+01   9.544574588246e+00
 -1.201515582994e+00    2.980648127335e-02  -7.759709945029e+01   9.544574588246e+00
 -1.072992626571e+00    1.399457889591e-02  -6.914087007421e+01   1.042327981521e+01
 -3.371383602423e-03    2.567451144125e-05  -7.447207006312e+01   1.042327981521e+01
 -4.258501977409e-03   -9.711576313019e-04  -6.674708462369e+01   1.042327981521e+01
 -6.556500840270e-03    5.013792179439e-04  -5.658741953866e+01   9.746478349356e+00
 -1.232615988752e+00   -1.344774928744e-02  -5.948226638239e+01   9.746478349356e+00
 -7.401836740368e-03   -4.426951684274e-04  -6.673238187984e+01   9.746478349356e+00
 -1.227668737074e+00   -1.525711431922e-02  -5.965358277585e+01   1.717935756570e+00
 -1.413763591734e+00   -4.088392692903e-03  -5.405331588284e+01   1.717935756570e+00
 -1.425256606494e+00    1.671325990326e-02  -6.541898753096e+01   1.717935756570e+00
 -2.268508481876e-02    1.398545571758e-03  -6.521822310405e+01  -8.426292706831e+00
 -1.430767966782e+00   -2.418724182372e-03  -5.403192209387e+01  -8.426292706831e+00
 -2.493235952887e-03   -5.243674911118e-06  -5.490829590025e+01  -8.426292706831e+00
 -5.209796376513e-04   -1.435781228518e-03  -7.496835368478e+01  -8.978844814406e+00
 -1.372963794634e+00    2.599932848716e-02  -7.707243206255e+01  -8.978844814406e+00
 -1.901052136870e-02    1.606046478740e-05  -6.580912707019e+01  -8.978844814406e+00
 -1.220322160263e+00   -1.418569638454e-02  -5.954590134807e+01   9.744383693780e+00
 -1.061205287005e+00    1.392695650508e-02  -6.915922567260e+01   9.744383693780e+00
 -1.730168116419e-02   -1.271844654762e-03  -6.675605361795e+01   9.744383693780e+00
 -1.215179296978e+00   -1.531998980305e-02  -5.959736022838e+01   3.131663386792e+00
 -1.434771630666e+00    1.787231511843e-02  -6.538328181333e+01   3.131663386792e+00
 -1.065822639220e+00    1.578687579013e-02  -6.903639506540e+01   3.131663386792e+00
 -1.233420443381e+00   -9.759420376812e-04  -4.922535983411e+01   9.628249322806e+00
 -8.330906288714e-03   -1.030282173444e-04  -5.663786059347e+01   9.628249322806e+00
 -6.517520885411e-03   -2.565221360113e-04  -4.687117503279e+01   9.628249322806e+00
 -1.274487493890e+00    4.875915944205e-03  -3.620605749654e+01   9.419328624749e+00
 -1.215374225865e+00   -4.286137027935e-04  -4.915218480665e+01   9.419328624749e+00
 -2.243049124068e-02   -6.288452787975e-04  -4.690181011575e+01   9.419328624749e+00
 -1.412791802382e+00   -3.606617379955e-03  -5.454014823023e+01   1.682516390893e+00
 -1.233035134503e+00    4.981418844738e-04  -4.911296397109e+01   1.682516390893e+00
 -1.397264342546e+00   -1.728287416051e-03  -4.322020032795e+01   1.682516390893e+00
