
 -7.175674379803e-04    8.737908495340e-04  -8.740396770961e+01   5.010832897893e+00
 -2.265117205044e-01    8.021253666303e-04  -8.808126200199e+01   5.010832897893e+00
  1.248109335443e-04   -3.599350204585e-04  -8.765311251715e+01   5.010832897893e+00
 -2.749131265937e-01    3.833803776716e-02  -8.071588680414e+01   9.138892996852e+00
  1.978315255186e-04    1.616593656466e-05  -8.413300871845e+01   9.138892996852e+00
 -7.637181630345e-04   -2.114044079149e-05  -8.058600476261e+01   9.138892996852e+00
 -2.263205707074e-01   -4.889490748082e-04  -8.808646220822e+01   5.289287920098e+00
 -3.696733037017e-01    7.914816663287e-02  -8.795922006626e+01   5.289287920098e+00
 -3.957448671854e-01    1.065363046038e-03  -8.931311060638e+01   5.289287920098e+00
 -3.711495694377e-01    7.843766680394e-02  -8.793660114989e+01   5.000704085140e+00
 -2.251035443205e-01    2.183950801421e-04  -8.812167927022e+01   5.000704085140e+00
 -1.731131975819e-01    3.129422323476e-02  -8.717716427951e+01   5.000704085140e+00
 -4.598685406906e-01    9.803619838244e-02  -9.000799656618e+01   3.521436092817e+00
 -3.959125509089e-01    1.062329169215e-03  -8.935813348505e+01   3.521436092817e+00
 -3.698746860817e-01    7.978033832059e-02  -8.793256019229e+01   3.521436092817e+00
 -5.728366748520e-01   -5.868182072875e-03  -4.380204988152e+00   3.799927005640e+00
 -7.674552766154e-03    4.754820213998e-04  -2.756465264932e+00   3.799927005640e+00
 -4.185952784176e-01    5.898822930822e-03   2.293565780687e-02   3.799927005640e+00
 -1.735379278889e-01    3.081206570877e-02  -8.717099388442e+01   4.795211261085e+00
 -3.551856004917e-01    8.583808401198e-02  -8.622804556651e+01   4.795211261085e+00
 -3.711218700021e-01    7.891371212726e-02  -8.792684481994e+01   4.795211261085e+00
 -5.480112977589e-01   -5.130895406592e-03  -4.889424995983e+01   2.177381807385e+00
 -2.906195083610e-01   -1.126758952494e-02  -4.896489048680e+01   2.177381807385e+00
 -4.693765079473e-01   -8.967404023457e-03  -4.696045314222e+01   2.177381807385e+00
 -2.144675167710e-01    4.180164312062e-02  -8.486939740038e+01   4.591790333909e+00
 -2.751271443954e-01    3.852368394140e-02  -8.071286095435e+01   4.591790333909e+00
 -4.021210459035e-01    9.505009328229e-02  -8.384817211328e+01   4.591790333909e+00
 -7.774338218167e-04   -1.724288961131e-04  -8.643643796472e+01   6.580782231247e+00
 -2.137789097983e-01    4.158700459960e-02  -8.488371075055e+01   6.580782231247e+00
 -1.729661316400e-01    3.104535968575e-02  -8.719355224621e+01   6.580782231247e+00
 -3.556935723312e-01    8.589843382584e-02  -8.622051661227e+01   2.319724283788e+00
 -4.014264779414e-01    9.556310240635e-02  -8.385178456956e+01   2.319724283788e+00
 -4.363172709361e-01    1.292136281611e-01  -8.716175343155e+01   2.319724283788e+00
 -4.013592341778e-01    9.512171554867e-02  -8.385344155349e+01   4.902661669647e+00
 -3.556746469016e-01    8.597993941755e-02  -8.622371047040e+01   4.902661669647e+00
 -2.152909627638e-01    4.173752531071e-02  -8.485616640668e+01   4.902661669647e+00
 -4.646422205615e-01    1.439547707747e-01  -8.479601740549e+01   1.445857809113e+00
 -4.351083692814e-01    1.292983036968e-01  -8.718868657714e+01   1.445857809113e+00
 -4.029579177157e-01    9.555049246833e-02  -8.382692795316e+01   1.445857809113e+00
 -3.556125888651e-01    8.601182047907e-02  -8.622210015881e+01   2.966208668072e+00
 -4.363794073978e-01    1.289459884302e-01  -8.716177194792e+01   2.966208668072e+00
 -3.703873416675e-01    7.912316144965e-02  -8.794277390979e+01   2.966208668072e+00
 -4.651249966106e-01    1.440675683047e-01  -8.478151227723e+01   3.122334278746e-01
 -4.024682972431e-01    9.546548353334e-02  -8.383966936611e+01   3.122334278746e-01
 -4.989690098210e-01    1.061630288799e-01  -8.072573126972e+01   3.122334278746e-01
 -2.144383439842e-01    4.192569974255e-02  -8.487769254957e+01   4.724553327570e+00
 -3.561979421557e-01    8.578409189274e-02  -8.621241061244e+01   4.724553327570e+00
 -1.725043600812e-01    3.082856589787e-02  -8.719778149540e+01   4.724553327570e+00
 -8.231949171010e-04    2.249065907781e-04  -7.001532302448e+01   9.997874112701e+00
 -4.394270393278e-04   -4.001392486056e-04  -5.998175344768e+01   9.997874112701e+00
 -3.009474496086e-01   -1.543154983037e-02  -6.765087396979e+01   9.997874112701e+00
 -4.586609572202e-01    9.825065529368e-02  -9.000226628438e+01   2.981766979144e+00
 -3.711506379022e-01    7.932689206540e-02  -8.792517046527e+01   2.981766979144e+00
 -4.354580445154e-01    1.289785998336e-01  -8.717318580474e+01   2.981766979144e+00
 -5.098395953544e-01    2.123556101987e-03  -9.152012899553e+01   1.976585016267e+00
 -4.572504557766e-01    9.733373522200e-02  -8.999912483284e+01   1.976585016267e+00
 -4.710817424365e-01    4.317671380409e-02  -9.204981845000e+01   1.976585016267e+00
 -5.085853941611e-01    5.955610766199e-04  -9.149504086197e+01   4.398438520807e+00
 -3.970455170415e-01    5.802157823601e-04  -8.934866735494e+01   4.398438520807e+00
 -4.584927798038e-01    9.809249367000e-02  -9.002119011008e+01   4.398438520807e+00
 -5.104623574770e-01    2.062168703610e-03  -9.154273652193e+01   2.062015430238e+00
 -4.706846321434e-01    4.272001127452e-02  -9.204651631537e+01   2.062015430238e+00
 -5.651981728368e-01   -6.993635635170e-04  -9.315479479327e+01   2.062015430238e+00
 -4.688951895856e-01    4.130373006548e-02  -9.204895196292e+01   1.059469106903e+00
 -4.598372054240e-01    9.874578360343e-02  -8.999320900277e+01   1.059469106903e+00
 -3.789165386473e-01    9.056537652307e-02  -9.097081732013e+01   1.059469106903e+00
 -3.616649415127e-01   -7.088844967049e-03  -9.200105370743e+01  -2.075468068534e-01
 -4.700548845742e-01    4.143142014670e-02  -9.201081019599e+01  -2.075468068534e-01
 -3.770400570128e-01    8.990578128738e-02  -9.099975328371e+01  -2.075468068534e-01
 -4.695225418884e-01    3.995617841983e-02  -9.203420083557e+01   6.661394834042e-01
 -4.767033834234e-01   -5.126072214773e-02  -9.198311154394e+01   6.661394834042e-01
 -5.657234572897e-01    1.819369864478e-03  -9.315030943452e+01   6.661394834042e-01
 -4.598312570967e-01    9.840287265956e-02  -8.998572502671e+01  -3.160369598318e-01
 -4.128230093720e-01    1.429535473681e-01  -8.842594490153e+01  -3.160369598318e-01
 -3.789071490975e-01    9.121217068085e-02  -9.097509642714e+01  -3.160369598318e-01
 -3.178916453975e-01    4.551028999127e-03  -4.707323946360e+01  -4.072151291726e+00
 -4.388995693259e-01    6.083092569344e-03  -4.422463047506e+01  -4.072151291726e+00
 -4.835033644837e-03    4.814326654450e-04  -4.375780342760e+01  -4.072151291726e+00
 -2.931342996150e-01    1.161562837009e-01  -8.962760527784e+01  -4.382812694915e+00
 -4.144335670503e-01    1.435886632115e-01  -8.842943812899e+01  -4.382812694915e+00
 -3.498615348240e-01    1.304655762518e-01  -8.603697538722e+01  -4.382812694915e+00
 -4.146430027120e-01    1.431270717348e-01  -8.840440960425e+01   6.441679130215e-01
 -4.578042046300e-01    9.802847903252e-02  -9.001835064660e+01   6.441679130215e-01
 -4.363546559034e-01    1.294204348801e-01  -8.716090023020e+01   6.441679130215e-01
 -1.297791485573e-01    3.635301108847e-02  -9.275664290784e+01  -4.720197767428e+00
 -2.517306052256e-01    6.622495983687e-02  -9.202735464543e+01  -4.720197767428e+00
 -1.523485843324e-01    6.773038425875e-02  -9.063008234901e+01  -4.720197767428e+00
 -2.515281937459e-01    6.593381013254e-02  -9.199978060960e+01  -3.161901618621e+00
 -3.775553035367e-01    9.051130197345e-02  -9.100859401539e+01  -3.161901618621e+00
 -2.919292547413e-01    1.160849714639e-01  -8.967265260344e+01  -3.161901618621e+00
 -2.925340615270e-01    1.159961478499e-01  -8.964775246514e+01  -5.282751405616e+00
 -1.531571152117e-01    6.786149434004e-02  -9.061725046252e+01  -5.282751405616e+00
 -2.510409188963e-01    6.617284962179e-02  -9.203688119348e+01  -5.282751405616e+00
 -2.515634199055e-01    6.575242533191e-02  -9.200993293252e+01  -6.909543809035e-01
 -3.608400978412e-01   -7.584597604233e-03  -9.203105447416e+01  -6.909543809035e-01
 -3.774038193570e-01    9.036100436647e-02  -9.099766358190e+01  -6.909543809035e-01
 -4.644182835656e-01    1.444738503892e-01  -8.479333772309e+01  -3.138671175268e+00
 -3.512618461753e-01    1.304686873177e-01  -8.601020587660e+01  -3.138671175268e+00
 -4.132290696994e-01    1.435768966027e-01  -8.845702438302e+01  -3.138671175268e+00
 -2.929861822392e-01    1.160812278522e-01  -8.965185411831e+01  -1.972728667815e+00
 -3.767737766717e-01    9.065164557663e-02  -9.102756773137e+01  -1.972728667815e+00
 -4.142963415736e-01    1.434521175797e-01  -8.840521901035e+01  -1.972728667815e+00
 -4.627661040931e-01    1.442183950130e-01  -8.482255781453e+01  -8.038479883873e-01
 -4.147524524944e-01    1.435173591548e-01  -8.840007773801e+01  -8.038479883873e-01
 -4.365081557659e-01    1.292385521115e-01  -8.715906514717e+01  -8.038479883873e-01
 -2.511395997714e-01    6.563595607585e-02  -9.201218533084e+01  -1.943169764415e+00
 -1.300850252339e-01    3.675808602483e-02  -9.277484441267e+01  -1.943169764415e+00
 -2.379842062382e-01   -5.614852502672e-03  -9.285146451901e+01  -1.943169764415e+00
 -5.016956071394e-01    1.058003371946e-01  -8.068801223643e+01   3.308434814293e+00
 -4.002825879363e-01    9.538413295204e-02  -8.388750456778e+01   3.308434814293e+00
 -2.784158591490e-01    3.838404035021e-02  -8.066579139464e+01   3.308434814293e+00
 -5.681525893764e-01   -6.006484815603e-03  -4.401776129414e+00   1.510213923688e+00
 -4.206432964266e-01    5.828100216353e-03  -6.319095979605e-03   1.510213923688e+00
 -5.703356896391e-01   -1.205290033594e-03  -5.558854967270e-02   1.510213923688e+00
 -5.103801979893e-01    5.528254509659e-02  -7.618705088107e+01   3.141165624888e+00
 -2.980660974999e-01    1.585201973700e-02  -7.459212899340e+01   3.141165624888e+00
 -5.075309553233e-01    2.977999125723e-03  -7.115561902385e+01   3.141165624888e+00
 -5.092732848818e-01    5.654111264031e-02  -7.621148754206e+01   2.398069024400e+00
 -5.023421791222e-01    1.054016323821e-01  -8.067138440731e+01   2.398069024400e+00
 -2.780947030332e-01    3.898331007628e-02  -8.067437599912e+01   2.398069024400e+00
 -4.646103027535e-01    1.446535726241e-01  -8.482827334420e+01  -4.894874307613e+00
 -4.065417197482e-01    1.088986128604e-01  -8.155521449428e+01  -4.894874307613e+00
 -3.513152672774e-01    1.303497453344e-01  -8.597674968673e+01  -4.894874307613e+00
 -4.080063936738e-01    1.088571039564e-01  -8.152496283831e+01  -3.528836732176e+00
 -4.633146775534e-01    1.445343928125e-01  -8.486014719681e+01  -3.528836732176e+00
 -5.008971810898e-01    1.062358949043e-01  -8.068692515004e+01  -3.528836732176e+00
 -4.470376852327e-01    6.216387695496e-02  -7.653225064384e+01  -4.778077820401e+00
 -4.079600657272e-01    1.084642152610e-01  -8.148288750097e+01  -4.778077820401e+00
 -5.012187015299e-01    1.067015793911e-01  -8.072958922169e+01  -4.778077820401e+00
 -2.156047098795e-01    6.604166398979e-02  -8.227607615883e+01  -1.033238935564e+01
 -3.507935952871e-01    1.303909335375e-01  -8.604439761532e+01  -1.033238935564e+01
 -4.071119954931e-01    1.087287848754e-01  -8.150672338580e+01  -1.033238935564e+01
 -5.000450593727e-01    1.066818616719e-01  -8.076243591016e+01  -3.175460989233e+00
 -5.114974184959e-01    5.565247907549e-02  -7.616663470993e+01  -3.175460989233e+00
 -4.482811530684e-01    6.194027480293e-02  -7.650130649442e+01  -3.175460989233e+00
 -5.110248788678e-01    5.606866467990e-02  -7.618922052635e+01   4.333302128235e+00
 -2.758082862313e-01    3.931723683641e-02  -8.071689373663e+01   4.333302128235e+00
 -2.969783282276e-01    1.520399868706e-02  -7.459505362446e+01   4.333302128235e+00
 -4.643306292494e-01    3.381835928563e-03  -7.121673337960e+01  -4.287911742076e+00
 -4.479091832291e-01    6.128308274305e-02  -7.645233774245e+01  -4.287911742076e+00
 -5.121208313891e-01    5.629614675707e-02  -7.621403340426e+01  -4.287911742076e+00
 -8.638112370109e-04    4.906620425336e-04  -7.112598833561e+01  -1.849454233241e+01
 -2.580664243371e-01    7.142524641666e-04  -7.118579182221e+01  -1.849454233241e+01
 -8.057715643013e-04   -1.127372822338e-03  -6.545074262569e+01  -1.849454233241e+01
 -4.489181239659e-01    6.160869360537e-02  -7.651879939473e+01  -1.163734331376e+01
 -2.570639497407e-01    1.563757359050e-03  -7.119389399532e+01  -1.163734331376e+01
 -2.417605246835e-01    3.985024895477e-02  -7.684764857649e+01  -1.163734331376e+01
 -2.583776884202e-01    1.505713061149e-03  -7.119040304351e+01  -1.168644457212e+01
 -4.477985162818e-01    6.145321124105e-02  -7.652524674004e+01  -1.168644457212e+01
 -4.633056708488e-01    2.677490268640e-03  -7.114647602962e+01  -1.168644457212e+01
 -2.418108296745e-01    3.941276131466e-02  -7.688870813128e+01  -1.988900491713e+01
 -2.566524815091e-01    2.404480683699e-03  -7.112224914346e+01  -1.988900491713e+01
 -1.864060664967e-03    1.132976095404e-03  -7.689821569942e+01  -1.988900491713e+01
 -4.477300601243e-01    6.181288299376e-02  -7.647510169690e+01  -1.140124470225e+01
 -2.427112302853e-01    3.981597241303e-02  -7.689668509794e+01  -1.140124470225e+01
 -4.072731606281e-01    1.084770286027e-01  -8.155656902134e+01  -1.140124470225e+01
 -4.469701419130e-01   -5.558373952152e-02  -6.580113268203e+01  -1.163650466840e+01
 -2.582955063776e-01    1.701243499581e-03  -7.111920674003e+01  -1.163650466840e+01
 -4.633333340665e-01    2.252854846600e-03  -7.116502118164e+01  -1.163650466840e+01
 -4.659011673622e-01    3.104088928107e-03  -7.119591534751e+01  -2.870283689306e+00
 -5.107199790621e-01    5.644255997906e-02  -7.624146270321e+01  -2.870283689306e+00
 -5.073561640361e-01    2.065475544738e-03  -7.112718898640e+01  -2.870283689306e+00
 -2.968293045062e-01    1.633905235151e-02  -7.460245047245e+01   4.524698829256e+00
 -2.994212646666e-01   -1.548097197489e-02  -6.764200350542e+01   4.524698829256e+00
 -5.088119621306e-01    2.412129354777e-03  -7.114635294385e+01   4.524698829256e+00
 -2.145872196351e-01    6.585991450367e-02  -8.223315468349e+01  -1.103473862360e+01
 -4.083561090346e-01    1.087361703188e-01  -8.154638575784e+01  -1.103473862360e+01
 -2.414318195149e-01    3.970441570224e-02  -7.690774884431e+01  -1.103473862360e+01
 -3.874616622063e-05    1.567058583889e-04  -9.061295990958e+01  -1.070368766372e+01
 -1.541222834951e-01    6.824504477714e-02  -9.063839295644e+01  -1.070368766372e+01
 -1.124028633264e-03    6.352498744108e-04  -8.712154456136e+01  -1.070368766372e+01
 -1.526851419005e-01    6.747582507015e-02  -9.059379979092e+01  -7.593557368856e+00
 -2.934132566893e-01    1.164735200584e-01  -8.967197267155e+01  -7.593557368856e+00
 -1.840206585124e-01    7.722114345350e-02  -8.698556120817e+01  -7.593557368856e+00
 -2.537114454691e-01    3.428678523679e-02  -5.399758559716e+01  -6.333584651616e+00
 -9.764751331974e-05   -4.115621651207e-04  -5.086834850670e+01  -6.333584651616e+00
 -7.433394878906e-04    1.324697194728e-04  -5.400460076283e+01  -6.333584651616e+00
 -9.922724679954e-04    1.433304983530e-03  -9.311325364083e+01  -3.435792427603e+00
 -1.231108415896e-01   -2.699530459658e-03  -9.357660158023e+01  -3.435792427603e+00
 -1.294671234872e-01    3.586781886826e-02  -9.276450000002e+01  -3.435792427603e+00
 -6.619585884125e-04    5.709702020297e-04  -9.064639560909e+01  -8.673682207361e+00
  3.137795654276e-04   -4.065332039971e-04  -9.308859372884e+01  -8.673682207361e+00
 -1.528841009539e-01    6.741697414667e-02  -9.060461157153e+01  -8.673682207361e+00
 -2.842597779244e-01   -5.532564084206e-02  -8.406413133333e+01  -6.617553284611e+00
 -1.240550290409e-03    2.269234785829e-04  -8.585544038864e+01  -6.617553284611e+00
 -2.264652420810e-01   -4.011968575175e-02  -8.622939060094e+01  -6.617553284611e+00
 -1.532926679901e-01    6.783941644660e-02  -9.064308360942e+01  -1.322443001168e+01
 -1.837899106105e-01    7.692807853552e-02  -8.694637334941e+01  -1.322443001168e+01
 -1.941432506383e-03    1.084424300889e-03  -8.710590367055e+01  -1.322443001168e+01
 -3.608719102200e-04   -7.476134314645e-05  -9.308270716924e+01  -6.832067157132e+00
 -1.299068611550e-01    3.668359366152e-02  -9.277155525190e+01  -6.832067157132e+00
 -1.520088094421e-01    6.708824666254e-02  -9.061008063248e+01  -6.832067157132e+00
 -1.356297678473e-03   -1.663900208842e-04  -7.697058562610e+01  -1.726106987732e+01
 -2.375433866049e-04    1.069355891087e-03  -8.236412618441e+01  -1.726106987732e+01
 -2.420670476253e-01    4.062192029510e-02  -7.684472689044e+01  -1.726106987732e+01
 -5.408582412614e-04    9.981508574333e-04  -7.689029768367e+01  -1.850170095909e+01
 -2.580413833865e-01    2.400195169464e-03  -7.112230893464e+01  -1.850170095909e+01
 -9.289776193420e-04   -4.249140343965e-04  -7.118952596526e+01  -1.850170095909e+01
 -3.807408775876e-01   -2.169126290381e-02  -7.409138587580e+01  -7.752898052076e+00
 -2.946099679069e-03   -4.220924046429e-04  -7.995462213723e+01  -7.752898052076e+00
 -3.379798064569e-01   -5.029794844748e-02  -7.984723225011e+01  -7.752898052076e+00
 -2.619038428129e-04    5.510557221117e-04  -8.704059329797e+01  -1.404258940039e+01
 -1.855010742106e-01    7.724472761216e-02  -8.699127684831e+01  -1.404258940039e+01
 -1.587557295131e-03    2.071229504020e-04  -8.248374843197e+01  -1.404258940039e+01
 -1.629978097041e-03    1.560920858705e-03  -8.236968120154e+01  -1.803286087074e+01
 -2.146080201503e-01    6.537540756838e-02  -8.227100070139e+01  -1.803286087074e+01
 -2.407763206159e-01    4.036547597118e-02  -7.684627614726e+01  -1.803286087074e+01
 -2.968446807986e-01    1.544129642256e-02  -7.460077829249e+01   9.142122242990e+00
 -2.885998660257e-03   -3.843671139393e-04  -7.004451217161e+01   9.142122242990e+00
 -2.991047117392e-01   -1.477956802041e-02  -6.764284678970e+01   9.142122242990e+00
 -2.148851739373e-01    4.148110483612e-02  -8.486903853093e+01   7.149261633095e+00
  1.701568396697e-04   -1.102830876840e-04  -8.645553302219e+01   7.149261633095e+00
 -8.290071848593e-04    3.092685620779e-05  -8.413371247302e+01   7.149261633095e+00
 -2.898463155506e-03    7.222547331204e-04  -8.246933123707e+01  -1.637835778005e+01
 -1.844628985045e-01    7.683866419810e-02  -8.699757446112e+01  -1.637835778005e+01
 -2.138797148261e-01    6.579856394669e-02  -8.223815161368e+01  -1.637835778005e+01
 -1.839192747688e-01    7.704033357844e-02  -8.694354401359e+01  -9.681592823673e+00
 -3.517141999181e-01    1.306334268828e-01  -8.603474432036e+01  -9.681592823673e+00
 -2.144636453400e-01    6.582363453783e-02  -8.228665331967e+01  -9.681592823673e+00
 -2.760665320826e-01    3.821811597640e-02  -8.072763380169e+01   9.149782136637e+00
 -2.874146348394e-03   -6.132210403833e-04  -7.574040495798e+01   9.149782136637e+00
 -2.961669860901e-01    1.584858741042e-02  -7.459455761380e+01   9.149782136637e+00
 -4.658656913015e-01    1.854235075557e-03  -7.111570235286e+01  -2.820580456815e+00
 -5.073666131431e-01    2.709255463693e-03  -7.116377161780e+01  -2.820580456815e+00
 -5.117587447859e-01   -5.020344960102e-02  -6.605953088386e+01  -2.820580456815e+00
 -1.848844177795e-01    7.740676093402e-02  -8.697604492496e+01  -8.200621033934e+00
 -2.926595046586e-01    1.163279021878e-01  -8.968078534449e+01  -8.200621033934e+00
 -3.504389453552e-01    1.303387531487e-01  -8.600125699783e+01  -8.200621033934e+00
  8.691857144919e-05    1.888719253787e-04  -8.058152337326e+01   9.222013439439e+00
 -1.699090531330e-03   -4.369907578508e-04  -7.575137270238e+01   9.222013439439e+00
 -2.770269232413e-01    3.791634034776e-02  -8.072107617528e+01   9.222013439439e+00
 -1.237707908294e-01   -2.615052878060e-03  -9.357281451143e+01  -1.026927190481e+00
 -3.664554350305e-04    1.182310423990e-03  -9.312432891311e+01  -1.026927190481e+00
 -1.590051762220e-04   -4.938630913938e-04  -9.364649156558e+01  -1.026927190481e+00
 -4.818514281179e-01   -1.174614496202e-01  -8.969286179684e+01  -8.228211339434e-01
 -4.758531018488e-01   -5.323714896915e-02  -9.196895950775e+01  -8.228211339434e-01
 -3.885816887324e-01   -1.070142025752e-01  -9.078792543123e+01  -8.228211339434e-01
 -4.767176724683e-01   -5.170799972484e-02  -9.197536605354e+01  -1.013827477707e+00
 -5.656854884194e-01   -1.651233393906e-03  -9.268265390508e+01  -1.013827477707e+00
 -5.659995433766e-01    2.130780677440e-03  -9.317410589012e+01  -1.013827477707e+00
 -5.647861752507e-01    4.433226175212e-04  -9.266636765304e+01  -3.515042937767e+00
 -4.783554659433e-01   -1.162276071762e-01  -8.972874359227e+01  -3.515042937767e+00
 -5.096689550059e-01   -9.849130555909e-04  -9.044390961449e+01  -3.515042937767e+00
 -4.788777353068e-01   -1.160274510714e-01  -8.972117473778e+01  -1.144910380533e+00
 -5.643104489732e-01   -5.104374906136e-05  -9.267149238924e+01  -1.144910380533e+00
 -4.774837788955e-01   -5.429310212913e-02  -9.196289099896e+01  -1.144910380533e+00
 -5.084135505515e-01   -5.597557051841e-04  -9.044930053020e+01  -4.765406473058e+00
 -4.810054910317e-01   -1.170380816885e-01  -8.971537742040e+01  -4.765406473058e+00
 -3.974471027719e-01   -5.200163898223e-04  -8.818992385563e+01  -4.765406473058e+00
 -3.251095109374e-03    1.646229940671e-04  -2.767134354054e+00   4.114067600752e+00
  5.557845145299e-05   -8.887759555139e-05  -1.649975595954e-02   4.114067600752e+00
 -4.218442481930e-01    5.877366631008e-03   9.196379737470e-03   4.114067600752e+00
 -4.770986403167e-01   -5.348075831613e-02  -9.193515066660e+01   3.965497995762e-01
 -3.616841534849e-01   -8.465671980525e-03  -9.200303806740e+01   3.965497995762e-01
 -3.866630806675e-01   -1.063238966367e-01  -9.081743984569e+01   3.965497995762e-01
 -4.767127704237e-01   -5.357662198178e-02  -9.196961839672e+01   1.002670236119e-01
 -4.696253562618e-01    4.161058438468e-02  -9.203865479480e+01   1.002670236119e-01
 -3.624439456924e-01   -7.809069768506e-03  -9.197657157594e+01   1.002670236119e-01
 -2.566889259475e-01   -7.819097205851e-02  -9.190498591967e+01   1.110504029901e+00
 -3.870044657429e-01   -1.067529540326e-01  -9.081778737148e+01   1.110504029901e+00
 -3.608769479776e-01   -7.984191873792e-03  -9.203170272420e+01   1.110504029901e+00
 -3.023781813365e-01   -1.275856597101e-01  -8.940124272297e+01   5.974156275038e+00
 -2.562203402744e-01   -7.860668226657e-02  -9.193471168020e+01   5.974156275038e+00
 -1.562930991207e-01   -7.211611988246e-02  -9.034255818895e+01   5.974156275038e+00
 -3.864240849897e-01   -1.071015196492e-01  -9.084900461403e+01   2.460077125364e+00
 -3.028736022417e-01   -1.277642274817e-01  -8.940826970253e+01   2.460077125364e+00
 -4.332759415861e-01   -1.609238650052e-01  -8.807207575310e+01   2.460077125364e+00
 -3.018136435947e-01   -1.277328687016e-01  -8.942839033537e+01   3.558166689255e+00
 -3.872024744840e-01   -1.069891173579e-01  -9.083019014515e+01   3.558166689255e+00
 -2.566236977722e-01   -7.830694374148e-02  -9.189424610519e+01   3.558166689255e+00
 -4.924527569050e-01   -1.610478082099e-01  -8.436390520202e+01   3.684760029308e+00
 -4.322210126595e-01   -1.610580966840e-01  -8.812431545737e+01   3.684760029308e+00
 -3.660587013304e-01   -1.417189717666e-01  -8.570616983473e+01   3.684760029308e+00
 -3.885384468117e-01   -1.076034239609e-01  -9.079605532741e+01   6.352588002375e-01
 -4.318375649294e-01   -1.604833805503e-01  -8.809140346567e+01   6.352588002375e-01
 -4.818824363254e-01   -1.171246596576e-01  -8.967832199995e+01   6.352588002375e-01
 -2.562008770296e-01   -7.802758074712e-02  -9.190971095899e+01   2.455749306986e+00
 -2.380210568997e-01   -6.467936505845e-03  -9.285021181577e+01   2.455749306986e+00
 -1.324699844636e-01   -4.398904421809e-02  -9.273786231912e+01   2.455749306986e+00
 -2.558576598979e-01   -7.814753967072e-02  -9.192390969067e+01   1.390251902231e+00
 -3.616894704653e-01   -7.899446177368e-03  -9.201215149688e+01   1.390251902231e+00
 -2.382784348852e-01   -6.145575836306e-03  -9.282164428632e+01   1.390251902231e+00
 -3.616546150168e-01   -7.721294865008e-03  -9.201226990334e+01  -1.035483483977e+00
 -2.507384563336e-01    6.574815085146e-02  -9.202799655885e+01  -1.035483483977e+00
 -2.382951295599e-01   -5.934440186905e-03  -9.282161010869e+01  -1.035483483977e+00
 -4.798385326936e-01   -1.167425575734e-01  -8.970519385979e+01  -2.874173795289e-01
 -4.336711222760e-01   -1.606745634065e-01  -8.807284436117e+01  -2.874173795289e-01
 -4.674346543894e-01   -1.486280216476e-01  -8.664230013410e+01  -2.874173795289e-01
 -3.957035491485e-01   -1.268201482316e-03  -8.817052551848e+01  -5.554108774063e+00
 -4.059790598620e-01   -9.321722158065e-02  -8.721460082871e+01  -5.554108774063e+00
 -2.265676241414e-01    8.700159336950e-04  -8.691090692353e+01  -5.554108774063e+00
 -3.965674894051e-01   -1.042079316272e-03  -8.820302010286e+01  -3.466184535749e+00
 -4.821510419707e-01   -1.168259018660e-01  -8.969265934635e+01  -3.466184535749e+00
 -4.054853640260e-01   -9.425037255789e-02  -8.719407036497e+01  -3.466184535749e+00
 -2.260729069246e-01   -7.651602306630e-04  -8.690675526780e+01  -5.750133499825e+00
 -2.257994596139e-01   -3.969444112196e-02  -8.623384195080e+01  -5.750133499825e+00
  2.075883577678e-04    1.046588419796e-03  -8.695569831369e+01  -5.750133499825e+00
 -2.269124648904e-01   -4.112765353329e-02  -8.621340720753e+01  -4.662257264059e+00
 -2.255105773996e-01    3.956227759302e-04  -8.694013934552e+01  -4.662257264059e+00
 -4.072974035614e-01   -9.270218569723e-02  -8.719303993330e+01  -4.662257264059e+00
 -2.872025322753e-01   -5.520340316985e-02  -8.405376603359e+01  -7.168499565334e+00
 -2.567182611768e-03    4.111085736939e-05  -8.001835851532e+01  -7.168499565334e+00
  6.497879386608e-04    6.797233683064e-05  -8.590011758415e+01  -7.168499565334e+00
 -1.684434009998e-03    1.660971908501e-04  -4.374977203136e+01  -4.562258310491e+00
 -1.172072025364e-04   -1.358702502118e-04  -4.691417905028e+01  -4.562258310491e+00
 -3.196289849319e-01    4.612046102167e-03  -4.707081165351e+01  -4.562258310491e+00
 -4.070908773550e-01   -9.339527125937e-02  -8.718572459411e+01  -4.543942421275e+00
 -4.001572880684e-01   -1.022719375284e-01  -8.548140480982e+01  -4.543942421275e+00
 -2.274406759143e-01   -4.046039837375e-02  -8.620626573265e+01  -4.543942421275e+00
 -2.755684722329e-01   -1.035192909403e-02  -4.740564938765e+01   4.591727799857e+00
  8.021411212744e-05    1.958674598625e-04  -4.709688507954e+01   4.591727799857e+00
 -1.505939779010e-03   -1.364410426298e-04  -4.409461131909e+01   4.591727799857e+00
 -4.661560247111e-01   -1.484846058187e-01  -8.666925570734e+01  -9.238658992916e-01
 -4.927103655069e-01   -1.605596308242e-01  -8.436683560044e+01  -9.238658992916e-01
 -4.501956700517e-01   -1.125135785478e-01  -8.319189043010e+01  -9.238658992916e-01
 -4.908131450749e-01   -1.607897468726e-01  -8.439227923524e+01   1.214916477497e+00
 -4.676147573101e-01   -1.484582440283e-01  -8.664116844487e+01   1.214916477497e+00
 -4.337265814127e-01   -1.610152417175e-01  -8.806862269837e+01   1.214916477497e+00
 -4.006426069057e-01   -1.024449585674e-01  -8.547570694342e+01  -4.254640308815e+00
 -4.487499413799e-01   -1.121039628499e-01  -8.322201031271e+01  -4.254640308815e+00
 -2.846302299667e-01   -5.550287265065e-02  -8.404331900110e+01  -4.254640308815e+00
 -4.487540870812e-01   -1.125275946768e-01  -8.321729824308e+01  -1.918863663402e+00
 -4.007253958667e-01   -1.023704441476e-01  -8.547533743985e+01  -1.918863663402e+00
 -4.672825220517e-01   -1.483995020440e-01  -8.664248459680e+01  -1.918863663402e+00
 -2.839159338162e-01   -5.564779100254e-02  -8.406287471087e+01  -3.998705378196e+00
 -4.495361381839e-01   -1.120015227564e-01  -8.321660456684e+01  -3.998705378196e+00
 -3.382607741623e-01   -5.083852584309e-02  -7.984885016299e+01  -3.998705378196e+00
 -4.011127055067e-01   -1.022888730141e-01  -8.546363000028e+01  -4.275687149544e+00
 -2.840301207067e-01   -5.564883553389e-02  -8.406154171129e+01  -4.275687149544e+00
 -2.263531880590e-01   -4.025478145032e-02  -8.623390693725e+01  -4.275687149544e+00
 -4.931523941731e-01   -1.606433646029e-01  -8.435204257978e+01   2.269474216571e-01
 -5.359384575696e-01   -1.202090766776e-01  -8.025517843991e+01   2.269474216571e-01
 -4.497390455016e-01   -1.124575595212e-01  -8.320515555648e+01   2.269474216571e-01
 -4.674435959025e-01   -1.482121582522e-01  -8.664523711715e+01  -2.641209637941e+00
 -4.005607542444e-01   -1.024251503665e-01  -8.547481951402e+01  -2.641209637941e+00
 -4.062691735350e-01   -9.370435682483e-02  -8.720571903795e+01  -2.641209637941e+00
 -4.806493851232e-01   -1.169334331244e-01  -8.968656635778e+01  -2.780831044137e+00
 -4.665914708628e-01   -1.482549677471e-01  -8.665634814132e+01  -2.780831044137e+00
 -4.069054765557e-01   -9.390540287941e-02  -8.718912840798e+01  -2.780831044137e+00
 -2.858177738340e-01   -5.547170965038e-02  -8.407327615927e+01  -8.239047242335e+00
 -3.365673689365e-01   -5.068014090614e-02  -7.984148356683e+01  -8.239047242335e+00
 -4.647991623052e-03    2.996335897040e-04  -7.997785813615e+01  -8.239047242335e+00
 -4.334460886024e-01   -1.610916652443e-01  -8.809722932074e+01   4.876765882784e+00
 -3.029678476850e-01   -1.277784215088e-01  -8.938296442273e+01   4.876765882784e+00
 -3.646465965566e-01   -1.416892787224e-01  -8.573187458424e+01   4.876765882784e+00
 -8.842543305106e-03   -2.357642981355e-04  -7.317995506122e+00   3.980460424516e+00
 -5.756937652789e-01   -7.085643452033e-03  -4.397893676672e+00   3.980460424516e+00
 -4.952209496911e-01   -1.275153769757e-02  -8.329609913852e+00   3.980460424516e+00
 -1.231754339458e-01   -4.251116180546e-03  -9.357980799812e+01   4.142321727590e+00
 -8.135863898649e-04   -1.195909583262e-03  -9.295872682832e+01   4.142321727590e+00
 -1.320106322980e-01   -4.322957897470e-02  -9.272914480847e+01   4.142321727590e+00
 -1.237941652849e-01   -4.318330134274e-03  -9.357543202185e+01   1.510012173273e+00
 -1.675114602441e-04    4.032397146186e-04  -9.364482437314e+01   1.510012173273e+00
 -2.995654680361e-04   -1.049348921606e-03  -9.297205282653e+01   1.510012173273e+00
 -1.322853014738e-01   -4.422334663946e-02  -9.276182946954e+01   9.250560535971e+00
 -1.687862171857e-03   -1.649201310549e-03  -9.070301758914e+01   9.250560535971e+00
 -1.552394500308e-01   -7.125276464906e-02  -9.032122202480e+01   9.250560535971e+00
 -1.889987387942e-01   -8.288276308756e-02  -8.669097891109e+01   1.226687245115e+01
 -1.559961746687e-01   -7.172580911962e-02  -9.034018000205e+01   1.226687245115e+01
 -4.086469115141e-04   -7.912764047605e-04  -9.064196937053e+01   1.226687245115e+01
 -1.909085399177e-01   -8.334277011670e-02  -8.671538010269e+01   8.831736634000e+00
 -3.652414329640e-01   -1.415873537648e-01  -8.569584101045e+01   8.831736634000e+00
 -3.024781168457e-01   -1.278802780062e-01  -8.943523146462e+01   8.831736634000e+00
 -1.898313494603e-01   -8.312524385347e-02  -8.672834960009e+01   8.189654508633e+00
 -3.033447374324e-01   -1.280597626728e-01  -8.942544408598e+01   8.189654508633e+00
 -1.556751613719e-01   -7.166931823310e-02  -9.031547284406e+01   8.189654508633e+00
 -9.124810490935e-04   -1.143726397464e-03  -9.071676387098e+01   6.676138121008e+00
 -1.329587402563e-01   -4.452862772361e-02  -9.275450951342e+01   6.676138121008e+00
 -5.341412987512e-05    1.455244503049e-04  -9.292445467162e+01   6.676138121008e+00
 -2.569281908225e-01   -7.872292876271e-02  -9.192605821776e+01   5.162450380347e+00
 -1.319740446697e-01   -4.350426365380e-02  -9.272460630882e+01   5.162450380347e+00
 -1.554635858899e-01   -7.189204065906e-02  -9.035259009133e+01   5.162450380347e+00
  4.546158646689e-04   -2.333973140860e-04  -9.064340457182e+01   1.308064822622e+01
 -1.184286174069e-03   -5.328967607051e-04  -8.687681857260e+01   1.308064822622e+01
 -1.899465353950e-01   -8.326450618006e-02  -8.668546084834e+01   1.308064822622e+01
 -2.999568630531e-01   -1.527023296339e-02  -6.764373014090e+01   8.465968231404e+00
 -1.476363864646e-03   -5.741378397372e-04  -5.999456634061e+01   8.465968231404e+00
 -2.739924937042e-01   -3.247877927733e-02  -6.151456277327e+01   8.465968231404e+00
 -5.755733103550e-01    1.114532826156e-02  -3.186733717424e+01  -3.095084623250e+00
 -1.736442674150e-02   -6.950130180418e-04  -3.525991537775e+01  -3.095084623250e+00
 -6.524591687978e-01    7.743340815793e-03  -3.578313076312e+01  -3.095084623250e+00
 -2.259723694565e-01    1.146517689999e-03  -8.809746252027e+01   6.166705995846e+00
 -1.025103196105e-03    6.477789495691e-04  -8.739649672290e+01   6.166705995846e+00
 -1.721335325724e-01    3.066000444061e-02  -8.719302061813e+01   6.166705995846e+00
 -2.285794814586e-01   -7.224574450329e-02  -8.207517058582e+01   1.726771175396e+01
 -4.031651470066e-04   -6.094355551757e-04  -8.201288411253e+01   1.726771175396e+01
 -1.355298609458e-03    4.109138198759e-04  -7.669714809079e+01   1.726771175396e+01
 -2.272428174262e-01   -7.315622829647e-02  -8.201726743803e+01   1.621885019689e+01
  2.655047085460e-04   -6.717507796101e-04  -8.682687754233e+01   1.621885019689e+01
 -1.095214589094e-03   -1.183460585943e-04  -8.206996459507e+01   1.621885019689e+01
 -2.284331330579e-01   -3.316975122014e-02  -5.672611520819e+01   6.715036736817e+00
 -3.725572100681e-04    3.302535336369e-04  -5.385625615733e+01   6.715036736817e+00
 -1.911262601226e-01   -2.566003172679e-02  -5.366917386181e+01   6.715036736817e+00
 -1.904821978963e-01   -8.288032721142e-02  -8.671151734577e+01   1.637198063818e+01
 -8.018541898977e-04   -1.155026839580e-03  -8.682811795510e+01   1.637198063818e+01
 -2.259662635708e-01   -7.277602592961e-02  -8.201932200159e+01   1.637198063818e+01
 -4.198169821860e-01   -3.224962303899e-02  -5.076909173373e+01   2.896545022133e+00
 -2.922678074567e-01   -2.089501628567e-02  -5.069354485015e+01   2.896545022133e+00
 -2.888596888009e-01   -1.068571197100e-02  -4.896378396845e+01   2.896545022133e+00
 -2.523206577281e-01   -4.109825656289e-02  -7.666034279106e+01   1.847140783904e+01
 -8.855051671204e-04   -7.274372984635e-04  -7.660587314651e+01   1.847140783904e+01
 -1.376833406539e-03    9.110384685889e-04  -7.093836435739e+01   1.847140783904e+01
 -3.654741852115e-01   -1.415945872425e-01  -8.573879858437e+01   1.084841120873e+01
 -2.277005585785e-01   -7.261068715740e-02  -8.206007641587e+01   1.084841120873e+01
 -4.264561671826e-01   -1.183535482770e-01  -8.120267449358e+01   1.084841120873e+01
 -2.266227959891e-01   -7.245953412623e-02  -8.207084489694e+01   1.034465271340e+01
 -3.663709596483e-01   -1.418144964560e-01  -8.572949460299e+01   1.034465271340e+01
 -1.901792912151e-01   -8.304620818404e-02  -8.667803361607e+01   1.034465271340e+01
 -5.539876601451e-01   -6.548827603508e-02  -7.575018137438e+01  -1.756818605960e+00
 -3.417531493200e-01   -5.129634135708e-02  -7.981109136958e+01  -1.756818605960e+00
 -5.392312878054e-01   -1.194705366041e-01  -8.020362989439e+01  -1.756818605960e+00
 -3.419286045254e-01   -5.069257321298e-02  -7.980506349218e+01  -2.731659828409e+00
 -4.475889206435e-01   -1.123648782439e-01  -8.325357979273e+01  -2.731659828409e+00
 -5.386729473631e-01   -1.198823123537e-01  -8.021899875038e+01  -2.731659828409e+00
 -5.378309626663e-01   -1.202600233741e-01  -8.021628056561e+01   4.153737592563e+00
 -4.913916037783e-01   -1.611089324046e-01  -8.442960983020e+01   4.153737592563e+00
 -4.273377236593e-01   -1.184812131550e-01  -8.121952821221e+01   4.153737592563e+00
 -4.272623351194e-01   -1.180778220381e-01  -8.117830404086e+01   5.417327837978e+00
 -4.684066921811e-01   -6.824904106258e-02  -7.623714137631e+01   5.417327837978e+00
 -5.382080332019e-01   -1.207387062673e-01  -8.025855908891e+01   5.417327837978e+00
 -4.277146176397e-01   -1.183942628690e-01  -8.124325189263e+01   1.157428835209e+01
 -2.267647086760e-01   -7.241403345186e-02  -8.201894639513e+01   1.157428835209e+01
 -2.510542364309e-01   -4.177820830837e-02  -7.666263587722e+01   1.157428835209e+01
 -3.660625805260e-01   -1.415910553860e-01  -8.567312055114e+01   5.452452260918e+00
 -4.258833610745e-01   -1.185171100483e-01  -8.124945946595e+01   5.452452260918e+00
 -4.926888611059e-01   -1.612356981487e-01  -8.439829654167e+01   5.452452260918e+00
 -2.508180703426e-01   -4.192843491015e-02  -7.660359992253e+01   1.222802757181e+01
 -2.612746155515e-01   -2.245369997380e-03  -7.092319818697e+01   1.222802757181e+01
 -4.704285896787e-01   -6.765324540661e-02  -7.622538564856e+01   1.222802757181e+01
 -2.507292635642e-01   -4.202442467039e-02  -7.661017684577e+01   1.977883817209e+01
 -2.272939763911e-01   -7.183672515286e-02  -8.207852826213e+01   1.977883817209e+01
 -2.631833022568e-03    7.296051771973e-05  -7.668385497051e+01   1.977883817209e+01
 -5.567372696565e-01   -6.517100176649e-02  -7.576016156506e+01   5.033510453065e+00
 -4.691819132746e-01   -6.738008226730e-02  -7.615586597676e+01   5.033510453065e+00
 -4.854503776792e-01   -5.368800896637e-03  -7.094895635810e+01   5.033510453065e+00
 -4.696224838157e-01   -6.803480827357e-02  -7.620615815570e+01   3.944679136093e+00
 -5.560390689728e-01   -6.455282407063e-02  -7.570967286575e+01   3.944679136093e+00
 -5.370551888019e-01   -1.207221698781e-01  -8.029088871149e+01   3.944679136093e+00
 -3.812478717822e-01   -2.154064323059e-02  -7.408460069488e+01  -2.044531397301e+00
 -5.548971183304e-01   -6.411328745726e-02  -7.572460618378e+01  -2.044531397301e+00
 -5.553475913776e-01   -5.297202519253e-03  -7.088134480849e+01  -2.044531397301e+00
 -5.556155901503e-01   -6.501747827592e-02  -7.572788069280e+01  -3.375703309492e+00
 -3.803745705244e-01   -2.071932911951e-02  -7.408165847058e+01  -3.375703309492e+00
 -3.393530790077e-01   -5.158658070203e-02  -7.984663142047e+01  -3.375703309492e+00
 -4.843618303912e-01   -4.710820383962e-03  -7.087468510218e+01   1.260625464368e+01
 -4.692156367348e-01   -6.746818336787e-02  -7.623209280945e+01   1.260625464368e+01
 -2.627771890670e-01   -2.222052687824e-03  -7.091891182895e+01   1.260625464368e+01
 -2.521471826111e-01   -4.193076959848e-02  -7.665259168454e+01   1.214328962773e+01
 -4.689834875867e-01   -6.787036767081e-02  -7.618000294696e+01   1.214328962773e+01
 -4.267326371451e-01   -1.181236505723e-01  -8.125290136523e+01   1.214328962773e+01
 -3.035126802841e-03    8.781795865884e-04  -7.092763851448e+01   2.073038600690e+01
 -2.605331444033e-01   -2.823149911063e-03  -7.086433025257e+01   2.073038600690e+01
 -2.509631089624e-01   -4.096879445632e-02  -7.666265417634e+01   2.073038600690e+01
 -3.806032561766e-01   -2.120537248890e-02  -7.409447832899e+01  -8.531654329958e+00
 -3.811955384222e-01    1.719397449154e-02  -6.758331541996e+01  -8.531654329958e+00
 -3.880285140366e-03    3.147256557824e-04  -6.993789097728e+01  -8.531654329958e+00
 -3.080028846094e-03   -8.693281947300e-04  -7.081779317008e+01   2.062398220355e+01
 -2.492715122558e-01    3.528919141311e-02  -6.513950104603e+01   2.062398220355e+01
 -2.605066344363e-01   -1.918389888957e-03  -7.089760216998e+01   2.062398220355e+01
 -1.318422437417e-01   -4.387405564579e-02  -9.274721177898e+01   1.546915197687e+00
 -2.387053074197e-01   -6.486168082281e-03  -9.284291773727e+01   1.546915197687e+00
 -1.230960739899e-01   -3.366127478368e-03  -9.355061446861e+01   1.546915197687e+00
 -2.386970076922e-01   -5.607759606277e-03  -9.284406902714e+01  -1.115469100639e+00
 -1.293838249863e-01    3.662727099847e-02  -9.278463526860e+01  -1.115469100639e+00
 -1.230762693730e-01   -3.610248582633e-03  -9.354971598194e+01  -1.115469100639e+00
 -1.548463461046e-03    5.193117325142e-04  -6.996261062710e+01  -9.521518727543e+00
 -8.450813379802e-04   -5.511306500800e-04  -7.996668835257e+01  -9.521518727543e+00
 -3.827487554879e-01   -2.152575229115e-02  -7.408563003704e+01  -9.521518727543e+00
 -2.313455446789e-01   -3.323034487367e-02  -5.673227157664e+01   7.718617891818e+00
 -1.928318611992e-03    1.458469939275e-05  -6.001350674040e+01   7.718617891818e+00
  3.652868196806e-04    1.074260125699e-05  -5.642202031763e+01   7.718617891818e+00
 -5.534756215223e-01   -1.149283425916e-03  -4.709256761401e+01   1.179183967713e+00
 -4.706496726089e-01   -9.119881046654e-03  -4.694514624610e+01   1.179183967713e+00
 -5.890599670658e-01   -5.794927729595e-03  -4.263109172866e+01   1.179183967713e+00
 -5.131707393302e-01   -5.000537763946e-02  -6.608649122789e+01  -4.289280811753e+00
 -4.471464061512e-01   -5.537856186060e-02  -6.587346040529e+01  -4.289280811753e+00
 -4.642800221773e-01    1.529523744882e-03  -7.109518740826e+01  -4.289280811753e+00
 -5.120796661254e-01   -4.978238879850e-02  -6.611427314971e+01   4.415548550303e+00
 -3.001753984559e-01   -1.426809818435e-02  -6.765562935161e+01   4.415548550303e+00
 -2.749511368773e-01   -3.343254174982e-02  -6.151276371825e+01   4.415548550303e+00
 -2.393997075553e-01   -3.527932078583e-02  -6.544335296326e+01  -1.961510364110e+01
 -2.417307769631e-03   -1.379306563767e-03  -6.544357821519e+01  -1.961510364110e+01
 -2.565754622135e-01    7.438152648825e-04  -7.118552085923e+01  -1.961510364110e+01
 -2.569249974918e-01    1.617167415363e-03  -7.111514104933e+01  -1.165976648360e+01
 -4.481234966476e-01   -5.571794131341e-02  -6.580814274416e+01  -1.165976648360e+01
 -2.396543279892e-01   -3.584564877710e-02  -6.548451421890e+01  -1.165976648360e+01
 -2.407967811868e-01   -3.589324342653e-02  -6.543575796338e+01  -1.133013032546e+01
 -4.468710797272e-01   -5.588832346422e-02  -6.585136981008e+01  -1.133013032546e+01
 -4.055072766663e-01   -1.006697157267e-01  -6.081739370698e+01  -1.133013032546e+01
 -3.331299604394e-03    9.833506562758e-06  -6.533666917527e+01  -1.860439273742e+01
 -2.388607047366e-01   -3.596909577991e-02  -6.547803184929e+01  -1.860439273742e+01
 -2.165360211143e-01   -6.317695314447e-02  -6.007165258333e+01  -1.860439273742e+01
 -5.125846966911e-01   -4.935101063789e-02  -6.613360796987e+01  -3.055915838508e+00
 -5.017759604074e-01   -9.597335208192e-02  -6.150088813641e+01  -3.055915838508e+00
 -4.474817218802e-01   -5.604871124127e-02  -6.582534616856e+01  -3.055915838508e+00
 -7.243476157932e-04   -9.792779538781e-05  -8.412194200985e+01   7.539588836452e+00
 -2.738677752223e-01    3.850900286511e-02  -8.072170926691e+01   7.539588836452e+00
 -2.150462659097e-01    4.169036366565e-02  -8.487030433694e+01   7.539588836452e+00
 -2.833484281120e-01   -1.070370544682e-01  -5.303859277202e+01  -4.347311745579e+00
 -3.444873449066e-01   -1.203334122328e-01  -5.648210836982e+01  -4.347311745579e+00
 -4.035625438180e-01   -1.266955896847e-01  -5.415284085734e+01  -4.347311745579e+00
 -5.029304946229e-01   -9.592305278242e-02  -6.153400632967e+01  -4.758022320210e+00
 -4.060918003703e-01   -1.005251389568e-01  -6.089220897016e+01  -4.758022320210e+00
 -4.462208073425e-01   -5.632088992486e-02  -6.579459507199e+01  -4.758022320210e+00
 -2.168335897952e-01   -6.381892286003e-02  -6.009106324152e+01  -1.002378946799e+01
 -4.052566650737e-01   -1.008411977382e-01  -6.086720648982e+01  -1.002378946799e+01
 -3.453039348987e-01   -1.202542085911e-01  -5.647698768316e+01  -1.002378946799e+01
 -2.158893631757e-01   -6.364611966336e-02  -6.013037999235e+01  -1.081850043738e+01
 -2.395641933040e-01   -3.578782710020e-02  -6.542478000095e+01  -1.081850043738e+01
 -4.065259408652e-01   -1.008972016156e-01  -6.082783494542e+01  -1.081850043738e+01
 -4.627279362696e-01   -1.285769887523e-01  -5.752571474573e+01  -4.870083667076e+00
 -3.458689155772e-01   -1.202056739655e-01  -5.654133317804e+01  -4.870083667076e+00
 -4.046690089345e-01   -1.010187664498e-01  -6.082189615245e+01  -4.870083667076e+00
 -1.729636860630e-03    3.365873113165e-04  -6.532415603094e+01  -1.634494755829e+01
 -2.179248541733e-01   -6.356365659330e-02  -6.007515771643e+01  -1.634494755829e+01
 -2.216909939239e-04   -5.380499071570e-04  -6.012327620464e+01  -1.634494755829e+01
 -5.026670865979e-01   -9.541761191838e-02  -6.157420988572e+01  -3.423401563135e+00
 -4.614977825305e-01   -1.284955722255e-01  -5.749327109800e+01  -3.423401563135e+00
 -4.060849074126e-01   -1.009358073307e-01  -6.085295484768e+01  -3.423401563135e+00
 -5.102266925688e-01   -5.027198753596e-02  -6.609698165682e+01   2.562680627253e+00
 -2.775585803817e-01   -3.313108834359e-02  -6.154235831265e+01   2.562680627253e+00
 -5.043346938278e-01   -9.464723568690e-02  -6.158364898112e+01   2.562680627253e+00
 -6.782570135842e-04    1.213946901866e-04  -7.573423367668e+01   9.900057819963e+00
 -1.258515075555e-03   -3.497345160647e-04  -7.005400831147e+01   9.900057819963e+00
 -2.982042081200e-01    1.528038542069e-02  -7.459670092504e+01   9.900057819963e+00
 -1.795998540198e-01   -7.165072382959e-02  -5.563931000649e+01  -9.549238063526e+00
 -2.158193299204e-01   -6.368265885281e-02  -6.007912724286e+01  -9.549238063526e+00
 -3.461554050082e-01   -1.204618992319e-01  -5.648713080637e+01  -9.549238063526e+00
 -2.165563991731e-01   -6.439519656863e-02  -6.013125773263e+01  -1.523166218768e+01
  1.153904078498e-04   -7.553339960898e-04  -5.543694569308e+01  -1.523166218768e+01
 -9.720587111080e-04   -6.620815744182e-05  -6.006769450181e+01  -1.523166218768e+01
 -1.049185051024e-03   -1.343814358072e-03  -5.543575396604e+01  -1.511616148145e+01
 -2.152599711889e-01   -6.399389426406e-02  -6.012846041563e+01  -1.511616148145e+01
 -1.797174259649e-01   -7.137763024000e-02  -5.560809020308e+01  -1.511616148145e+01
 -1.731493394707e-01    3.082755085309e-02  -8.718071511772e+01   5.764650628309e+00
  3.955665163717e-05    2.492912496288e-05  -8.742222525058e+01   5.764650628309e+00
 -5.642443438731e-04    5.367184358470e-05  -8.645027771594e+01   5.764650628309e+00
 -1.486199127439e-01   -6.419973744056e-02  -5.203913298382e+01  -1.026323905628e+01
  9.475857199173e-05   -9.694759963199e-05  -5.201509695618e+01  -1.026323905628e+01
 -1.434795761304e-03   -7.541613324470e-04  -5.534257289808e+01  -1.026323905628e+01
 -1.472825700297e-01   -6.341584810512e-02  -5.207123600180e+01  -8.263614296499e+00
  3.590411079981e-04    3.386520893735e-04  -4.961851876038e+01  -8.263614296499e+00
 -6.355420599789e-04   -5.132210135473e-04  -5.198296176179e+01  -8.263614296499e+00
 -1.908088792505e-01   -2.518243999888e-02  -5.366570686595e+01   6.352623571754e+00
 -4.493563101682e-04   -1.072282504573e-04  -5.384561580034e+01   6.352623571754e+00
  1.360279539349e-04    2.731311924506e-04  -5.082005428140e+01   6.352623571754e+00
 -1.477059618368e-01   -6.374926913231e-02  -5.203480641116e+01  -1.274540084295e+01
 -2.505652159459e-03   -1.333931281666e-03  -5.535586740766e+01  -1.274540084295e+01
 -1.788963536340e-01   -7.137123416193e-02  -5.563451665095e+01  -1.274540084295e+01
 -3.369364532525e-01    2.760338271981e-02  -5.085595439848e+01  -5.017420167041e+00
 -3.327450284186e-01    1.265656107979e-02  -4.881309684661e+01  -5.017420167041e+00
 -2.960486697251e-03    1.412296172518e-04  -5.086484653874e+01  -5.017420167041e+00
 -1.229668388222e-01   -3.512693599899e-02  -5.000454354982e+01  -4.570224417201e+00
 -1.468127512141e-01   -6.362855523263e-02  -5.204588939551e+01  -4.570224417201e+00
 -2.378659330568e-01   -6.239587948796e-02  -5.076823501279e+01  -4.570224417201e+00
 -2.837509782277e-01   -1.074001953733e-01  -5.299373128395e+01  -7.367444937916e+00
 -1.469950419088e-01   -6.337648313884e-02  -5.208207476172e+01  -7.367444937916e+00
 -1.794585116407e-01   -7.176728225697e-02  -5.559412052133e+01  -7.367444937916e+00
 -3.350944641169e-04   -1.097488957228e-03  -4.957909792047e+01  -1.162302339482e+00
 -1.161083921698e-01   -4.201815380527e-04  -4.923064629034e+01  -1.162302339482e+00
 -2.094728613625e-04    4.577924287849e-04  -4.895971372293e+01  -1.162302339482e+00
 -9.163722422377e-04   -1.352465008095e-03  -4.959020440683e+01  -3.405052941215e+00
 -1.226870114309e-01   -3.466087224480e-02  -4.999762111385e+01  -3.405052941215e+00
 -1.155257766933e-01   -3.046862718035e-04  -4.922410012186e+01  -3.405052941215e+00
 -2.229615543789e-01    9.951972157519e-04  -4.997131308452e+01  -1.183946046274e+00
 -1.155706334510e-01    5.323721550059e-04  -4.925017821586e+01  -1.183946046274e+00
 -1.225972325568e-01   -3.534289570846e-02  -4.997813047457e+01  -1.183946046274e+00
 -3.472108771378e-04   -6.385730780182e-04  -4.894635666799e+01   1.709772996537e+00
 -1.158598252791e-01    7.317304155476e-04  -4.924620499699e+01   1.709772996537e+00
 -1.245667567837e-01    3.666230499352e-02  -4.979883124568e+01   1.709772996537e+00
 -2.371950920079e-01   -6.232997100909e-02  -5.075912953440e+01  -5.247842077813e+00
 -1.475791076884e-01   -6.375800389664e-02  -5.205837094084e+01  -5.247842077813e+00
 -2.827791671898e-01   -1.069087547990e-01  -5.301863147207e+01  -5.247842077813e+00
 -1.231172957271e-01   -3.540663099818e-02  -4.998948885893e+01  -6.671124480120e+00
 -2.745948555799e-04    5.050732443298e-06  -4.962350288709e+01  -6.671124480120e+00
 -1.464335817113e-01   -6.307890764982e-02  -5.206617682483e+01  -6.671124480120e+00
 -1.804396565472e-01   -7.200047995240e-02  -5.560435316282e+01  -8.139518782079e+00
 -3.450077098389e-01   -1.202018192533e-01  -5.651891363576e+01  -8.139518782079e+00
 -2.829562036352e-01   -1.072212960643e-01  -5.298450173789e+01  -8.139518782079e+00
 -3.834613433096e-01    1.800324825026e-02  -6.759088801680e+01  -9.540122015185e+00
 -8.448791526768e-04    5.796489431513e-04  -6.015277883291e+01  -9.540122015185e+00
 -1.427656849324e-03   -3.786423866703e-04  -6.990950781975e+01  -9.540122015185e+00
 -5.036076489859e-01   -9.498338735204e-02  -6.157214023295e+01   3.556593616015e+00
 -2.779843693754e-01   -3.262146574907e-02  -6.154123053825e+01   3.556593616015e+00
 -4.088238773978e-01   -8.125530712600e-02  -5.809676248234e+01   3.556593616015e+00
 -3.379180338765e-01    2.820900184283e-02  -5.086298179976e+01  -5.179681648695e+00
 -1.727028970239e-03   -7.296363568843e-04  -5.088296631133e+01  -5.179681648695e+00
 -2.528123834297e-01    3.466289137430e-02  -5.399966652884e+01  -5.179681648695e+00
 -2.288893127990e-01   -3.346763847819e-02  -5.673122044090e+01   4.594363258639e+00
 -1.910813507299e-01   -2.554397104563e-02  -5.366830709629e+01   4.594363258639e+00
 -3.701142766930e-01   -7.025051869863e-02  -5.548680705998e+01   4.594363258639e+00
 -2.300952830451e-01   -3.335758521436e-02  -5.672690928296e+01   8.606320644637e+00
 -2.726638829310e-01   -3.275228863359e-02  -6.150078323892e+01   8.606320644637e+00
 -3.408407180776e-03    7.678502249018e-05  -6.002138207187e+01   8.606320644637e+00
 -4.101977331798e-01   -8.128650297352e-02  -5.813076993859e+01   2.029858685824e+00
 -3.693613302539e-01   -7.034284474854e-02  -5.548023388630e+01   2.029858685824e+00
 -4.373697266968e-01   -1.087075472384e-01  -5.501997663801e+01   2.029858685824e+00
 -3.694717078844e-01   -7.042217913605e-02  -5.547501549013e+01   4.857096754642e+00
 -4.100331145872e-01   -8.087939234100e-02  -5.813288581381e+01   4.857096754642e+00
 -2.297429422449e-01   -3.333895889219e-02  -5.674964668829e+01   4.857096754642e+00
 -3.815104485044e-01   -6.699149451568e-02  -5.352414806081e+01   2.440839459256e+00
 -4.373065114602e-01   -1.083338992298e-01  -5.502844025747e+01   2.440839459256e+00
 -3.693552921886e-01   -7.049651215396e-02  -5.547468936940e+01   2.440839459256e+00
 -4.117127872398e-01   -8.128065470076e-02  -5.815503587674e+01   1.341245938786e+00
 -4.361188898253e-01   -1.088069341584e-01  -5.499427145259e+01   1.341245938786e+00
 -4.627760857731e-01   -1.278207331240e-01  -5.755834869625e+01   1.341245938786e+00
 -3.688998436674e-01   -7.021377336917e-02  -5.547787643427e+01   4.435878509630e+00
 -1.925240558519e-01   -2.565452076597e-02  -5.368455816514e+01   4.435878509630e+00
 -3.823037423361e-01   -6.695010013018e-02  -5.353028179808e+01   4.435878509630e+00
 -2.288633358251e-01   -3.340956459389e-02  -5.673667212751e+01   4.670168699232e+00
 -4.109415529548e-01   -8.086713741517e-02  -5.813384809556e+01   4.670168699232e+00
 -2.742344018318e-01   -3.282930731711e-02  -6.149731979805e+01   4.670168699232e+00
 -2.943345926568e-01   -2.142900456059e-02  -5.070411502139e+01   5.205619422598e+00
 -1.905468052439e-01   -2.550259740234e-02  -5.366498223098e+01   5.205619422598e+00
 -5.224791109413e-04    5.537663395640e-04  -5.083114542926e+01   5.205619422598e+00
 -2.747144036846e-01   -1.028852670434e-02  -4.740156156619e+01   4.569310561817e+00
 -2.876612392905e-01   -1.051425165730e-02  -4.894779721864e+01   4.569310561817e+00
 -7.564034340904e-04    2.586294649646e-04  -4.710053417098e+01   4.569310561817e+00
 -4.703358215678e-01   -9.339277205463e-03  -4.696769090579e+01   2.799861329131e+00
 -2.884816747915e-01   -1.085651153989e-02  -4.896345806725e+01   2.799861329131e+00
 -2.747269104442e-01   -1.048874962483e-02  -4.740278849183e+01   2.799861329131e+00
 -2.930694019610e-01   -2.048934073097e-02  -5.071569847609e+01   3.298390937370e+00
 -4.193913616459e-01   -3.296592209066e-02  -5.074351585963e+01   3.298390937370e+00
 -3.808708552519e-01   -6.685895510208e-02  -5.350691364454e+01   3.298390937370e+00
 -5.414935218206e-01    2.494381284619e-03  -1.511609492886e+01   3.493672571593e+00
 -1.316885513981e-02    3.924491461692e-04  -1.127668806218e+01   3.493672571593e+00
 -6.506013917034e-01   -4.151714886288e-03  -1.155778069544e+01   3.493672571593e+00
 -4.408673650617e-01   -8.335973264671e-02  -5.262583472933e+01   2.172833956984e+00
 -4.363206552257e-01   -1.082536860486e-01  -5.501886446051e+01   2.172833956984e+00
 -3.823781952474e-01   -6.723896680593e-02  -5.353673823122e+01   2.172833956984e+00
 -4.993699897922e-01    3.360724175074e-03  -4.718604587876e+01  -2.733492161914e+00
 -3.337395468582e-01    1.272393865218e-02  -4.884292118401e+01  -2.733492161914e+00
 -4.529976245327e-01    3.744903761647e-02  -5.069627599476e+01  -2.733492161914e+00
 -2.924757040159e-01   -2.091276605406e-02  -5.069018496145e+01   4.337414993365e+00
 -3.821457882536e-01   -6.652032604523e-02  -5.352543349670e+01   4.337414993365e+00
 -1.923879511554e-01   -2.607806464537e-02  -5.367233714441e+01   4.337414993365e+00
 -1.799178844003e-04    1.560847821606e-04  -4.710162475033e+01   4.793992786832e+00
 -2.882669916440e-01   -1.046292386309e-02  -4.894495935892e+01   4.793992786832e+00
 -7.170970339117e-04    6.451297884529e-05  -4.865403722870e+01   4.793992786832e+00
 -4.861591454464e-03   -4.300550929827e-04  -4.409594114352e+01   3.695321989514e+00
 -5.960509523648e-01   -6.357713295653e-03  -4.269083574309e+01   3.695321989514e+00
 -2.742521015747e-01   -1.058182305369e-02  -4.742760504336e+01   3.695321989514e+00
 -3.535759716718e-01   -8.037404543531e-02  -5.188662846273e+01  -2.155281643569e+00
 -2.832707910252e-01   -1.069776215819e-01  -5.301341396702e+01  -2.155281643569e+00
 -4.033717157381e-01   -1.265179979606e-01  -5.417749492691e+01  -2.155281643569e+00
 -4.610134600242e-01   -1.280967477668e-01  -5.752774776219e+01  -1.031349283305e+00
 -4.373087178970e-01   -1.087338541882e-01  -5.502918356426e+01  -1.031349283305e+00
 -4.038620644144e-01   -1.265750313427e-01  -5.418253961307e+01  -1.031349283305e+00
 -2.224888144577e-01    1.282202192096e-03  -4.999255046670e+01  -1.073915912791e+00
 -2.368778612015e-01   -6.190124774382e-02  -5.076775382942e+01  -1.073915912791e+00
 -3.328592351668e-01    2.800683109450e-03  -5.097093371648e+01  -1.073915912791e+00
 -2.375941104499e-01   -6.214202852470e-02  -5.079612597667e+01  -3.107236510800e+00
 -2.822567444266e-01   -1.069547148392e-01  -5.299302187531e+01  -3.107236510800e+00
 -3.543342548952e-01   -8.030475241472e-02  -5.190428819053e+01  -3.107236510800e+00
 -3.320114483091e-01    2.704515026427e-03  -5.095461665324e+01  -7.610227000306e-01
 -2.377115193516e-01   -6.193309752460e-02  -5.078360431904e+01  -7.610227000306e-01
 -3.540663188596e-01   -8.018699962003e-02  -5.191779837827e+01  -7.610227000306e-01
 -2.372333305911e-01   -6.185259055772e-02  -5.078311708741e+01  -1.956538374829e+00
 -2.222355645458e-01    1.022630596218e-03  -4.996463612216e+01  -1.956538374829e+00
 -1.232997684746e-01   -3.548564313150e-02  -4.998722183669e+01  -1.956538374829e+00
 -4.020836485384e-01   -1.259833905219e-01  -5.415105872053e+01  -7.207849084641e-01
 -4.416311645464e-01   -8.342783456523e-02  -5.265392985600e+01  -7.207849084641e-01
 -3.554280506221e-01   -8.081775330615e-02  -5.194762353581e+01  -7.207849084641e-01
 -4.024482453916e-01   -1.266736786897e-01  -5.412423022448e+01  -3.190107877034e+00
 -3.458151314669e-01   -1.203399389480e-01  -5.650951374154e+01  -3.190107877034e+00
 -4.625736982708e-01   -1.283585455062e-01  -5.755833504954e+01  -3.190107877034e+00
 -4.400541061558e-01   -8.231286107363e-02  -5.262531082863e+01   2.088885428745e+00
 -4.205967260476e-01   -3.273725445767e-02  -5.076077477264e+01   2.088885428745e+00
 -4.827834639156e-01   -2.506536012326e-02  -5.046058674300e+01   2.088885428745e+00
 -4.037139173397e-01   -1.261518992511e-01  -5.417918268264e+01   1.444932676524e-01
 -4.372002665465e-01   -1.088677531762e-01  -5.502624346285e+01   1.444932676524e-01
 -4.399076089243e-01   -8.304320478147e-02  -5.261126380298e+01   1.444932676524e-01
 -4.364999499129e-01    4.428730053876e-02  -5.156508426099e+01   1.999215617286e-01
 -3.335593480497e-01    2.850453030638e-03  -5.100031879309e+01   1.999215617286e-01
 -4.284364873792e-01   -3.587366272011e-02  -5.157623942363e+01   1.999215617286e-01
 -3.327156934327e-01    2.171339108197e-03  -5.098452873704e+01  -3.377794312319e-01
 -3.537205422252e-01   -7.964409587938e-02  -5.191363203297e+01  -3.377794312319e-01
 -4.290489703836e-01   -3.560457305635e-02  -5.159239923343e+01  -3.377794312319e-01
 -4.836697049528e-01   -2.516600253085e-02  -5.047561347715e+01   2.765496786827e-01
 -4.300321417520e-01   -3.628182528308e-02  -5.160159430218e+01   2.765496786827e-01
 -4.391690528159e-01   -8.274728220572e-02  -5.261381366337e+01   2.765496786827e-01
 -4.845609006843e-01   -2.602173606284e-02  -5.047024219068e+01   8.177156707577e-01
 -5.066786774440e-01    5.279006073772e-03  -5.036528913090e+01   8.177156707577e-01
 -4.295614801143e-01   -3.507359068397e-02  -5.160522299144e+01   8.177156707577e-01
 -5.459349405262e-01   -4.412765925023e-03  -4.890170073262e+01   5.889489639809e-01
 -5.069777426119e-01    4.496985296969e-03  -5.036723081590e+01   5.889489639809e-01
 -4.837554158755e-01   -2.519512012137e-02  -5.045494134762e+01   5.889489639809e-01
 -4.279786265459e-01   -3.541183759941e-02  -5.155875964431e+01   5.292818275184e-01
 -3.554820380696e-01   -8.009455007970e-02  -5.194719503105e+01   5.292818275184e-01
 -4.414993645817e-01   -8.392454196683e-02  -5.264886968054e+01   5.292818275184e-01
 -3.813616492867e-01   -6.760699344900e-02  -5.350792319154e+01   1.871032243451e+00
 -4.192264129589e-01   -3.257194367927e-02  -5.073695190109e+01   1.871032243451e+00
 -4.418000143508e-01   -8.288089418118e-02  -5.264261623949e+01   1.871032243451e+00
 -2.224557128758e-01    1.524609179564e-03  -4.999113864430e+01   1.375576497832e+00
 -3.328966509980e-01    2.846214224157e-03  -5.097269419099e+01   1.375576497832e+00
 -2.413463653854e-01    6.559404481147e-02  -5.069022983662e+01   1.375576497832e+00
 -5.962655857082e-01   -1.272920076496e-03  -1.800058960159e+01  -3.056825672970e+00
 -1.716035807368e-02   -6.957436853330e-04  -1.831956251767e+01  -3.056825672970e+00
 -5.997421527252e-01   -1.519681873106e-03  -2.276089960832e+01  -3.056825672970e+00
 -4.110316037924e-01   -8.122906825601e-02  -5.814633183601e+01   2.420528329627e-01
 -4.633687407090e-01   -1.279366921193e-01  -5.756991608569e+01   2.420528329627e-01
 -5.007231104218e-01   -9.538410586209e-02  -6.153678448350e+01   2.420528329627e-01
 -4.293376430265e-01   -4.172716589283e-03   6.164033079434e-03  -4.181719734437e+00
 -5.829961676968e-04    5.659519959437e-05  -1.074794610044e-02  -4.181719734437e+00
 -2.198660468837e-03   -1.000014052634e-04  -3.056454574041e+00  -4.181719734437e+00
 -1.156968908187e-01    3.256215552209e-04  -4.925425228168e+01   1.404754946150e+00
 -2.229269189050e-01    1.733620418121e-03  -4.997267586293e+01   1.404754946150e+00
 -1.246789115888e-01    3.750499670123e-02  -4.979756706431e+01   1.404754946150e+00
 -1.893546779125e-01    7.565582678955e-02  -5.533033700019e+01   1.420345848916e+01
 -1.439444667082e-03    1.351995494567e-04  -5.977295014377e+01   1.420345848916e+01
 -1.189824822680e-04    4.079788059277e-04  -5.535800931561e+01   1.420345848916e+01
 -2.761053924679e-01   -1.082829300627e-02  -4.742410992412e+01   2.771829735770e+00
 -5.919694434920e-01   -6.095579038283e-03  -4.266605795473e+01   2.771829735770e+00
 -4.691287800491e-01   -9.235646638389e-03  -4.693608308158e+01   2.771829735770e+00
 -1.313393416987e-03   -3.988021903911e-04  -6.508366885184e+01   1.671559629017e+01
 -6.614405230364e-04    7.107417420286e-04  -5.986224376073e+01   1.671559629017e+01
 -2.242338840358e-01    6.364028765016e-02  -5.985359391588e+01   1.671559629017e+01
  2.205054913890e-04    2.126211691948e-04  -5.384919533136e+01   7.629919978066e+00
 -2.292696191954e-01   -3.303869115610e-02  -5.672995410427e+01   7.629919978066e+00
 -5.739097792033e-04   -7.782856413254e-05  -5.642428643569e+01   7.629919978066e+00
 -1.882986107947e-01    7.520614171530e-02  -5.532577789779e+01   1.696944138872e+01
 -2.224461008134e-01    6.397913637225e-02  -5.990344734675e+01   1.696944138872e+01
 -2.513636369525e-03    5.695587269096e-04  -5.978829032063e+01   1.696944138872e+01
 -2.533617476609e-03   -1.094260592730e-04  -6.509827426306e+01   1.939310612543e+01
 -2.231211261065e-01    6.334960875753e-02  -5.984843422023e+01   1.939310612543e+01
 -2.490359588513e-01    3.631279991960e-02  -6.519279753020e+01   1.939310612543e+01
 -9.292004840711e-04    3.505969026083e-04  -5.531180173367e+01   1.256941505880e+01
  4.334249825410e-04    2.295369886152e-04  -5.174213092914e+01   1.256941505880e+01
 -1.877674715228e-01    7.570755801552e-02  -5.537764911741e+01   1.256941505880e+01
 -5.859842205831e-01    1.303375346440e-02  -3.212202686601e+01   6.420114794535e-01
 -5.070436403449e-01    1.274494724060e-02  -3.242524391494e+01   6.420114794535e-01
 -4.582971533229e-01    7.866070316285e-03  -2.870811756893e+01   6.420114794535e-01
 -1.254117360211e-01    3.793338303384e-02  -4.979000216789e+01   8.699659010563e+00
 -1.498994088354e-01    6.307132839522e-02  -5.203208002360e+01   8.699659010563e+00
 -1.787060971455e-03    1.553634811100e-03  -5.168937573698e+01   8.699659010563e+00
 -4.002460475340e-04    5.150393112191e-04  -4.973416285452e+01   3.785334107839e+00
  1.542838811072e-04   -7.574813130156e-04  -4.893568098396e+01   3.785334107839e+00
 -1.252724693191e-01    3.684680765422e-02  -4.980553386484e+01   3.785334107839e+00
 -1.873666071243e-01    7.543472104690e-02  -5.533978946467e+01   7.789950705048e+00
 -1.504064730148e-01    6.348687292962e-02  -5.203798421590e+01   7.789950705048e+00
 -2.927378683717e-01    1.113446710518e-01  -5.291664290569e+01   7.789950705048e+00
 -1.866942151794e-01    7.528744455950e-02  -5.537405985395e+01   1.170259114861e+01
 -4.495638904656e-04    7.569721549768e-04  -5.174445164484e+01   1.170259114861e+01
 -1.506686981257e-01    6.350406852236e-02  -5.201517734236e+01   1.170259114861e+01
 -2.416826842854e-01    6.609180291877e-02  -5.067809831561e+01   5.709232739293e+00
 -2.917845429150e-01    1.109038554746e-01  -5.293971185667e+01   5.709232739293e+00
 -1.510290113234e-01    6.388667922659e-02  -5.201118579343e+01   5.709232739293e+00
 -2.228848262145e-01    6.401740946554e-02  -5.985708747986e+01   9.945247318111e+00
 -1.875340527763e-01    7.529724743557e-02  -5.538204865489e+01   9.945247318111e+00
 -3.601138126782e-01    1.254829241847e-01  -5.633650560361e+01   9.945247318111e+00
 -1.502145929385e-01    6.367650791276e-02  -5.200198891173e+01   4.828917575988e+00
 -1.249507584729e-01    3.723363250010e-02  -4.982603002348e+01   4.828917575988e+00
 -2.423754689391e-01    6.620109099798e-02  -5.068621026720e+01   4.828917575988e+00
 -9.927910379564e-04    1.076982113838e-03  -5.167744797896e+01   6.092071532376e+00
  6.912914684869e-05   -2.141077963135e-04  -4.974815079524e+01   6.092071532376e+00
 -1.261341151998e-01    3.823428299307e-02  -4.979365915074e+01   6.092071532376e+00
 -3.006338194812e-01    4.460591073291e-02  -5.712542434672e+01  -8.205051277630e+00
 -4.171196310816e-03   -1.396865655171e-04  -6.016957668587e+01  -8.205051277630e+00
 -3.471026682080e-01    4.127131070642e-02  -6.172062576277e+01  -8.205051277630e+00
 -3.589227133920e-01    1.252036225173e-01  -5.636805661733e+01   8.479419248218e+00
 -1.883205995239e-01    7.559653263005e-02  -5.535166891518e+01   8.479419248218e+00
 -2.919430081765e-01    1.111963838154e-01  -5.290715291237e+01   8.479419248218e+00
 -4.677273058728e-01    5.713033044514e-02  -6.556613724978e+01   1.251538058403e+01
 -4.843570728415e-01   -4.224927217106e-03  -7.089367663222e+01   1.251538058403e+01
 -2.627604815009e-01   -2.543200004152e-03  -7.084356267058e+01   1.251538058403e+01
 -4.675122949285e-01    5.750541981678e-02  -6.561805173612e+01   1.193917781647e+01
 -2.503602565665e-01    3.617305779377e-02  -6.515203020692e+01   1.193917781647e+01
 -4.231916937317e-01    1.044374336649e-01  -6.064275427456e+01   1.193917781647e+01
 -4.869283365148e-01   -3.886785273322e-03  -7.084162059227e+01   3.651816838562e+00
 -5.567823297876e-01    5.392381074452e-02  -6.594086158063e+01   3.651816838562e+00
 -5.551903491859e-01   -4.958168785578e-03  -7.088608384656e+01   3.651816838562e+00
 -3.824579765134e-01    1.740257842244e-02  -6.759541628196e+01  -2.092566035486e+00
 -5.552784808893e-01   -3.984179961847e-03  -7.085516725636e+01  -2.092566035486e+00
 -5.564391647443e-01    5.273342413153e-02  -6.600266197359e+01  -2.092566035486e+00
 -5.565285612245e-01   -4.650290404679e-03  -7.086837141036e+01  -3.459040332006e+00
 -3.811675244404e-01    1.801689863902e-02  -6.758055744976e+01  -3.459040332006e+00
 -3.801325556192e-01   -2.217975470247e-02  -7.409990068076e+01  -3.459040332006e+00
 -4.869912140887e-01   -5.107716626626e-03  -7.092723008223e+01   3.723253849592e+00
 -5.551617880358e-01   -4.342449727536e-03  -7.084647734947e+01   3.723253849592e+00
 -5.553764067046e-01   -6.528726497798e-02  -7.578780859860e+01   3.723253849592e+00
 -5.581748494101e-01    5.372532315348e-02  -6.596830263964e+01   5.039998630286e+00
 -4.853531375543e-01   -3.549071879135e-03  -7.082016057651e+01   5.039998630286e+00
 -4.677638467491e-01    5.698894116314e-02  -6.564253308626e+01   5.039998630286e+00
 -2.612587386587e-01   -2.472198592386e-03  -7.083854656121e+01   1.217328029735e+01
 -2.490823133831e-01    3.620020454404e-02  -6.519953137976e+01   1.217328029735e+01
 -4.689278352360e-01    5.726899916825e-02  -6.557355013803e+01   1.217328029735e+01
 -5.399504829865e-01    1.031675160103e-01  -6.153730171433e+01   4.046807008590e+00
 -4.237653239030e-01    1.047549754268e-01  -6.067695179812e+01   4.046807008590e+00
 -4.896783973124e-01    1.376943681416e-01  -5.747545673945e+01   4.046807008590e+00
 -4.241689184146e-01    1.046783686487e-01  -6.065298549134e+01   1.140502390088e+01
 -2.492656172182e-01    3.605118372591e-02  -6.514145102099e+01   1.140502390088e+01
 -2.228046627212e-01    6.397761859205e-02  -5.990709111984e+01   1.140502390088e+01
 -5.553403556842e-01    5.405448918980e-02  -6.598116751439e+01  -1.768483044539e+00
 -5.415052187407e-01    1.024101135378e-01  -6.154640172127e+01  -1.768483044539e+00
 -3.520638453149e-01    4.187645719428e-02  -6.175323589458e+01  -1.768483044539e+00
 -5.575595957562e-01    5.309834619173e-02  -6.601722734779e+01   3.804174250553e+00
 -4.681268159643e-01    5.764129535595e-02  -6.559383434449e+01   3.804174250553e+00
 -5.391077373027e-01    1.037197341832e-01  -6.146422392396e+01   3.804174250553e+00
 -3.597432684276e-01    1.251682372039e-01  -5.639277671498e+01   5.390755089500e+00
 -4.909072450948e-01    1.377653858834e-01  -5.750765850143e+01   5.390755089500e+00
 -4.223456578103e-01    1.048387122775e-01  -6.064603653631e+01   5.390755089500e+00
 -5.570610323828e-01    5.353999857516e-02  -6.599983244593e+01  -3.471356356499e+00
 -3.495796345759e-01    4.220265424416e-02  -6.172312500745e+01  -3.471356356499e+00
 -3.816920355658e-01    1.672333965732e-02  -6.759766347580e+01  -3.471356356499e+00
 -5.408799399721e-01    1.027685064583e-01  -6.153422351482e+01  -2.790032984634e+00
 -4.594507966693e-01    9.300428870874e-02  -5.827024485343e+01  -2.790032984634e+00
 -3.523392873615e-01    4.132428625652e-02  -6.175430641791e+01  -2.790032984634e+00
 -5.402505062313e-01    1.036660525100e-01  -6.149705037354e+01   5.396752170710e+00
 -4.668913540761e-01    5.791553902016e-02  -6.556278638943e+01   5.396752170710e+00
 -4.237416714883e-01    1.043402225086e-01  -6.071628136573e+01   5.396752170710e+00
 -2.238971531154e-01    6.419325000426e-02  -5.986748563712e+01   1.063609667693e+01
 -3.592750043393e-01    1.252719361527e-01  -5.632674904583e+01   1.063609667693e+01
 -4.228571063333e-01    1.046268625011e-01  -6.069203981955e+01   1.063609667693e+01
 -2.537794187741e-01    3.482995710375e-02  -5.400703956248e+01  -6.713775408535e+00
 -9.706699970697e-04   -3.158404862295e-04  -5.400645997838e+01  -6.713775408535e+00
 -3.000176506070e-01    4.447186417800e-02  -5.713158470728e+01  -6.713775408535e+00
 -4.222450464798e-01    1.350325421680e-01  -5.413611060014e+01   4.769109774669e+00
 -3.584004737142e-01    1.252965659449e-01  -5.633466264430e+01   4.769109774669e+00
 -2.923605373168e-01    1.110861152555e-01  -5.295676200050e+01   4.769109774669e+00
 -1.429696261015e-03   -8.806253892641e-04  -7.080665163502e+01   1.829836419541e+01
 -8.163864092887e-04    6.801862879371e-04  -6.517698247911e+01   1.829836419541e+01
 -2.506209325208e-01    3.539109652704e-02  -6.514218697542e+01   1.829836419541e+01
 -3.320404167334e-01    2.929157992705e-03  -5.095577638578e+01   1.132562093119e+00
 -3.631690580283e-01    8.696645822023e-02  -5.188517127427e+01   1.132562093119e+00
 -2.421850568903e-01    6.563376706513e-02  -5.070707764924e+01   1.132562093119e+00
 -1.253567612055e-01    3.760661430115e-02  -4.981018841352e+01   2.237055157464e+00
 -2.222153055033e-01    1.732593060345e-03  -4.996493936517e+01   2.237055157464e+00
 -2.416632756353e-01    6.558604648945e-02  -5.070337860526e+01   2.237055157464e+00
 -4.211271598465e-01    1.350127687167e-01  -5.410775190963e+01   3.682383648370e+00
 -4.907090740093e-01    1.375411307652e-01  -5.753961590389e+01   3.682383648370e+00
 -3.597196205680e-01    1.252988326315e-01  -5.636221995838e+01   3.682383648370e+00
 -2.923223923270e-01    1.110428593115e-01  -5.293215690289e+01   2.593818476771e+00
 -3.627189470510e-01    8.716313511811e-02  -5.185474295137e+01   2.593818476771e+00
 -4.220328466691e-01    1.348516194282e-01  -5.415958508409e+01   2.593818476771e+00
 -4.671048402892e-01    9.361291165916e-02  -5.270680369743e+01   1.079423876484e+00
 -4.208000546637e-01    1.343395942972e-01  -5.413468061934e+01   1.079423876484e+00
 -3.645132571396e-01    8.760646307252e-02  -5.191446426794e+01   1.079423876484e+00
 -4.225181094639e-01    1.349208375267e-01  -5.416429844764e+01   1.485548706015e+00
 -4.713754969452e-01    1.204829642746e-01  -5.512922781364e+01   1.485548706015e+00
 -4.891797449218e-01    1.372846062289e-01  -5.751032316850e+01   1.485548706015e+00
 -4.669313685017e-01    9.404812177868e-02  -5.269925120128e+01  -1.279994841149e-01
 -3.646091686700e-01    8.691720205938e-02  -5.191575445089e+01  -1.279994841149e-01
 -4.360775591982e-01    4.385398186278e-02  -5.154736237431e+01  -1.279994841149e-01
 -2.913049958123e-01    1.109964638486e-01  -5.291252228196e+01   3.448446928366e+00
 -2.420264950344e-01    6.584219463400e-02  -5.071836102631e+01   3.448446928366e+00
 -3.634809324839e-01    8.710672652431e-02  -5.187238648529e+01   3.448446928366e+00
 -3.365039113434e-01    2.784287219869e-02  -5.085026169767e+01  -2.769034456887e+00
 -4.542097763518e-01    3.797549818741e-02  -5.070944218885e+01  -2.769034456887e+00
 -3.326133913585e-01    1.241997628346e-02  -4.882686825301e+01  -2.769034456887e+00
 -6.007039213077e-01   -5.553155750939e-03  -4.269423127755e+01   3.628636341447e+00
 -3.359597983873e-03   -8.528628490004e-04  -4.404204520983e+01   3.628636341447e+00
 -5.748969189920e-03    6.712515125087e-04  -3.924111420020e+01   3.628636341447e+00
 -4.655534478898e-01    9.241852291876e-02  -5.267786140420e+01  -1.861333210160e+00
 -5.032233564624e-01    3.036210901354e-02  -5.057165841645e+01  -1.861333210160e+00
 -4.547547131143e-01    3.831984637785e-02  -5.072359213304e+01  -1.861333210160e+00
 -4.646435091092e-01    9.275200177576e-02  -5.266299579423e+01   2.925056658369e-02
 -4.380591127251e-01    4.484757055345e-02  -5.158830966761e+01   2.925056658369e-02
 -5.039773597997e-01    3.065591285057e-02  -5.058660447429e+01   2.925056658369e-02
 -5.047045617483e-01    3.020514906006e-02  -5.059427833125e+01   9.286118452047e-03
 -5.065922703884e-01    4.756829064732e-03  -5.036781921140e+01   9.286118452047e-03
 -5.465605513726e-01   -4.734425113603e-03  -4.890159877211e+01   9.286118452047e-03
 -4.712434689517e-01    1.205994939135e-01  -5.512573534888e+01   2.770497655204e-01
 -4.224170036473e-01    1.345286040169e-01  -5.416192365924e+01   2.770497655204e-01
 -4.654052893221e-01    9.322030698444e-02  -5.266591384428e+01   2.770497655204e-01
 -5.006745851404e-01    3.875407628294e-03  -4.719977782703e+01  -7.936428341169e-01
 -5.046028480344e-01    2.992969272502e-02  -5.060390522660e+01  -7.936428341169e-01
 -5.472488866868e-01   -4.472577882445e-03  -4.889930143824e+01  -7.936428341169e-01
 -5.048420555980e-01    3.159037139659e-02  -5.058702589601e+01  -4.007768517435e-01
 -4.376623122599e-01    4.357627272916e-02  -5.158922076179e+01  -4.007768517435e-01
 -5.066420779030e-01    3.715741315353e-03  -5.036977767454e+01  -4.007768517435e-01
 -3.628736428633e-01    8.641755791255e-02  -5.188214921850e+01   6.613459956227e-01
 -3.326831315588e-01    3.486352471544e-03  -5.098411921342e+01   6.613459956227e-01
 -4.371340292992e-01    4.406117909412e-02  -5.158176313532e+01   6.613459956227e-01
 -4.253169270852e-01    7.976263920689e-02  -5.371329513719e+01  -1.567410903432e+00
 -4.673732893798e-01    9.299192193409e-02  -5.269763688469e+01  -1.567410903432e+00
 -4.533659476788e-01    3.830671900168e-02  -5.070165183374e+01  -1.567410903432e+00
 -4.713943054598e-01    1.201159017418e-01  -5.512873529323e+01  -1.976379462431e+00
 -4.255788285304e-01    7.909577221404e-02  -5.372902441794e+01  -1.976379462431e+00
 -4.198314810890e-01    8.301187500290e-02  -5.571641445821e+01  -1.976379462431e+00
 -4.704146862603e-01    1.200192021113e-01  -5.511941843011e+01  -1.805375426272e+00
 -4.663399513265e-01    9.348672126668e-02  -5.267949604727e+01  -1.805375426272e+00
 -4.264216806659e-01    7.936589581650e-02  -5.374122620514e+01  -1.805375426272e+00
 -4.606340373993e-01    9.266049009739e-02  -5.830428862006e+01  -4.257500601759e+00
 -4.199408803025e-01    8.295559540766e-02  -5.571751480253e+01  -4.257500601759e+00
 -3.004362991553e-01    4.465307187634e-02  -5.714589521162e+01  -4.257500601759e+00
 -4.198837590078e-01    8.287721129308e-02  -5.572248573587e+01  -1.534052144364e+00
 -4.607336795492e-01    9.305193859397e-02  -5.830257951761e+01  -1.534052144364e+00
 -4.713828998934e-01    1.204729272488e-01  -5.511980605844e+01  -1.534052144364e+00
 -2.537220191195e-01    3.480346004009e-02  -5.400805436365e+01  -4.137110916641e+00
 -2.998756908862e-01    4.479437820599e-02  -5.713014951737e+01  -4.137110916641e+00
 -4.205153948904e-01    8.278711615383e-02  -5.572972965224e+01  -4.137110916641e+00
 -4.615826751842e-01    9.264636934095e-02  -5.830540751272e+01  -3.996438050275e+00
 -2.993703227148e-01    4.472025667014e-02  -5.713368380943e+01  -3.996438050275e+00
 -3.485712323227e-01    4.146722188871e-02  -6.171390419350e+01  -3.996438050275e+00
 -4.194434886613e-01    8.274194818127e-02  -5.572118445853e+01  -4.101885660178e+00
 -4.263654553356e-01    7.904110730845e-02  -5.373432123540e+01  -4.101885660178e+00
 -2.549354109568e-01    3.492149199698e-02  -5.402263858891e+01  -4.101885660178e+00
 -4.701546708147e-01    1.205697713153e-01  -5.509501455668e+01  -7.765917638302e-01
 -4.622259037196e-01    9.304480463582e-02  -5.832578910755e+01  -7.765917638302e-01
 -4.909525215968e-01    1.370174518775e-01  -5.754018086869e+01  -7.765917638302e-01
 -3.372947758978e-01    2.734537156590e-02  -5.086695724221e+01  -3.163098591006e+00
 -4.249085724716e-01    7.896697821868e-02  -5.371639962000e+01  -3.163098591006e+00
 -4.535259777731e-01    3.878245475324e-02  -5.070190244574e+01  -3.163098591006e+00
 -3.181043148684e-01    4.595787020325e-03  -4.709065698457e+01  -4.640581207264e+00
 -1.349929567363e-03   -2.319179934970e-04  -4.690354166774e+01  -4.640581207264e+00
 -3.327219120039e-01    1.239325785614e-02  -4.883796188998e+01  -4.640581207264e+00
 -3.179723549205e-01    4.588863866755e-03  -4.707211422963e+01  -2.580190149716e+00
 -4.997091419792e-01    3.704018232047e-03  -4.717377758426e+01  -2.580190149716e+00
 -4.390956281524e-01    5.821805983712e-03  -4.421194109004e+01  -2.580190149716e+00
 -1.326901062260e-03    2.415943209147e-04  -5.084734527072e+01  -4.764955253700e+00
 -3.340988015685e-01    1.259039422676e-02  -4.882751943052e+01  -4.764955253700e+00
 -2.839601579613e-04   -2.376545121109e-04  -4.689586287106e+01  -4.764955253700e+00
 -4.267181741727e-01   -4.067191993822e-03  -2.866868087126e-03  -1.408852864030e+00
 -5.063039793353e-01   -4.820731560146e-03  -3.331248293391e+00  -1.408852864030e+00
 -5.723466654378e-01   -1.302933328302e-03  -3.533069694793e-02  -1.408852864030e+00
  5.763672263743e-04    6.824616425823e-04  -8.698883992924e+01  -5.664796587578e+00
 -2.264767675147e-01   -3.926153934761e-02  -8.622342692350e+01  -5.664796587578e+00
 -9.096002846525e-04   -3.821060287299e-04  -8.587826878624e+01  -5.664796587578e+00
 -5.040234433451e-01    6.666174903405e-03  -3.939003317298e+01   3.848627413949e+00
 -5.961352269182e-01   -5.069619770651e-03  -4.268276705481e+01   3.848627413949e+00
 -8.618796237680e-03    7.718556432146e-04  -3.924148243604e+01   3.848627413949e+00
 -3.363012602342e-01    2.771292825456e-02  -5.084420498538e+01  -4.031111420361e+00
 -2.544840135830e-01    3.531556731290e-02  -5.400796274327e+01  -4.031111420361e+00
 -4.264402799076e-01    7.863427357027e-02  -5.373198410942e+01  -4.031111420361e+00
 -5.934920109311e-01   -1.022920107047e-03  -1.799163197961e+01  -7.774268120540e-02
 -5.464871251362e-01    2.484370068538e-03  -1.508582053227e+01  -7.774268120540e-02
 -5.231283977409e-01   -2.756549177059e-03  -1.449168851498e+01  -7.774268120540e-02
  3.805046794320e-04   -1.400548059687e-04  -5.397713069992e+01  -7.529242338335e+00
 -2.089591083844e-03    4.433665890874e-05  -6.013346786140e+01  -7.529242338335e+00
 -3.019970874734e-01    4.435715183592e-02  -5.714023281099e+01  -7.529242338335e+00
 -5.667848643870e-01    2.818469157863e-03  -3.997080623240e+01  -4.027803088056e+00
 -9.786383334959e-03    7.738217253574e-04  -4.378148014883e+01  -4.027803088056e+00
 -4.352744919768e-01    5.975461498665e-03  -4.418437870565e+01  -4.027803088056e+00
 -4.914856633797e-01    1.371337947993e-01  -5.755111835540e+01   3.569339411962e-01
 -4.616221780393e-01    9.298674804879e-02  -5.831774127472e+01   3.569339411962e-01
 -5.380551442913e-01    1.031527356240e-01  -6.150026488051e+01   3.569339411962e-01
 -5.071366142676e-01    4.485044419458e-03  -5.038857971613e+01   1.716627649513e-01
 -4.367154958952e-01    4.282663113386e-02  -5.157606382363e+01   1.716627649513e-01
 -4.285718112244e-01   -3.441636202842e-02  -5.158725401293e+01   1.716627649513e-01
 -2.418698578034e-03    6.247765101619e-04  -6.016543313590e+01  -7.903109730908e+00
 -3.819557019600e-01    1.799756646339e-02  -6.758397991134e+01  -7.903109730908e+00
 -3.483145175407e-01    4.088457545307e-02  -6.172521215732e+01  -7.903109730908e+00
 -5.900399241646e-01   -5.537121650989e-03  -4.260767086263e+01  -1.041381981029e+00
 -4.455206138778e-01    5.822325187839e-03  -4.420068073412e+01  -1.041381981029e+00
 -5.538949222059e-01   -1.338730772163e-03  -4.712675529257e+01  -1.041381981029e+00
 -5.115260309439e-01   -4.901177457911e-02  -6.611666315185e+01   3.130217984727e+00
 -5.074128240244e-01    1.781171689461e-03  -7.113539128848e+01   3.130217984727e+00
 -3.009039617527e-01   -1.490749721622e-02  -6.765602792868e+01   3.130217984727e+00
 -5.281929342682e-03   -2.314704850925e-04  -3.050962930250e+00  -3.840239985484e+00
 -5.076723629540e-01   -4.788779442146e-03  -3.308378550901e+00  -3.840239985484e+00
 -4.265272326733e-01   -4.130443189531e-03   1.391869056179e-02  -3.840239985484e+00
 -5.524981824253e-01   -1.394805624771e-03  -4.711239956764e+01  -7.197855951188e-01
 -5.008303943168e-01    4.021836162394e-03  -4.719377193499e+01  -7.197855951188e-01
 -5.468103501865e-01   -4.391520914298e-03  -4.889679954266e+01  -7.197855951188e-01
 -6.589174902358e-01   -5.146394563312e-03  -1.155369306576e+01  -2.929926042199e+00
 -5.424766594780e-01   -8.381285358544e-03  -6.892941059644e+00  -2.929926042199e+00
 -2.101682372277e-02    4.083115211266e-04  -1.066512455360e+01  -2.929926042199e+00
 -5.555202545059e-01   -1.299841085769e-03  -4.713187464576e+01  -8.313167137402e-01
 -4.430038111142e-01    5.779436110109e-03  -4.420926700267e+01  -8.313167137402e-01
 -4.977032187294e-01    3.792619300881e-03  -4.719302963161e+01  -8.313167137402e-01
 -4.393185996359e-01    5.656845869923e-03  -4.413744417406e+01  -8.769276105978e-01
 -5.940762298013e-01   -4.949996769918e-03  -4.259795125795e+01  -8.769276105978e-01
 -5.625779063404e-01    2.893800246454e-03  -3.994538995847e+01  -8.769276105978e-01
 -5.462420318386e-01   -4.525140559504e-03  -4.889634833706e+01   1.644944744782e+00
 -4.835795555762e-01   -2.517641474920e-02  -5.045589217313e+01   1.644944744782e+00
 -4.190509697342e-01   -3.239439096129e-02  -5.076112584950e+01   1.644944744782e+00
 -4.709569773750e-01   -9.047767408634e-03  -4.696226940747e+01   1.189734937820e+00
 -5.531999375358e-01   -1.175784153037e-03  -4.711254619210e+01   1.189734937820e+00
 -5.457367923338e-01   -4.764087025085e-03  -4.891077724856e+01   1.189734937820e+00
 -4.184945023611e-01   -3.193657768757e-02  -5.076896874168e+01   2.572257782072e+00
 -2.910354559129e-01   -1.114467279693e-02  -4.897795548769e+01   2.572257782072e+00
 -5.474629698106e-01   -5.036385099898e-03  -4.889973622060e+01   2.572257782072e+00
 -5.390417511373e-04    3.500463582616e-04  -4.863322179327e+01   4.905737159445e+00
 -2.945973250882e-01   -2.067291485156e-02  -5.070155669590e+01   4.905737159445e+00
 -6.766173264691e-04   -1.180555425976e-04  -5.082260276703e+01   4.905737159445e+00
 -2.931719243960e-01   -2.060749327885e-02  -5.069627423156e+01   4.929663059786e+00
 -1.556115654733e-03    4.304760314381e-04  -4.864281037645e+01   4.929663059786e+00
 -2.877530211581e-01   -1.073821038793e-02  -4.895450364129e+01   4.929663059786e+00
 -4.994632659896e-01    3.305699123617e-03  -4.719197521912e+01  -1.359780932145e+00
 -4.527568269501e-01    3.760392448107e-02  -5.069302530453e+01  -1.359780932145e+00
 -5.051916184666e-01    3.041374897534e-02  -5.060551198764e+01  -1.359780932145e+00
 -3.177524818399e-01    4.536945487554e-03  -4.708419484362e+01  -2.729801050433e+00
 -3.326624578544e-01    1.259111969498e-02  -4.885063724350e+01  -2.729801050433e+00
 -5.004860786036e-01    3.698629792265e-03  -4.718480903020e+01  -2.729801050433e+00
 -5.062208912999e-01   -4.222642900025e-03  -3.344293133282e+00  -4.464881093491e-01
 -5.451040780164e-01   -8.839905780777e-03  -7.090085156904e+00  -4.464881093491e-01
 -5.740790976923e-01   -7.329553042262e-03  -4.392205988632e+00  -4.464881093491e-01
 -8.224547052750e-03   -3.986330739471e-04  -3.522016563083e+01  -3.806046425890e+00
 -5.822616260116e-01    1.058817823844e-02  -3.194968841562e+01  -3.806046425890e+00
 -3.726883148516e-04   -3.338091880474e-04  -3.130949876732e+01  -3.806046425890e+00
 -1.561870119815e-02    2.559809319177e-04  -3.561006943617e+01   3.084006403219e+00
 -6.590457802523e-01    7.363580213185e-03  -3.582325048978e+01   3.084006403219e+00
 -5.051307267527e-01    6.278718627588e-03  -3.951876682644e+01   3.084006403219e+00
 -6.537829075768e-01    7.495208216476e-03  -3.583740175170e+01  -3.043874749424e+00
 -1.655960887542e-02   -3.189685788372e-04  -3.546427387573e+01  -3.043874749424e+00
 -5.652305861717e-01    2.410191295277e-03  -4.015038775116e+01  -3.043874749424e+00
 -5.194334163024e-01   -1.272449556954e-04  -2.049788994802e+01   7.983088512264e-01
 -6.043341224192e-01   -1.811900691972e-03  -2.260415639511e+01   7.983088512264e-01
 -5.178848183671e-01   -6.037215714718e-03  -2.476828458580e+01   7.983088512264e-01
 -5.234177128116e-01   -2.899260152433e-03  -1.450042144440e+01  -3.804439922476e+00
  1.942705305619e-04    6.268333053748e-05  -1.446707586963e+01  -3.804439922476e+00
 -6.229469651521e-03   -2.510228160273e-04  -1.813972804141e+01  -3.804439922476e+00
 -4.615530278922e-01    7.900936221801e-03  -2.865377123401e+01   1.036028874966e+00
 -6.033868547741e-01    7.955245610961e-03  -2.727626385197e+01   1.036028874966e+00
 -5.821304743206e-01    1.291042877222e-02  -3.213703428600e+01   1.036028874966e+00
 -5.993361531753e-01   -1.479417707993e-03  -2.237986221841e+01  -2.957013659765e+00
 -1.940916278483e-02    9.368964403422e-04  -2.719767330972e+01  -2.957013659765e+00
 -6.087261332798e-01    7.540985954228e-03  -2.725634066628e+01  -2.957013659765e+00
 -5.157620167231e-01   -1.045277015311e-04  -2.044929491352e+01   8.266881910083e-01
 -5.389194027548e-01    2.248363246921e-03  -1.506843691762e+01   8.266881910083e-01
 -5.987695803688e-01   -6.338423111777e-04  -1.797763717514e+01   8.266881910083e-01
 -6.100544394789e-01    8.463090019622e-03  -2.736398273589e+01  -2.877399851135e+00
 -1.759103169196e-02    1.231621751254e-04  -2.739026511185e+01  -2.877399851135e+00
 -5.767519127302e-01    1.165082024395e-02  -3.222641019500e+01  -2.877399851135e+00
 -5.795354063952e-01   -6.525876165421e-03  -4.393037403133e+00   3.749146929075e+00
 -5.800033816684e-03   -4.302051929923e-04  -7.307602869139e+00   3.749146929075e+00
 -3.616603370046e-03    5.833030109407e-04  -2.771667707872e+00   3.749146929075e+00
 -6.730592152549e-03    5.141323986277e-04  -6.731550147204e+00  -3.674678411147e+00
 -5.449494580565e-01   -7.906943776525e-03  -7.053534751228e+00  -3.674678411147e+00
 -5.070100259480e-01   -4.537114983168e-03  -3.318172205405e+00  -3.674678411147e+00
 -3.185917530433e-03    2.662245901740e-04  -6.735286321491e+00  -3.880568957358e+00
 -5.107365796627e-01   -4.649427276930e-03  -3.310503002777e+00  -3.880568957358e+00
 -2.595238323415e-03   -2.644190486467e-04  -3.075987846328e+00  -3.880568957358e+00
 -5.690067273872e-01   -1.143711204207e-03  -3.618762072665e-02  -5.014007893587e-01
 -5.097167114006e-01   -4.906266026784e-03  -3.314414444944e+00  -5.014007893587e-01
 -5.701864181073e-01   -6.320324090626e-03  -4.387070669718e+00  -5.014007893587e-01
  3.856872629438e-04   -1.282764789287e-04  -1.436466721746e+01  -3.802926039728e+00
 -5.226027807952e-01   -2.787074805647e-03  -1.468057165605e+01  -3.802926039728e+00
 -8.887047525879e-03   -2.882673342378e-05  -1.090801050585e+01  -3.802926039728e+00
 -5.496922343332e-01   -9.403913813153e-03  -7.091194369108e+00   3.796866060111e-01
 -6.470337012430e-01   -4.951231574149e-03  -1.162406495129e+01   3.796866060111e-01
 -5.008280178162e-01   -1.320032420502e-02  -8.441728328801e+00   3.796866060111e-01
 -5.488860440671e-01   -7.725063371467e-03  -6.979059885871e+00  -3.714807882996e+00
 -2.057810509797e-03    4.483254858666e-04  -6.797078856420e+00  -3.714807882996e+00
 -9.178774099320e-03    2.707999145301e-04  -1.065092751959e+01  -3.714807882996e+00
 -5.516101891113e-01   -9.471947437509e-03  -7.081242631835e+00   3.591312426642e-01
 -5.001149298016e-01   -1.324649478460e-02  -8.335178036601e+00   3.591312426642e-01
 -5.697628296659e-01   -7.386609147269e-03  -4.338054778970e+00   3.591312426642e-01
 -1.815014735852e-03   -2.390015742257e-04  -7.293375570277e+00   4.135897109401e+00
 -5.001270892349e-01   -1.219337909911e-02  -8.286082783629e+00   4.135897109401e+00
 -4.042506697512e-03    4.193766583031e-04  -1.111432122530e+01   4.135897109401e+00
 -1.229799756386e-02    7.721974116550e-04  -1.113937866143e+01   3.459828552211e+00
 -4.956225660219e-01   -1.233767541142e-02  -8.259212793238e+00   3.459828552211e+00
 -6.513689085798e-01   -4.496049632296e-03  -1.156705762650e+01   3.459828552211e+00
 -5.724152829909e-01    2.719929119443e-03  -4.000412634554e+01  -3.949009745069e+00
 -1.103200763402e-03   -3.806848902457e-04  -3.961957882600e+01  -3.949009745069e+00
 -5.397826228492e-03    4.664624131616e-04  -4.375712665800e+01  -3.949009745069e+00
 -5.093741537414e-01    6.071696356760e-03  -3.942495751443e+01   4.334684239883e-01
 -5.685440563115e-01    2.694646846530e-03  -3.997916802844e+01   4.334684239883e-01
 -5.888387725133e-01   -4.744226886969e-03  -4.268540873719e+01   4.334684239883e-01
 -2.039755099163e-03   -9.481515938560e-05  -3.108253806143e+01   3.991517449193e+00
 -5.128502027134e-01    1.218554262031e-02  -3.226783581647e+01   3.991517449193e+00
 -5.568704619664e-03   -8.738660628345e-05  -3.548217677232e+01   3.991517449193e+00
 -5.673861257594e-01    2.463705381218e-03  -3.997603039189e+01   5.926293112949e-01
 -5.114038742852e-01    6.037743303161e-03  -3.933928519669e+01   5.926293112949e-01
 -6.493336706450e-01    7.328570231726e-03  -3.579526220073e+01   5.926293112949e-01
 -5.094456064055e-01    6.779303276212e-03  -3.945177404543e+01   3.869722495279e+00
 -1.614467282283e-03    4.479666059124e-04  -3.923855924370e+01   3.869722495279e+00
 -6.338574183981e-03    1.471048441598e-04  -3.564236779364e+01   3.869722495279e+00
 -5.354431258541e-03    1.652323483626e-04  -1.128716341158e+01   4.143794550544e+00
 -5.472915681369e-01    2.454808917482e-03  -1.509794362471e+01   4.143794550544e+00
 -5.902478830957e-04   -1.555721807125e-05  -1.575319313448e+01   4.143794550544e+00
 -8.402306094625e-04   -1.873454955741e-04  -3.956484504882e+01  -3.942785323851e+00
 -5.715741860746e-01    2.313745628002e-03  -4.009323685629e+01  -3.942785323851e+00
 -7.557835082003e-03   -2.070134440743e-04  -3.547845283902e+01  -3.942785323851e+00
 -5.244594929930e-01   -2.641503445201e-03  -1.454875131992e+01  -3.382366678192e-01
 -5.445096887308e-01    2.555694489808e-03  -1.495769493331e+01  -3.382366678192e-01
 -6.472929345213e-01   -4.196142153655e-03  -1.152927551487e+01  -3.382366678192e-01
 -1.942776273782e-02   -7.981875894446e-06  -1.086547150345e+01  -2.679390097051e+00
 -5.166330462364e-01   -2.583748663414e-03  -1.479207025614e+01  -2.679390097051e+00
 -6.600490609154e-01   -4.670745220783e-03  -1.158952412051e+01  -2.679390097051e+00
 -5.188075160210e-01   -2.796049800244e-03  -1.439680802888e+01  -2.974822887147e+00
 -1.421638024226e-02   -6.067557135682e-04  -1.817092201153e+01  -2.974822887147e+00
 -5.986030780674e-01   -1.381544485201e-03  -1.793234205131e+01  -2.974822887147e+00
 -5.197464228497e-01   -4.196020317546e-04  -2.049867697283e+01   4.086243200462e+00
 -5.182684311330e-01   -5.603806953431e-03  -2.476199360504e+01   4.086243200462e+00
 -7.749427265432e-03    4.378425857785e-05  -2.357531060218e+01   4.086243200462e+00
 -6.071803384519e-01   -1.488034032500e-03  -2.266019520184e+01  -3.572472858693e+00
 -8.504743251304e-03   -4.124570387491e-04  -1.836232134550e+01  -3.572472858693e+00
 -1.257488983830e-03    1.799432597653e-04  -2.275125798366e+01  -3.572472858693e+00
 -1.003878454983e-03    8.268834976797e-05  -1.577257563870e+01   4.140317120533e+00
 -5.456946332752e-01    2.211113410398e-03  -1.507439796188e+01   4.140317120533e+00
 -4.653527455298e-03   -1.858804964404e-04  -1.952664331051e+01   4.140317120533e+00
 -5.105500157676e-01    1.295533761828e-02  -3.245353431883e+01   7.625070727853e-01
 -5.789346618178e-01    1.225075469017e-02  -3.206120416875e+01   7.625070727853e-01
 -6.474361185623e-01    7.501287800541e-03  -3.577762475759e+01   7.625070727853e-01
 -1.638459344508e-02    4.760873467651e-06  -3.547845652793e+01   3.252975595471e+00
 -5.057976465651e-01    1.223180178250e-02  -3.221886794611e+01   3.252975595471e+00
 -6.579911263120e-01    7.631285887135e-03  -3.578279149172e+01   3.252975595471e+00
 -4.981794379973e-03   -3.324721556705e-04  -3.102760634783e+01   4.051142343107e+00
 -4.530870641478e-01    7.015626526248e-03  -2.875758680715e+01   4.051142343107e+00
 -5.099983812141e-01    1.260402844596e-02  -3.231349791619e+01   4.051142343107e+00
 -4.547331481214e-01    6.056767028941e-03  -2.880010246074e+01   4.417602549260e+00
 -1.414245827765e-03    1.064609738618e-05  -3.101907293293e+01   4.417602549260e+00
 -1.783168083735e-03   -4.052711351047e-04  -2.780553562905e+01   4.417602549260e+00
 -2.759167333726e-03    2.069944474173e-04  -2.356048373338e+01   4.134915850484e+00
 -5.229198568602e-01   -5.725171102786e-03  -2.477149138482e+01   4.134915850484e+00
 -3.097540437291e-03   -1.788659047982e-04  -2.779888159474e+01   4.134915850484e+00
 -5.209561217920e-01   -6.502272535051e-03  -2.484424470166e+01   7.271693639918e-01
 -5.998928746805e-01   -1.830673916137e-03  -2.249346588817e+01   7.271693639918e-01
 -6.046245315143e-01    7.160300927905e-03  -2.724168505861e+01   7.271693639918e-01
 -9.512553073351e-03    6.005562702004e-04  -2.715977142652e+01  -3.574980258553e+00
 -6.070145883676e-01   -1.114022500235e-03  -2.248406921548e+01  -3.574980258553e+00
 -1.056238450363e-03   -4.856495683550e-06  -2.285430633462e+01  -3.574980258553e+00
 -1.708474993229e-04   -6.183171736684e-04  -3.121442753655e+01  -3.809269414054e+00
 -5.824444307626e-01    1.086889040343e-02  -3.211055909803e+01  -3.809269414054e+00
 -8.027072729310e-03    1.339197122693e-05  -2.741170107305e+01  -3.809269414054e+00
 -5.177339249019e-01   -6.033157448302e-03  -2.479796722127e+01   4.131196537541e+00
 -4.497457510537e-01    6.027054177953e-03  -2.880703932042e+01   4.131196537541e+00
 -7.269114990607e-03   -5.253714088488e-04  -2.780930001600e+01   4.131196537541e+00
 -5.156034499511e-01   -6.515308493500e-03  -2.481975155335e+01   1.330344062438e+00
 -6.086463052983e-01    7.640136583448e-03  -2.722653684317e+01   1.330344062438e+00
 -4.516757798002e-01    6.809598391972e-03  -2.875488920806e+01   1.330344062438e+00
 -5.231486968938e-01   -5.221281036157e-04  -2.049132767457e+01   4.084041716027e+00
 -3.500294945641e-03   -4.327933313022e-05  -2.358153507610e+01   4.084041716027e+00
 -2.728481444768e-03   -1.090389640284e-04  -1.951201620851e+01   4.084041716027e+00
 -5.404319647442e-01    2.212537580328e-03  -1.506678356905e+01   3.997132675403e+00
 -5.155359927810e-01   -2.832168955125e-04  -2.046054410909e+01   3.997132675403e+00
 -9.426292369832e-03   -2.754251191870e-04  -1.952558441308e+01   3.997132675403e+00
 -5.995548323911e-01   -1.642749561377e-03  -2.269895864171e+01   7.194169912864e-01
 -5.230266630269e-01    1.003542008292e-04  -2.044315813538e+01   7.194169912864e-01
 -5.936068118794e-01   -7.776007876576e-04  -1.799791277412e+01   7.194169912864e-01
