
  1.656750901226e-03   -1.987656054912e-03   2.076244483363e+02  -1.168185535942e+01
  5.281800061500e-01   -1.809694468606e-03   2.092071103810e+02  -1.168185535942e+01
 -2.839872823824e-04    8.118164742184e-04   2.082087634491e+02  -1.168185535942e+01
  6.384349126031e-01   -9.058868135743e-02   1.921565271428e+02  -2.122393425561e+01
 -4.863187358583e-04   -7.699380691659e-06   2.000837711327e+02  -2.122393425561e+01
  1.798472111684e-03    3.478586652688e-05   1.918720703571e+02  -2.122393425561e+01
  5.277564337535e-01    1.134706637264e-03   2.092224551027e+02  -1.223779005728e+01
  8.594111121421e-01   -1.796832347869e-01   2.088894182235e+02  -1.223779005728e+01
  9.227864489187e-01   -2.312825455679e-03   2.119749421820e+02  -1.223779005728e+01
  8.628480341110e-01   -1.781605610663e-01   2.088376092514e+02  -1.158370105236e+01
  5.249413607210e-01   -4.256900801663e-04   2.093012495894e+02  -1.158370105236e+01
  4.023947522055e-01   -7.143386015024e-02   2.070946795686e+02  -1.158370105236e+01
  1.071548261270e+00   -2.217361340656e-01   2.136036561921e+02  -8.146486606143e+00
  9.231650434512e-01   -2.224045303810e-03   2.120706161260e+02  -8.146486606143e+00
  8.598886964092e-01   -1.811978971960e-01   2.088320561934e+02  -8.146486606143e+00
  1.349693282441e+00    1.398148706416e-02   1.036088753343e+01  -8.961325962956e+00
  1.829702709627e-02   -1.178400288475e-03   6.444545327398e+00  -8.961325962956e+00
  9.910228156389e-01   -1.398971765548e-02  -6.359282028991e-02  -8.961325962956e+00
  4.033713579299e-01   -7.030998473444e-02   2.070802855007e+02  -1.119907219870e+01
  8.244357090711e-01   -1.975811752589e-01   2.048957751632e+02  -1.119907219870e+01
  8.627681817085e-01   -1.792848895083e-01   2.088156392948e+02  -1.119907219870e+01
  1.280887682540e+00    1.230441137423e-02   1.171040481033e+02  -5.081981675813e+00
  6.816351579336e-01    2.729636400849e-02   1.172761124403e+02  -5.081981675813e+00
  1.097688437885e+00    2.068536854747e-02   1.124493131264e+02  -5.081981675813e+00
  4.973265696014e-01   -9.688987844022e-02   2.017678485486e+02  -1.069605556717e+01
  6.389167235965e-01   -9.109381930536e-02   1.921487657740e+02  -1.069605556717e+01
  9.330580643480e-01   -2.218585087301e-01   1.993886568735e+02  -1.069605556717e+01
  1.797190788014e-03    4.044902297129e-04   2.053930206112e+02  -1.530365616230e+01
  4.957506741061e-01   -9.639601821216e-02   2.018007964057e+02  -1.530365616230e+01
  4.020258818139e-01   -7.085839821266e-02   2.071324423472e+02  -1.530365616230e+01
  8.255978938244e-01   -1.977395325934e-01   2.048785245105e+02  -5.521129090156e+00
  9.313965320562e-01   -2.230724804609e-01   1.993963516468e+02  -5.521129090156e+00
  1.014272968183e+00   -2.980134747659e-01   2.070595765950e+02  -5.521129090156e+00
  9.312611354755e-01   -2.219910077009e-01   1.994009518214e+02  -1.147605587142e+01
  8.255516431801e-01   -1.979641103275e-01   2.048857578211e+02  -1.147605587142e+01
  4.992484110341e-01   -9.676290312584e-02   2.017370406651e+02  -1.147605587142e+01
  1.080958019322e+00   -3.374048848703e-01   2.015688457522e+02  -3.556142105467e+00
  1.011482452346e+00   -2.982083511987e-01   2.071226712802e+02  -3.556142105467e+00
  9.349450029664e-01   -2.230496928365e-01   1.993382353387e+02  -3.556142105467e+00
  8.254319241623e-01   -1.980319704095e-01   2.048821116927e+02  -7.004820279550e+00
  1.014415893864e+00   -2.973322904929e-01   2.070597417037e+02  -7.004820279550e+00
  8.610589870302e-01   -1.797006517509e-01   2.088528887222e+02  -7.004820279550e+00
  1.082060906859e+00   -3.377044651322e-01   2.015343373770e+02  -8.997248027867e-01
  9.337964669321e-01   -2.228228232392e-01   1.993688354738e+02  -8.997248027867e-01
  1.160197970947e+00   -2.521267073665e-01   1.920922099053e+02  -8.997248027867e-01
  4.972738591820e-01   -9.721921972106e-02   2.017867010256e+02  -1.099612650735e+01
  8.267887258701e-01   -1.974901542814e-01   2.048595152530e+02  -1.099612650735e+01
  4.009752238802e-01   -7.032202156480e-02   2.071422459213e+02  -1.099612650735e+01
  1.890896900791e-03   -5.339980836016e-04   1.672376423508e+02  -2.337378292534e+01
  1.091629352239e-03    9.551664225364e-04   1.436385132099e+02  -2.337378292534e+01
  7.035777683042e-01    3.355664481750e-02   1.616653364050e+02  -2.337378292534e+01
  1.068784308251e+00   -2.222983508084e-01   2.135941239519e+02  -7.059075158048e+00
  8.628056234476e-01   -1.801607559639e-01   2.088122253627e+02  -7.059075158048e+00
  1.012288046229e+00   -2.973928043394e-01   2.070864670322e+02  -7.059075158048e+00
  1.188761836461e+00   -4.587241620843e-03   2.168345103024e+02  -4.571487405184e+00
  1.065544882935e+00   -2.201364479683e-01   2.135942855177e+02  -4.571487405184e+00
  1.101581585409e+00   -9.737201935095e-02   2.183310788008e+02  -4.571487405184e+00
  1.185950984933e+00   -1.222647810001e-03   2.167872097934e+02  -1.012075704045e+01
  9.257999529615e-01   -1.221582992746e-03   2.120453136890e+02  -1.012075704045e+01
  1.068352436678e+00   -2.217287294324e-01   2.136375570722e+02  -1.012075704045e+01
  1.190245327057e+00   -4.540055002496e-03   2.168777182535e+02  -4.745062427408e+00
  1.100661994886e+00   -9.627882665035e-02   2.183283980769e+02  -4.745062427408e+00
  1.318045929552e+00    1.579556225627e-03   2.204632756882e+02  -4.745062427408e+00
  1.096625114302e+00   -9.312581567253e-02   2.183336376621e+02  -2.602805615281e+00
  1.071530636926e+00   -2.234718513221e-01   2.135749420555e+02  -2.602805615281e+00
  8.883749490850e-01   -2.095117442296e-01   2.159871372438e+02  -2.602805615281e+00
  8.503586618906e-01    1.600859146491e-02   2.184053164667e+02   3.665138759783e-01
  1.099294127835e+00   -9.351812415751e-02   2.182453382817e+02   3.665138759783e-01
  8.840396282832e-01   -2.079437021823e-01   2.160550051313e+02   3.665138759783e-01
  1.098021093039e+00   -9.010688541080e-02   2.183001797110e+02  -1.528719537662e+00
  1.115485736829e+00    1.155775625518e-01   2.182044457522e+02  -1.528719537662e+00
  1.319201381758e+00   -4.090179706935e-03   2.204563332395e+02  -1.528719537662e+00
  1.071500836844e+00   -2.226617782853e-01   2.135576380206e+02   5.079096457968e-01
  9.635035458554e-01   -3.321926489040e-01   2.100399424280e+02   5.079096457968e-01
  8.883274612132e-01   -2.110293171170e-01   2.159963760104e+02   5.079096457968e-01
  7.454554941253e-01   -1.094348211957e-02   1.126944003145e+02   9.516803721974e+00
  1.026276818358e+00   -1.470490770359e-02   1.058261322557e+02   9.516803721974e+00
  1.121281494965e-02   -1.092659379317e-03   1.046354846262e+02   9.516803721974e+00
  6.876526879873e-01   -2.727402381695e-01   2.129020318133e+02   9.964155602728e+00
  9.672918513062e-01   -3.337633519719e-01   2.100471673588e+02   9.964155602728e+00
  8.178344325659e-01   -3.078615161909e-01   2.044682836937e+02   9.964155602728e+00
  9.677103535130e-01   -3.326169090721e-01   2.099889772960e+02  -1.711398050987e+00
  1.066833309923e+00   -2.217721261161e-01   2.136342445703e+02  -1.711398050987e+00
  1.014375417278e+00   -2.984616992113e-01   2.070565693942e+02  -1.711398050987e+00
  3.061740696354e-01   -8.568175698267e-02   2.203410276619e+02   1.099856477611e+01
  5.929245536873e-01   -1.551549878778e-01   2.185508634009e+02   1.099856477611e+01
  3.583094072263e-01   -1.599099509583e-01   2.153130606797e+02   1.099856477611e+01
  5.924582733449e-01   -1.544698469504e-01   2.184852489706e+02   7.190235072589e+00
  8.852529513551e-01   -2.094165664780e-01   2.160758222114e+02   7.190235072589e+00
  6.848445790302e-01   -2.725525113277e-01   2.130088204930e+02   7.190235072589e+00
  6.862743689948e-01   -2.723731526145e-01   2.129495049450e+02   1.223631069335e+01
  3.602189413438e-01   -1.602288851016e-01   2.152826200656e+02   1.223631069335e+01
  5.912951395371e-01   -1.550191430142e-01   2.185735024926e+02   1.223631069335e+01
  5.925614169336e-01   -1.539974913398e-01   2.185096621181e+02   1.487446044062e+00
  8.484756120819e-01    1.725907492496e-02   2.184754908823e+02   1.487446044062e+00
  8.849012985483e-01   -2.090956010239e-01   2.160497060575e+02   1.487446044062e+00
  1.080508228344e+00   -3.386475616193e-01   2.015610034235e+02   7.055020361844e+00
  8.211164961780e-01   -3.078790705847e-01   2.044051373726e+02   7.055020361844e+00
  9.644632989411e-01   -3.337229609594e-01   2.101121358940e+02   7.055020361844e+00
  6.873286650862e-01   -2.725651250007e-01   2.129596807836e+02   4.362621671052e+00
  8.834090572597e-01   -2.097108456230e-01   2.161206891950e+02   4.362621671052e+00
  9.669728400649e-01   -3.334160789586e-01   2.099897592346e+02   4.362621671052e+00
  1.076613875352e+00   -3.380283234473e-01   2.016308481353e+02   1.617556560208e+00
  9.679504005057e-01   -3.335522870158e-01   2.099777437633e+02   1.617556560208e+00
  1.014701214896e+00   -2.980428873728e-01   2.070530765584e+02   1.617556560208e+00
  5.915466344352e-01   -1.537711560120e-01   2.185149094261e+02   4.498232872746e+00
  3.068985726109e-01   -8.661787084905e-02   2.203841000725e+02   4.498232872746e+00
  5.615860459861e-01    1.295226368611e-02   2.204908765308e+02   4.498232872746e+00
  1.166525814329e+00   -2.512721266734e-01   1.920043090945e+02  -7.792112127306e+00
  9.287766948739e-01   -2.226446693008e-01   1.994805499976e+02  -7.792112127306e+00
  6.465529932240e-01   -9.076090131872e-02   1.920395482212e+02  -7.792112127306e+00
  1.338475986254e+00    1.432943692564e-02   1.040967503016e+01  -3.533339507251e+00
  9.960669422044e-01   -1.380610112884e-02   7.071196412678e-03  -3.533339507251e+00
  1.346204974706e+00    3.261349377495e-03   1.271386599205e-01  -3.533339507251e+00
  1.188520827772e+00   -1.350276964853e-01   1.815238213971e+02  -7.335339827989e+00
  6.945156635081e-01   -3.946824006846e-02   1.779016036326e+02  -7.335339827989e+00
  1.183974401860e+00   -1.335505983055e-02   1.697754202444e+02  -7.335339827989e+00
  1.185886449865e+00   -1.379339175206e-01   1.815817077880e+02  -5.650503897370e+00
  1.168043264390e+00   -2.503912600791e-01   1.919643936325e+02  -5.650503897370e+00
  6.457764472831e-01   -9.211643125400e-02   1.920609011345e+02  -5.650503897370e+00
  1.080972934447e+00   -3.391038052103e-01   2.016439679976e+02   1.118111736982e+01
  9.486048760569e-01   -2.594024118689e-01   1.939642459049e+02   1.118111736982e+01
  8.212151622007e-01   -3.075803330671e-01   2.043257617450e+02   1.118111736982e+01
  9.520277554993e-01   -2.593098253858e-01   1.938929847785e+02   8.033052091748e+00
  1.077943429816e+00   -3.388288034420e-01   2.017190832483e+02   8.033052091748e+00
  1.164747453510e+00   -2.523233510151e-01   1.919998355678e+02   8.033052091748e+00
  1.042661847656e+00   -1.516962167392e-01   1.822110505466e+02   1.098437152072e+01
  9.518757743120e-01   -2.583700105783e-01   1.937935173268e+02   1.098437152072e+01
  1.165543758262e+00   -2.534372854739e-01   1.921006855074e+02   1.098437152072e+01
  5.042115832250e-01   -1.573063549822e-01   1.956372942991e+02   2.402290606895e+01
  8.200223155150e-01   -3.077154116353e-01   2.044855021157e+02   2.402290606895e+01
  9.499439159485e-01   -2.589791853301e-01   1.938492723112e+02   2.402290606895e+01
  1.162823793810e+00   -2.533905805753e-01   1.921778057171e+02   7.313738378358e+00
  1.191099431489e+00   -1.359104328480e-01   1.814750213632e+02   7.313738378358e+00
  1.045552286677e+00   -1.511807764542e-01   1.821384830126e+02   7.313738378358e+00
  1.189980184300e+00   -1.368234284872e-01   1.815298118130e+02  -1.011700109518e+01
  6.404912559993e-01   -9.288639056338e-02   1.921605455037e+02  -1.011700109518e+01
  6.920118956824e-01   -3.796261537164e-02   1.779077533668e+02  -1.011700109518e+01
  1.083182262332e+00   -1.514700115751e-02   1.697825321486e+02   9.932978983557e+00
  1.044630846490e+00   -1.496260016745e-01   1.820233045514e+02   9.932978983557e+00
  1.192606502378e+00   -1.374363754546e-01   1.815865265265e+02   9.932978983557e+00
  2.020850961530e-03   -1.152035626133e-03   1.694997187729e+02   4.311193690319e+01
  6.020765716903e-01   -5.498600432251e-03   1.696398916965e+02   4.311193690319e+01
  1.861103032611e-03    2.622756465052e-03   1.562541907844e+02   4.311193690319e+01
  1.047043119777e+00   -1.504058655848e-01   1.821783066153e+02   2.711351226499e+01
  5.997626123111e-01   -7.491378129412e-03   1.696595902249e+02   2.711351226499e+01
  5.645271307586e-01   -9.657433396197e-02   1.828973009813e+02   2.711351226499e+01
  6.028296954171e-01   -7.381693835180e-03   1.696515254588e+02   2.725023371532e+01
  1.044427192040e+00   -1.500282568169e-01   1.821934379948e+02   2.725023371532e+01
  1.080744655084e+00   -1.347132223303e-02   1.696175871094e+02   2.725023371532e+01
  5.646476154899e-01   -9.556178375788e-02   1.829935345980e+02   4.644952884682e+01
  5.987985501440e-01   -9.429747796151e-03   1.694914060686e+02   4.644952884682e+01
  4.372060889434e-03   -2.663405129737e-03   1.830112200777e+02   4.644952884682e+01
  1.044249218015e+00   -1.508544425932e-01   1.820758880895e+02   2.655427056955e+01
  5.667769797245e-01   -9.653259478386e-02   1.830124643040e+02   2.655427056955e+01
  9.503282403229e-01   -2.584210023680e-01   1.939668077060e+02   2.655427056955e+01
  1.042839551504e+00    1.229650657030e-01   1.571213839063e+02   2.714540171436e+01
  6.026038351771e-01   -7.834900034554e-03   1.694853062761e+02   2.714540171436e+01
  1.080810969943e+00   -1.248110468678e-02   1.696608387209e+02   2.714540171436e+01
  1.086828905158e+00   -1.451656055137e-02   1.697337828395e+02   6.682382181101e+00
  1.189370686707e+00   -1.377661850415e-01   1.816507897320e+02   6.682382181101e+00
  1.183564809703e+00   -1.122771638495e-02   1.697074463439e+02   6.682382181101e+00
  6.916255668034e-01   -4.059563431376e-02   1.779259599153e+02  -1.054806104333e+01
  6.999341161209e-01    3.362548832017e-02   1.616446436128e+02  -1.054806104333e+01
  1.186975411254e+00   -1.202353105697e-02   1.697540329908e+02  -1.054806104333e+01
  5.018084831058e-01   -1.568338994062e-01   1.955358848450e+02   2.569962293449e+01
  9.528722969706e-01   -2.590383067014e-01   1.939428894360e+02   2.569962293449e+01
  5.637826066742e-01   -9.625518267310e-02   1.830382740379e+02   2.569962293449e+01
  1.087256380735e-04   -3.706353887010e-04   2.153316046129e+02   2.520658630980e+01
  3.624721557229e-01   -1.611592420895e-01   2.153324190321e+02   2.520658630980e+01
  2.620716743419e-03   -1.517574135971e-03   2.070667323004e+02   2.520658630980e+01
  3.591241706409e-01   -1.593102833670e-01   2.152266652096e+02   1.767285867598e+01
  6.883179315298e-01   -2.735256049633e-01   2.130072388143e+02   1.767285867598e+01
  4.314087201435e-01   -1.828032932778e-01   2.067154346173e+02   1.767285867598e+01
  5.973732612646e-01   -8.101765902760e-02   1.293417139665e+02   1.491192157017e+01
  2.287620037230e-04    9.579608398484e-04   1.218034166488e+02   1.491192157017e+01
  1.773285245528e-03   -3.076413942886e-04   1.293903771008e+02   1.491192157017e+01
  2.333029272299e-03   -3.388635085427e-03   2.212651490429e+02   8.079766849501e+00
  2.908088054946e-01    6.273378715207e-03   2.222782134017e+02   8.079766849501e+00
  3.054269162358e-01   -8.453202895782e-02   2.203596974196e+02   8.079766849501e+00
  1.553020310076e-03   -1.355226637911e-03   2.154122702990e+02   2.043958796332e+01
 -7.107667159538e-04    9.554976130481e-04   2.212057905061e+02   2.043958796332e+01
  3.596027596081e-01   -1.591927092719e-01   2.152511051575e+02   2.043958796332e+01
  6.594026468312e-01    1.282074343984e-01   1.999265392643e+02   1.540165036357e+01
  2.874867535990e-03   -5.369883062697e-04   2.040828217961e+02   1.540165036357e+01
  5.263589298963e-01    9.137699075815e-02   2.049404810030e+02   1.540165036357e+01
  3.605181174366e-01   -1.601883884318e-01   2.153437363571e+02   3.102732198860e+01
  4.308859572293e-01   -1.820921456608e-01   2.066220618715e+02   3.102732198860e+01
  4.546381053795e-03   -2.586464179071e-03   2.070295244512e+02   3.102732198860e+01
  8.801315253969e-04    1.646795844702e-04   2.211914579075e+02   1.604543386653e+01
  3.064411659979e-01   -8.645582675353e-02   2.203770121350e+02   1.604543386653e+01
  3.575383553565e-01   -1.584037869100e-01   2.152645953169e+02   1.604543386653e+01
  3.163798037113e-03    3.740357021878e-04   1.831818691347e+02   4.040422279639e+01
  5.894929967629e-04   -2.501711344517e-03   1.958470174134e+02   4.040422279639e+01
  5.652844750850e-01   -9.838655189303e-02   1.828893343027e+02   4.040422279639e+01
  1.281310375695e-03   -2.332682361909e-03   1.829923609008e+02   4.320267670252e+01
  6.020436450760e-01   -9.432433287173e-03   1.694915186406e+02   4.320267670252e+01
  2.164674826411e-03    9.833070839356e-04   1.696481839431e+02   4.320267670252e+01
  8.869326472534e-01    5.412921485107e-02   1.767308838643e+02   1.803875311515e+01
  6.770480025125e-03    9.460811344386e-04   1.904354001340e+02   1.803875311515e+01
  7.846867887384e-01    1.190862943443e-01   1.901448491052e+02   1.803875311515e+01
  6.346069913161e-04   -1.298672740548e-03   2.068741698470e+02   3.299343254402e+01
  4.348723155083e-01   -1.828679074162e-01   2.067285730191e+02   3.299343254402e+01
  3.700842997654e-03   -5.141679310810e-04   1.961298548133e+02   3.299343254402e+01
  3.852103852108e-03   -3.671931243181e-03   1.958603061828e+02   4.219127658338e+01
  5.018413648667e-01   -1.557102912114e-01   1.956252817753e+02   4.219127658338e+01
  5.622604990363e-01   -9.777156419684e-02   1.828929660494e+02   4.219127658338e+01
  6.916989139953e-01   -3.850444822779e-02   1.779218888004e+02  -2.134679693240e+01
  6.772123991435e-03    9.025640973648e-04   1.673047823629e+02  -2.134679693240e+01
  6.991747320491e-01    3.199695758834e-02   1.616466040220e+02  -2.134679693240e+01
  4.983170087022e-01   -9.615983397152e-02   2.017666730395e+02  -1.657962503144e+01
 -3.857111689255e-04    2.673250389007e-04   2.054374720861e+02  -1.657962503144e+01
  1.915806628341e-03   -7.653845367535e-05   2.000844723618e+02  -1.657962503144e+01
  6.777597187678e-03   -1.740836689642e-03   1.960959548814e+02   3.835911907544e+01
  4.324337949643e-01   -1.818979091892e-01   2.067433310092e+02   3.835911907544e+01
  5.001688293454e-01   -1.566900867259e-01   1.955474126668e+02   3.835911907544e+01
  4.311858378522e-01   -1.823493494104e-01   2.066156518883e+02   2.253458914612e+01
  8.221972623758e-01   -3.082976228898e-01   2.044627806481e+02   2.253458914612e+01
  5.015292400871e-01   -1.567810881065e-01   1.956621615919e+02   2.253458914612e+01
  6.411758127303e-01   -9.037003278357e-02   1.921848442600e+02  -2.133438895590e+01
  6.740399626278e-03    1.405577855836e-03   1.806025506864e+02  -2.133438895590e+01
  6.900661926322e-01   -3.943434738118e-02   1.779069318651e+02  -2.133438895590e+01
  1.086677024530e+00   -1.159907723915e-02   1.695464218740e+02   6.592096403612e+00
  1.183612019220e+00   -1.272951292647e-02   1.697929140881e+02   6.592096403612e+00
  1.195950280490e+00    1.108843387916e-01   1.578366870898e+02   6.592096403612e+00
  4.334476260492e-01   -1.832517502545e-01   2.066929451122e+02   1.902725165235e+01
  6.865328400253e-01   -2.731669156219e-01   2.130280928804e+02   1.902725165235e+01
  8.192093979706e-01   -3.075574189937e-01   2.043833480726e+02   1.902725165235e+01
 -2.136716253291e-04   -4.274020479014e-04   1.918611331903e+02  -2.142073179892e+01
  3.998644511763e-03    9.954929680379e-04   1.806282305389e+02  -2.142073179892e+01
  6.434312853009e-01   -8.966456346720e-02   1.921691667846e+02  -2.142073179892e+01
  2.923629609092e-01    6.074073510315e-03   2.222685539502e+02   2.431878077669e+00
  8.577650191718e-04   -2.792460015523e-03   2.212922230909e+02   2.431878077669e+00
  3.815228383186e-04    1.165199811689e-03   2.225332618373e+02   2.431878077669e+00
  1.123641321295e+00    2.650929892256e-01   2.129097118319e+02   2.056241101537e+00
  1.113535987330e+00    1.199881999896e-01   2.181694138891e+02   2.056241101537e+00
  9.113043391312e-01    2.470117721447e-01   2.155714500592e+02   2.056241101537e+00
  1.115521952357e+00    1.165287648814e-01   2.181885169149e+02   2.286867542176e+00
  1.319153140906e+00    3.602060425354e-03   2.194771834096e+02   2.286867542176e+00
  1.319857378178e+00   -4.795604189773e-03   2.205066244548e+02   2.286867542176e+00
  1.317118176482e+00   -1.119457003978e-03   2.194586626830e+02   8.021649769174e+00
  1.115593576973e+00    2.619264823838e-01   2.129974630853e+02   8.021649769174e+00
  1.188417978117e+00    2.134351995357e-03   2.144875195801e+02   8.021649769174e+00
  1.116827755584e+00    2.616333296808e-01   2.129819282354e+02   2.659731307393e+00
  1.316020404076e+00   -1.033391646955e-04   2.194666827765e+02   2.659731307393e+00
  1.117246699733e+00    1.224449555929e-01   2.181509821477e+02   2.659731307393e+00
  1.185584952188e+00    1.157858013342e-03   2.145040236671e+02   1.093542761967e+01
  1.121583249187e+00    2.637974633475e-01   2.129586199641e+02   1.093542761967e+01
  9.267086457688e-01    1.092217829084e-03   2.094273469485e+02   1.093542761967e+01
  7.740781364691e-03   -4.128240698601e-04   6.468560291372e+00  -9.739204612373e+00
 -1.999981159683e-04    2.252863613465e-04   4.107918133472e-02  -9.739204612373e+00
  9.985917893234e-01   -1.394637673150e-02  -2.635325378640e-02  -9.739204612373e+00
  1.116391746579e+00    1.206378556734e-01   2.180909865196e+02  -8.181826847005e-01
  8.504066020917e-01    1.927597301054e-02   2.184099076240e+02  -8.181826847005e-01
  9.068814118106e-01    2.453675449887e-01   2.156407062665e+02  -8.181826847005e-01
  1.115518695835e+00    1.209379440234e-01   2.181710919250e+02  -2.483824275700e-01
  1.098311764788e+00   -9.399192796966e-02   2.183098993439e+02  -2.483824275700e-01
  8.521646570701e-01    1.770821005964e-02   2.183487663992e+02  -2.483824275700e-01
  6.047672016919e-01    1.827836012525e-01   2.182643104419e+02  -2.453864130948e+00
  9.076941277171e-01    2.464675263986e-01   2.156407032210e+02  -2.453864130948e+00
  8.485671487745e-01    1.806544392659e-02   2.184773406100e+02  -2.453864130948e+00
  7.095530192809e-01    2.994115555038e-01   2.123660448539e+02  -1.385069938785e+01
  6.036319585077e-01    1.838014259157e-01   2.183346296567e+02  -1.385069938785e+01
  3.675986105444e-01    1.701453230118e-01   2.146306860039e+02  -1.385069938785e+01
  9.063178805820e-01    2.472185189983e-01   2.157150155698e+02  -5.474435492194e+00
  7.107109685656e-01    2.998270073044e-01   2.123830506051e+02  -5.474435492194e+00
  1.011585598190e+00    3.736777719734e-01   2.092175893327e+02  -5.474435492194e+00
  7.082190031418e-01    2.997299708098e-01   2.124307511675e+02  -8.094971601735e+00
  9.081531657310e-01    2.469913443629e-01   2.156703543065e+02  -8.094971601735e+00
  6.045951311782e-01    1.831036259148e-01   2.182383776269e+02  -8.094971601735e+00
  1.145987738173e+00    3.774845125804e-01   2.005533592584e+02  -8.295453442851e+00
  1.009101541865e+00    3.740119510523e-01   2.093410523886e+02  -8.295453442851e+00
  8.559471188817e-01    3.345339277567e-01   2.036741865454e+02  -8.295453442851e+00
  9.111945357026e-01    2.484018798675e-01   2.155895740971e+02  -1.224781219348e+00
  1.008188516089e+00    3.725827584935e-01   2.092646986911e+02  -1.224781219348e+00
  1.123671428239e+00    2.643080618157e-01   2.128758965886e+02  -1.224781219348e+00
  6.036023709711e-01    1.824489730217e-01   2.182752729705e+02  -5.688360287339e+00
  5.616726582060e-01    1.492815838285e-02   2.204879861650e+02  -5.688360287339e+00
  3.126248755874e-01    1.035406630875e-01   2.202942659601e+02  -5.688360287339e+00
  6.028129538335e-01    1.826683483197e-01   2.183091338121e+02  -3.209065072987e+00
  8.504763853562e-01    1.788005927738e-02   2.184308877084e+02  -3.209065072987e+00
  5.622664528687e-01    1.420824778055e-02   2.204200220402e+02  -3.209065072987e+00
  8.503925263667e-01    1.756654709243e-02   2.184309327715e+02   2.394797351817e+00
  5.906212519258e-01   -1.539737784787e-01   2.185523683307e+02   2.394797351817e+00
  5.623068688755e-01    1.366469672702e-02   2.204200483917e+02   2.394797351817e+00
  1.118948134042e+00    2.633985390089e-01   2.129390536329e+02   9.205450726262e-01
  1.012434188576e+00    3.730514097305e-01   2.092206468016e+02   9.205450726262e-01
  1.086943222785e+00    3.423920446494e-01   2.058640376925e+02   9.205450726262e-01
  9.226784955818e-01    2.756749326533e-03   2.093956976789e+02   1.283311359502e+01
  9.440607290761e-01    2.113374717296e-01   2.071874074559e+02   1.283311359502e+01
  5.283415166294e-01   -2.006665905110e-03   2.065778054977e+02   1.283311359502e+01
  9.246618890024e-01    2.169482772219e-03   2.094611011213e+02   8.016835212201e+00
  1.124222507790e+00    2.634889809291e-01   2.129032534195e+02   8.016835212201e+00
  9.429189301984e-01    2.137759216079e-01   2.071447577208e+02   8.016835212201e+00
  5.271552052071e-01    1.703656492059e-03   2.065659175442e+02   1.336509326655e+01
  5.248961496558e-01    9.038849222262e-02   2.049513235623e+02   1.336509326655e+01
 -4.436077741483e-04   -2.383286289279e-03   2.066768776756e+02   1.336509326655e+01
  5.274379273953e-01    9.369441817751e-02   2.049035659220e+02   1.080076502128e+01
  5.259056758354e-01   -9.738641247467e-04   2.066430249379e+02   1.080076502128e+01
  9.471308889960e-01    2.102605308817e-01   2.071381134715e+02   1.080076502128e+01
  6.662727708984e-01    1.279799866028e-01   1.999024434461e+02   1.663092699798e+01
  5.968282947450e-03   -4.696360601258e-05   1.905815767749e+02   1.663092699798e+01
 -1.497536267096e-03   -1.922191765388e-04   2.041867923283e+02   1.663092699798e+01
  3.884847573954e-03   -3.698117225256e-04   1.046176434579e+02   1.069770836262e+01
  3.584485036117e-04    3.189070664762e-04   1.122922357806e+02   1.069770836262e+01
  7.495485772559e-01   -1.107920920659e-02   1.126875279445e+02   1.069770836262e+01
  9.466304086051e-01    2.118815257648e-01   2.071222594671e+02   1.063031576126e+01
  9.288922668834e-01    2.351165973788e-01   2.031829203162e+02   1.063031576126e+01
  5.286430068764e-01    9.214341411410e-02   2.048867955803e+02   1.063031576126e+01
  6.443564750361e-01    2.409623892907e-02   1.134881219318e+02  -1.073602235042e+01
 -1.371103374974e-04   -4.546978898830e-04   1.127623685533e+02  -1.073602235042e+01
  3.541364701011e-03    3.066364287416e-04   1.053656780986e+02  -1.073602235042e+01
  1.083967031049e+00    3.420935793276e-01   2.059281762364e+02   2.376901031571e+00
  1.146510711981e+00    3.763119190937e-01   2.005620495687e+02   2.376901031571e+00
  1.044824972004e+00    2.626140028704e-01   1.978713784901e+02   2.376901031571e+00
  1.142115102042e+00    3.768583332588e-01   2.006214171418e+02  -2.538268487194e+00
  1.087327500206e+00    3.420024190097e-01   2.058622814477e+02  -2.538268487194e+00
  1.012550923820e+00    3.738735874198e-01   2.092094972045e+02  -2.538268487194e+00
  9.300027326005e-01    2.355844268225e-01   2.031695139251e+02   9.998664276270e+00
  1.041503886230e+00    2.615902397813e-01   1.979426383139e+02   9.998664276270e+00
  6.602616175867e-01    1.286260836982e-01   1.998784877846e+02   9.998664276270e+00
  1.041481527271e+00    2.626360517481e-01   1.979307795700e+02   4.623909123839e+00
  9.302043557048e-01    2.353751437685e-01   2.031689049743e+02   4.623909123839e+00
  1.086566450120e+00    3.418991947482e-01   2.058653502412e+02   4.623909123839e+00
  6.586054523432e-01    1.289302274150e-01   1.999243085739e+02   9.344327980391e+00
  1.043363037065e+00    2.613975629754e-01   1.979300561345e+02   9.344327980391e+00
  7.853447302576e-01    1.203461123719e-01   1.901493834682e+02   9.344327980391e+00
  9.311158379572e-01    2.351942101220e-01   2.031416000569e+02   9.965097663599e+00
  6.588625598802e-01    1.289947607206e-01   1.999202539187e+02   9.965097663599e+00
  5.261161826820e-01    9.163994881886e-02   2.049506968546e+02   9.965097663599e+00
  1.147511931490e+00    3.765450206913e-01   2.005266697869e+02  -3.219422859848e-01
  1.246332224031e+00    2.857648406937e-01   1.909810952527e+02  -3.219422859848e-01
  1.043760985407e+00    2.624546896700e-01   1.979034840793e+02  -3.219422859848e-01
  1.086945837976e+00    3.413953206656e-01   2.058720320987e+02   6.274821770535e+00
  9.298419335668e-01    2.355341879171e-01   2.031676187897e+02   6.274821770535e+00
  9.447164171458e-01    2.125136665192e-01   2.071693045032e+02   6.274821770535e+00
  1.120782629968e+00    2.638440933487e-01   2.128928017419e+02   6.625342100157e+00
  1.084980962081e+00    3.414772228667e-01   2.058980898301e+02   6.625342100157e+00
  9.461669468712e-01    2.129730331757e-01   2.071308759910e+02   6.625342100157e+00
  6.630413323552e-01    1.285973074625e-01   1.999481988469e+02   1.918530973796e+01
  7.813788795594e-01    1.199050037805e-01   1.901328070812e+02   1.918530973796e+01
  1.078458037399e-02   -6.402293186897e-04   1.904877936088e+02   1.918530973796e+01
  1.011979906015e+00    3.741044469203e-01   2.092771947765e+02  -1.109194856488e+01
  7.109099773055e-01    2.998561289989e-01   2.123228875443e+02  -1.109194856488e+01
  8.526346561740e-01    3.344533660750e-01   2.037349536502e+02  -1.109194856488e+01
  2.086856574050e-02    5.517736870439e-04   1.739203503254e+01  -9.381153330579e+00
  1.355708467862e+00    1.690466410129e-02   1.041885123710e+01  -9.381153330579e+00
  1.168456570719e+00    2.979752774103e-02   1.980638565851e+01  -9.381153330579e+00
  2.909625181236e-01    9.934563432496e-03   2.222859175476e+02  -9.742859383136e+00
  1.916865691060e-03    2.827315719174e-03   2.208953459069e+02  -9.742859383136e+00
  3.115263347088e-01    1.017667024589e-01   2.202733608143e+02  -9.742859383136e+00
  2.924201824420e-01    1.009381380391e-02   2.222748430478e+02  -3.558442028307e+00
  4.001778143003e-04   -9.508823787189e-04   2.225292391638e+02  -3.558442028307e+00
  7.037096053316e-04    2.478732678540e-03   2.209277629240e+02  -3.558442028307e+00
  3.121552214842e-01    1.041165189909e-01   2.203515956967e+02  -2.172323363756e+01
  3.955396543517e-03    3.918921202044e-03   2.155391454955e+02  -2.172323363756e+01
  3.651242866711e-01    1.680899686567e-01   2.145797309612e+02  -2.172323363756e+01
  4.431734805163e-01    1.963020792885e-01   2.060040272667e+02  -2.878285674231e+01
  3.668690302566e-01    1.692167599689e-01   2.146254590539e+02  -2.878285674231e+01
  1.005476573181e-03    1.871808372208e-03   2.153927722844e+02  -2.878285674231e+01
  4.476356624887e-01    1.974257790451e-01   2.060627632149e+02  -2.049317256413e+01
  8.540533862899e-01    3.342059415056e-01   2.036491265780e+02  -2.049317256413e+01
  7.097521136140e-01    3.001207199707e-01   2.124469160284e+02  -2.049317256413e+01
  4.450933321432e-01    1.968995079534e-01   2.060935344422e+02  -1.906444951612e+01
  7.118045594768e-01    3.005618713748e-01   2.124236319692e+02  -1.906444951612e+01
  3.661516133886e-01    1.690750586388e-01   2.145663424721e+02  -1.906444951612e+01
  2.129088801146e-03    2.716403219916e-03   2.155722922269e+02  -1.573471416643e+01
  3.137384582494e-01    1.048460367967e-01   2.203338746696e+02  -1.573471416643e+01
  1.408162831376e-04   -3.432976557184e-04   2.208133477127e+02  -1.573471416643e+01
  6.053026878158e-01    1.840909464266e-01   2.183140058823e+02  -1.201440609411e+01
  3.114558582511e-01    1.024130256348e-01   2.202628297432e+02  -1.201440609411e+01
  3.656407116045e-01    1.696029355088e-01   2.146545917871e+02  -1.201440609411e+01
 -1.027562950821e-03    5.449649400257e-04   2.153962185063e+02  -3.078039948872e+01
  2.775706501435e-03    1.273034276772e-03   2.064798754667e+02  -3.078039948872e+01
  4.454061320137e-01    1.972139766362e-01   2.059907182882e+02  -3.078039948872e+01
  7.012325917631e-01    3.316271840986e-02   1.616484925757e+02  -1.985024206777e+01
  3.563282028009e-03    1.376767891832e-03   1.436678801150e+02  -1.985024206777e+01
  6.424901625770e-01    7.421127851875e-02   1.472252112726e+02  -1.985024206777e+01
  1.352600993064e+00   -2.517761158882e-02   7.613353389148e+01   7.262653148842e+00
  4.054253443409e-02    1.665609621960e-03   8.414293286396e+01   7.262653148842e+00
  1.529915788951e+00   -1.745339696911e-02   8.535977784257e+01   7.262653148842e+00
  5.269274078823e-01   -2.566876828318e-03   2.092447104111e+02  -1.431754772574e+01
  2.382277449416e-03   -1.479768533330e-03   2.076071760010e+02  -1.431754772574e+01
  4.001445081980e-01   -6.996336785965e-02   2.071316689348e+02  -1.431754772574e+01
  5.348772226066e-01    1.723097992778e-01   1.951239333591e+02  -4.049274753594e+01
  9.600293355608e-04    1.431379207953e-03   1.949918375746e+02  -4.049274753594e+01
  3.157811333568e-03   -9.398693531888e-04   1.824800314329e+02  -4.049274753594e+01
  5.317880645507e-01    1.744218535697e-01   1.949862992047e+02  -3.809300823760e+01
 -5.862573728310e-04    1.571441121658e-03   2.063598868912e+02  -3.809300823760e+01
  2.563430331220e-03    2.942800395587e-04   1.951276530103e+02  -3.809300823760e+01
  5.371028260957e-01    7.737015085035e-02   1.358899147375e+02  -1.576882850567e+01
  9.193540707399e-04   -7.480669654595e-04   1.290504772000e+02  -1.576882850567e+01
  4.495074429870e-01    6.065241241637e-02   1.285852031374e+02  -1.576882850567e+01
  4.466114788598e-01    1.963182268569e-01   2.060538009314e+02  -3.838919656523e+01
  1.921740162758e-03    2.722473808566e-03   2.063629875899e+02  -3.838919656523e+01
  5.287840370651e-01    1.735138205432e-01   1.949914007760e+02  -3.838919656523e+01
  9.821812255469e-01    7.825728851731e-02   1.216106864481e+02  -6.749139090818e+00
  6.855743206102e-01    5.049244164836e-02   1.214194738000e+02  -6.749139090818e+00
  6.775222082456e-01    2.591257386486e-02   1.172703520698e+02  -6.749139090818e+00
  5.894577438764e-01    1.000049135143e-01   1.824021221334e+02  -4.318692416872e+01
  2.085598512619e-03    1.709835491729e-03   1.822658126183e+02  -4.318692416872e+01
  3.197663942253e-03   -2.111170818510e-03   1.689796140373e+02  -4.318692416872e+01
  8.545744747777e-01    3.342615240115e-01   2.037509959984e+02  -2.521500700343e+01
  5.328291340423e-01    1.731754105352e-01   1.950890835685e+02  -2.521500700343e+01
  9.953918708060e-01    2.822289820530e-01   1.931032900037e+02  -2.521500700343e+01
  5.302929712093e-01    1.728096446509e-01   1.951143890508e+02  -2.408948314913e+01
  8.566961258381e-01    3.347903927762e-01   2.037290369020e+02  -2.408948314913e+01
  4.459277211538e-01    1.966872925731e-01   2.059740980768e+02  -2.408948314913e+01
  1.289920652179e+00    1.601663688746e-01   1.804818807488e+02   4.187731911959e+00
  7.933975194835e-01    1.213729097951e-01   1.900626187609e+02   4.187731911959e+00
  1.253995529104e+00    2.840887664967e-01   1.908598267954e+02   4.187731911959e+00
  7.938551035037e-01    1.200078941533e-01   1.900474780867e+02   6.484114746932e+00
  1.038838011458e+00    2.622521248229e-01   1.980167459725e+02   6.484114746932e+00
  1.252682130746e+00    2.849970063998e-01   1.908968023871e+02   6.484114746932e+00
  1.250797540416e+00    2.859096993656e-01   1.908881932311e+02  -9.458664528621e+00
  1.143514797182e+00    3.776735908932e-01   2.007090879158e+02  -9.458664528621e+00
  9.974404210568e-01    2.825636430015e-01   1.931439300073e+02  -9.458664528621e+00
  9.972239466499e-01    2.815939588444e-01   1.930463169136e+02  -1.245301805425e+01
  1.092772042439e+00    1.669774836688e-01   1.814739955677e+02  -1.245301805425e+01
  1.251721623228e+00    2.870608473609e-01   1.909882635951e+02  -1.245301805425e+01
  9.983537722153e-01    2.823752355454e-01   1.931991842805e+02  -2.695787545580e+01
  5.306257898765e-01    1.726589232562e-01   1.949916328804e+02  -2.695787545580e+01
  5.865263362385e-01    1.016038934934e-01   1.824084432687e+02  -2.695787545580e+01
  8.559320458153e-01    3.342094722629e-01   2.035956108742e+02  -1.245749393883e+01
  9.940395738664e-01    2.826433342780e-01   1.932145058970e+02  -1.245749393883e+01
  1.146552093591e+00    3.779657902695e-01   2.006352151800e+02  -1.245749393883e+01
  5.859449837427e-01    1.019180083581e-01   1.822695828558e+02  -2.848891408557e+01
  6.096614593290e-01    9.617575201612e-03   1.689636439920e+02  -2.848891408557e+01
  1.097489417847e+00    1.655911573813e-01   1.814450978861e+02  -2.848891408557e+01
  5.857611923455e-01    1.021497152292e-01   1.822846764414e+02  -4.627549791662e+01
  5.318574402223e-01    1.713299941848e-01   1.951318660125e+02  -4.627549791662e+01
  6.152432476441e-03   -1.299638779780e-04   1.824490114266e+02  -4.627549791662e+01
  1.296459696553e+00    1.595108940285e-01   1.805037037548e+02  -1.165400411584e+01
  1.094510455966e+00    1.649282301112e-01   1.812830970446e+02  -1.165400411584e+01
  1.132624534676e+00    2.101955926939e-02   1.690995504067e+02  -1.165400411584e+01
  1.095598453761e+00    1.664838838095e-01   1.814013342863e+02  -9.082379087388e+00
  1.294763204831e+00    1.580387150081e-01   1.803850645884e+02  -9.082379087388e+00
  1.249047724706e+00    2.870238186558e-01   1.910642466236e+02  -9.082379087388e+00
  8.881495527320e-01    5.382439287345e-02   1.767148703013e+02   4.791242594519e+00
  1.292108159306e+00    1.569947569374e-01   1.804212435636e+02   4.791242594519e+00
  1.295747680301e+00    2.032234371072e-02   1.691010831350e+02   4.791242594519e+00
  1.293730321701e+00    1.590580467334e-01   1.804301445569e+02   7.901261132150e+00
  8.861392453678e-01    5.192093061626e-02   1.767071207842e+02   7.901261132150e+00
  7.878263721141e-01    1.220423509715e-01   1.901454945258e+02   7.901261132150e+00
  1.130020952113e+00    1.944441710977e-02   1.689253432356e+02  -2.939682644123e+01
  1.094656889004e+00    1.651425177272e-01   1.814608434715e+02  -2.939682644123e+01
  6.131663694686e-01    9.592798712438e-03   1.689536134170e+02  -2.939682644123e+01
  5.890843889803e-01    1.019759996436e-01   1.823849034276e+02  -2.828101073836e+01
  1.094088824068e+00    1.660620551611e-01   1.813386825310e+02  -2.828101073836e+01
  9.960460858334e-01    2.817316723109e-01   1.932218820795e+02  -2.828101073836e+01
  7.073244008529e-03   -2.011066913006e-03   1.689547589202e+02  -4.839679221305e+01
  6.079218287780e-01    1.094322575277e-02   1.688261251148e+02  -4.839679221305e+01
  5.862810271940e-01    9.968250834580e-02   1.824074511757e+02  -4.839679221305e+01
  8.866815477152e-01    5.302013675644e-02   1.767381252679e+02   1.992817947448e+01
  8.914940108739e-01   -3.651385095813e-02   1.614983064173e+02   1.992817947448e+01
  9.097542670626e-03   -7.380194813703e-04   1.670772376750e+02   1.992817947448e+01
  7.203469652290e-03    2.066120697105e-03   1.686979232393e+02  -4.809527530095e+01
  5.809633569673e-01   -7.824493612018e-02   1.554624845042e+02  -4.809527530095e+01
  6.078325775854e-01    8.831226935346e-03   1.689038978259e+02  -4.809527530095e+01
  3.111395287043e-01    1.032642732266e-01   2.203165826862e+02  -3.617129860057e+00
  5.632923519808e-01    1.497187239217e-02   2.204704665172e+02  -3.617129860057e+00
  2.907864135299e-01    7.856715468099e-03   2.222164956180e+02  -3.617129860057e+00
  5.632729368813e-01    1.293588433535e-02   2.204730800248e+02   2.617417730135e+00
  3.052409066461e-01   -8.630383905452e-02   2.204075204052e+02   2.617417730135e+00
  2.907398677929e-01    8.411983005002e-03   2.222144205068e+02   2.617417730135e+00
  3.685467201642e-03   -1.200273739939e-03   1.671354082672e+02   2.218119516373e+01
  1.898528847776e-03    1.255802136440e-03   1.904644418221e+02   2.218119516373e+01
  8.916426600194e-01    5.372182289114e-02   1.767178898314e+02   2.218119516373e+01
  5.439138640650e-01    7.747479840682e-02   1.359043117268e+02  -1.814612713973e+01
  4.526382703482e-03   -5.224885386616e-05   1.437097195655e+02  -1.814612713973e+01
 -8.512271944793e-04   -1.550545280857e-05   1.351810117502e+02  -1.814612713973e+01
  1.295662453335e+00    1.924385503806e-03   1.127576145890e+02  -2.779605640235e+00
  1.100473118868e+00    2.107586510329e-02   1.124107776176e+02  -2.779605640235e+00
  1.380096524871e+00    1.293931556586e-02   1.019140947800e+02  -2.779605640235e+00
  1.199271674091e+00    1.104077655932e-01   1.578994220251e+02   1.007631182113e+01
  1.043304917820e+00    1.224882969095e-01   1.572904120868e+02   1.007631182113e+01
  1.082968073570e+00   -1.082181716867e-02   1.694986478184e+02   1.007631182113e+01
  1.196830818968e+00    1.099709062953e-01   1.579658054195e+02  -1.028927501796e+01
  7.016525039770e-01    3.078107144275e-02   1.616754199543e+02  -1.028927501796e+01
  6.448066774198e-01    7.647435957359e-02   1.472225119694e+02  -1.028927501796e+01
  5.580557445104e-01    7.872086152465e-02   1.562444756239e+02   4.571793589262e+01
  5.617262253402e-03    3.189937408603e-03   1.562376877667e+02   4.571793589262e+01
  5.986005741493e-01   -5.552372482744e-03   1.696393477519e+02   4.571793589262e+01
  5.994100538616e-01   -7.611232639851e-03   1.694757688449e+02   2.722769956274e+01
  1.045525921456e+00    1.232620115863e-01   1.571376786131e+02   2.722769956274e+01
  5.586471911168e-01    8.004523373276e-02   1.563401687658e+02   2.722769956274e+01
  5.612726945602e-01    8.011801581115e-02   1.562269751230e+02   2.645862219567e+01
  1.042630579291e+00    1.236870564208e-01   1.572382325866e+02   2.645862219567e+01
  9.457755718563e-01    2.293197966922e-01   1.454791102655e+02   2.645862219567e+01
  7.769929156327e-03   -6.670575067448e-05   1.559893563932e+02   4.330382950308e+01
  5.567737884383e-01    8.033560945137e-02   1.563248846865e+02   4.330382950308e+01
  5.039956908028e-01    1.441338719693e-01   1.437366288615e+02   4.330382950308e+01
  1.197960141567e+00    1.089035779622e-01   1.580086581240e+02   7.213015051143e+00
  1.174269737993e+00    2.188844887259e-01   1.471225080896e+02   7.213015051143e+00
  1.044029186078e+00    1.240338036582e-01   1.571788747099e+02   7.213015051143e+00
  1.649111200240e-03    2.636757515199e-04   2.000577080159e+02  -1.753137684856e+01
  6.359793454585e-01   -9.099512659561e-02   1.921699031073e+02  -1.753137684856e+01
  4.986674987587e-01   -9.667343881512e-02   2.017694149199e+02  -1.753137684856e+01
  6.574675657815e-01    2.475682190670e-01   1.273604301331e+02   1.036341336449e+01
  8.021844972103e-01    2.768841296725e-01   1.353708092606e+02   1.036341336449e+01
  9.408880725698e-01    2.952580142735e-01   1.298773908541e+02   1.036341336449e+01
  1.176978425985e+00    2.187613131793e-01   1.471994022824e+02   1.125048953501e+01
  9.471948504737e-01    2.289987965495e-01   1.456525937352e+02   1.125048953501e+01
  1.041082243990e+00    1.246791344654e-01   1.571073865655e+02   1.125048953501e+01
  5.046681821571e-01    1.456008111332e-01   1.437824564761e+02   2.344844242398e+01
  9.452016373603e-01    2.297474093791e-01   1.455943102612e+02   2.344844242398e+01
  8.040761078538e-01    2.766745166597e-01   1.353587380515e+02   2.344844242398e+01
  5.024841393023e-01    1.452414877428e-01   1.438730001463e+02   2.527356736702e+01
  5.584037401013e-01    7.988939310683e-02   1.562014218886e+02   2.527356736702e+01
  9.481373312599e-01    2.298380376201e-01   1.455033735608e+02   2.527356736702e+01
  1.082453951057e+00    2.972277136954e-01   1.377795951300e+02   1.157233082840e+01
  8.054082771319e-01    2.765890676587e-01   1.355072500416e+02   1.157233082840e+01
  9.438428774013e-01    2.301436628780e-01   1.454901706089e+02   1.157233082840e+01
  4.043611725028e-03   -8.061290033616e-04   1.559600538268e+02   3.796577344044e+01
  5.072215407693e-01    1.450128353810e-01   1.437448444313e+02   3.796577344044e+01
  5.016473569048e-04    1.250196903780e-03   1.438752865701e+02   3.796577344044e+01
  1.176410869539e+00    2.176046660424e-01   1.472920191160e+02   8.159245254963e+00
  1.079597565729e+00    2.970413167365e-01   1.377044779493e+02   8.159245254963e+00
  9.471352192870e-01    2.299406286468e-01   1.455621342978e+02   8.159245254963e+00
  1.192510239205e+00    1.111056212623e-01   1.579252353186e+02  -5.925654897545e+00
  6.509428096571e-01    7.576285813006e-02   1.472916227144e+02  -5.925654897545e+00
  1.180376746356e+00    2.157937374729e-01   1.473149720839e+02  -5.925654897545e+00
  1.567511490880e-03   -2.819419710354e-04   1.805879323769e+02  -2.306918380554e+01
  2.973509073096e-03    8.169643597450e-04   1.673268354988e+02  -2.306918380554e+01
  6.948759945816e-01   -3.811518765449e-02   1.779122918814e+02  -2.306918380554e+01
  4.172052790111e-01    1.645526081529e-01   1.334492350510e+02   2.230453932999e+01
  5.023221320326e-01    1.452960426228e-01   1.437546777124e+02   2.230453932999e+01
  8.060353531393e-01    2.771445808282e-01   1.353822740876e+02   2.230453932999e+01
  5.040014363377e-01    1.469633369035e-01   1.438739266468e+02   3.532419358860e+01
 -2.999803472787e-04    1.754799311945e-03   1.330169518714e+02   3.532419358860e+01
  2.263840830107e-03    1.418249937234e-04   1.437475759000e+02   3.532419358860e+01
  2.400496709019e-03    3.104010197996e-03   1.330142449429e+02   3.510552955757e+01
  5.009976590186e-01    1.460463051032e-01   1.438676897800e+02   3.510552955757e+01
  4.175062840514e-01    1.639095271687e-01   1.333776538271e+02   3.510552955757e+01
  4.024775761753e-01   -7.036310666168e-02   2.071030923279e+02  -1.339981354306e+01
 -7.350979353368e-05   -5.315145002709e-05   2.076664576889e+02  -1.339981354306e+01
  1.294696092703e-03   -1.279147517032e-04   2.054242928075e+02  -1.339981354306e+01
  3.441185501859e-01    1.478730549254e-01   1.251106515217e+02   2.372426418289e+01
 -2.370953618471e-04    2.258210978849e-04   1.251161668253e+02   2.372426418289e+01
  3.350644115414e-03    1.719288379527e-03   1.328001376315e+02   2.372426418289e+01
  3.409791994610e-01    1.460822918548e-01   1.251836971367e+02   1.908595024275e+01
 -8.564166350319e-04   -7.783112520676e-04   1.195947907552e+02   1.908595024275e+01
  1.476068560358e-03    1.175587497726e-03   1.250433006725e+02   1.908595024275e+01
  4.487397300642e-01    5.954609532497e-02   1.285772226993e+02  -1.493938669064e+01
  1.073340432299e-03    2.509622635657e-04   1.290245717838e+02  -1.493938669064e+01
 -3.277730860051e-04   -6.378719439607e-04   1.217271460172e+02  -1.493938669064e+01
  3.420015379483e-01    1.468451134763e-01   1.251006860036e+02   2.957669853126e+01
  5.831946264088e-03    3.047037429921e-03   1.328307818587e+02   2.957669853126e+01
  4.155682622334e-01    1.639086419069e-01   1.334381177348e+02   2.957669853126e+01
  7.911655735508e-01   -6.663559730765e-02   1.217753104052e+02   1.178970389779e+01
  7.811433892014e-01   -3.097175881049e-02   1.168559478978e+02   1.178970389779e+01
  7.032541567332e-03   -3.497763045094e-04   1.217928693025e+02   1.178970389779e+01
  2.837544745054e-01    8.120624637329e-02   1.204060194849e+02   1.066931354834e+01
  3.399237073322e-01    1.465817379173e-01   1.251265032808e+02   1.066931354834e+01
  5.495112747054e-01    1.448810779913e-01   1.220896860337e+02   1.066931354834e+01
  6.583974310403e-01    2.483763363247e-01   1.272572211994e+02   1.721145548653e+01
  3.403216060482e-01    1.460043764518e-01   1.252094195876e+02   1.721145548653e+01
  4.168878802797e-01    1.648013250098e-01   1.333452954107e+02   1.721145548653e+01
  7.815561987895e-04    2.524122242962e-03   1.195050072756e+02   2.699110244037e+00
  2.675612198892e-01    1.245966752846e-03   1.186113678716e+02   2.699110244037e+00
  4.777721527543e-04   -1.050787744546e-03   1.180728079740e+02   2.699110244037e+00
  2.125792361105e-03    3.110051788904e-03   1.195300896022e+02   7.893247969213e+00
  2.831174489537e-01    8.013649329324e-02   1.203901803061e+02   7.893247969213e+00
  2.662119550165e-01    9.792250501614e-04   1.185966411387e+02   7.893247969213e+00
  5.140093184302e-01   -1.812163414602e-03   1.202349856206e+02   2.766164376293e+00
  2.663026775594e-01   -9.518840154727e-04   1.186564483003e+02   2.766164376293e+00
  2.829039423085e-01    8.171765697072e-02   1.203454216864e+02   2.766164376293e+00
  7.947442408694e-04    1.477064121104e-03   1.180418592675e+02  -3.937825876465e+00
  2.669842413502e-01   -1.407451684968e-03   1.186473497905e+02  -3.937825876465e+00
  2.873353757208e-01   -8.413274225590e-02   1.199121847894e+02  -3.937825876465e+00
  5.479628069102e-01    1.447374494228e-01   1.220687811436e+02   1.231740886031e+01
  3.416916222066e-01    1.468735698608e-01   1.251551844128e+02   1.231740886031e+01
  6.561233568924e-01    2.472657466663e-01   1.273143234999e+02   1.231740886031e+01
  2.841331935727e-01    8.185234098587e-02   1.203718401409e+02   1.547486375943e+01
  6.080567381835e-04   -1.376604566933e-05   1.196059639022e+02   1.547486375943e+01
  3.390173810265e-01    1.453143476763e-01   1.251724615715e+02   1.547486375943e+01
  4.191530039000e-01    1.653288472966e-01   1.333688908240e+02   1.906916253412e+01
  8.033683590814e-01    2.765810605763e-01   1.354553218555e+02   1.906916253412e+01
  6.565685607905e-01    2.479758181884e-01   1.272359200512e+02   1.906916253412e+01
  8.969219528485e-01   -3.845974502039e-02   1.615171273690e+02   2.231446051366e+01
  2.086222380195e-03   -1.389542999251e-03   1.440461075454e+02   2.231446051366e+01
  3.276772998117e-03    8.960436751227e-04   1.670108689183e+02   2.231446051366e+01
  1.178690357609e+00    2.166215168466e-01   1.472890009739e+02  -8.237522767857e+00
  6.518978224470e-01    7.454050636481e-02   1.472879368290e+02  -8.237522767857e+00
  9.593798953762e-01    1.883541552152e-01   1.391238541443e+02  -8.237522767857e+00
  7.935050734643e-01   -6.806570159699e-02   1.217909721845e+02   1.215675875203e+01
  4.100665812131e-03    1.704469326569e-03   1.218377211701e+02   1.215675875203e+01
  5.952293487301e-01   -8.190135834457e-02   1.293464131952e+02   1.215675875203e+01
  5.381576072525e-01    7.803586007174e-02   1.359014715747e+02  -1.074974852036e+01
  4.494044759287e-01    6.040384143526e-02   1.285835673250e+02  -1.074974852036e+01
  8.692315841277e-01    1.647429628628e-01   1.329261018571e+02  -1.074974852036e+01
  5.409736437749e-01    7.777855853017e-02   1.358919331247e+02  -2.015886324949e+01
  6.394288919001e-01    7.488675973160e-02   1.471938904177e+02  -2.015886324949e+01
  8.024926604784e-03   -1.958862440693e-04   1.437284730612e+02  -2.015886324949e+01
  9.626581851113e-01    1.884137732641e-01   1.392023116122e+02  -4.625019066560e+00
  8.674610336472e-01    1.649731393133e-01   1.329107419632e+02  -4.625019066560e+00
  1.024522897246e+00    2.546229336123e-01   1.318459137115e+02  -4.625019066560e+00
  8.677311821958e-01    1.651335770828e-01   1.328982023522e+02  -1.131186549648e+01
  9.622450136884e-01    1.875047253825e-01   1.392082077102e+02  -1.131186549648e+01
  5.401656668873e-01    7.775166540942e-02   1.359450810667e+02  -1.131186549648e+01
  8.951041522496e-01    1.587045909594e-01   1.282458563675e+02  -5.599616848967e+00
  1.024362373367e+00    2.537839142562e-01   1.318663987482e+02  -5.599616848967e+00
  8.674359765823e-01    1.653131262513e-01   1.328974222904e+02  -5.599616848967e+00
  9.662150399131e-01    1.883867831937e-01   1.392588868472e+02  -2.973092459096e+00
  1.021571987779e+00    2.548670062683e-01   1.317861691304e+02  -2.973092459096e+00
  1.082649861757e+00    2.955186224234e-01   1.378561667509e+02  -2.973092459096e+00
  8.663756734139e-01    1.646756194303e-01   1.329054337081e+02  -1.033980722289e+01
  4.528112207963e-01    6.065045177964e-02   1.286215171202e+02  -1.033980722289e+01
  8.969864407517e-01    1.585768702606e-01   1.282597991993e+02  -1.033980722289e+01
  5.380988126809e-01    7.793746566727e-02   1.359152176730e+02  -1.091076192313e+01
  9.643491830044e-01    1.874479300850e-01   1.392101865250e+02  -1.091076192313e+01
  6.430901633901e-01    7.502667885661e-02   1.471852927261e+02  -1.091076192313e+01
  6.904721316463e-01    5.175036341466e-02   1.214440752721e+02  -1.220970761894e+01
  4.481138135791e-01    6.029751390382e-02   1.285752834787e+02  -1.220970761894e+01
  1.228930925459e-03   -1.297120866625e-03   1.217533436794e+02  -1.220970761894e+01
  6.424785052457e-01    2.398720295083e-02   1.134809459040e+02  -1.069979744983e+01
  6.747300448495e-01    2.544111315877e-02   1.172354386649e+02  -1.069979744983e+01
  1.782997349181e-03   -6.417536482882e-04   1.127698825812e+02  -1.069979744983e+01
  1.099867676837e+00    2.158216824522e-02   1.124658043722e+02  -6.561978070842e+00
  6.766886782446e-01    2.629316035241e-02   1.172738408865e+02  -6.561978070842e+00
  6.424516879029e-01    2.443934242754e-02   1.134829016957e+02  -6.561978070842e+00
  6.875105336753e-01    4.957319161948e-02   1.214717478073e+02  -7.675226828550e+00
  9.811983722625e-01    7.995713369880e-02   1.215509979333e+02  -7.675226828550e+00
  8.935883231381e-01    1.583989217149e-01   1.282046271280e+02  -7.675226828550e+00
  1.271155183022e+00   -6.707696296663e-03   3.601732100595e+01  -8.220935981198e+00
  3.147678912387e-02   -1.008379656362e-03   2.673997624437e+01  -8.220935981198e+00
  1.531281539780e+00    8.527902010786e-03   2.740420472229e+01  -8.220935981198e+00
  1.029439676045e+00    1.978516922938e-01   1.261619593552e+02  -4.932204373422e+00
  1.022045261743e+00    2.536093954363e-01   1.318442924008e+02  -4.932204373422e+00
  8.971630314985e-01    1.592839930628e-01   1.282750196460e+02  -4.932204373422e+00
  1.170072686767e+00   -9.012329321388e-03   1.129699862004e+02   6.388217114971e+00
  7.834843516387e-01   -3.113531490014e-02   1.169267752100e+02   6.388217114971e+00
  1.060776005612e+00   -9.056350547977e-02   1.214125480573e+02   6.388217114971e+00
  6.860796043012e-01    5.056850711097e-02   1.214113971599e+02  -1.014861950268e+01
  8.966081392790e-01    1.575857750424e-01   1.282483788671e+02  -1.014861950268e+01
  4.524747051371e-01    6.162999936351e-02   1.285924203389e+02  -1.014861950268e+01
  4.158581830748e-04   -3.964941905120e-04   1.127729179199e+02  -1.124441036558e+01
  6.761360028835e-01    2.531477221497e-02   1.172270861301e+02  -1.124441036558e+01
  1.713011282797e-03   -1.466192082314e-04   1.165157364921e+02  -1.124441036558e+01
  1.144421590348e-02    9.802073471150e-04   1.053686294616e+02  -8.657117526893e+00
  1.396602478085e+00    1.426888554206e-02   1.020528266988e+02  -8.657117526893e+00
  6.411108134406e-01    2.463316750014e-02   1.135389083948e+02  -8.657117526893e+00
  8.198624577494e-01    1.883395485535e-01   1.245847434279e+02   5.250334717909e+00
  6.572757292818e-01    2.474329910494e-01   1.273025322970e+02   5.250334717909e+00
  9.404350827064e-01    2.948615064811e-01   1.299341404692e+02   5.250334717909e+00
  1.078517830109e+00    2.961650149469e-01   1.377842556111e+02   2.642889584098e+00
  1.024376097644e+00    2.547051915161e-01   1.318680027294e+02   2.642889584098e+00
  9.416613224577e-01    2.950017311160e-01   1.299460771579e+02   2.642889584098e+00
  5.129280961971e-01   -2.500847927724e-03   1.202840675100e+02   2.535007324794e+00
  5.471963868218e-01    1.437816262227e-01   1.220884741441e+02   2.535007324794e+00
  7.692242337221e-01   -5.935836490980e-03   1.224437223005e+02   2.535007324794e+00
  5.488649382504e-01    1.442977404709e-01   1.221536423363e+02   7.402602823525e+00
  6.549300479917e-01    2.473941902227e-01   1.272555291033e+02   7.402602823525e+00
  8.216120013491e-01    1.881575751009e-01   1.246253701902e+02   7.402602823525e+00
  7.672534764769e-01   -5.704979886090e-03   1.224063549039e+02   1.889571337137e+00
  5.491297396158e-01    1.438477349801e-01   1.221248312292e+02   1.889571337137e+00
  8.209708265939e-01    1.878579335530e-01   1.246565545686e+02   1.889571337137e+00
  5.480310793245e-01    1.436278516209e-01   1.221239234352e+02   4.600080670540e+00
  5.123348044346e-01   -1.877022761126e-03   1.202198695562e+02   4.600080670540e+00
  2.845248574414e-01    8.204350476178e-02   1.203661215839e+02   4.600080670540e+00
  9.374759706952e-01    2.936703915439e-01   1.298734919141e+02   1.892710203742e+00
  1.031168172521e+00    1.980347393965e-01   1.262280477129e+02   1.892710203742e+00
  8.242037651057e-01    1.893599479841e-01   1.247258085392e+02   1.892710203742e+00
  9.383149968352e-01    2.952176873590e-01   1.298111167841e+02   7.678849685849e+00
  8.052600494999e-01    2.768888294908e-01   1.354342129599e+02   7.678849685849e+00
  1.082110340776e+00    2.967441614245e-01   1.378543740315e+02   7.678849685849e+00
  1.027491603328e+00    1.954188753078e-01   1.261611397317e+02  -4.819414378486e+00
  9.840459354796e-01    7.941650951858e-02   1.215912146761e+02  -4.819414378486e+00
  1.126191659563e+00    6.086945797311e-02   1.209108657553e+02  -4.819414378486e+00
  9.412912197107e-01    2.940453145111e-01   1.299388912860e+02  -1.396948222333e-01
  1.024103484190e+00    2.550058415995e-01   1.318607021027e+02  -1.396948222333e-01
  1.027130277058e+00    1.971483656607e-01   1.261286871660e+02  -1.396948222333e-01
  1.013835153006e+00   -1.045052888380e-01   1.236952109727e+02  -4.743498998036e-01
  7.708880827491e-01   -6.089160211648e-03   1.225117177148e+02  -4.743498998036e-01
  9.949268417604e-01    8.552206800827e-02   1.237292272752e+02  -4.743498998036e-01
  7.689141169732e-01   -4.517992423156e-03   1.224755222568e+02   8.837501077496e-01
  8.201776468469e-01    1.866515424466e-01   1.246469913975e+02   8.837501077496e-01
  9.963904526156e-01    8.492283569748e-02   1.237662932889e+02   8.837501077496e-01
  1.128308185420e+00    6.110014467553e-02   1.209459535926e+02  -5.394883618845e-01
  9.987740338724e-01    8.652117159562e-02   1.237884391163e+02  -5.394883618845e-01
  1.025354418153e+00    1.964428357279e-01   1.261344726240e+02  -5.394883618845e-01
  1.130373766836e+00    6.308869078972e-02   1.209335213692e+02  -1.891572414751e+00
  1.180785573483e+00   -1.237293353950e-02   1.206950876725e+02  -1.891572414751e+00
  9.976706083554e-01    8.369027835846e-02   1.237967643145e+02  -1.891572414751e+00
  1.275926875692e+00    1.054120039088e-02   1.171208330766e+02  -1.365156942187e+00
  1.181538262441e+00   -1.054436750579e-02   1.206996516089e+02  -1.365156942187e+00
  1.128417175385e+00    6.111701102614e-02   1.208975175941e+02  -1.365156942187e+00
  9.938759253216e-01    8.450528374049e-02   1.236883578617e+02  -1.092554867315e+00
  8.243089678064e-01    1.876877710816e-01   1.247247797336e+02  -1.092554867315e+00
  1.030831978768e+00    1.991724767327e-01   1.262161772786e+02  -1.092554867315e+00
  8.947383460725e-01    1.601442531273e-01   1.282069215271e+02  -4.279385458121e+00
  9.807941463153e-01    7.903742167705e-02   1.215353771279e+02  -4.279385458121e+00
  1.031634269850e+00    1.967243383315e-01   1.262011799115e+02  -4.279385458121e+00
  5.128504120438e-01   -3.029275572999e-03   1.202807336383e+02  -3.226595514208e+00
  7.693128911020e-01   -6.112415736347e-03   1.224479396966e+02  -3.226595514208e+00
  5.574330562548e-01   -1.513795167237e-01   1.218920289579e+02  -3.226595514208e+00
  1.404607392802e+00    3.536470329086e-03   4.297137245022e+01   7.195385991843e+00
  4.108554856295e-02    1.691012806383e-03   4.371250019803e+01   7.195385991843e+00
  1.410707436193e+00    4.156047468150e-03   5.429065016227e+01   7.195385991843e+00
  9.646175047773e-01    1.882917745519e-01   1.392396212194e+02  -4.048535743672e-01
  1.084067331148e+00    2.957555655899e-01   1.378825005769e+02  -4.048535743672e-01
  1.171929056226e+00    2.175591599119e-01   1.472063077988e+02  -4.048535743672e-01
  1.014191684513e+00    1.008922126491e-02  -1.512402502935e-02   9.878260584626e+00
  1.364527212536e-03   -1.350466009098e-04   2.584647179687e-02   9.878260584626e+00
  5.226078303819e-03    2.375514220770e-04   7.241891166329e+00   9.878260584626e+00
  2.665955552732e-01   -4.644094114900e-04   1.186656769342e+02  -3.247229633315e+00
  5.139294742746e-01   -3.534481328314e-03   1.202382971419e+02  -3.247229633315e+00
  2.875935970290e-01   -8.608884592798e-02   1.199097183066e+02  -3.247229633315e+00
  4.395960414481e-01   -1.731928315421e-01   1.326790889513e+02  -3.287095034199e+01
  3.360379615651e-03   -2.898852053556e-04   1.429910719681e+02  -3.287095034199e+01
  2.590216863318e-04   -9.426862709673e-04   1.327840919519e+02  -3.287095034199e+01
  6.455105779542e-01    2.522485325378e-02   1.135307521649e+02  -6.484351245293e+00
  1.386916084210e+00    1.364444180129e-02   1.019946906731e+02  -6.484351245293e+00
  1.096944725729e+00    2.134659702022e-02   1.123903442783e+02  -6.484351245293e+00
  3.073223422114e-03    9.436050721627e-04   1.553252764886e+02  -3.880514619688e+01
  1.521483193241e-03   -1.641746192500e-03   1.431973156707e+02  -3.880514619688e+01
  5.217682466505e-01   -1.446985380280e-01   1.431655832158e+02  -3.880514619688e+01
 -4.932787063266e-04   -4.777110398098e-04   1.290340985157e+02  -1.793931719022e+01
  5.390720050862e-01    7.706610625771e-02   1.358989731427e+02  -1.793931719022e+01
  1.341019875571e-03    1.727325007070e-04   1.351864077729e+02  -1.793931719022e+01
  4.371520578770e-01   -1.721705954843e-01   1.326685062111e+02  -3.939695031365e+01
  5.175876822435e-01   -1.455103785728e-01   1.432809425145e+02  -3.939695031365e+01
  5.848885293688e-03   -1.280750917950e-03   1.430266979555e+02  -3.939695031365e+01
  5.908492661528e-03    2.874855358605e-04   1.553595157947e+02  -4.512265727132e+01
  5.191852600088e-01   -1.440401858920e-01   1.431534227828e+02  -4.512265727132e+01
  5.803864154573e-01   -8.062790899419e-02   1.555870265196e+02  -4.512265727132e+01
  2.159785623801e-03   -7.973873658012e-04   1.326789548552e+02  -2.904371494800e+01
 -1.039722611646e-03   -5.315253269302e-04   1.244515311565e+02  -2.904371494800e+01
  4.358699123661e-01   -1.733336839324e-01   1.327870387235e+02  -2.904371494800e+01
  1.377347739511e+00   -2.961864742023e-02   7.674108704918e+01  -1.506653343934e+00
  1.194318981799e+00   -2.954300911730e-02   7.744507136976e+01  -1.506653343934e+00
  1.075021165628e+00   -1.892034863705e-02   6.869807766079e+01  -1.506653343934e+00
  2.893109863710e-01   -8.705321989570e-02   1.198923313401e+02  -2.012517935630e+01
  3.469767312972e-01   -1.448046581364e-01   1.250598890289e+02  -2.012517935630e+01
  4.152606785481e-03   -3.554433911915e-03   1.243312114815e+02  -2.012517935630e+01
  9.236273579509e-04   -1.181347363036e-03   1.198426805365e+02  -8.701070786277e+00
 -3.642629813841e-04    1.746525220865e-03   1.180178056052e+02  -8.701070786277e+00
  2.889682307492e-01   -8.454852663047e-02   1.199271057590e+02  -8.701070786277e+00
  4.349883439888e-01   -1.727016424992e-01   1.327013393420e+02  -1.817060028925e+01
  3.481466153215e-01   -1.457588495432e-01   1.250734768763e+02  -1.817060028925e+01
  6.791088746668e-01   -2.566408685342e-01   1.270447251637e+02  -1.817060028925e+01
  4.333916162039e-01   -1.723782413386e-01   1.327791329583e+02  -2.710804728650e+01
  1.001380694402e-03   -1.736207779446e-03   1.244567381069e+02  -2.710804728650e+01
  3.487907768927e-01   -1.457944655559e-01   1.250216094620e+02  -2.710804728650e+01
  5.582384505563e-01   -1.524949899164e-01   1.218641605680e+02  -1.336578436773e+01
  6.768786482129e-01   -2.556487377671e-01   1.270974855818e+02  -1.336578436773e+01
  3.495980762035e-01   -1.466662527092e-01   1.250120928543e+02  -1.336578436773e+01
  5.186144026260e-01   -1.455691341699e-01   1.431743479016e+02  -2.322295746451e+01
  4.353542175646e-01   -1.724066245309e-01   1.327982467584e+02  -2.322295746451e+01
  8.383543936017e-01   -2.878888282814e-01   1.349843729155e+02  -2.322295746451e+01
  3.477192082686e-01   -1.461937498825e-01   1.249910362064e+02  -1.125288521272e+01
  2.882136342684e-01   -8.544871216219e-02   1.199748528120e+02  -1.125288521272e+01
  5.598382940953e-01   -1.527346948621e-01   1.218827664089e+02  -1.125288521272e+01
  2.315827917391e-03   -2.466449249169e-03   1.243041011514e+02  -1.402666101043e+01
 -1.739085738000e-04    4.939216299666e-04   1.198739804317e+02  -1.402666101043e+01
  2.909840812201e-01   -8.773650147309e-02   1.199005038950e+02  -1.402666101043e+01
  7.074196520116e-01   -1.038826849785e-01   1.368149364556e+02   1.921887083791e+01
  9.849889985742e-03    3.361899736816e-04   1.440826292659e+02   1.921887083791e+01
  8.146235187689e-01   -9.400622538155e-02   1.476962593583e+02   1.921887083791e+01
  8.355854022400e-01   -2.872865180811e-01   1.350567278576e+02  -1.985388605221e+01
  4.371874485802e-01   -1.730631667545e-01   1.327287768113e+02  -1.985388605221e+01
  6.772823812282e-01   -2.563147503103e-01   1.270228399548e+02  -1.985388605221e+01
  1.091296263494e+00   -1.254376741953e-01   1.565123845029e+02  -2.919996043462e+01
  1.130009355797e+00    1.831081499438e-02   1.689696963480e+02  -2.919996043462e+01
  6.130801791638e-01    1.033872240973e-02   1.687775408824e+02  -2.919996043462e+01
  1.090820970824e+00   -1.263267899386e-01   1.566332502139e+02  -2.788109723899e+01
  5.834606058887e-01   -8.026341685391e-02   1.554929258433e+02  -2.788109723899e+01
  9.869426609383e-01   -2.370885248409e-01   1.450153605510e+02  -2.788109723899e+01
  1.135954290836e+00    1.757979338346e-02   1.688486889071e+02  -8.534893202655e+00
  1.301606649557e+00   -1.180911081855e-01   1.575218702342e+02  -8.534893202655e+00
  1.295396390448e+00    1.953350086301e-02   1.691105499045e+02  -8.534893202655e+00
  8.944661489173e-01   -3.697851714596e-02   1.615261675379e+02   4.854700142241e+00
  1.295594759905e+00    1.726042329239e-02   1.690399003131e+02   4.854700142241e+00
  1.300910737459e+00   -1.153512360647e-01   1.576666943261e+02   4.854700142241e+00
  1.298510490525e+00    1.880233797498e-02   1.690710429332e+02   8.063439266475e+00
  8.914487488319e-01   -3.842273735086e-02   1.614916274745e+02   8.063439266475e+00
  8.855464566483e-01    5.530073738907e-02   1.767507983059e+02   8.063439266475e+00
  1.136197283457e+00    2.043106509108e-02   1.690486747711e+02  -8.667680629795e+00
  1.295293201618e+00    1.809701144273e-02   1.690180193857e+02  -8.667680629795e+00
  1.293319604574e+00    1.597705012151e-01   1.805684126140e+02  -8.667680629795e+00
  1.304886487733e+00   -1.176118960322e-01   1.575858291685e+02  -1.184545062760e+01
  1.132265157454e+00    1.676767544277e-02   1.687986840702e+02  -1.184545062760e+01
  1.091449099913e+00   -1.251101276322e-01   1.566912263286e+02  -1.184545062760e+01
  6.095762493764e-01    1.014233132051e-02   1.687658282627e+02  -2.843323367601e+01
  5.805181546135e-01   -8.037212430034e-02   1.556029913044e+02  -2.843323367601e+01
  1.094094209976e+00   -1.257431188707e-01   1.565296753522e+02  -2.843323367601e+01
  1.263994064513e+00   -2.344636282658e-01   1.471676405838e+02  -9.635580257123e+00
  9.882920616353e-01   -2.378245636274e-01   1.450952454342e+02  -9.635580257123e+00
  1.145714952057e+00   -3.175490621311e-01   1.376269177969e+02  -9.635580257123e+00
  9.892048882511e-01   -2.376356387288e-01   1.450391680390e+02  -2.663826977662e+01
  5.809159630431e-01   -7.999774731174e-02   1.554682443251e+02  -2.663826977662e+01
  5.184346259715e-01   -1.455118206937e-01   1.432895189725e+02  -2.663826977662e+01
  1.298409991721e+00   -1.184666006926e-01   1.576175568219e+02   4.045662540716e+00
  1.267699178989e+00   -2.326767367500e-01   1.471899389400e+02   4.045662540716e+00
  8.262937618961e-01   -9.540377180244e-02   1.477735758106e+02   4.045662540716e+00
  1.303520732206e+00   -1.161765553086e-01   1.576993714317e+02  -8.977033990681e+00
  1.092229094769e+00   -1.266087738974e-01   1.565782878273e+02  -8.977033990681e+00
  1.261963983475e+00   -2.357291509054e-01   1.469987772526e+02  -8.977033990681e+00
  8.375336553686e-01   -2.872048931940e-01   1.351140124178e+02  -1.280654528504e+01
  1.148565953687e+00   -3.177088302504e-01   1.377014490426e+02  -1.280654528504e+01
  9.849911091241e-01   -2.380317877962e-01   1.450236509161e+02  -1.280654528504e+01
  1.302420072838e+00   -1.172726669328e-01   1.576613092086e+02   8.071516666116e+00
  8.204510568717e-01   -9.617645241253e-02   1.477032556596e+02   8.071516666116e+00
  8.926528868055e-01   -3.539085178502e-02   1.615307499871e+02   8.071516666116e+00
  1.266243869470e+00   -2.335578501197e-01   1.471626005997e+02   6.419972963620e+00
  1.078676036846e+00   -2.151639254266e-01   1.395075826985e+02   6.419972963620e+00
  8.268912915514e-01   -9.408018274842e-02   1.477747893949e+02   6.419972963620e+00
  1.264644379207e+00   -2.355971962462e-01   1.470750102614e+02  -1.276149766454e+01
  1.089340198172e+00   -1.272617984861e-01   1.565060528817e+02  -1.276149766454e+01
  9.882830603274e-01   -2.368799831598e-01   1.451857584822e+02  -1.276149766454e+01
  5.209561105948e-01   -1.459626658512e-01   1.431984727824e+02  -2.487077762049e+01
  8.364245960313e-01   -2.874140519969e-01   1.349617262801e+02  -2.487077762049e+01
  9.861733860442e-01   -2.375609936243e-01   1.451292229509e+02  -2.487077762049e+01
  5.975600354008e-01   -8.227760007418e-02   1.293635305245e+02   1.577316085908e+01
  2.345239073531e-03    7.115261127528e-04   1.293960108699e+02   1.577316085908e+01
  7.060040552538e-01   -1.035954939200e-01   1.368293881279e+02   1.577316085908e+01
  9.845464789380e-01   -3.138415479052e-01   1.298108052865e+02  -1.135657272116e+01
  8.344024059767e-01   -2.875003319261e-01   1.349803110650e+02  -1.135657272116e+01
  6.782346306007e-01   -2.560758070629e-01   1.271367834247e+02  -1.135657272116e+01
  3.354922287387e-03    2.069561685386e-03   1.686716181424e+02  -4.261147465593e+01
  1.888937214584e-03   -1.577427574676e-03   1.555426126919e+02  -4.261147465593e+01
  5.841057908452e-01   -7.846327012051e-02   1.554689070910e+02  -4.261147465593e+01
  7.673211895389e-01   -6.315436216658e-03   1.224091811204e+02  -2.752340358658e+00
  8.420918517852e-01   -2.026620125448e-01   1.245653813451e+02  -2.752340358658e+00
  5.593775958581e-01   -1.514615752920e-01   1.219306859629e+02  -2.752340358658e+00
  2.891565936504e-01   -8.631756336546e-02   1.199385909592e+02  -5.227211475533e+00
  5.122881544339e-01   -3.534111231619e-03   1.202207028423e+02  -5.227211475533e+00
  5.581749066337e-01   -1.513193764740e-01   1.219221403064e+02  -5.227211475533e+00
  9.819674006766e-01   -3.138114232137e-01   1.297451121881e+02  -8.845825293633e+00
  1.148120111518e+00   -3.172187593453e-01   1.377745138164e+02  -8.845825293633e+00
  8.374567298155e-01   -2.874913643814e-01   1.350440628684e+02  -8.845825293633e+00
  6.781375397220e-01   -2.559741953613e-01   1.270804432919e+02  -6.280777531468e+00
  8.410797369093e-01   -2.031672100182e-01   1.244955150210e+02  -6.280777531468e+00
  9.840405101418e-01   -3.134412340479e-01   1.298646534148e+02  -6.280777531468e+00
  1.091223779308e+00   -2.216436084643e-01   1.263341146644e+02  -2.750327540478e+00
  9.812179468857e-01   -3.123063780313e-01   1.298079015450e+02  -2.750327540478e+00
  8.452800843022e-01   -2.041852576684e-01   1.246333363882e+02  -2.750327540478e+00
  9.852606147679e-01   -3.136134579437e-01   1.298758265411e+02  -3.733592718740e+00
  1.104679038825e+00   -2.817544564517e-01   1.320783848509e+02  -3.733592718740e+00
  1.144604207161e+00   -3.166534474251e-01   1.377076169902e+02  -3.733592718740e+00
  1.090783879512e+00   -2.226368267316e-01   1.263161213107e+02   1.348258493635e-01
  8.454894041854e-01   -2.025914009288e-01   1.246365505548e+02   1.348258493635e-01
  1.012865624320e+00   -1.035643173905e-01   1.236539516518e+02   1.348258493635e-01
  6.757860061727e-01   -2.558847719470e-01   1.270352427397e+02  -8.195837911399e+00
  5.590135159548e-01   -1.519131907722e-01   1.219564220913e+02  -8.195837911399e+00
  8.428380204216e-01   -2.030112075646e-01   1.245360857747e+02  -8.195837911399e+00
  7.901571872322e-01   -6.721437434342e-02   1.217617896773e+02   6.450145869323e+00
  1.063680375793e+00   -9.182145626500e-02   1.214442160574e+02   6.450145869323e+00
  7.808075940653e-01   -3.040589639820e-02   1.168885134911e+02   6.450145869323e+00
  1.408418574349e+00    1.243718664485e-02   1.020632884138e+02  -8.507729447902e+00
  7.666915708709e-03    1.953982074769e-03   1.052398087479e+02  -8.507729447902e+00
  1.406802863023e-02   -1.566513229878e-03   9.370051032392e+01  -8.507729447902e+00
  1.087610975855e+00   -2.188581061496e-01   1.262661312560e+02   4.284018167394e+00
  1.175201159982e+00   -7.347570397355e-02   1.211542107358e+02   4.284018167394e+00
  1.065018158247e+00   -9.267601618309e-02   1.214782882660e+02   4.284018167394e+00
  1.085411253851e+00   -2.196332186242e-01   1.262315027114e+02  -1.946991653152e-01
  1.017579819976e+00   -1.058744541609e-01   1.237495646257e+02  -1.946991653152e-01
  1.176996476374e+00   -7.416457916605e-02   1.211891165975e+02  -1.946991653152e-01
  1.178718301713e+00   -7.304842143754e-02   1.212070630833e+02  -8.943009160316e-02
  1.180655770452e+00   -1.115455466520e-02   1.207003968306e+02  -8.943009160316e-02
  1.277385159544e+00    1.128080614232e-02   1.171211004297e+02  -8.943009160316e-02
  1.104349993647e+00   -2.820193558235e-01   1.320696775717e+02  -8.727816596027e-01
  9.850012810464e-01   -3.127257627821e-01   1.298711587106e+02  -8.727816596027e-01
  1.087247444695e+00   -2.207458130400e-01   1.262390406611e+02  -8.727816596027e-01
  1.173264601147e+00   -1.029067881196e-02   1.130018062182e+02   1.854199520098e+00
  1.178547750835e+00   -7.239895840465e-02   1.212289001209e+02   1.854199520098e+00
  1.278986876178e+00    1.063025568033e-02   1.171161760981e+02   1.854199520098e+00
  1.179017074960e+00   -7.633998080466e-02   1.211901395602e+02   8.795370421124e-01
  1.016646961925e+00   -1.028904081397e-01   1.237515634396e+02   8.795370421124e-01
  1.180742817441e+00   -8.722999370113e-03   1.207051851728e+02   8.795370421124e-01
  8.414215457325e-01   -2.014436820088e-01   1.245586898268e+02  -1.645335688008e+00
  7.688332329255e-01   -7.558675166549e-03   1.224744717676e+02  -1.645335688008e+00
  1.015349619355e+00   -1.040107553686e-01   1.237336241409e+02  -1.645335688008e+00
  9.987073173628e-01   -1.887572486481e-01   1.286715261466e+02   3.551924592413e+00
  1.091940069828e+00   -2.201795075421e-01   1.263120606593e+02   3.551924592413e+00
  1.061720180436e+00   -9.266293394623e-02   1.214269013615e+02   3.551924592413e+00
  1.104714310115e+00   -2.809138363716e-01   1.320774033431e+02   4.483134776838e+00
  9.993449956898e-01   -1.871935336575e-01   1.287092843201e+02   4.483134776838e+00
  9.867242407276e-01   -1.944448907615e-01   1.334451537473e+02   4.483134776838e+00
  1.102412120524e+00   -2.807016095643e-01   1.320559818073e+02   4.046135546347e+00
  1.089502228222e+00   -2.213393536084e-01   1.262696970486e+02   4.046135546347e+00
  1.001344504998e+00   -1.878276477332e-01   1.287374590353e+02   4.046135546347e+00
  1.081495824451e+00   -2.143979267163e-01   1.395871085855e+02   9.882328012436e+00
  9.870019934295e-01   -1.943059290362e-01   1.334476291985e+02   9.882328012436e+00
  7.069681781065e-01   -1.040057057407e-01   1.368626190828e+02   9.882328012436e+00
  9.868575243300e-01   -1.941492455634e-01   1.334597580599e+02   3.433823026657e+00
  1.081759761308e+00   -2.152680544478e-01   1.395819238773e+02   3.433823026657e+00
  1.104702505967e+00   -2.817129962237e-01   1.320556685015e+02   3.433823026657e+00
  5.974199517856e-01   -8.224606911327e-02   1.293665107656e+02   9.664039480681e+00
  7.056479125532e-01   -1.043139691629e-01   1.368252724572e+02   9.664039480681e+00
  9.883481771592e-01   -1.939275373673e-01   1.334766143063e+02   9.664039480681e+00
  1.083692088701e+00   -2.143314705748e-01   1.395894798171e+02   9.308982715128e+00
  7.044670475279e-01   -1.041901303055e-01   1.368346362573e+02   9.308982715128e+00
  8.180378454237e-01   -9.441588287211e-02   1.476801334596e+02   9.308982715128e+00
  9.858303123173e-01   -1.938423765993e-01   1.334569619116e+02   9.540831146629e+00
  1.001215536878e+00   -1.870324000931e-01   1.287212274530e+02   9.540831146629e+00
  6.002793600701e-01   -8.250820533969e-02   1.294004428424e+02   9.540831146629e+00
  1.101802381237e+00   -2.819507844928e-01   1.319981120662e+02   1.624024612485e+00
  1.085260498729e+00   -2.152354683775e-01   1.396359810530e+02   1.624024612485e+00
  1.148761333290e+00   -3.160245158324e-01   1.377778292484e+02   1.624024612485e+00
  7.920727148110e-01   -6.606993500061e-02   1.218009603185e+02   7.355136351918e+00
  9.977625765899e-01   -1.869036035799e-01   1.286791738803e+02   7.355136351918e+00
  1.062105173130e+00   -9.376819146216e-02   1.214273967968e+02   7.355136351918e+00
  7.460367198276e-01   -1.108258778376e-02   1.127346410677e+02   1.089676549559e+01
  3.232354189708e-03    5.722006749274e-04   1.122664759571e+02   1.089676549559e+01
  7.811394567793e-01   -3.033854539908e-02   1.169158005419e+02   1.089676549559e+01
  7.456085405853e-01   -1.105045546487e-02   1.126911355839e+02   6.041042211439e+00
  1.170946878502e+00   -9.785856998711e-03   1.129446776672e+02   6.041042211439e+00
  1.026884678567e+00   -1.409461584870e-02   1.057976187099e+02   6.041042211439e+00
  3.145457239936e-03   -5.868177851632e-04   1.217500620579e+02   1.118684733747e+01
  7.843811228252e-01   -3.080506449926e-02   1.168908225232e+02   1.118684733747e+01
  6.910847534191e-04    5.801030737327e-04   1.122474901877e+02   1.118684733747e+01
  1.008217329198e+00    9.843932179540e-03   6.693055242299e-03   3.313482639808e+00
  1.193847846877e+00    1.171368899483e-02   7.891379375929e+00   3.313482639808e+00
  1.350771662910e+00    3.466143858921e-03   7.931667932188e-02   3.313482639808e+00
 -1.296233427931e-03   -1.560728585428e-03   2.067525372000e+02   1.316792361664e+01
  5.264690545508e-01    8.942096599713e-02   2.049275020099e+02   1.316792361664e+01
  2.095441641055e-03    8.768350912800e-04   2.041335707502e+02   1.316792361664e+01
  1.183145562951e+00   -1.535055408899e-02   9.406124017059e+01  -9.021832958064e+00
  1.398012714879e+00    1.134503095009e-02   1.020379369857e+02  -9.021832958064e+00
  2.078843627147e-02   -1.819212579970e-03   9.370160265761e+01  -9.021832958064e+00
  7.896853435979e-01   -6.693334663633e-02   1.217470765598e+02   9.422216805545e+00
  5.991860174848e-01   -8.341488912209e-02   1.293654671322e+02   9.422216805545e+00
  1.001392516324e+00   -1.860992730487e-01   1.287159018919e+02   9.422216805545e+00
  1.398498607259e+00    2.908701407919e-03   4.295569967070e+01   1.510028537952e-01
  1.283158374510e+00   -6.679720142684e-03   3.595341613558e+01   1.510028537952e-01
  1.231095862688e+00    6.467685986058e-03   3.452483426219e+01   1.510028537952e-01
 -8.653672608160e-04    2.993011134223e-04   1.293277119451e+02   1.771650750578e+01
  4.901054980615e-03   -7.801607559102e-05   1.439975776747e+02   1.771650750578e+01
  7.106456829776e-01   -1.033126964344e-01   1.368495864573e+02   1.771650750578e+01
  1.326506693366e+00   -6.257395034632e-03   9.545934688091e+01   9.424191372239e+00
  2.289245780059e-02   -1.797002743191e-03   1.046901868308e+02   9.424191372239e+00
  1.017530355877e+00   -1.447450253167e-02   1.057296169855e+02   9.424191372239e+00
  1.150046404025e+00   -3.162647279324e-01   1.378025238354e+02  -1.025083436297e+00
  1.083838389742e+00   -2.151215143510e-01   1.396184790626e+02  -1.025083436297e+00
  1.259623177646e+00   -2.344612406702e-01   1.470831347823e+02  -1.025083436297e+00
  1.181932609084e+00   -1.052092642654e-02   1.207492056833e+02  -4.082257675924e-01
  1.014386598219e+00   -1.011211117493e-01   1.237211658163e+02  -4.082257675924e-01
  9.952747708808e-01    8.214384886583e-02   1.237553074676e+02  -4.082257675924e-01
  5.822605913703e-03   -1.512183922488e-03   1.440750964840e+02   1.854006705998e+01
  8.933843409310e-01   -3.842451362750e-02   1.615005792502e+02   1.854006705998e+01
  8.174070388889e-01   -9.305408572407e-02   1.477057520121e+02   1.854006705998e+01
  1.382470906202e+00    1.234841981821e-02   1.018601030735e+02   2.452209096395e+00
  1.042102562809e+00   -1.416791249203e-02   1.057697734739e+02   2.452209096395e+00
  1.296765448109e+00    2.340332050096e-03   1.128375314458e+02   2.452209096395e+00
  1.195481767594e+00    1.081362230471e-01   1.579703281988e+02  -7.286394178364e+00
  1.183722295290e+00   -1.056288070964e-02   1.697282291220e+02  -7.286394178364e+00
  7.033888774640e-01    3.227691979115e-02   1.616770664191e+02  -7.286394178364e+00
  1.255184533919e-02    5.492065015736e-04   7.228972850907e+00   9.056209621707e+00
  1.197298144068e+00    1.164458119055e-02   7.839067940581e+00   9.056209621707e+00
  1.007596088797e+00    9.989581223438e-03  -3.395534951101e-02   9.056209621707e+00
  1.293400095990e+00    2.552217375425e-03   1.128044048604e+02   1.658168584780e+00
  1.173565135223e+00   -1.061729915822e-02   1.129892836184e+02   1.658168584780e+00
  1.278006652085e+00    1.043641866612e-02   1.171094685710e+02   1.658168584780e+00
  1.551532939354e+00    1.093367740821e-02   2.739641894980e+01   6.909940225357e+00
  1.279696888911e+00    1.988116092334e-02   1.637248572106e+01   6.909940225357e+00
  4.929919044009e-02   -9.496243183991e-04   2.526793241776e+01   6.909940225357e+00
  1.300615258781e+00    2.247817206349e-03   1.128498547063e+02   1.939405036556e+00
  1.036201536348e+00   -1.404164206374e-02   1.057909373376e+02   1.939405036556e+00
  1.166231299027e+00   -9.978183900601e-03   1.129909032865e+02   1.939405036556e+00
  1.026948439244e+00   -1.378248921561e-02   1.056192714553e+02   2.081602355153e+00
  1.392441718043e+00    1.101488119578e-02   1.018409531593e+02   2.081602355153e+00
  1.316583799065e+00   -6.395727426258e-03   9.540138674875e+01   2.081602355153e+00
  1.276586795672e+00    1.085075250153e-02   1.171089178392e+02  -3.803249839311e+00
  1.128051703465e+00    6.105832456117e-02   1.208986748522e+02  -3.803249839311e+00
  9.803080236113e-01    7.862276342514e-02   1.215920245575e+02  -3.803249839311e+00
  1.101378503460e+00    2.090885563266e-02   1.124520509214e+02  -2.813757100052e+00
  1.295023725057e+00    2.003590690081e-03   1.128034735980e+02  -2.813757100052e+00
  1.275653880921e+00    1.138613828062e-02   1.171428878001e+02  -2.813757100052e+00
  9.790216866301e-01    7.752715459008e-02   1.216100756302e+02  -6.024189205664e+00
  6.826852007947e-01    2.702075718535e-02   1.173046605265e+02  -6.024189205664e+00
  1.279475031318e+00    1.209398637655e-02   1.171174607779e+02  -6.024189205664e+00
  1.290690646287e-03   -8.428640275322e-04   1.164664854346e+02  -1.150863412085e+01
  6.910977809248e-01    4.994755265657e-02   1.214385025019e+02  -1.150863412085e+01
  1.597832273616e-03    2.853461201427e-04   1.217321247052e+02  -1.150863412085e+01
  6.877176425550e-01    4.980397169359e-02   1.214259505842e+02  -1.157136606990e+01
  3.710004672524e-03   -1.042202445243e-03   1.164894864194e+02  -1.157136606990e+01
  6.749055690434e-01    2.602252850902e-02   1.172486036604e+02  -1.157136606990e+01
  1.170359989455e+00   -8.900322335852e-03   1.129831341530e+02   3.131550228892e+00
  1.060161707719e+00   -9.092151473276e-02   1.214057262909e+02   3.131550228892e+00
  1.179972124379e+00   -7.356684710058e-02   1.212327064343e+02   3.131550228892e+00
  7.451992242044e-01   -1.094148323313e-02   1.127195860311e+02   6.401623565600e+00
  7.809738251125e-01   -3.082436623766e-02   1.169450033725e+02   6.401623565600e+00
  1.172693588083e+00   -9.798740496447e-03   1.129683847835e+02   6.401623565600e+00
  1.193813086655e+00    1.030331824542e-02   7.924611025468e+00   1.036345953488e+00
  1.285942330757e+00    2.100915031589e-02   1.684951325101e+01   1.036345953488e+00
  1.351806320729e+00    1.749491092400e-02   1.040546953089e+01   1.036345953488e+00
  1.913121228139e-02    9.488513779071e-04   8.404878454865e+01   8.943865655812e+00
  1.368304749622e+00   -2.384101764439e-02   7.632903269309e+01   8.943865655812e+00
  9.509664201313e-04    8.149634226105e-04   7.479211979581e+01   8.943865655812e+00
  3.705239452449e-02   -6.350329016981e-04   8.490493168502e+01  -7.225922619720e+00
  1.545023799190e+00   -1.657860672015e-02   8.545658466151e+01  -7.225922619720e+00
  1.184969309483e+00   -1.447238777908e-02   9.436258474647e+01  -7.225922619720e+00
  1.532533503308e+00   -1.686861515624e-02   8.549099675527e+01   7.134396125603e+00
  3.930559994918e-02    7.753736481774e-04   8.462013422337e+01   7.134396125603e+00
  1.323283841364e+00   -5.256871371198e-03   9.587761344907e+01   7.134396125603e+00
  1.220350957625e+00    1.126643419351e-03   4.894784250664e+01  -1.875761323000e+00
  1.421015238194e+00    4.843467204687e-03   5.392272890836e+01  -1.875761323000e+00
  1.217772528802e+00    1.429321670711e-02   5.912225041051e+01  -1.875761323000e+00
  1.232021359570e+00    6.886573366848e-03   3.454328154459e+01   8.954277999464e+00
 -4.141028217900e-04   -1.401877688269e-04   3.442283082215e+01   8.954277999464e+00
  1.488818991317e-02    6.411649443677e-04   4.329374467382e+01   8.954277999464e+00
  1.082451710933e+00   -1.898794281303e-02   6.856451081393e+01  -2.448693822908e+00
  1.415747285022e+00   -1.880220523220e-02   6.518694235419e+01  -2.448693822908e+00
  1.368293544571e+00   -2.930768164877e-02   7.678066409012e+01  -2.448693822908e+00
  1.408795782544e+00    3.933072947784e-03   5.339269731142e+01   6.943781585451e+00
  4.569614483029e-02   -2.241530607882e-03   6.496744195505e+01   6.943781585451e+00
  1.428606011979e+00   -1.790825423287e-02   6.513506063765e+01   6.943781585451e+00
  1.211691277601e+00    9.824617564182e-04   4.883255669458e+01  -1.994469153372e+00
  1.265565400589e+00   -6.093200772475e-03   3.591609202961e+01  -1.994469153372e+00
  1.410362179251e+00    1.966103982520e-03   4.291745529717e+01  -1.994469153372e+00
  1.431819694117e+00   -2.003186053830e-02   6.539287823500e+01   6.741863250457e+00
  4.189000414401e-02   -3.320355714792e-04   6.542140679963e+01   6.741863250457e+00
  1.355938115116e+00   -2.635460876082e-02   7.699101545144e+01   6.741863250457e+00
  1.365169954242e+00    1.553998854233e-02   1.040071341680e+01  -8.830767148772e+00
  1.358943645056e-02    1.014580498164e-03   1.736767064266e+01  -8.830767148772e+00
  8.838978928121e-03   -1.421677742633e-03   6.476533852896e+00  -8.830767148772e+00
  1.597847296958e-02   -1.185194626307e-03   1.597386780053e+01   8.668781643662e+00
  1.285517463422e+00    1.881113079461e-02   1.675887077987e+01   8.668781643662e+00
  1.195691394954e+00    1.105795240514e-02   7.866498438299e+00   8.668781643662e+00
  7.554138710957e-03   -6.142804269376e-04   1.598322702334e+01   9.151379828595e+00
  1.204526809973e+00    1.132489791280e-02   7.846953566126e+00   9.151379828595e+00
  6.183192314764e-03    6.217188979942e-04   7.286795211385e+00   9.151379828595e+00
  1.342966279584e+00    3.092978213238e-03   7.789547008454e-02   1.177946265459e+00
  1.201659072146e+00    1.191596349529e-02   7.854284157618e+00   1.177946265459e+00
  1.343004835468e+00    1.509127042060e-02   1.038126887931e+01   1.177946265459e+00
 -8.425770391114e-04    3.346504355941e-04   3.418266487603e+01   8.950239386304e+00
  1.230054973166e+00    6.561874333095e-03   3.496297807011e+01   8.950239386304e+00
  2.113965207088e-02    6.471054098073e-05   2.583831236106e+01   8.950239386304e+00
  1.296994955220e+00    2.231651046759e-02   1.684434466312e+01  -8.773198765373e-01
  1.524291958315e+00    1.044818186934e-02   2.755761843531e+01  -8.773198765373e-01
  1.182693647695e+00    3.080602882599e-02   2.006103083222e+01  -8.773198765373e-01
  1.294705797101e+00    1.836101701932e-02   1.657828351992e+01   8.762336156359e+00
  4.969477261443e-03   -1.029199497586e-03   1.612837160941e+01   8.762336156359e+00
  2.148821763650e-02   -6.457107230641e-04   2.523231057268e+01   8.762336156359e+00
  1.301290921708e+00    2.248734207268e-02   1.682534173772e+01  -8.430648044775e-01
  1.180229681452e+00    3.094727973236e-02   1.981460598312e+01  -8.430648044775e-01
  1.341238342325e+00    1.765428765696e-02   1.028374727806e+01  -8.430648044775e-01
  4.173206756000e-03    5.866969129123e-04   1.733704361611e+01  -9.761290099235e+00
  1.180361220618e+00    2.839734832143e-02   1.969503974206e+01  -9.761290099235e+00
  9.588554644638e-03   -1.043969068299e-03   2.635625141215e+01  -9.761290099235e+00
  2.901369228958e-02   -1.916680263549e-03   2.641694578526e+01  -8.142286628039e+00
  1.170203156820e+00    2.873741888795e-02   1.962762367498e+01  -8.142286628039e+00
  1.533895211307e+00    9.346529240224e-03   2.742530506191e+01  -8.142286628039e+00
  1.339938968277e+00   -6.017871264359e-03   9.553712339747e+01   9.242439804819e+00
  2.836853515574e-03    8.966771886408e-04   9.461664817979e+01   9.242439804819e+00
  1.260381131678e-02   -1.093798753537e-03   1.046330072212e+02   9.242439804819e+00
  1.195578273440e+00   -1.390981746028e-02   9.414240886637e+01  -9.810231842845e-01
  1.330567068090e+00   -5.898463660640e-03   9.548121313537e+01  -9.810231842845e-01
  1.380955330886e+00    1.057400160761e-02   1.020459146218e+02  -9.810231842845e-01
  4.791880968766e-03    2.264673099691e-04   7.431886844034e+01  -9.398337013661e+00
  1.207526150031e+00   -2.817938265291e-02   7.706702971498e+01  -9.398337013661e+00
  1.306578416491e-02    2.069425275733e-04   8.459846049151e+01  -9.398337013661e+00
  1.327826205097e+00   -5.351103184629e-03   9.547197887250e+01  -1.366093882757e+00
  1.199432751357e+00   -1.385432297018e-02   9.394222176110e+01  -1.366093882757e+00
  1.521673976990e+00   -1.649106389298e-02   8.539130539722e+01  -1.366093882757e+00
  1.195609845679e+00   -1.566618553272e-02   9.420453734633e+01  -9.079671483703e+00
  4.098974548118e-03   -1.066541419923e-03   9.369482985833e+01  -9.079671483703e+00
  1.497225871197e-02   -3.686352475035e-04   8.498038477113e+01  -9.079671483703e+00
  1.284272552181e-02   -4.335992665783e-04   2.676391433249e+01  -9.730600798517e+00
  1.285214889999e+00   -6.618539958825e-03   3.597668096939e+01  -9.730600798517e+00
  1.447162178626e-03    4.751215075812e-05   3.755126490932e+01  -9.730600798517e+00
  2.022986385216e-03    4.312569986496e-04   9.448907291952e+01   9.231735122002e+00
  1.338309652492e+00   -5.035931193330e-03   9.574440988949e+01   9.231735122002e+00
  1.803687196789e-02    5.055454993920e-04   8.465200622422e+01   9.231735122002e+00
  1.233782185799e+00    6.167808145004e-03   3.465598550572e+01   7.719239411081e-01
  1.277996631158e+00   -6.855207048472e-03   3.564805154841e+01   7.719239411081e-01
  1.522847510651e+00    8.643223510115e-03   2.733585804521e+01   7.719239411081e-01
  4.613248599483e-02    4.005674119586e-05   2.573983464797e+01   6.299307933247e+00
  1.215736112006e+00    6.032937650399e-03   3.522441911979e+01   6.299307933247e+00
  1.553567831418e+00    9.798760183441e-03   2.748211463233e+01   6.299307933247e+00
  1.220995377754e+00    6.612872013184e-03   3.430322628272e+01   7.004653969248e+00
  3.387607364405e-02    1.510653598442e-03   4.336467174649e+01   7.004653969248e+00
  1.410215167546e+00    3.761660558238e-03   4.281354873514e+01   7.004653969248e+00
  1.221153953100e+00    1.765288976165e-03   4.894960618252e+01  -9.600446780780e+00
  1.218659121204e+00    1.327771281785e-02   5.910890692105e+01  -9.600446780780e+00
  1.833773892494e-02   -1.115111765590e-04   5.628115009323e+01  -9.600446780780e+00
  1.428158311378e+00    4.046967945232e-03   5.405429794556e+01   8.403904617670e+00
  2.050384903921e-02    1.010355906198e-03   4.381180306243e+01   8.403904617670e+00
  2.839646906794e-03   -4.470695637288e-04   5.427499392894e+01   8.403904617670e+00
  2.429396328994e-03   -2.154594131965e-04   3.759474387516e+01  -9.722855670691e+00
  1.281492317256e+00   -5.980897261565e-03   3.592668112218e+01  -9.722855670691e+00
  1.101925176902e-02    4.679082703768e-04   4.661369322872e+01  -9.722855670691e+00
  1.202790218119e+00   -3.001565226870e-02   7.750250465727e+01  -1.762342030851e+00
  1.360846589668e+00   -2.779117930352e-02   7.659391513221e+01  -1.762342030851e+00
  1.518539861505e+00   -1.689034575575e-02   8.534008220496e+01  -1.762342030851e+00
  3.852294687722e-02   -2.842637717710e-05   8.459437337256e+01  -7.631328534810e+00
  1.191183169209e+00   -2.828655933083e-02   7.694404658914e+01  -7.631328534810e+00
  1.543090878556e+00   -1.721112540830e-02   8.535728240261e+01  -7.631328534810e+00
  1.177589818675e-02    7.829148951349e-04   7.418983108497e+01  -9.535690294703e+00
  1.063151845836e+00   -1.696124479063e-02   6.881400403097e+01  -9.535690294703e+00
  1.200871210620e+00   -2.916602248058e-02   7.718220349375e+01  -9.535690294703e+00
  1.067166489219e+00   -1.477740857840e-02   6.890499407688e+01  -1.036694307847e+01
  3.384837296292e-03   -1.673106471837e-05   7.417399710139e+01  -1.036694307847e+01
  4.257188274935e-03    9.037895644187e-04   6.642478088366e+01  -1.036694307847e+01
  6.580232446835e-03   -4.494002208032e-04   5.624609077196e+01  -9.721475545150e+00
  1.229581036818e+00    1.348210981035e-02   5.912832599759e+01  -9.721475545150e+00
  7.318160528781e-03    3.693415388019e-04   6.640638366396e+01  -9.721475545150e+00
  1.225181893067e+00    1.534295464450e-02   5.929747796507e+01  -1.692600511603e+00
  1.410397212713e+00    4.807444659390e-03   5.366106932792e+01  -1.692600511603e+00
  1.418984387091e+00   -1.704432658949e-02   6.509858750682e+01  -1.692600511603e+00
  2.234139021831e-02   -1.446890746309e-03   6.487746381879e+01   8.404174096485e+00
  1.427153002711e+00    3.091985331594e-03   5.363916601659e+01   8.404174096485e+00
  2.695400400937e-03    2.369325918049e-05   5.451878948963e+01   8.404174096485e+00
  2.680239627400e-04    1.496878443377e-03   7.456516328634e+01   8.955284480578e+00
  1.369198147840e+00   -2.450764351390e-02   7.671359661553e+01   8.955284480578e+00
  1.922263733459e-02   -5.897399557388e-05   6.547436219599e+01   8.955284480578e+00
  1.217326809969e+00    1.416914307820e-02   5.918701101059e+01  -9.696463831848e+00
  1.055246197224e+00   -1.470127079614e-02   6.891772556354e+01  -9.696463831848e+00
  1.720851823891e-02    1.147292584052e-03   6.643321575252e+01  -9.696463831848e+00
  1.212488488103e+00    1.529656085206e-02   5.923632396025e+01  -3.110871638538e+00
  1.428232824424e+00   -1.808950659501e-02   6.506629018493e+01  -3.110871638538e+00
  1.059547369435e+00   -1.649264396072e-02   6.879643075185e+01  -3.110871638538e+00
  1.229235230856e+00    1.966918220405e-03   4.893176546938e+01  -9.595667887684e+00
  8.289137482366e-03    9.580834686034e-05   5.629359646271e+01  -9.595667887684e+00
  6.478942183636e-03    2.534374526495e-04   4.657349953117e+01  -9.595667887684e+00
  1.269093661769e+00   -5.978726771131e-03   3.591164178403e+01  -9.397162636242e+00
  1.211272160505e+00    1.389705385755e-03   4.885999366235e+01  -9.397162636242e+00
  2.225203482702e-02    6.808432704111e-04   4.660920894127e+01  -9.397162636242e+00
  1.410046646321e+00    4.481010427181e-03   5.414552356692e+01  -1.715759039933e+00
  1.228600031588e+00    5.429166252556e-04   4.881714492146e+01  -1.715759039933e+00
  1.398216303029e+00    2.341359246379e-03   4.296352241825e+01  -1.715759039933e+00
