
  1.344611801197e-03   -1.615054669142e-03   1.681416529467e+02  -9.451228585929e+00
  4.273103185605e-01   -1.472148377336e-03   1.694291989495e+02  -9.451228585929e+00
 -2.309673731246e-04    6.601048012903e-04   1.686177594211e+02  -9.451228585929e+00
  5.168291365317e-01   -7.315359052996e-02   1.555948565504e+02  -1.718123225942e+01
 -3.894254200015e-04   -9.667198943253e-06   1.620193654149e+02  -1.718123225942e+01
  1.453452551539e-03    2.978349720858e-05   1.553619952623e+02  -1.718123225942e+01
  4.269653468566e-01    9.171787113170e-04   1.694415494237e+02  -9.911548220313e+00
  6.955599771926e-01   -1.459261081601e-01   1.691698939694e+02  -9.911548220313e+00
  7.465547210772e-01   -1.890979092961e-03   1.716866135657e+02  -9.911548220313e+00
  6.983412416978e-01   -1.446785011548e-01   1.691279002185e+02  -9.379471600534e+00
  4.246854765142e-01   -3.559256138843e-04   1.695055988153e+02  -9.379471600534e+00
  3.257152796944e-01   -5.797622997818e-02   1.677116309965e+02  -9.379471600534e+00
  8.669670438864e-01   -1.801485760549e-01   1.729941800322e+02  -6.597778341602e+00
  7.468629722938e-01   -1.829209711629e-03   1.717650964731e+02  -6.597778341602e+00
  6.959447249369e-01   -1.471454136121e-01   1.691228897190e+02  -6.597778341602e+00
  1.090312318994e+00    1.126414877780e-02   8.411766423296e+00  -7.238326627702e+00
  1.479867230760e-02   -9.473491555063e-04   5.244767075836e+00  -7.238326627702e+00
  8.002103467420e-01   -1.131046850904e-02  -5.060574074115e-02  -7.238326627702e+00
  3.265074640130e-01   -5.706716095654e-02   1.677000307753e+02  -9.057126194566e+00
  6.674054548657e-01   -1.601374837093e-01   1.659274210197e+02  -9.057126194566e+00
  6.982778741285e-01   -1.455859302096e-01   1.691099968281e+02  -9.057126194566e+00
  1.035715633644e+00    9.923885504487e-03   9.488073344884e+01  -4.107341894255e+00
  5.511882487050e-01    2.197151190705e-02   9.502093844112e+01  -4.107341894255e+00
  8.876323746262e-01    1.678255931593e-02   9.111388530754e+01  -4.107341894255e+00
  4.026865910432e-01   -7.845257123098e-02   1.633880494127e+02  -8.653384308008e+00
  5.172186119680e-01   -7.355414893140e-02   1.555886544243e+02  -8.653384308008e+00
  7.553682605728e-01   -1.794565999741e-01   1.614602378676e+02  -8.653384308008e+00
  1.457820860855e-03    3.268231865730e-04   1.663282560724e+02  -1.238624381775e+01
  4.014087188463e-01   -7.805242753336e-02   1.634147423948e+02  -1.238624381775e+01
  3.254204420062e-01   -5.750989738848e-02   1.677423027900e+02  -1.238624381775e+01
  6.683476965702e-01   -1.602633827730e-01   1.659134193562e+02  -4.453254355228e+00
  7.540279199782e-01   -1.804367380610e-01   1.614665457353e+02  -4.453254355228e+00
  8.208895533360e-01   -2.414550853172e-01   1.676793866447e+02  -4.453254355228e+00
  7.539164456607e-01   -1.795675429181e-01   1.614702022159e+02  -9.278114520962e+00
  6.683106428330e-01   -1.604412503275e-01   1.659192779502e+02  -9.278114520962e+00
  4.042414851521e-01   -7.834746994757e-02   1.633631014388e+02  -9.278114520962e+00
  8.747735036226e-01   -2.727632396811e-01   1.632259366226e+02  -2.856066458362e+00
  8.186291738424e-01   -2.416128832687e-01   1.677303995916e+02  -2.856066458362e+00
  7.569007698854e-01   -1.804176436316e-01   1.614195372061e+02  -2.856066458362e+00
  6.682109254713e-01   -1.604970040558e-01   1.659163173688e+02  -5.656001591610e+00
  8.210054502678e-01   -2.409102034406e-01   1.676795212907e+02  -5.656001591610e+00
  6.968947552022e-01   -1.459299196307e-01   1.691401261879e+02  -5.656001591610e+00
  8.756682749919e-01   -2.730017600371e-01   1.631980943399e+02  -7.087738861496e-01
  7.559723477633e-01   -1.802370965289e-01   1.614442136681e+02  -7.087738861496e-01
  9.389698343870e-01   -2.034633025180e-01   1.555513689363e+02  -7.087738861496e-01
  4.026422010209e-01   -7.871455374954e-02   1.634033351068e+02  -8.897205153247e+00
  6.693100126144e-01   -1.600600221388e-01   1.658980375352e+02  -8.897205153247e+00
  3.245674157290e-01   -5.707971420035e-02   1.677502493553e+02  -8.897205153247e+00
  1.533291816878e-03   -4.308758873507e-04   1.354153934580e+02  -1.890461235885e+01
  8.773960213273e-04    7.701720563708e-04   1.163291996728e+02  -1.890461235885e+01
  5.690509707714e-01    2.740148603306e-02   1.309100878480e+02  -1.890461235885e+01
  8.647251276932e-01   -1.805964337729e-01   1.729859980939e+02  -5.698399475464e+00
  6.983111839353e-01   -1.463037393826e-01   1.691071851520e+02  -5.698399475464e+00
  8.192819487777e-01   -2.409610174134e-01   1.677011332021e+02  -5.698399475464e+00
  9.617421629427e-01   -3.751614474811e-03   1.756545841629e+02  -3.702942163173e+00
  8.620992510111e-01   -1.788494744224e-01   1.729853264857e+02  -3.702942163173e+00
  8.908511770467e-01   -7.915296683808e-02   1.768245760874e+02  -3.702942163173e+00
  9.594561647896e-01   -1.007528888421e-03   1.756150887774e+02  -8.202891204800e+00
  7.489958622268e-01   -1.004153719989e-03   1.717450314889e+02  -8.202891204800e+00
  8.643801022881e-01   -1.801584272509e-01   1.730212369374e+02  -8.202891204800e+00
  9.629394847540e-01   -3.702637003239e-03   1.756905867057e+02  -3.846078415681e+00
  8.901061993920e-01   -7.827218804354e-02   1.768218315560e+02  -3.846078415681e+00
  1.066314988083e+00    1.283042454352e-03   1.786126993854e+02  -3.846078415681e+00
  8.868260543723e-01   -7.570483061742e-02   1.768260990067e+02  -2.091290016613e+00
  8.669467672037e-01   -1.815426666968e-01   1.729702849328e+02  -2.091290016613e+00
  7.181929522360e-01   -1.696869401264e-01   1.748976439963e+02  -2.091290016613e+00
  6.871980664574e-01    1.297817417105e-02   1.768538553362e+02   3.093222797838e-01
  8.889890294868e-01   -7.601186863949e-02   1.767545876928e+02   3.093222797838e-01
  7.146815505181e-01   -1.684217799832e-01   1.749525236229e+02   3.093222797838e-01
  8.879626396959e-01   -7.324906781151e-02   1.767989549665e+02  -1.239752923047e+00
  9.020091335381e-01    9.389549533913e-02   1.767193488999e+02  -1.239752923047e+00
  1.067256903041e+00   -3.325851994622e-03   1.786067238889e+02  -1.239752923047e+00
  8.669241806618e-01   -1.808887368069e-01   1.729562524427e+02   4.358479174262e-01
  7.793916630697e-01   -2.688665741560e-01   1.700838053983e+02   4.358479174262e-01
  7.181574135639e-01   -1.709134087815e-01   1.749052283602e+02   4.358479174262e-01
  6.027795106446e-01   -8.825946209732e-03   9.131549456916e+01   7.696141755771e+00
  8.299553892408e-01   -1.185834058240e-02   8.575399399333e+01   7.696141755771e+00
  9.105363368371e-03   -8.877180341198e-04   8.479336944707e+01   7.696141755771e+00
  5.558964017802e-01   -2.204492788469e-01   1.723878943089e+02   8.088385729699e+00
  7.824529589773e-01   -2.701274028927e-01   1.700897429165e+02   8.088385729699e+00
  6.614427759064e-01   -2.486669630417e-01   1.655673684280e+02   8.088385729699e+00
  7.827988178473e-01   -2.692073951217e-01   1.700426574571e+02  -1.361598937444e+00
  8.631418305110e-01   -1.801713676982e-01   1.730181471728e+02  -1.361598937444e+00
  8.209708840829e-01   -2.418214806658e-01   1.676770772837e+02  -1.361598937444e+00
  2.473297541599e-01   -6.922855667674e-02   1.783906168113e+02   8.899331032122e+00
  4.790610560460e-01   -1.254545845106e-01   1.769549263118e+02   8.899331032122e+00
  2.895664713255e-01   -1.291645307901e-01   1.743281403579e+02   8.899331032122e+00
  4.786833073661e-01   -1.249010625402e-01   1.769019913391e+02   5.836745404987e+00
  7.156617002739e-01   -1.696065521429e-01   1.749693280147e+02   5.836745404987e+00
  5.536242003447e-01   -2.202996103996e-01   1.724741016976e+02   5.836745404987e+00
  5.547789599602e-01   -2.201517043217e-01   1.724262468593e+02   9.908249031048e+00
  2.911088485097e-01   -1.294211520368e-01   1.743035581905e+02   9.908249031048e+00
  4.777450283145e-01   -1.253461926915e-01   1.769732077148e+02   9.908249031048e+00
  4.787643822331e-01   -1.245240772025e-01   1.769216482256e+02   1.216865533948e+00
  6.856701651675e-01    1.397962699098e-02   1.769105974281e+02   1.216865533948e+00
  7.153771969366e-01   -1.693438377586e-01   1.749482783166e+02   1.216865533948e+00
  8.744023712622e-01   -2.737651661437e-01   1.632197434981e+02   5.735535284442e+00
  6.640962442389e-01   -2.486799547637e-01   1.655163487100e+02   5.735535284442e+00
  7.801666658483e-01   -2.700961769906e-01   1.701422400127e+02   5.735535284442e+00
  5.556318222465e-01   -2.203074732134e-01   1.724344027736e+02   3.554731707060e+00
  7.141722006667e-01   -1.698481468638e-01   1.750055701486e+02   3.554731707060e+00
  7.821948841341e-01   -2.698496786874e-01   1.700434022627e+02   3.554731707060e+00
  8.712561424077e-01   -2.732667502507e-01   1.632760807556e+02   1.336638837542e+00
  7.829946895060e-01   -2.699615420705e-01   1.700337009061e+02   1.336638837542e+00
  8.212378574596e-01   -2.414818218292e-01   1.676741768705e+02   1.336638837542e+00
  4.779462192930e-01   -1.243362641205e-01   1.769259093051e+02   3.643122855241e+00
  2.479147330204e-01   -6.998662332737e-02   1.784253864515e+02   3.643122855241e+00
  4.536261398723e-01    1.047336981931e-02   1.785235510630e+02   3.643122855241e+00
  9.440919505383e-01   -2.027729315570e-01   1.554802405447e+02  -6.294567370557e+00
  7.519035776208e-01   -1.800915968088e-01   1.615345598168e+02  -6.294567370557e+00
  5.234001338996e-01   -7.328574436218e-02   1.555002279916e+02  -6.294567370557e+00
  1.081261617309e+00    1.154395735718e-02   8.451432899990e+00  -2.854292149701e+00
  8.042565416543e-01   -1.116432329772e-02   6.311376778469e-03  -2.854292149701e+00
  1.087105526472e+00    2.587725197127e-03   1.032044513133e-01  -2.854292149701e+00
  9.617027723153e-01   -1.085683197073e-01   1.469929903706e+02  -5.933006082382e+00
  5.619618076100e-01   -3.165679701258e-02   1.440499541101e+02  -5.933006082382e+00
  9.578018174585e-01   -1.011614650557e-02   1.374829192721e+02  -5.933006082382e+00
  9.595771023573e-01   -1.109223480373e-01   1.470397551756e+02  -4.564366327872e+00
  9.453187205725e-01   -2.020550938257e-01   1.554480651326e+02  -4.564366327872e+00
  5.227747071987e-01   -7.438683541754e-02   1.555173846314e+02  -4.564366327872e+00
  8.747764894028e-01   -2.741301552086e-01   1.632867088908e+02   9.070142596117e+00
  7.673902741614e-01   -2.092630052818e-01   1.570701501736e+02   9.070142596117e+00
  6.641789548922e-01   -2.484407149951e-01   1.654522817140e+02   9.070142596117e+00
  7.701585265863e-01   -2.091875477232e-01   1.570125628162e+02   6.519327439066e+00
  8.723264932695e-01   -2.739074013632e-01   1.633473995388e+02   6.519327439066e+00
  9.426445596528e-01   -2.036194610555e-01   1.554768112221e+02   6.519327439066e+00
  8.435251279220e-01   -1.219929711812e-01   1.475604055734e+02   8.902655832302e+00
  7.700403957832e-01   -2.084298592852e-01   1.569322336491e+02   8.902655832302e+00
  9.432837285828e-01   -2.045175652419e-01   1.555582671583e+02   8.902655832302e+00
  4.077859099093e-01   -1.269100556875e-01   1.584235063314e+02   1.944204205128e+01
  6.632113984584e-01   -2.485458953188e-01   1.655813104174e+02   1.944204205128e+01
  7.684728272147e-01   -2.089236596454e-01   1.569773238364e+02   1.944204205128e+01
  9.410816070407e-01   -2.044798762314e-01   1.556206100788e+02   5.925930509271e+00
  9.637914712587e-01   -1.092801176889e-01   1.469536298943e+02   5.925930509271e+00
  8.458642799111e-01   -1.215752558597e-01   1.475017286363e+02   5.925930509271e+00
  9.628880366748e-01   -1.100250118870e-01   1.469977516326e+02  -8.182750986763e+00
  5.184937778939e-01   -7.501048679211e-02   1.555979533003e+02  -8.182750986763e+00
  5.599325627609e-01   -3.043824071546e-02   1.440549872640e+02  -8.182750986763e+00
  8.762842868226e-01   -1.147483745596e-02   1.375033028495e+02   8.042040967896e+00
  8.451247314469e-01   -1.203198258562e-01   1.474086444678e+02   8.042040967896e+00
  9.650049461123e-01   -1.105119641631e-01   1.470437490608e+02   8.042040967896e+00
  1.634495016604e-03   -9.312309060311e-04   1.372822050531e+02   3.488259307610e+01
  4.870960104284e-01   -4.037374464159e-03   1.373955591644e+02   3.488259307610e+01
  1.508166253583e-03    2.122632393944e-03   1.265625351847e+02   3.488259307610e+01
  8.470705349549e-01   -1.209488538182e-01   1.475340629931e+02   2.193723489960e+01
  4.852206329508e-01   -5.648742116256e-03   1.374114068398e+02   2.193723489960e+01
  4.566613482009e-01   -7.773985394141e-02   1.481204843638e+02   2.193723489960e+01
  4.877017860497e-01   -5.557173947565e-03   1.374048682902e+02   2.204474287542e+01
  8.449545133781e-01   -1.206449713487e-01   1.475462984482e+02   2.204474287542e+01
  8.743175735357e-01   -1.012257437419e-02   1.373699499739e+02   2.204474287542e+01
  4.567584822680e-01   -7.692002440833e-02   1.481983146320e+02   3.757321512835e+01
  4.844413895084e-01   -7.219115262826e-03   1.372754184782e+02   3.757321512835e+01
  3.535304786318e-03   -2.152591111031e-03   1.482128383412e+02   3.757321512835e+01
  8.448125939790e-01   -1.213145044141e-01   1.474512391796e+02   2.148543629526e+01
  4.584780709317e-01   -7.770214694545e-02   1.482135781778e+02   2.148543629526e+01
  7.687827479260e-01   -2.084690312935e-01   1.570722895965e+02   2.148543629526e+01
  8.436337622238e-01    1.001821508285e-01   1.272579283968e+02   2.195850205811e+01
  4.875226765475e-01   -5.923574895676e-03   1.372703787879e+02   2.195850205811e+01
  8.743710459907e-01   -9.321722831041e-03   1.374049611196e+02   2.195850205811e+01
  8.792358759761e-01   -1.096295421926e-02   1.374638783090e+02   5.406344257094e+00
  9.623840443664e-01   -1.107800150737e-01   1.470957129294e+02   5.406344257094e+00
  9.574705697067e-01   -8.395184019097e-03   1.374280900502e+02   5.406344257094e+00
  5.596241692248e-01   -3.256959831327e-02   1.440696358956e+02  -8.533293171054e+00
  5.661088978288e-01    2.746236331415e-02   1.308933324863e+02  -8.533293171054e+00
  9.602281562944e-01   -9.040383498923e-03   1.374655820663e+02  -8.533293171054e+00
  4.058449013946e-01   -1.265330010929e-01   1.583416055684e+02   2.079447025174e+01
  7.708391758848e-01   -2.089670820065e-01   1.570529507244e+02   2.079447025174e+01
  4.560564755797e-01   -7.747960710031e-02   1.482344673209e+02   2.079447025174e+01
  8.600690855814e-05   -2.993923544850e-04   1.743358550424e+02   2.036715554245e+01
  2.929318462676e-01   -1.301703521226e-01   1.743437939504e+02   2.036715554245e+01
  2.120625551800e-03   -1.223990745414e-03   1.676596443774e+02   2.036715554245e+01
  2.902225614703e-01   -1.286801951926e-01   1.742584311119e+02   1.430133982523e+01
  5.564330006949e-01   -2.210797820065e-01   1.724728183822e+02   1.430133982523e+01
  3.487914926267e-01   -1.476009445194e-01   1.673798218205e+02   1.430133982523e+01
  4.827540921249e-01   -6.539849024138e-02   1.047819768924e+02   1.205079776436e+01
  1.895512264725e-04    7.747495124117e-04   9.869360602398e+01   1.205079776436e+01
  1.430692586472e-03   -2.489016045248e-04   1.048199828138e+02   1.205079776436e+01
  1.885791732497e-03   -2.736680798575e-03   1.791270032781e+02   6.530273507364e+00
  2.348758649644e-01    5.066758734062e-03   1.799559544604e+02   6.530273507364e+00
  2.467272612063e-01   -6.830030016966e-02   1.784056881278e+02   6.530273507364e+00
  1.255555397563e-03   -1.093890092234e-03   1.744008411199e+02   1.651392988212e+01
 -5.772346263435e-04    7.720182692787e-04   1.790791844227e+02   1.651392988212e+01
  2.906082477830e-01   -1.285832561445e-01   1.742782626313e+02   1.651392988212e+01
  5.338658606494e-01    1.038004341589e-01   1.618954728635e+02   1.246339840033e+01
  2.331077994055e-03   -4.331870876058e-04   1.652646326451e+02   1.246339840033e+01
  4.260454862586e-01    7.417552472924e-02   1.659642901905e+02   1.246339840033e+01
  2.913528644578e-01   -1.293874137961e-01   1.743529274781e+02   2.508269526196e+01
  3.483669677697e-01   -1.470287167364e-01   1.673044806644e+02   2.508269526196e+01
  3.676657999260e-03   -2.086593414676e-03   1.676295990885e+02   2.508269526196e+01
  7.081207337242e-04    1.339101804697e-04   1.790676373298e+02   1.296994500880e+01
  2.475491058524e-01   -6.985435741068e-02   1.784196078160e+02   1.296994500880e+01
  2.889403919864e-01   -1.279472333838e-01   1.742891148464e+02   1.296994500880e+01
  2.559951966969e-03    3.040913565885e-04   1.483507481502e+02   3.267341072024e+01
  4.734378260118e-04   -2.023273553715e-03   1.585921860192e+02   3.267341072024e+01
  4.572698440227e-01   -7.920492918916e-02   1.481141471827e+02   3.267341072024e+01
  1.034881921709e-03   -1.886740718883e-03   1.481976168307e+02   3.494805880019e+01
  4.870666222116e-01   -7.219884069186e-03   1.372755079319e+02   3.494805880019e+01
  1.751757982334e-03    7.963728779279e-04   1.374023247258e+02   3.494805880019e+01
  7.176365762094e-01    4.339935327906e-02   1.431036706421e+02   1.459799630098e+01
  5.492373398843e-03    7.694719626748e-04   1.541964946324e+02   1.459799630098e+01
  6.351938047243e-01    9.613168174629e-02   1.539666771770e+02   1.459799630098e+01
  5.109605833244e-04   -1.049347265828e-03   1.675042158771e+02   2.666704285221e+01
  3.515929581356e-01   -1.476524695892e-01   1.673904764822e+02   2.666704285221e+01
  2.994779200262e-03   -4.127929254719e-04   1.588206671870e+02   2.666704285221e+01
  3.111790324477e-03   -2.967603437593e-03   1.586029006025e+02   3.412019036705e+01
  4.058731091474e-01   -1.256233508242e-01   1.584138289479e+02   3.412019036705e+01
  4.548244483483e-01   -7.870912169554e-02   1.481170897805e+02   3.412019036705e+01
  5.596799589068e-01   -3.087780792743e-02   1.440663455260e+02  -1.726815257029e+01
  5.477024509908e-03    7.293705759814e-04   1.354697934345e+02  -1.726815257029e+01
  5.654974271677e-01    2.614426002942e-02   1.308949349558e+02  -1.726815257029e+01
  4.034876351540e-01   -7.786020040559e-02   1.633871068352e+02  -1.342444039120e+01
 -3.124074454516e-04    2.149790841363e-04   1.663642404477e+02  -1.342444039120e+01
  1.552752549666e-03   -6.141517018503e-05   1.620200409676e+02  -1.342444039120e+01
  5.482260809595e-03   -1.402637928101e-03   1.587932527077e+02   3.101693423089e+01
  3.496217099500e-01   -1.468700298988e-01   1.674024193285e+02   3.101693423089e+01
  4.045170847792e-01   -1.264167586162e-01   1.583509341022e+02   3.101693423089e+01
  3.486098066699e-01   -1.472371967074e-01   1.672992831662e+02   1.823506421866e+01
  6.649681428186e-01   -2.490151744656e-01   1.655629436853e+02   1.823506421866e+01
  4.056178978264e-01   -1.264868794954e-01   1.584436109717e+02   1.823506421866e+01
  5.190394314990e-01   -7.296980849582e-02   1.556176756551e+02  -1.726107697323e+01
  5.451343341452e-03    1.139691226145e-03   1.462339102630e+02  -1.726107697323e+01
  5.583645484518e-01   -3.163219701167e-02   1.440543013274e+02  -1.726107697323e+01
  8.791203829212e-01   -8.602818079397e-03   1.373123094912e+02   5.330378450645e+00
  9.575063447394e-01   -9.610192220239e-03   1.374972329234e+02   5.330378450645e+00
  9.672634491143e-01    9.035098099476e-02   1.278231229605e+02   5.330378450645e+00
  3.504385045495e-01   -1.479620927387e-01   1.673616500785e+02   1.540334172125e+01
  5.549916593106e-01   -2.207916146737e-01   1.724896663361e+02   1.540334172125e+01
  6.625522687690e-01   -2.484220004600e-01   1.654988219926e+02   1.540334172125e+01
 -1.711975924319e-04   -3.471926592705e-04   1.553532029438e+02  -1.734012313895e+01
  3.232130350388e-03    8.078677242587e-04   1.462546784605e+02  -1.734012313895e+01
  5.208637734901e-01   -7.239936639907e-02   1.556050221747e+02  -1.734012313895e+01
  2.361316946117e-01    4.905699093859e-03   1.799482078898e+02   1.964298600974e+00
  6.938291666693e-04   -2.255424297095e-03   1.791487939940e+02   1.964298600974e+00
  3.074827232064e-04    9.411783363270e-04   1.801510682222e+02   1.964298600974e+00
  9.090039584744e-01    2.153876883111e-01   1.724294756425e+02   1.648736933384e+00
  9.004279747601e-01    9.748541546673e-02   1.766911723773e+02   1.648736933384e+00
  7.366849843473e-01    2.000614103682e-01   1.745605999469e+02   1.648736933384e+00
  9.020378001579e-01    9.467471728011e-02   1.767061865155e+02   1.857742652022e+00
  1.067213793905e+00    2.940671071528e-03   1.778029411593e+02   1.857742652022e+00
  1.067786717030e+00   -3.898585228038e-03   1.786480010939e+02   1.857742652022e+00
  1.065560907752e+00   -8.970310134061e-04   1.777859261717e+02   6.507990119331e+00
  9.024823131923e-01    2.128582213812e-01   1.724999879897e+02   6.507990119331e+00
  9.614586800724e-01    1.744898995034e-03   1.737391474605e+02   6.507990119331e+00
  9.034792426340e-01    2.126015965043e-01   1.724872275002e+02   2.152522477495e+00
  1.064671350088e+00   -6.007903064522e-05   1.777927862052e+02   2.152522477495e+00
  9.034398199868e-01    9.947321629487e-02   1.766767347109e+02   2.152522477495e+00
  9.591565695997e-01    9.526097178808e-04   1.737520147407e+02   8.865532074217e+00
  9.073484870968e-01    2.143759674956e-01   1.724694765215e+02   8.865532074217e+00
  7.497341575513e-01    8.985905415295e-04   1.696191502784e+02   8.865532074217e+00
  6.263434301833e-03   -3.314891470586e-04   5.264260480659e+00  -7.864215639063e+00
 -1.499075882261e-04    1.807889597123e-04   3.302904163286e-02  -7.864215639063e+00
  8.063523152367e-01   -1.127465964867e-02  -2.091602615847e-02  -7.864215639063e+00
  9.027432614892e-01    9.800186977676e-02   1.766276809173e+02  -6.731217936813e-01
  6.872364084203e-01    1.561507554344e-02   1.768575747091e+02  -6.731217936813e-01
  7.331018090938e-01    1.987353574955e-01   1.746165955708e+02  -6.731217936813e-01
  9.020342605333e-01    9.823628117952e-02   1.766925435524e+02  -1.993043450029e-01
  8.881924388532e-01   -7.638887036401e-02   1.768068801108e+02  -1.993043450029e-01
  6.886599685767e-01    1.435074823174e-02   1.768080152599e+02  -1.993043450029e-01
  4.886014279653e-01    1.477961392367e-01   1.767234705663e+02  -1.998936465205e+00
  7.337574790346e-01    1.996145132628e-01   1.746166736835e+02  -1.998936465205e+00
  6.857435905207e-01    1.464525786366e-02   1.769120596237e+02  -1.998936465205e+00
  5.735569928577e-01    2.419899036808e-01   1.719555988927e+02  -1.121266117683e+01
  4.876875029788e-01    1.486145669169e-01   1.767802693831e+02  -1.121266117683e+01
  2.970608518247e-01    1.374246721805e-01   1.737777941642e+02  -1.121266117683e+01
  7.326462762549e-01    2.002285840057e-01   1.746766308532e+02  -4.455862196034e+00
  5.744933823799e-01    2.423258281312e-01   1.719692760711e+02  -4.455862196034e+00
  8.182194790460e-01    3.024277222597e-01   1.694188617283e+02  -4.455862196034e+00
  5.724795000768e-01    2.422500260238e-01   1.720077972120e+02  -6.569717003515e+00
  7.341289422008e-01    2.000409986461e-01   1.746405712428e+02  -6.569717003515e+00
  4.884645024200e-01    1.480499578787e-01   1.767026005845e+02  -6.569717003515e+00
  9.273219783776e-01    3.051301944341e-01   1.624059711246e+02  -6.741616108295e+00
  8.162122125539e-01    3.026958230875e-01   1.695185679444e+02  -6.741616108295e+00
  6.922118793430e-01    2.701714654025e-01   1.649279441795e+02  -6.741616108295e+00
  7.365973066288e-01    2.011842208111e-01   1.745753788500e+02  -1.018408731156e+00
  8.154757377450e-01    3.015492468192e-01   1.694567583751e+02  -1.018408731156e+00
  9.090326045918e-01    2.147528402575e-01   1.724020921745e+02  -1.018408731156e+00
  4.876619522616e-01    1.475207201896e-01   1.767323613511e+02  -4.604980628008e+00
  4.536960876981e-01    1.207313114724e-02   1.785212086902e+02  -4.604980628008e+00
  2.525246037230e-01    8.364989664713e-02   1.783532877986e+02  -4.604980628008e+00
  4.870221038717e-01    1.477044826477e-01   1.767596743430e+02  -2.599081951777e+00
  6.872866155797e-01    1.449393067133e-02   1.768745555209e+02  -2.599081951777e+00
  4.541772741563e-01    1.148747883266e-02   1.784663738949e+02  -2.599081951777e+00
  6.872190728014e-01    1.422952486816e-02   1.768746156171e+02   1.940021580841e+00
  4.771965004277e-01   -1.245063533389e-01   1.769561502917e+02   1.940021580841e+00
  4.542098006689e-01    1.105310640077e-02   1.784663843404e+02   1.940021580841e+00
  9.052070717597e-01    2.140198580632e-01   1.724531176854e+02   7.176616518312e-01
  8.189134166453e-01    3.019255097390e-01   1.694212029448e+02   7.176616518312e-01
  8.796347115213e-01    2.774160228630e-01   1.667115495042e+02   7.176616518312e-01
  7.464686728578e-01    2.252836160548e-03   1.695919302426e+02   1.039506962940e+01
  7.640238993099e-01    1.716343910037e-01   1.677908905668e+02   1.039506962940e+01
  4.274382225683e-01   -1.624034980758e-03   1.672928635356e+02   1.039506962940e+01
  7.480775675635e-01    1.785834192305e-03   1.696460676738e+02   6.492568767555e+00
  9.094870463779e-01    2.141057389339e-01   1.724249692985e+02   6.492568767555e+00
  7.630978465215e-01    1.736017231597e-01   1.677557167747e+02   6.492568767555e+00
  4.264807650653e-01    1.388427757948e-03   1.672832713034e+02   1.081759483186e+01
  4.248529616380e-01    7.337666008113e-02   1.659730433673e+02   1.081759483186e+01
 -3.626280047429e-04   -1.934382212861e-03   1.673700284878e+02   1.081759483186e+01
  4.269136582004e-01    7.605448426789e-02   1.659342897862e+02   8.744959449069e+00
  4.254646237017e-01   -7.797755290094e-04   1.673459111185e+02   8.744959449069e+00
  7.665079386249e-01    1.707489330856e-01   1.677509082745e+02   8.744959449069e+00
  5.394252189836e-01    1.036101825747e-01   1.618759375873e+02   1.346452436844e+01
  4.831837662137e-03   -4.344430863742e-05   1.543150282328e+02   1.346452436844e+01
 -1.212068553971e-03   -1.514875643843e-04   1.653487857638e+02   1.346452436844e+01
  3.157850827063e-03   -3.013654810171e-04   8.477885258561e+01   8.650403999887e+00
  2.837271027418e-04    2.580703076703e-04   9.099321098656e+01   8.650403999887e+00
  6.060967484198e-01   -8.936122143708e-03   9.131001155448e+01   8.650403999887e+00
  7.661043850439e-01    1.720590630642e-01   1.677378958332e+02   8.594686974450e+00
  7.519251829082e-01    1.905652442951e-01   1.645398844542e+02   8.594686974450e+00
  4.278920573091e-01    7.479929868989e-02   1.659207918358e+02   8.594686974450e+00
  5.212733058562e-01    1.951967359418e-02   9.195554204157e+01  -8.685314756478e+00
 -1.155631382776e-04   -3.686258007144e-04   9.136861168481e+01  -8.685314756478e+00
  2.872203537428e-03    2.500389157256e-04   8.539172490229e+01  -8.685314756478e+00
  8.772265354281e-01    2.771703362138e-01   1.667632806870e+02   1.898243336009e+00
  9.277527528556e-01    3.041851349975e-01   1.624128221702e+02   1.898243336009e+00
  8.457795714181e-01    2.124005594773e-01   1.602322812891e+02   1.898243336009e+00
  9.241941663342e-01    3.046262587536e-01   1.624608419177e+02  -2.085101855534e+00
  8.799493246921e-01    2.770997346470e-01   1.667100397540e+02  -2.085101855534e+00
  8.190093100744e-01    3.025880279985e-01   1.694123367623e+02  -2.085101855534e+00
  7.528254360452e-01    1.909364731823e-01   1.645290189617e+02   8.078605845672e+00
  8.430882279578e-01    2.115797006995e-01   1.602898443895e+02   8.078605845672e+00
  5.345603923951e-01    1.041386553961e-01   1.618565427779e+02   8.078605845672e+00
  8.430732604118e-01    2.124194884906e-01   1.602803270385e+02   3.723321220952e+00
  7.529876210831e-01    1.907710134350e-01   1.645285193788e+02   3.723321220952e+00
  8.793320874689e-01    2.770127800766e-01   1.667124997268e+02   3.723321220952e+00
  5.332197754220e-01    1.043882637417e-01   1.618936066242e+02   7.555907173871e+00
  8.445895291970e-01    2.114188528991e-01   1.602796444748e+02   7.555907173871e+00
  6.357257758906e-01    9.715082427698e-02   1.539702568990e+02   7.555907173871e+00
  7.537244031925e-01    1.906239998436e-01   1.645064115079e+02   8.060656428842e+00
  5.334282710852e-01    1.044335635963e-01   1.618904073653e+02   8.060656428842e+00
  4.258470226220e-01    7.439433388394e-02   1.659725922537e+02   8.060656428842e+00
  9.285660104626e-01    3.043698436442e-01   1.623842993594e+02  -2.830448135451e-01
  1.008607948855e+00    2.305585360534e-01   1.546546648406e+02  -2.830448135451e-01
  8.449187279007e-01    2.122745659685e-01   1.602581435661e+02  -2.830448135451e-01
  8.796386849418e-01    2.766122320877e-01   1.667178877583e+02   5.062261971736e+00
  7.526920565167e-01    1.908964636935e-01   1.645274748233e+02   5.062261971736e+00
  7.645558246147e-01    1.725794314959e-01   1.677759074641e+02   5.062261971736e+00
  9.066972014905e-01    2.143810785640e-01   1.724160446640e+02   5.343669516312e+00
  8.780469565692e-01    2.766805971809e-01   1.667389523254e+02   5.343669516312e+00
  7.657326159529e-01    1.729519352727e-01   1.677447917102e+02   5.343669516312e+00
  5.368092603428e-01    1.041102802949e-01   1.619129498551e+02   1.552380032884e+01
  6.325194541342e-01    9.680186754211e-02   1.539568021301e+02   1.552380032884e+01
  8.734323176076e-03   -5.243438763321e-04   1.542390710775e+02   1.552380032884e+01
  8.185385579663e-01    3.027689484956e-01   1.694669748456e+02  -9.002428323801e+00
  5.746568116591e-01    2.423500210456e-01   1.719207421595e+02  -9.002428323801e+00
  6.895341880491e-01    2.701077165747e-01   1.649770288136e+02  -9.002428323801e+00
  1.689309824987e-02    4.465415737424e-04   1.410468113949e+01  -7.578180067231e+00
  1.095255422962e+00    1.362157640337e-02   8.457059096658e+00  -7.578180067231e+00
  9.437974745138e-01    2.409617760208e-02   1.606203308426e+01  -7.578180067231e+00
  2.349998046266e-01    8.024109443993e-03   1.799621621655e+02  -7.872260562858e+00
  1.548797249578e-03    2.283182602983e-03   1.788290631443e+02  -7.872260562858e+00
  2.516387999960e-01    8.221529244164e-02   1.783364462448e+02  -7.872260562858e+00
  2.361775846509e-01    8.152622845227e-03   1.799532747366e+02  -2.874127910359e+00
  3.227722042980e-04   -7.681595324075e-04   1.801478296881e+02  -2.874127910359e+00
  5.688052937567e-04    2.001932887990e-03   1.788551660088e+02  -2.874127910359e+00
  2.521488258175e-01    8.411288202378e-02   1.783995347124e+02  -1.755735391156e+01
  3.198249526893e-03    3.162831291735e-03   1.745043756421e+02  -1.755735391156e+01
  2.950609016616e-01    1.357664861188e-01   1.737367059937e+02  -1.755735391156e+01
  3.582788970278e-01    1.584756966937e-01   1.668075039322e+02  -2.326619907738e+01
  2.964745976628e-01    1.366755916228e-01   1.737735508572e+02  -2.326619907738e+01
  8.081613711222e-04    1.511666034555e-03   1.743863641902e+02  -2.326619907738e+01
  3.618879998316e-01    1.593791534369e-01   1.668548245115e+02  -1.658847276681e+01
  6.906788226090e-01    2.699087377897e-01   1.649077791156e+02  -1.658847276681e+01
  5.737215750099e-01    2.425612274785e-01   1.720208581370e+02  -1.658847276681e+01
  3.598343258056e-01    1.589554856966e-01   1.668796752370e+02  -1.542575711593e+01
  5.753787522404e-01    2.429156649579e-01   1.720020590301e+02  -1.542575711593e+01
  2.958909191771e-01    1.365619868223e-01   1.737258758309e+02  -1.542575711593e+01
  1.722517673315e-03    2.192460132281e-03   1.745310946393e+02  -1.271106959952e+01
  2.534284249258e-01    8.470122330284e-02   1.783852520913e+02  -1.271106959952e+01
  1.122246145655e-04   -2.773246812483e-04   1.787629492676e+02  -1.271106959952e+01
  4.890370466049e-01    1.488467819484e-01   1.767636201867e+02  -9.721389236487e+00
  2.515802261577e-01    8.273753795133e-02   1.783279238539e+02  -9.721389236487e+00
  2.954793142633e-01    1.369880320896e-01   1.737970908156e+02  -9.721389236487e+00
 -8.346780632050e-04    4.409025490123e-04   1.743891537049e+02  -2.487173272759e+01
  2.244345176364e-03    1.026754219559e-03   1.671871766572e+02  -2.487173272759e+01
  3.600829607861e-01    1.592111926083e-01   1.667967711255e+02  -2.487173272759e+01
  5.671559754965e-01    2.708481361460e-02   1.308964855545e+02  -1.604907621660e+01
  2.872995914196e-03    1.109470787511e-03   1.163530106230e+02  -1.604907621660e+01
  5.194434850506e-01    6.018490583546e-02   1.192317518550e+02  -1.604907621660e+01
  1.093096358358e+00   -2.045181697287e-02   6.170460114678e+01   5.869762719342e+00
  3.285997863831e-02    1.342764421268e-03   6.821091970183e+01   5.869762719342e+00
  1.236662574086e+00   -1.419498247934e-02   6.919859415069e+01   5.869762719342e+00
  4.262966147212e-01   -2.090557987491e-03   1.694597143471e+02  -1.159089475780e+01
  1.931079969489e-03   -1.201708094276e-03   1.681276113845e+02  -1.159089475780e+01
  3.238912160919e-01   -5.678559032976e-02   1.677416377461e+02  -1.159089475780e+01
  4.325383020275e-01    1.389816379031e-01   1.580136585011e+02  -3.273565238696e+01
  7.746874413202e-04    1.156972846565e-03   1.579049187473e+02  -3.273565238696e+01
  2.555508773579e-03   -7.621727711522e-04   1.477905342674e+02  -3.273565238696e+01
  4.300358949729e-01    1.406914885648e-01   1.579025488609e+02  -3.078900850559e+01
 -4.776378706375e-04    1.270893449906e-03   1.670904551971e+02  -3.078900850559e+01
  2.073083553172e-03    2.361789318732e-04   1.580145367845e+02  -3.078900850559e+01
  4.341276803782e-01    6.256887966618e-02   1.100693278696e+02  -1.274853407185e+01
  7.423322491182e-04   -6.073688607496e-04   1.045435553455e+02  -1.274853407185e+01
  3.633517973941e-01    4.896165721106e-02   1.041683491284e+02  -1.274853407185e+01
  3.610626719833e-01    1.584864230652e-01   1.668475869376e+02  -3.103477149569e+01
  1.549620245293e-03    2.199626427980e-03   1.670929341169e+02  -3.103477149569e+01
  4.276081293594e-01    1.399590699314e-01   1.579066556700e+02  -3.103477149569e+01
  7.942675886593e-01    6.294847966508e-02   9.852967925281e+01  -5.457587164154e+00
  5.543533856852e-01    4.064043032801e-02   9.837739591168e+01  -5.457587164154e+00
  5.478604337565e-01    2.085484457039e-02   9.501661546726e+01  -5.457587164154e+00
  4.767800865508e-01    8.045231670699e-02   1.477268154525e+02  -3.492768754788e+01
  1.685371660073e-03    1.381919252986e-03   1.476173069211e+02  -3.492768754788e+01
  2.588987137663e-03   -1.709324397648e-03   1.368712429266e+02  -3.492768754788e+01
  6.911025676650e-01    2.699495946776e-01   1.649900241452e+02  -2.040613773951e+01
  4.308805134841e-01    1.396800516976e-01   1.579854105762e+02  -2.040613773951e+01
  8.051702640391e-01    2.276267369002e-01   1.563784479843e+02  -2.040613773951e+01
  4.288310323853e-01    1.393856712597e-01   1.580058740204e+02  -1.949089195770e+01
  6.928158798853e-01    2.703756921299e-01   1.649722777353e+02  -1.949089195770e+01
  3.605071414271e-01    1.587868033145e-01   1.667832653791e+02  -1.949089195770e+01
  1.043708914892e+00    1.287477863386e-01   1.461532052480e+02   3.377511749837e+00
  6.422500748682e-01    9.798584132011e-02   1.538999310129e+02   3.377511749837e+00
  1.014808624709e+00    2.291977751475e-01   1.545566584526e+02   3.377511749837e+00
  6.426151827258e-01    9.687709628217e-02   1.538877776599e+02   5.232371174543e+00
  8.409269911450e-01    2.121091479799e-01   1.603497216223e+02   5.232371174543e+00
  1.013747156780e+00    2.299379869781e-01   1.545864524616e+02   5.232371174543e+00
  1.012214671785e+00    2.306728794815e-01   1.545797169640e+02  -7.675116829571e+00
  9.253211424566e-01    3.052781236592e-01   1.625316980377e+02  -7.675116829571e+00
  8.068278142235e-01    2.278932426844e-01   1.564111832550e+02  -7.675116829571e+00
  8.066572330718e-01    2.271120093062e-01   1.563323717759e+02  -1.009227706261e+01
  8.839949017870e-01    1.342260243108e-01   1.469700788718e+02  -1.009227706261e+01
  1.012957342102e+00    2.316003013596e-01   1.546605257193e+02  -1.009227706261e+01
  8.075636227632e-01    2.277397019138e-01   1.564559055839e+02  -2.181108922390e+01
  4.291002940558e-01    1.392683218393e-01   1.579067308545e+02  -2.181108922390e+01
  4.744055409927e-01    8.174451344666e-02   1.477318137811e+02  -2.181108922390e+01
  6.922024876227e-01    2.699119980056e-01   1.648645440259e+02  -1.010440007654e+01
  8.040776979241e-01    2.279583322934e-01   1.564682092685e+02  -1.010440007654e+01
  9.277769491021e-01    3.055147409609e-01   1.624720193143e+02  -1.010440007654e+01
  4.739385093695e-01    8.200221118164e-02   1.476195830901e+02  -2.304886991534e+01
  4.931970289917e-01    7.308318683040e-03   1.368561658302e+02  -2.304886991534e+01
  8.878115544847e-01    1.331043959199e-01   1.469468608095e+02  -2.304886991534e+01
  4.737873748030e-01    8.218896043552e-02   1.476318089869e+02  -3.742177155205e+01
  4.300972248230e-01    1.381915993401e-01   1.580200729794e+02  -3.742177155205e+01
  4.976675509242e-03   -1.092074818468e-04   1.477654227154e+02  -3.742177155205e+01
  1.048984996983e+00    1.282085540338e-01   1.461709976546e+02  -9.435466224824e+00
  8.854085184727e-01    1.325705502557e-01   1.468157686847e+02  -9.435466224824e+00
  9.162199576112e-01    1.608750524919e-02   1.369578569283e+02  -9.435466224824e+00
  8.862820914989e-01    1.338259488894e-01   1.469113283688e+02  -7.358686955621e+00
  1.047619928033e+00    1.270208463603e-01   1.460751012487e+02  -7.358686955621e+00
  1.010792823724e+00    2.315702522220e-01   1.547219392565e+02  -7.358686955621e+00
  7.186154441815e-01    4.314779750188e-02   1.430907433471e+02   3.873111844585e+00
  1.045471365455e+00    1.261785688713e-01   1.461042273814e+02   3.873111844585e+00
  1.048137652832e+00    1.558031147551e-02   1.369417812441e+02   3.873111844585e+00
  1.046789225774e+00    1.278524075482e-01   1.461113063680e+02   6.387935707678e+00
  7.169864426171e-01    4.160683877210e-02   1.430845512445e+02   6.387935707678e+00
  6.377403037893e-01    9.852802889533e-02   1.539669845771e+02   6.387935707678e+00
  9.141209578390e-01    1.481741472629e-02   1.368170050576e+02  -2.377997000311e+01
  8.855201878903e-01    1.327432910488e-01   1.469595891562e+02  -2.377997000311e+01
  4.960327299885e-01    7.285033587020e-03   1.368480530614e+02  -2.377997000311e+01
  4.764741828658e-01    8.204372362044e-02   1.477127759567e+02  -2.288140323174e+01
  8.850635421798e-01    1.334888911016e-01   1.468608121824e+02  -2.288140323174e+01
  8.056984302173e-01    2.272204158374e-01   1.564742527306e+02  -2.288140323174e+01
  5.724030021374e-03   -1.630863066387e-03   1.368511065530e+02  -3.914844679579e+01
  4.917906090647e-01    8.382833310002e-03   1.367449035512e+02  -3.914844679579e+01
  4.742108158749e-01    8.019362498053e-02   1.477311348781e+02  -3.914844679579e+01
  7.174254970428e-01    4.249964463071e-02   1.431095272208e+02   1.611888914574e+01
  7.209503130159e-01   -2.991652867821e-02   1.307765771531e+02   1.611888914574e+01
  7.358092038791e-03   -5.965091835441e-04   1.352839694134e+02   1.611888914574e+01
  5.826639849975e-03    1.667219766073e-03   1.366433237427e+02  -3.891022454166e+01
  4.700566320667e-01   -6.373345964448e-02   1.259298666618e+02  -3.891022454166e+01
  4.917213585261e-01    6.674439786876e-03   1.368078430140e+02  -3.891022454166e+01
  2.513251807730e-01    8.342723438273e-02   1.783713001177e+02  -2.924592424783e+00
  4.550039135731e-01    1.210830859711e-02   1.785070742668e+02  -2.924592424783e+00
  2.348564106425e-01    6.344710471886e-03   1.799061444550e+02  -2.924592424783e+00
  4.549882810047e-01    1.046005879257e-02   1.785091962032e+02   2.116511375048e+00
  2.465759718985e-01   -6.973348636796e-02   1.784442849779e+02   2.116511375048e+00
  2.348187546382e-01    6.795247131162e-03   1.799044635957e+02   2.116511375048e+00
  2.974622078983e-03   -9.720108293929e-04   1.353309561877e+02   1.794721317696e+01
  1.545505254621e-03    1.018978706188e-03   1.542198895505e+02   1.794721317696e+01
  7.214460333714e-01    4.307216578198e-02   1.430931131324e+02   1.794721317696e+01
  4.396367018596e-01    6.265758855015e-02   1.100809733225e+02  -1.466730789238e+01
  3.659912907809e-03   -4.019849169808e-05   1.163871065383e+02  -1.466730789238e+01
 -6.881223540651e-04   -1.357430975376e-05   1.094956801069e+02  -1.466730789238e+01
  1.047436089973e+00    1.641230829361e-03   9.136249165779e+01  -2.243191642186e+00
  8.899048175203e-01    1.709506920922e-02   9.108301745968e+01  -2.243191642186e+00
  1.115699161324e+00    1.055287462953e-02   8.259365357863e+01  -2.243191642186e+00
  9.699471727351e-01    8.996688691769e-02   1.278738961101e+02   8.142796382439e+00
  8.440040839088e-01    9.979584231798e-02   1.273946597071e+02   8.142796382439e+00
  8.761212715496e-01   -7.976061596631e-03   1.372736457919e+02   8.142796382439e+00
  9.679616688833e-01    8.960442622423e-02   1.279274290814e+02  -8.324358568725e+00
  5.675038870592e-01    2.516334386236e-02   1.309183666081e+02  -8.324358568725e+00
  5.213092501227e-01    6.201109132469e-02   1.192293988266e+02  -8.324358568725e+00
  4.515287852659e-01    6.406545786749e-02   1.265535746932e+02   3.699109226888e+01
  4.547815852504e-03    2.583741870491e-03   1.265491566378e+02   3.699109226888e+01
  4.842831491350e-01   -4.082440748442e-03   1.373951035832e+02   3.699109226888e+01
  4.849383737974e-01   -5.745463329886e-03   1.372626622783e+02   2.202289705740e+01
  8.458076789409e-01    1.004240447335e-01   1.272711222664e+02   2.202289705740e+01
  4.520076936211e-01    6.513634063884e-02   1.266310540077e+02   2.202289705740e+01
  4.541361091777e-01    6.519959874074e-02   1.265394141326e+02   2.140010511331e+01
  8.434624295216e-01    1.007646573900e-01   1.273525190653e+02   2.140010511331e+01
  7.651471684384e-01    1.860815429746e-01   1.178359385502e+02   2.140010511331e+01
  6.287225930066e-03   -4.893386533768e-05   1.263480698925e+02   3.504389283022e+01
  4.504942550062e-01    6.537107344165e-02   1.266187191400e+02   3.504389283022e+01
  4.078705471665e-01    1.169450132842e-01   1.164276767494e+02   3.504389283022e+01
  9.688802763773e-01    8.874754723136e-02   1.279623535143e+02   5.824789803507e+00
  9.495504701169e-01    1.775658818666e-01   1.191574995448e+02   5.824789803507e+00
  8.445961017015e-01    1.010480904106e-01   1.273043451509e+02   5.824789803507e+00
  1.341154838909e-03    2.092277098709e-04   1.619983022802e+02  -1.418960815431e+01
  5.148430772068e-01   -7.348147698164e-02   1.556057097378e+02  -1.418960815431e+01
  4.037724164886e-01   -7.827259473769e-02   1.633893675491e+02  -1.418960815431e+01
  5.322613825312e-01    2.004709662326e-01   1.031670726788e+02   8.358806008963e+00
  6.491148491246e-01    2.243691215453e-01   1.096533176021e+02   8.358806008963e+00
  7.611969482391e-01    2.388197353178e-01   1.052071233761e+02   8.358806008963e+00
  9.517398491542e-01    1.774666707307e-01   1.192197520115e+02   9.083929793508e+00
  7.662890777750e-01    1.858196689938e-01   1.179764166759e+02   9.083929793508e+00
  8.422129257875e-01    1.015692319851e-01   1.272464740788e+02   9.083929793508e+00
  4.084166336772e-01    1.181349128331e-01   1.164647151019e+02   1.896093262124e+01
  7.646817546848e-01    1.864242495064e-01   1.179292614461e+02   1.896093262124e+01
  6.506466144803e-01    2.242024633940e-01   1.096435617161e+02   1.896093262124e+01
  4.066477271622e-01    1.178393405658e-01   1.165380957831e+02   2.044094751074e+01
  4.518142282631e-01    6.501285368702e-02   1.265187285902e+02   2.044094751074e+01
  7.670595628060e-01    1.865021031257e-01   1.178555833453e+02   2.044094751074e+01
  8.753462982029e-01    2.406775895507e-01   1.116008564669e+02   9.337777460941e+00
  6.517227463908e-01    2.241300582491e-01   1.097638886939e+02   9.337777460941e+00
  7.635809962573e-01    1.867467843341e-01   1.178448328665e+02   9.337777460941e+00
  3.271016008137e-03   -6.496817170747e-04   1.263243577427e+02   3.073275793683e+01
  4.104822150379e-01    1.176587375280e-01   1.164343274609e+02   3.073275793683e+01
  4.075707458149e-04    1.011966234798e-03   1.165383477139e+02   3.073275793683e+01
  9.512757740246e-01    1.765285087686e-01   1.192948119905e+02   6.580680161929e+00
  8.730342581918e-01    2.405265958187e-01   1.115400188745e+02   6.580680161929e+00
  7.662453769190e-01    1.865833296859e-01   1.179031177051e+02   6.580680161929e+00
  9.644659592007e-01    9.052315362033e-02   1.278946247798e+02  -4.799170750800e+00
  5.262680850162e-01    6.143638998545e-02   1.192852967510e+02  -4.799170750800e+00
  9.544760901044e-01    1.750652217019e-01   1.193132591622e+02  -4.799170750800e+00
  1.270392942521e-03   -2.281753821588e-04   1.462221125690e+02  -1.866614361619e+01
  2.402661047794e-03    6.606570170933e-04   1.354876378058e+02  -1.866614361619e+01
  5.622510038796e-01   -3.056448726043e-02   1.440585880834e+02  -1.866614361619e+01
  3.377172490642e-01    1.333887611227e-01   1.080957229443e+02   1.803995439875e+01
  4.065164126651e-01    1.178870270277e-01   1.164422231684e+02   1.803995439875e+01
  6.522346700322e-01    2.245842876912e-01   1.096626258884e+02   1.803995439875e+01
  4.078798399239e-01    1.192354469556e-01   1.165389871523e+02   2.860018589399e+01
 -2.391667815853e-04    1.420513057533e-03   1.077424522052e+02   2.860018589399e+01
  1.832078680742e-03    1.161564692092e-04   1.164347895119e+02   2.860018589399e+01
  1.947610143048e-03    2.514705065449e-03   1.077402627324e+02   2.841724772671e+01
  4.054471816468e-01    1.184913969689e-01   1.165338971367e+02   2.841724772671e+01
  3.379577822083e-01    1.328692362978e-01   1.080376613189e+02   2.841724772671e+01
  3.257841159980e-01   -5.710803927574e-02   1.677184705330e+02  -1.084637705326e+01
 -6.076227817983e-05   -4.396943096782e-05   1.681757127066e+02  -1.084637705326e+01
  1.050596973126e-03   -1.031052854511e-04   1.663536924631e+02  -1.084637705326e+01
  2.786738591992e-01    1.198198997677e-01   1.013405837006e+02   1.921583227148e+01
 -1.901275145175e-04    1.827281213649e-04   1.013393023777e+02   1.921583227148e+01
  2.710731427799e-03    1.395415404365e-03   1.075666347022e+02   1.921583227148e+01
  2.761359568159e-01    1.183670985236e-01   1.013998931032e+02   1.546038278567e+01
 -6.907970117014e-04   -6.307532547622e-04   9.686360458283e+01   1.546038278567e+01
  1.194943153408e-03    9.533562611132e-04   1.012801145341e+02   1.546038278567e+01
  3.627377164927e-01    4.806622953958e-02   1.041619117664e+02  -1.207625972441e+01
  8.659633670455e-04    2.028456027479e-04   1.045227067060e+02  -1.207625972441e+01
 -2.617481713309e-04   -5.156692678822e-04   9.862779519772e+01  -1.207625972441e+01
  2.769593758917e-01    1.189856957793e-01   1.013324899382e+02   2.394403034268e+01
  4.720195100050e-03    2.472356443092e-03   1.075914879627e+02   2.394403034268e+01
  3.363922397134e-01    1.328669159972e-01   1.080867270691e+02   2.394403034268e+01
  6.395630056681e-01   -5.363291325208e-02   9.866757061711e+01   9.529009294461e+00
  6.315447751257e-01   -2.488900059170e-02   9.468812879408e+01   9.529009294461e+00
  5.687789274466e-03   -2.809865162314e-04   9.868525962707e+01   9.529009294461e+00
  2.298898920521e-01    6.576592330478e-02   9.752835087406e+01   8.629894556802e+00
  2.752775951789e-01    1.187703588593e-01   1.013533872445e+02   8.629894556802e+00
  4.451196801486e-01    1.172557110784e-01   9.889819432260e+01   8.629894556802e+00
  5.330147188185e-01    2.011290251060e-01   1.030834261959e+02   1.392009568047e+01
  2.756024694139e-01    1.183022897957e-01   1.014206312060e+02   1.392009568047e+01
  3.374590305249e-01    1.335924527194e-01   1.080114721285e+02   1.392009568047e+01
  6.324906070332e-04    2.045777391744e-03   9.679072903308e+01   2.184792747221e+00
  2.168071949306e-01    9.782369127353e-04   9.607489629452e+01   2.184792747221e+00
  3.876824390750e-04   -8.518973545285e-04   9.563031939889e+01   2.184792747221e+00
  1.721348561786e-03    2.520755451013e-03   9.681112830314e+01   6.390663133074e+00
  2.293727298845e-01    6.489860974712e-02   9.751549969659e+01   6.390663133074e+00
  2.157145015684e-01    7.621690029674e-04   9.606290699945e+01   6.390663133074e+00
  4.164720116627e-01   -1.521700319607e-03   9.739666755831e+01   2.237467360764e+00
  2.157893130641e-01   -8.021648401013e-04   9.611140152004e+01   2.237467360764e+00
  2.292005738623e-01    6.617850180638e-02   9.747921418556e+01   2.237467360764e+00
  6.447159724289e-04    1.196037027712e-03   9.560527061225e+01  -3.191144462293e+00
  2.163399592132e-01   -1.171807562460e-03   9.610402755382e+01  -3.191144462293e+00
  2.327994457219e-01   -6.820615864593e-02   9.713073582944e+01  -3.191144462293e+00
  4.438651457640e-01    1.171384034306e-01   9.888123518678e+01   9.955654083607e+00
  2.767100475654e-01    1.190075360017e-01   1.013766475540e+02   9.955654083607e+00
  5.311756708257e-01    2.002267277794e-01   1.031297247306e+02   9.955654083607e+00
  2.301932580424e-01    6.628918459416e-02   9.750059163986e+01   1.252825032763e+01
  4.955595988648e-04   -1.069343022270e-05   9.687271038326e+01   1.252825032763e+01
  2.745466792366e-01    1.177437787501e-01   1.013907243086e+02   1.252825032763e+01
  3.392942100279e-01    1.340210139735e-01   1.080306015763e+02   1.541672104180e+01
  6.500759052672e-01    2.241236478310e-01   1.097218407127e+02   1.541672104180e+01
  5.315323633104e-01    2.008031578866e-01   1.030661583693e+02   1.541672104180e+01
  7.253289135099e-01   -3.148396396184e-02   1.307916697715e+02   1.804539223055e+01
  1.677515296019e-03   -1.119745350210e-03   1.166587664024e+02   1.804539223055e+01
  2.657407571220e-03    7.232846991999e-04   1.352303191586e+02   1.804539223055e+01
  9.531105134549e-01    1.757299713814e-01   1.192921567725e+02  -6.670102503739e+00
  5.270450818266e-01    6.045139934573e-02   1.192824407980e+02  -6.670102503739e+00
  7.755339156464e-01    1.524524344687e-01   1.126849240450e+02  -6.670102503739e+00
  6.414506981776e-01   -5.478747747792e-02   9.868032735052e+01   9.827491336233e+00
  3.321479328183e-03    1.377719917949e-03   9.872132387293e+01   9.827491336233e+00
  4.810205978355e-01   -6.611236447607e-02   1.047857991111e+02   9.827491336233e+00
  4.349805461501e-01    6.311050361636e-02   1.100787103189e+02  -8.691880489869e+00
  3.632688238590e-01    4.875821835449e-02   1.041669857586e+02  -8.691880489869e+00
  7.026152768055e-01    1.331275523782e-01   1.076751082700e+02  -8.691880489869e+00
  4.372587324207e-01    6.290245008617e-02   1.100709299379e+02  -1.630089726696e+01
  5.169629824669e-01    6.072704458878e-02   1.192063092677e+02  -1.630089726696e+01
  6.487220747243e-03   -1.564895807009e-04   1.164022422404e+02  -1.630089726696e+01
  7.781782973451e-01    1.525019568017e-01   1.127484761744e+02  -3.751998645737e+00
  7.011832477734e-01    1.333120060336e-01   1.076626782458e+02  -3.751998645737e+00
  8.283568691427e-01    2.057962903999e-01   1.068013619144e+02  -3.751998645737e+00
  7.014009315039e-01    1.334445595234e-01   1.076525806361e+02  -9.152142978061e+00
  7.778472665829e-01    1.517621950009e-01   1.127531401446e+02  -9.152142978061e+00
  4.366037110649e-01    6.287889787968e-02   1.101139116415e+02  -9.152142978061e+00
  7.236190790788e-01    1.280681283659e-01   1.038927258280e+02  -4.538500568499e+00
  8.282279318238e-01    2.051139380098e-01   1.068178547654e+02  -4.538500568499e+00
  7.011644105529e-01    1.335891078525e-01   1.076519519570e+02  -4.538500568499e+00
  7.810529306857e-01    1.524814555074e-01   1.127942525855e+02  -2.421413862804e+00
  8.259733576094e-01    2.059924829446e-01   1.067530123985e+02  -2.421413862804e+00
  8.754951638733e-01    2.392888659899e-01   1.116627427814e+02  -2.421413862804e+00
  7.003063684615e-01    1.330710133040e-01   1.076583666449e+02  -8.364261531951e+00
  3.660219741677e-01    4.895901123115e-02   1.041976799367e+02  -8.364261531951e+00
  7.251392086461e-01    1.279684763271e-01   1.039040378299e+02  -8.364261531951e+00
  4.349326947840e-01    6.302680348085e-02   1.100897002898e+02  -8.823996671077e+00
  7.795517307441e-01    1.517194322789e-01   1.127547782093e+02  -8.823996671077e+00
  5.199252479843e-01    6.084462223903e-02   1.191994181030e+02  -8.823996671077e+00
  5.583102503702e-01    4.165667518194e-02   9.839731206563e+01  -9.872522429885e+00
  3.622302505053e-01    4.867335094797e-02   1.041603651446e+02  -9.872522429885e+00
  9.997799103160e-04   -1.048163140221e-03   9.864895454233e+01  -9.872522429885e+00
  5.197325255198e-01    1.942624890866e-02   9.194940136786e+01  -8.653680631074e+00
  5.456035941395e-01    2.048165548648e-02   9.498810353010e+01  -8.653680631074e+00
  1.449806171063e-03   -5.147899986994e-04   9.137485207419e+01  -8.653680631074e+00
  8.894026497625e-01    1.750508754894e-02   9.112726518001e+01  -5.301550213893e+00
  5.471810336612e-01    2.116473206804e-02   9.501896932148e+01  -5.301550213893e+00
  5.197151565354e-01    1.979445966900e-02   9.195108643027e+01  -5.301550213893e+00
  5.559113027654e-01    3.989426386779e-02   9.841960988370e+01  -6.207802319173e+00
  7.934715089520e-01    6.431980326291e-02   9.848137518041e+01  -6.207802319173e+00
  7.223958331831e-01    1.278205180769e-01   1.038594805526e+02  -6.207802319173e+00
  1.027442791769e+00   -5.319884929196e-03   2.920139954306e+01  -6.641812632526e+00
  2.543632234211e-02   -8.059594785432e-04   2.169661210519e+01  -6.641812632526e+00
  1.237150733720e+00    7.023002972774e-03   2.223323344279e+01  -6.641812632526e+00
  8.326426617725e-01    1.596182281430e-01   1.022048919042e+02  -4.002460927722e+00
  8.263554123477e-01    2.049714963963e-01   1.067999434345e+02  -4.002460927722e+00
  7.252808742658e-01    1.285363416764e-01   1.039163329612e+02  -4.002460927722e+00
  9.458880250976e-01   -7.171758449609e-03   9.153580814694e+01   5.162262807466e+00
  6.334309355624e-01   -2.502060801217e-02   9.474530456269e+01   5.162262807466e+00
  8.576600018219e-01   -7.286423340375e-02   9.837224867189e+01   5.162262807466e+00
  5.547590099864e-01    4.069837205051e-02   9.837089394379e+01  -8.205271429584e+00
  7.248340963062e-01    1.271656420830e-01   1.038948115984e+02  -8.205271429584e+00
  3.657520004346e-01    4.975215836603e-02   1.041742146147e+02  -8.205271429584e+00
  3.415873808136e-04   -3.168961091195e-04   9.137725575719e+01  -9.092543998436e+00
  5.467466355717e-01    2.038016642420e-02   9.498154407687e+01  -9.092543998436e+00
  1.385576373666e-03   -1.191013200944e-04   9.441032786510e+01  -9.092543998436e+00
  9.276290235975e-03    7.972696848068e-04   8.539412764604e+01  -6.998853335161e+00
  1.129044296841e+00    1.162913816271e-02   8.270605240851e+01  -6.998853335161e+00
  5.186563747530e-01    1.995439037975e-02   9.199673741702e+01  -6.998853335161e+00
  6.637530311600e-01    1.522252510750e-01   1.009231807621e+02   4.222915394577e+00
  5.321073603732e-01    2.003610198476e-01   1.031201554759e+02   4.222915394577e+00
  7.608313511065e-01    2.384970857382e-01   1.052531103420e+02   4.222915394577e+00
  8.721553897947e-01    2.398117013219e-01   1.116046188065e+02   2.112578503896e+00
  8.282379238179e-01    2.058605025018e-01   1.068191629392e+02   2.112578503896e+00
  7.618141071444e-01    2.386095811223e-01   1.052627357167e+02   2.112578503896e+00
  4.155948271639e-01   -2.076373371627e-03   9.743640354191e+01   2.047784618614e+00
  4.432480673751e-01    1.163601869428e-01   9.889721601599e+01   2.047784618614e+00
  6.230271687744e-01   -4.864506294652e-03   9.919080169184e+01   2.047784618614e+00
  4.445980958494e-01    1.167830289891e-01   9.895004700701e+01   5.971348030282e+00
  5.302076062627e-01    2.003280465991e-01   1.030820560395e+02   5.971348030282e+00
  6.651705263978e-01    1.520803605017e-01   1.009561199279e+02   5.971348030282e+00
  6.214320433604e-01   -4.678515881568e-03   9.916048538691e+01   1.516211152300e+00
  4.448134138128e-01    1.164145685088e-01   9.892670696863e+01   1.516211152300e+00
  6.646534823898e-01    1.518409390370e-01   1.009813757194e+02   1.516211152300e+00
  4.439225955154e-01    1.162405588401e-01   9.892593505762e+01   3.717232453766e+00
  4.151151902304e-01   -1.574057671325e-03   9.738437389877e+01   3.717232453766e+00
  2.305139177231e-01    6.644287172220e-02   9.749602847297e+01   3.717232453766e+00
  7.584328551994e-01    2.375273285305e-01   1.052039242381e+02   1.508668139667e+00
  8.340461685671e-01    1.597635906713e-01   1.022583066243e+02   1.508668139667e+00
  6.672622598963e-01    1.530522787543e-01   1.010374226526e+02   1.508668139667e+00
  7.591126060924e-01    2.387859718105e-01   1.051534498124e+02   6.185428356747e+00
  6.516051682675e-01    2.243739445622e-01   1.097046810953e+02   6.185428356747e+00
  8.750666606129e-01    2.402835459640e-01   1.116614956783e+02   6.185428356747e+00
  8.310724303833e-01    1.576493562447e-01   1.022041799193e+02  -3.901179030947e+00
  7.957683073166e-01    6.388337638584e-02   9.851393192697e+01  -3.901179030947e+00
  9.109475596273e-01    4.896088638435e-02   9.796090270207e+01  -3.901179030947e+00
  7.615172705852e-01    2.378324614222e-01   1.052568640846e+02  -1.335806281933e-01
  8.280196139707e-01    2.061049731238e-01   1.068133105150e+02  -1.335806281933e-01
  8.307823055049e-01    1.590455596973e-01   1.021779136280e+02  -1.335806281933e-01
  8.205380971607e-01   -8.436849339313e-02   1.002082934477e+02  -3.823487455995e-01
  6.243697643741e-01   -4.984193500790e-03   9.924587178524e+01  -3.823487455995e-01
  8.052704569674e-01    6.895890074023e-02   1.002347838137e+02  -3.823487455995e-01
  6.227734213414e-01   -3.711796817543e-03   9.921650091176e+01   7.048556761220e-01
  6.640105487718e-01    1.508582307590e-01   1.009736161541e+02   7.048556761220e-01
  8.064509562428e-01    6.847095948157e-02   1.002648480445e+02   7.048556761220e-01
  9.126537308993e-01    4.914791876665e-02   9.798928534279e+01  -4.464366529849e-01
  8.083681733836e-01    6.976148460092e-02   1.002826721473e+02  -4.464366529849e-01
  8.293520230189e-01    1.584763680510e-01   1.021825842424e+02  -4.464366529849e-01
  9.143249185506e-01    5.075702422328e-02   9.797923078434e+01  -1.530371917466e+00
  9.551769449624e-01   -9.985729724229e-03   9.778535176776e+01  -1.530371917466e+00
  8.074769337090e-01    6.747329596960e-02   1.002894221769e+02  -1.530371917466e+00
  1.031714971706e+00    8.507983868606e-03   9.489437814732e+01  -1.103903214747e+00
  9.557795644804e-01   -8.507458433517e-03   9.778903445934e+01  -1.103903214747e+00
  9.127516553007e-01    4.916739199338e-02   9.795015886167e+01  -1.103903214747e+00
  8.044187458670e-01    6.812951222400e-02   1.002017430609e+02  -8.980408614893e-01
  6.673497638450e-01    1.516980025608e-01   1.010366127162e+02  -8.980408614893e-01
  8.337771886166e-01    1.606861109799e-01   1.022487051883e+02  -8.980408614893e-01
  7.233263166420e-01    1.292319423431e-01   1.038613431362e+02  -3.468621980077e+00
  7.931452617719e-01    6.357610442790e-02   9.846878802722e+01  -3.468621980077e+00
  8.344149016022e-01    1.587073996320e-01   1.022366183680e+02  -3.468621980077e+00
  4.155320883528e-01   -2.508169342045e-03   9.743371212289e+01  -2.607931567366e+00
  6.230986491892e-01   -4.999182850590e-03   9.919419869939e+01  -2.607931567366e+00
  4.515395500572e-01   -1.226163199640e-01   9.874031439041e+01  -2.607931567366e+00
  1.134639819609e+00    2.805534783564e-03   3.483062422592e+01   5.812742050720e+00
  3.319423698252e-02    1.359558474590e-03   3.543704524396e+01   5.812742050720e+00
  1.139930612233e+00    3.294870060901e-03   4.401266559753e+01   5.812742050720e+00
  7.797610610479e-01    1.524018388905e-01   1.127785486990e+02  -3.444047748521e-01
  8.766384004136e-01    2.394842650223e-01   1.116841068997e+02  -3.444047748521e-01
  9.476444386401e-01    1.764883939157e-01   1.192252760322e+02  -3.444047748521e-01
  8.191775483835e-01    8.128500238115e-03  -1.222857926547e-02   7.978745082091e+00
  1.109265226263e-03   -1.091771897789e-04   2.086233017866e-02   7.978745082091e+00
  4.231387559673e-03    1.920170597338e-04   5.878759738278e+00   7.978745082091e+00
  2.160264718530e-01   -4.086411965156e-04   9.611890090001e+01  -2.630036509674e+00
  4.164072377136e-01   -2.914614804981e-03   9.739932821763e+01  -2.630036509674e+00
  2.330086856231e-01   -6.978922865451e-02   9.712868101774e+01  -2.630036509674e+00
  3.558609522136e-01   -1.404547858672e-01   1.074788902773e+02  -2.662023261158e+01
  2.718671048073e-03   -2.374880999220e-04   1.158312512785e+02  -2.662023261158e+01
  2.115998875571e-04   -7.636354278837e-04   1.075601706007e+02  -2.662023261158e+01
  5.222087069247e-01    2.043175957664e-02   9.199009820416e+01  -5.240337138491e+00
  1.121217844869e+00    1.112437011666e-02   8.265902860295e+01  -5.240337138491e+00
  8.870475783172e-01    1.731347528423e-02   9.106635292283e+01  -5.240337138491e+00
  2.485640985841e-03    7.617359173623e-04   1.258198493602e+02  -3.141336192577e+01
  1.233433100837e-03   -1.329998785337e-03   1.159983841464e+02  -3.141336192577e+01
  4.222526931074e-01   -1.174551815050e-01   1.159734581286e+02  -3.141336192577e+01
 -3.991167260797e-04   -3.883008994147e-04   1.045302933722e+02  -1.450004013111e+01
  4.357206565864e-01    6.232283590876e-02   1.100766535464e+02  -1.450004013111e+01
  1.084738980935e-03    1.406798983092e-04   1.095000323744e+02  -1.450004013111e+01
  3.538814171237e-01   -1.396247461024e-01   1.074703083396e+02  -3.189184536999e+01
  4.188712516927e-01   -1.181093919525e-01   1.160669145984e+02  -3.189184536999e+01
  4.733998265312e-03   -1.041617054652e-03   1.158601116692e+02  -3.189184536999e+01
  4.780890994137e-03    2.288318567729e-04   1.258475472488e+02  -3.651632748320e+01
  4.201614060954e-01   -1.169203405491e-01   1.159636261315e+02  -3.651632748320e+01
  4.695927400744e-01   -6.566166256118e-02   1.260306370641e+02  -3.651632748320e+01
  1.748238523263e-03   -6.473164872695e-04   1.074748045568e+02  -2.352548281933e+01
 -8.378943213204e-04   -4.306075368502e-04   1.008053213718e+02  -2.352548281933e+01
  3.528488562519e-01   -1.405665186917e-01   1.075665140328e+02  -2.352548281933e+01
  1.113037648650e+00   -2.404042289077e-02   6.219480441871e+01  -1.217289054976e+00
  9.649144105418e-01   -2.392272173813e-02   6.277224189925e+01  -1.217289054976e+00
  8.690210673222e-01   -1.523731947905e-02   5.567392399244e+01  -1.217289054976e+00
  2.343972672465e-01   -7.057340759455e-02   9.711458558030e+01  -1.629861912673e+01
  2.809905866609e-01   -1.173839317610e-01   1.013038219131e+02  -1.629861912673e+01
  3.361574185801e-03   -2.883203376392e-03   1.007076713973e+02  -1.629861912673e+01
  7.483138539957e-04   -9.578119948416e-04   9.706679900738e+01  -7.052540968827e+00
 -2.941427053820e-04    1.414931849536e-03   9.558570144867e+01  -7.052540968827e+00
  2.341219447464e-01   -6.854418217157e-02   9.714290375153e+01  -7.052540968827e+00
  3.521295077462e-01   -1.400543600495e-01   1.074968654119e+02  -1.469836107726e+01
  2.819385583630e-01   -1.181575071382e-01   1.013148325803e+02  -1.469836107726e+01
  5.497775169554e-01   -2.079133871710e-01   1.029156458989e+02  -1.469836107726e+01
  3.508409371056e-01   -1.397907682330e-01   1.075600517572e+02  -2.195016250071e+01
  8.155760766845e-04   -1.408106078027e-03   1.008095691729e+02  -2.195016250071e+01
  2.824560733399e-01   -1.181867701765e-01   1.012727142727e+02  -2.195016250071e+01
  4.521888089013e-01   -1.235238045738e-01   9.871772206442e+01  -1.080617561992e+01
  5.479739589846e-01   -2.071069004249e-01   1.029584407879e+02  -1.080617561992e+01
  2.831128552481e-01   -1.188941638732e-01   1.012650583487e+02  -1.080617561992e+01
  4.197014618878e-01   -1.181603272412e-01   1.159804904642e+02  -1.878259006082e+01
  3.524283554563e-01   -1.398128881516e-01   1.075754539186e+02  -1.878259006082e+01
  6.783782259861e-01   -2.333763485116e-01   1.093465323859e+02  -1.878259006082e+01
  2.815904978614e-01   -1.185099584828e-01   1.012479700492e+02  -9.103666548322e+00
  2.335118741651e-01   -6.927243221743e-02   9.718151541340e+01  -9.103666548322e+00
  4.534848891360e-01   -1.237194138027e-01   9.873281891927e+01  -9.103666548322e+00
  1.873735888541e-03   -2.000338808801e-03   1.006856406164e+02  -1.136686371387e+01
 -1.393480973416e-04    4.001143192234e-04   9.709227198313e+01  -1.136686371387e+01
  2.357521971774e-01   -7.112829453034e-02   9.712125494514e+01  -1.136686371387e+01
  5.716753374175e-01   -8.402268655604e-02   1.108188585365e+02   1.553960464843e+01
  7.959819028728e-03    2.705979071508e-04   1.166886127821e+02   1.553960464843e+01
  6.584845207810e-01   -7.626727751669e-02   1.196143950262e+02   1.553960464843e+01
  6.761370982596e-01   -2.328836486426e-01   1.094052072387e+02  -1.605154218401e+01
  3.539115078445e-01   -1.403485246275e-01   1.075191032469e+02  -1.605154218401e+01
  5.482968342114e-01   -2.076473850131e-01   1.028979027291e+02  -1.605154218401e+01
  8.827894469100e-01   -1.023034854434e-01   1.267726844373e+02  -2.361898848167e+01
  9.141116330478e-01    1.390062038360e-02   1.368528967426e+02  -2.361898848167e+01
  4.959680897835e-01    7.888316562331e-03   1.367056238479e+02  -2.361898848167e+01
  8.824021661875e-01   -1.030208919691e-01   1.268705096844e+02  -2.254949325147e+01
  4.720813749256e-01   -6.537109117385e-02   1.259543810197e+02  -2.254949325147e+01
  7.984239067734e-01   -1.924718050728e-01   1.174677365482e+02  -2.254949325147e+01
  9.189259440239e-01    1.330279875473e-02   1.367549393731e+02  -6.900964638660e+00
  1.052605738734e+00   -9.633650633500e-02   1.275732357813e+02  -6.900964638660e+00
  1.047851885463e+00    1.494223266204e-02   1.369496096392e+02  -6.900964638660e+00
  7.233505356137e-01   -3.029480180802e-02   1.307991433059e+02   3.929767866024e+00
  1.048012975444e+00    1.310361078885e-02   1.368922790530e+02   3.929767866024e+00
  1.052031416803e+00   -9.411622068887e-02   1.276903351960e+02   3.929767866024e+00
  1.050371442925e+00    1.435207408892e-02   1.369174443249e+02   6.522743010950e+00
  7.209104341444e-01   -3.146169089063e-02   1.307711806738e+02   6.522743010950e+00
  7.165100122237e-01    4.434342284831e-02   1.431197937723e+02   6.522743010950e+00
  9.191121420095e-01    1.560920239474e-02   1.369167146080e+02  -7.012151132072e+00
  1.047772341944e+00    1.378009290647e-02   1.368747543403e+02  -7.012151132072e+00
  1.046441407973e+00    1.284198267852e-01   1.462233264098e+02  -7.012151132072e+00
  1.055255261853e+00   -9.595048144033e-02   1.276249866819e+02  -9.571228604313e+00
  9.159435124134e-01    1.264836582636e-02   1.367144741864e+02  -9.571228604313e+00
  8.829052944593e-01   -1.020378598984e-01   1.269173149425e+02  -9.571228604313e+00
  4.931332873520e-01    7.732691987200e-03   1.366961473632e+02  -2.299601488115e+01
  4.696966731664e-01   -6.545383843267e-02   1.260435134149e+02  -2.299601488115e+01
  8.850534339991e-01   -1.025524962317e-01   1.267866742314e+02  -2.299601488115e+01
  1.022000224969e+00   -1.902900300241e-01   1.191990300662e+02  -7.771843748355e+00
  7.995138552953e-01   -1.930673429063e-01   1.175323676265e+02  -7.771843748355e+00
  9.264266955630e-01   -2.572089139503e-01   1.114818149767e+02  -7.771843748355e+00
  8.002560305708e-01   -1.929160068765e-01   1.174870083767e+02  -2.154431417930e+01
  4.700217116414e-01   -6.515423069246e-02   1.259344077301e+02  -2.154431417930e+01
  4.195553661897e-01   -1.181098924936e-01   1.160738351285e+02  -2.154431417930e+01
  1.050001483006e+00   -9.663242198750e-02   1.276504536956e+02   3.281078205061e+00
  1.024988731996e+00   -1.888468757042e-01   1.192169324630e+02   3.281078205061e+00
  6.679146591879e-01   -7.739899234597e-02   1.196768181967e+02   3.281078205061e+00
  1.054142960464e+00   -9.478630734535e-02   1.277169163021e+02  -7.249126792144e+00
  8.835433941408e-01   -1.032527794605e-01   1.268258730268e+02  -7.249126792144e+00
  1.020365054455e+00   -1.913164939427e-01   1.190622347198e+02  -7.249126792144e+00
  6.777093294738e-01   -2.328172967067e-01   1.094515886520e+02  -1.033325289696e+01
  9.287345611538e-01   -2.573386203150e-01   1.115421802138e+02  -1.033325289696e+01
  7.968425972452e-01   -1.932339312894e-01   1.174743784425e+02  -1.033325289696e+01
  1.053245746311e+00   -9.566592833067e-02   1.276858342293e+02   6.531509769172e+00
  6.631932014868e-01   -7.802281458564e-02   1.196199431765e+02   6.531509769172e+00
  7.218868652943e-01   -2.901106266192e-02   1.308029408657e+02   6.531509769172e+00
  1.023810825262e+00   -1.895546040610e-01   1.191947031818e+02   5.202655200615e+00
  8.718505424833e-01   -1.741918406762e-01   1.129981979691e+02   5.202655200615e+00
  6.684032227395e-01   -7.633235434321e-02   1.196779528175e+02   5.202655200615e+00
  1.022531542230e+00   -1.912102908053e-01   1.191239484184e+02  -1.030316354365e+01
  8.812074621472e-01   -1.037798106549e-01   1.267674049149e+02  -1.030316354365e+01
  7.995017328416e-01   -1.923006933873e-01   1.176057235073e+02  -1.030316354365e+01
  4.215981472247e-01   -1.184804460874e-01   1.160000308370e+02  -2.011126752124e+01
  6.768140267714e-01   -2.329903692794e-01   1.093281913034e+02  -2.011126752124e+01
  7.978004175970e-01   -1.928504662438e-01   1.175599875778e+02  -2.011126752124e+01
  4.828972290955e-01   -6.641813194026e-02   1.047996059416e+02   1.274988396057e+01
  1.893111060400e-03    5.781562024465e-04   1.048244097089e+02   1.274988396057e+01
  5.705286059620e-01   -8.378761294381e-02   1.108305474578e+02   1.274988396057e+01
  7.964671688988e-01   -2.539373349371e-01   1.051567575048e+02  -9.160473939200e+00
  6.751761138587e-01   -2.330568341471e-01   1.093432168341e+02  -9.160473939200e+00
  5.490696275213e-01   -2.074520615254e-01   1.029902824470e+02  -9.160473939200e+00
  2.712555515529e-03    1.672479634721e-03   1.366220649305e+02  -3.448066331742e+01
  1.530075226754e-03   -1.277172361308e-03   1.259957718178e+02  -3.448066331742e+01
  4.725998182412e-01   -6.391224366984e-02   1.259350480428e+02  -3.448066331742e+01
  6.214867209010e-01   -5.162332560710e-03   9.916275622174e+01  -2.213749743674e+00
  6.817310221504e-01   -1.639195461457e-01   1.009095666678e+02  -2.213749743674e+00
  4.531140023110e-01   -1.226838516298e-01   9.877166865041e+01  -2.213749743674e+00
  2.342751839799e-01   -6.997514141541e-02   9.715211181472e+01  -4.226951589314e+00
  4.150773302565e-01   -2.914104745222e-03   9.738503187404e+01  -4.226951589314e+00
  4.521394147567e-01   -1.225725449823e-01   9.876473808664e+01  -4.226951589314e+00
  7.943777309950e-01   -2.539112638855e-01   1.051035551907e+02  -7.126662393090e+00
  9.283721882973e-01   -2.569385096761e-01   1.116014527916e+02  -7.126662393090e+00
  6.776493124179e-01   -2.330509801698e-01   1.093948622618e+02  -7.126662393090e+00
  5.489918941701e-01   -2.073697827217e-01   1.029445993675e+02  -5.054875500994e+00
  6.809080566249e-01   -1.643228300193e-01   1.008529184985e+02  -5.054875500994e+00
  7.960590991352e-01   -2.536111584347e-01   1.052004154825e+02  -5.054875500994e+00
  8.825097273943e-01   -1.788597586167e-01   1.023463059420e+02  -2.199388769439e+00
  7.937701704419e-01   -2.526865883312e-01   1.051543423341e+02  -2.199388769439e+00
  6.843039487611e-01   -1.651480295738e-01   1.009645688999e+02  -2.199388769439e+00
  7.970361099357e-01   -2.537491253348e-01   1.052094201978e+02  -2.990882762362e+00
  8.930494763307e-01   -2.277654881242e-01   1.069923419227e+02  -2.990882762362e+00
  9.255224639041e-01   -2.564777435251e-01   1.115471584619e+02  -2.990882762362e+00
  8.821575688789e-01   -1.796654883806e-01   1.023317878276e+02   1.265298958504e-01
  6.844749558368e-01   -1.638572127717e-01   1.009671638082e+02   1.265298958504e-01
  8.197522556230e-01   -8.359937400846e-02   1.001749200243e+02   1.265298958504e-01
  5.470871844442e-01   -2.072954117764e-01   1.029079543351e+02  -6.612645550926e+00
  4.528188424431e-01   -1.230532735173e-01   9.879254510513e+01  -6.612645550926e+00
  6.823326307323e-01   -1.641994017769e-01   1.008858139269e+02  -6.612645550926e+00
  6.387466969989e-01   -5.409864515266e-02   9.865664072505e+01   5.215803882812e+00
  8.600005703598e-01   -7.387840544253e-02   9.839775522598e+01   5.215803882812e+00
  6.312717887374e-01   -2.443300570263e-02   9.471443655493e+01   5.215803882812e+00
  1.138519419131e+00    1.014092648638e-02   8.271415539046e+01  -6.877248204960e+00
  6.242309427778e-03    1.586894229585e-03   8.529012874875e+01  -6.877248204960e+00
  1.133948093362e-02   -1.267363988433e-03   7.595081709344e+01  -6.877248204960e+00
  8.795873255953e-01   -1.766065809892e-01   1.022913536132e+02   3.468996940135e+00
  9.504092770654e-01   -5.910320568758e-02   9.815916109152e+01   3.468996940135e+00
  8.610738527060e-01   -7.456362948211e-02   9.842521344430e+01   3.468996940135e+00
  8.778167785686e-01   -1.772339848836e-01   1.022633196111e+02  -1.444066703440e-01
  8.235547030271e-01   -8.546847300407e-02   1.002522512623e+02  -1.444066703440e-01
  9.518571975257e-01   -5.965981847618e-02   9.818740847068e+01  -1.444066703440e-01
  9.532449765281e-01   -5.876420533598e-02   9.820188968889e+01  -6.521843785308e-02
  9.550653206011e-01   -9.000314901002e-03   9.778971722253e+01  -6.521843785308e-02
  1.032891998690e+00    9.106953080157e-03   9.489451091654e+01  -6.521843785308e-02
  8.927856364330e-01   -2.279804981729e-01   1.069853657914e+02  -6.816455772579e-01
  7.968287625340e-01   -2.530279869198e-01   1.052055592357e+02  -6.816455772579e-01
  8.792950955955e-01   -1.781317598045e-01   1.022693640106e+02  -6.816455772579e-01
  9.484510871758e-01   -8.196653782442e-03   9.156155152991e+01   1.498170716956e+00
  9.531006222937e-01   -5.823963018354e-02   9.821962355643e+01   1.498170716956e+00
  1.034186035216e+00    8.585277920757e-03   9.489046661563e+01   1.498170716956e+00
  9.534899474597e-01   -6.141948872764e-02   9.818824481525e+01   7.170360155973e-01
  8.228016622286e-01   -8.305713686784e-02   1.002538801520e+02   7.170360155973e-01
  9.551380271880e-01   -7.034172486073e-03   9.779355219750e+01   7.170360155973e-01
  6.811867781096e-01   -1.629269839341e-01   1.009041051562e+02  -1.319332628948e+00
  6.227085822795e-01   -6.174492678504e-03   9.921566241562e+01  -1.319332628948e+00
  8.217596250504e-01   -8.396473633851e-02   1.002394323388e+02  -1.319332628948e+00
  8.072154172617e-01   -1.523326499757e-01   1.042391814246e+02   2.882483998713e+00
  8.830788396642e-01   -1.776770151267e-01   1.023285370021e+02   2.882483998713e+00
  8.584136714867e-01   -7.455127415823e-02   9.838366377204e+01   2.882483998713e+00
  8.930789494114e-01   -2.270837060415e-01   1.069915331149e+02   3.638900934762e+00
  8.077276142428e-01   -1.510688836956e-01   1.042696156459e+02   3.638900934762e+00
  7.974385520358e-01   -1.571465541685e-01   1.080972886575e+02   3.638900934762e+00
  8.912187012353e-01   -2.269107168734e-01   1.069741667821e+02   3.289118454471e+00
  8.811106611856e-01   -1.786147867062e-01   1.022942606355e+02   3.289118454471e+00
  8.093412122049e-01   -1.515811294977e-01   1.042924295689e+02   3.289118454471e+00
  8.741250898237e-01   -1.735681242480e-01   1.130625029988e+02   7.998195498170e+00
  7.976610101691e-01   -1.570350186716e-01   1.080993006977e+02   7.998195498170e+00
  5.713083563894e-01   -8.412073219118e-02   1.108574337562e+02   7.998195498170e+00
  7.975448813373e-01   -1.569053072666e-01   1.081090463706e+02   2.792156340732e+00
  8.743352643912e-01   -1.742766976469e-01   1.130584414740e+02   2.792156340732e+00
  8.930682982700e-01   -2.277339625175e-01   1.069740486871e+02   2.792156340732e+00
  4.827841707915e-01   -6.638933743051e-02   1.048019521526e+02   7.814653194514e+00
  5.702415325541e-01   -8.437242773411e-02   1.108272978828e+02   7.814653194514e+00
  7.987496740166e-01   -1.567273379678e-01   1.081226932441e+02   7.814653194514e+00
  8.759040308793e-01   -1.735181140882e-01   1.130644557473e+02   7.530716368829e+00
  5.692862682331e-01   -8.426680225165e-02   1.108347317870e+02   7.530716368829e+00
  6.612477166524e-01   -7.660383496996e-02   1.196014119344e+02   7.530716368829e+00
  7.967141596546e-01   -1.566562048274e-01   1.081067576084e+02   7.719212824892e+00
  8.092376229030e-01   -1.509424744065e-01   1.042793195915e+02   7.719212824892e+00
  4.850950117645e-01   -6.660288900718e-02   1.048294144629e+02   7.719212824892e+00
  8.907263521524e-01   -2.279251448615e-01   1.069274639628e+02   1.333772516842e+00
  8.771645306221e-01   -1.742519189899e-01   1.131021874044e+02   1.333772516842e+00
  9.288821188146e-01   -2.559693418476e-01   1.116039031403e+02   1.333772516842e+00
  6.402875958643e-01   -5.317126447420e-02   9.868832185300e+01   5.949334973026e+00
  8.064500061677e-01   -1.508332222751e-01   1.042453320008e+02   5.949334973026e+00
  8.587248261107e-01   -7.544572450252e-02   9.838405162169e+01   5.949334973026e+00
  6.032411112883e-01   -8.933834530458e-03   9.134797250785e+01   8.809161654779e+00
  2.617200675389e-03    4.593307367897e-04   9.097252422343e+01   8.809161654779e+00
  6.315360833406e-01   -2.437912889518e-02   9.473637864644e+01   8.809161654779e+00
  6.029061883387e-01   -8.910530076394e-03   9.131291679105e+01   4.880899253353e+00
  9.465871005143e-01   -7.801192771362e-03   9.151495270156e+01   4.880899253353e+00
  8.304258219929e-01   -1.136511576202e-02   8.573074932796e+01   4.880899253353e+00
  2.544527409653e-03   -4.721314719097e-04   9.865081320992e+01   9.044361296768e+00
  6.341624088541e-01   -2.475578860758e-02   9.471624156669e+01   9.044361296768e+00
  5.612286201911e-04    4.661387679094e-04   9.095728790813e+01   9.044361296768e+00
  8.143081900989e-01    7.929867711549e-03   5.260337323016e-03   2.674568887218e+00
  9.643693285510e-01    9.433988414733e-03   6.404940034204e+00   2.674568887218e+00
  1.090812024090e+00    2.756136054756e-03   6.458846846531e-02   2.674568887218e+00
 -1.053663526507e-03   -1.265831127070e-03   1.674315268577e+02   1.065821606851e+01
  4.261269887100e-01    7.258883863886e-02   1.659536636415e+02   1.065821606851e+01
  1.699446865007e-03    7.110116799218e-04   1.653060095523e+02   1.065821606851e+01
  9.563125944097e-01   -1.244487213839e-02   7.623715554560e+01  -7.293348080495e+00
  1.130059783970e+00    9.251605796955e-03   8.269340798658e+01  -7.293348080495e+00
  1.678457761094e-02   -1.469320030171e-03   7.595172139774e+01  -7.293348080495e+00
  6.383636720242e-01   -5.386887391003e-02   9.864483916340e+01   7.618016496535e+00
  4.842149816480e-01   -6.733756779038e-02   1.048012191004e+02   7.618016496535e+00
  8.093806199069e-01   -1.501859891801e-01   1.042750009533e+02   7.618016496535e+00
  1.129658315197e+00    2.303577832367e-03   3.481692485743e+01   1.252865855499e-01
  1.037091098307e+00   -5.296167754592e-03   2.914868105120e+01   1.252865855499e-01
  9.947579687392e-01    5.225132782549e-03   2.799042538321e+01   1.252865855499e-01
 -7.002105530709e-04    2.450225962462e-04   1.047691511101e+02   1.431704026871e+01
  3.963121430574e-03   -6.599144490328e-05   1.166199029038e+02   1.431704026871e+01
  5.742833961137e-01   -8.356063532161e-02   1.108468984413e+02   1.431704026871e+01
  1.072627052134e+00   -5.103293566170e-03   7.737043416885e+01   7.620374697588e+00
  1.855719406588e-02   -1.455813939350e-03   8.483752500053e+01   7.620374697588e+00
  8.229011763608e-01   -1.166853421933e-02   8.567614684493e+01   7.620374697588e+00
  9.299174702740e-01   -2.561671094128e-01   1.116239588125e+02  -8.085083670709e-01
  8.760153008167e-01   -1.741574103969e-01   1.130878833814e+02  -8.085083670709e-01
  1.018459033888e+00   -1.902848954684e-01   1.191304355415e+02  -8.085083670709e-01
  9.560966209040e-01   -8.487899387143e-03   9.782914472637e+01  -3.289091933534e-01
  8.209788893064e-01   -8.162859865879e-02   1.002292338718e+02  -3.289091933534e-01
  8.055484238725e-01    6.622405103899e-02   1.002558253215e+02  -3.289091933534e-01
  4.695411276681e-03   -1.217081904428e-03   1.166822737579e+02   1.498763256787e+01
  7.224679962395e-01   -3.145788543620e-02   1.307783338540e+02   1.498763256787e+01
  6.607409236237e-01   -7.550279619596e-02   1.196222293670e+02   1.498763256787e+01
  1.117602572565e+00    1.007240062645e-02   8.254980807100e+01   1.980289814908e+00
  8.427025406352e-01   -1.141694786297e-02   8.570822626620e+01   1.980289814908e+00
  1.048317464940e+00    1.980605649184e-03   9.142712196033e+01   1.980289814908e+00
  9.668766349025e-01    8.812452446626e-02   1.279312121490e+02  -5.895999807729e+00
  9.575952426336e-01   -7.857680118484e-03   1.374447217885e+02  -5.895999807729e+00
  5.689044144946e-01    2.637274690558e-02   1.309196026865e+02  -5.895999807729e+00
  1.015884815209e-02    4.439558767101e-04   5.868341899955e+00   7.315168368548e+00
  9.671403800883e-01    9.377546963771e-03   6.362416895188e+00   7.315168368548e+00
  8.138312295168e-01    8.047998316900e-03  -2.745657280521e-02   7.315168368548e+00
  1.045609404742e+00    2.142491443389e-03   9.140037475385e+01   1.342082092792e+00
  9.487003998124e-01   -8.462780106992e-03   9.155126322347e+01   1.342082092792e+00
  1.033389928652e+00    8.429178873349e-03   9.488516351088e+01   1.342082092792e+00
  1.253441446733e+00    8.959921573597e-03   2.222662133595e+01   5.580882884511e+00
  1.033647504270e+00    1.604203817631e-02   1.328875387325e+01   5.580882884511e+00
  3.991823999373e-02   -7.690985279653e-04   2.050365037020e+01   5.580882884511e+00
  1.051423829108e+00    1.905701810517e-03   9.143704368407e+01   1.567160523100e+00
  8.379363761957e-01   -1.131750446160e-02   8.572527611318e+01   1.567160523100e+00
  9.427770384693e-01   -7.958053442430e-03   9.155224000478e+01   1.567160523100e+00
  8.305196997152e-01   -1.110317426806e-02   8.558692879890e+01   1.679232504254e+00
  1.125602634683e+00    8.987159682260e-03   8.253385639958e+01   1.679232504254e+00
  1.064595815068e+00   -5.219525180998e-03   7.732348315585e+01   1.679232504254e+00
  1.032255604733e+00    8.753267934655e-03   9.488468497969e+01  -3.077250025627e+00
  9.124512989745e-01    4.912151216330e-02   9.795121317597e+01  -3.077250025627e+00
  7.927602005543e-01    6.324077641207e-02   9.851459178531e+01  -3.077250025627e+00
  8.906157563011e-01    1.695934737425e-02   9.111622659373e+01  -2.269845122654e+00
  1.046921284358e+00    1.703665299394e-03   9.139970107986e+01  -2.269845122654e+00
  1.031474693449e+00    9.187979089419e-03   9.491212503031e+01  -2.269845122654e+00
  7.917188346851e-01    6.235783632962e-02   9.852922039643e+01  -4.867055405572e+00
  5.520289112134e-01    2.174711129561e-02   9.504422912154e+01  -4.867055405572e+00
  1.034587323345e+00    9.753004581742e-03   9.489151553786e+01  -4.867055405572e+00
  1.046273972868e-03   -6.785412596314e-04   9.437058815778e+01  -9.305791152467e+00
  5.588212365707e-01    4.020316793225e-02   9.839278677689e+01  -9.305791152467e+00
  1.293427041850e-03    2.297834225859e-04   9.863189603783e+01  -9.305791152467e+00
  5.560872748533e-01    4.008583993643e-02   9.838264553894e+01  -9.355440598706e+00
  3.003571684997e-03   -8.384173596590e-04   9.438912511060e+01  -9.355440598706e+00
  5.457478514549e-01    2.094480910203e-02   9.499901014574e+01  -9.355440598706e+00
  9.461121465581e-01   -7.079234401926e-03   9.154651125328e+01   2.534760504254e+00
  8.571689881630e-01   -7.315413163528e-02   9.836665084093e+01   2.534760504254e+00
  9.542468093544e-01   -5.917978893799e-02   9.822270221252e+01   2.534760504254e+00
  6.025629848562e-01   -8.820967531839e-03   9.133581594652e+01   5.171176498269e+00
  6.313996163957e-01   -2.476900485922e-02   9.476001791133e+01   5.171176498269e+00
  9.480066346629e-01   -7.808414999142e-03   9.153437273855e+01   5.171176498269e+00
  9.643241473159e-01    8.294202038893e-03   6.431475677725e+00   8.383663060590e-01
  1.038675622427e+00    1.694902873152e-02   1.367272715057e+01   8.383663060590e-01
  1.092084632800e+00    1.409849009738e-02   8.446326233330e+00   8.383663060590e-01
  1.551836311225e-02    7.651999358371e-04   6.813485036970e+01   7.228072893847e+00
  1.105815996405e+00   -1.937387885082e-02   6.186249690526e+01   7.228072893847e+00
  7.712429387595e-04    6.552882221051e-04   6.062269131092e+01   7.228072893847e+00
  2.996528040026e-02   -5.105946661485e-04   6.883155570983e+01  -5.841198858866e+00
  1.248922221786e+00   -1.348652300221e-02   6.927669734687e+01  -5.841198858866e+00
  9.578747996131e-01   -1.173166387003e-02   7.648104685643e+01  -5.841198858866e+00
  1.238832951554e+00   -1.372218986468e-02   6.930444026820e+01   5.766842227864e+00
  3.178755896562e-02    6.239328070133e-04   6.859680237016e+01   5.766842227864e+00
  1.069971662292e+00   -4.298584735938e-03   7.770912228354e+01   5.766842227864e+00
  9.862507193755e-01    8.226868181530e-04   3.967774366642e+01  -1.515763397070e+00
  1.148286802090e+00    3.849468937015e-03   4.371498684302e+01  -1.515763397070e+00
  9.840716811914e-01    1.153966866399e-02   4.792124071398e+01  -1.515763397070e+00
  9.955213002946e-01    5.553385316154e-03   2.800557413421e+01   7.235417327023e+00
 -3.315351317190e-04   -1.142729946361e-04   2.791280137151e+01   7.235417327023e+00
  1.203785333234e-02    5.119379617479e-04   3.509805425660e+01   7.235417327023e+00
  8.750467403713e-01   -1.529334784219e-02   5.556662711022e+01  -1.976454850784e+00
  1.144251122014e+00   -1.516932224938e-02   5.283442811810e+01  -1.976454850784e+00
  1.105727718345e+00   -2.379049648212e-02   6.222647844094e+01  -1.976454850784e+00
  1.138487257015e+00    3.127912412089e-03   4.328669724719e+01   5.611148829818e+00
  3.699478103194e-02   -1.806436086815e-03   5.265706712731e+01   5.611148829818e+00
  1.154604512933e+00   -1.443905023982e-02   5.279269294404e+01   5.611148829818e+00
  9.792553175329e-01    7.159053727069e-04   3.958455809116e+01  -1.604678082144e+00
  1.022868332028e+00   -4.826369837630e-03   2.911798761252e+01  -1.604678082144e+00
  1.139295916235e+00    1.545918111819e-03   3.478690471090e+01  -1.604678082144e+00
  1.157193589974e+00   -1.615970230123e-02   5.300070807349e+01   5.449630006790e+00
  3.386496078624e-02   -2.630864418183e-04   5.302381072616e+01   5.449630006790e+00
  1.095732110955e+00   -2.140244064667e-02   6.239649047496e+01   5.449630006790e+00
  1.102869982071e+00    1.252287358976e-02   8.443035213180e+00  -7.133991989766e+00
  1.101182366494e-02    8.201323980807e-04   1.408502149367e+01  -7.133991989766e+00
  7.130629970725e-03   -1.144737356973e-03   5.271055003895e+00  -7.133991989766e+00
  1.293541319428e-02   -9.603361848265e-04   1.296100015983e+01   7.001827443844e+00
  1.038350238282e+00    1.517269469452e-02   1.360002535599e+01   7.001827443844e+00
  9.658502795099e-01    8.902359233574e-03   6.384124503983e+00   7.001827443844e+00
  6.120268999775e-03   -4.977411709207e-04   1.296852661359e+01   7.392296252309e+00
  9.729980858219e-01    9.118109013698e-03   6.368483820049e+00   7.392296252309e+00
  5.002969095821e-03    5.029860939891e-04   5.915268981172e+00   7.392296252309e+00
  1.084504148122e+00    2.454284926323e-03   6.381628415785e-02   9.511788193417e-01
  9.706985559578e-01    9.597738288613e-03   6.374826860218e+00   9.511788193417e-01
  1.084941182982e+00    1.215793258545e-02   8.427975418461e+00   9.511788193417e-01
 -6.798163868800e-04    2.665438484690e-04   2.771859857512e+01   7.232183583688e+00
  9.939344820463e-01    5.298063086116e-03   2.834534677531e+01   7.232183583688e+00
  1.708970564515e-02    5.248083940160e-05   2.096462881186e+01   7.232183583688e+00
  1.047574276574e+00    1.800725115174e-02   1.366936831601e+01  -7.103433417347e-01
  1.231353591623e+00    8.570466303129e-03   2.235714343404e+01  -7.103433417347e-01
  9.551775996230e-01    2.491553414783e-02   1.626846111547e+01  -7.103433417347e-01
  1.045805165434e+00    1.481095335212e-02   1.345470007782e+01   7.077689426420e+00
  4.019725772317e-03   -8.342242378703e-04   1.308576608257e+01   7.077689426420e+00
  1.741007412781e-02   -5.211740404229e-04   2.047505504243e+01   7.077689426420e+00
  1.051062792873e+00    1.814465366471e-02   1.365358839957e+01  -6.812364624609e-01
  9.532746232057e-01    2.502596482667e-02   1.606911599463e+01  -6.812364624609e-01
  1.083601738609e+00    1.422431399850e-02   8.347445181113e+00  -6.812364624609e-01
  3.394238195239e-03    4.717794499827e-04   1.405997532418e+01  -7.884276402828e+00
  9.534030043775e-01    2.297396038829e-02   1.597292530089e+01  -7.884276402828e+00
  7.761716969332e-03   -8.371798585845e-04   2.138676873368e+01  -7.884276402828e+00
  2.348896237493e-02   -1.537918227937e-03   2.143567129982e+01  -6.578113714545e+00
  9.451258832953e-01    2.324826197668e-02   1.591877566618e+01  -6.578113714545e+00
  1.239177529196e+00    7.683399833689e-03   2.225016198190e+01  -6.578113714545e+00
  1.083481626716e+00   -4.910660447202e-03   7.743340151996e+01   7.473580341685e+00
  2.278153053939e-03    7.248574208246e-04   7.668938827676e+01   7.473580341685e+00
  1.022098995784e-02   -8.849619706981e-04   8.479126527605e+01   7.473580341685e+00
  9.663692579560e-01   -1.128429102530e-02   7.630294509537e+01  -7.970910861987e-01
  1.075885887210e+00   -4.821171195733e-03   7.738798592253e+01  -7.970910861987e-01
  1.116245758725e+00    8.626702072465e-03   8.269945833388e+01  -7.970910861987e-01
  3.884220039530e-03    1.830715855078e-04   6.023182922809e+01  -7.593597026284e+00
  9.756662792208e-01   -2.282407234008e-02   6.246773167156e+01  -7.593597026284e+00
  1.058831144781e-02    1.669127216703e-04   6.858453828220e+01  -7.593597026284e+00
  1.073679516918e+00   -4.378263925990e-03   7.738089931887e+01  -1.106746089635e+00
  9.695808469030e-01   -1.123739319548e-02   7.614121096606e+01  -1.106746089635e+00
  1.230105841078e+00   -1.341583125869e-02   6.922409149071e+01  -1.106746089635e+00
  9.664409933541e-01   -1.269474775926e-02   7.635328898916e+01  -7.339438870353e+00
  3.294028449954e-03   -8.601357658019e-04   7.594618800771e+01  -7.339438870353e+00
  1.212006084170e-02   -2.961705407872e-04   6.889265286360e+01  -7.339438870353e+00
  1.037655582513e-02   -3.457496807347e-04   2.171607956637e+01  -7.864785534121e+00
  1.038784274307e+00   -5.247616240030e-03   2.916823287049e+01  -7.864785534121e+00
  1.171223968847e-03    3.739276229996e-05   3.044378538659e+01  -7.864785534121e+00
  1.639590897156e-03    3.496283041161e-04   7.658612426178e+01   7.464522758608e+00
  1.082127191510e+00   -4.119377469286e-03   7.760128072886e+01   7.464522758608e+00
  1.458158996769e-02    4.065937715459e-04   6.862274866340e+01   7.464522758608e+00
  9.969747009875e-01    4.986539608361e-03   2.809699559482e+01   6.258026408123e-01
  1.032978858672e+00   -5.437694158609e-03   2.890260012259e+01   6.258026408123e-01
  1.230407792563e+00    7.115078096130e-03   2.217839840477e+01   6.258026408123e-01
  3.729391477096e-02    2.954760750485e-05   2.088481672185e+01   5.089725136294e+00
  9.823688168753e-01    4.876818373398e-03   2.855678223232e+01   5.089725136294e+00
  1.255153394272e+00    8.044659579285e-03   2.229583302799e+01   5.089725136294e+00
  9.866053613066e-01    5.336128116194e-03   2.781106140443e+01   5.658160059962e+00
  2.739224872244e-02    1.210354202124e-03   3.515572309278e+01   5.658160059962e+00
  1.139162164282e+00    2.990912685546e-03   3.470256983790e+01   5.658160059962e+00
  9.869039285337e-01    1.343221797389e-03   3.967904463451e+01  -7.758675451551e+00
  9.847988991418e-01    1.072002283087e-02   4.791043160088e+01  -7.758675451551e+00
  1.484140817077e-02   -8.849080430933e-05   4.562065985806e+01  -7.758675451551e+00
  1.154064642220e+00    3.210473055826e-03   4.382145902439e+01   6.790812195778e+00
  1.655511751953e-02    8.116684940078e-04   3.551750233639e+01   6.790812195778e+00
  2.321883076413e-03   -3.583305914892e-04   4.399968565118e+01   6.790812195778e+00
  1.965059950095e-03   -1.714379999261e-04   3.047922577816e+01  -7.858477313875e+00
  1.035769127468e+00   -4.739260959617e-03   2.912706803803e+01  -7.858477313875e+00
  8.921614533112e-03    3.738994669982e-04   3.778512249733e+01  -7.858477313875e+00
  9.717325339576e-01   -2.430711359640e-02   6.281962170808e+01  -1.426784247698e+00
  1.099703493199e+00   -2.256271835994e-02   6.207611660987e+01  -1.426784247698e+00
  1.227428691763e+00   -1.374009055641e-02   6.918327965866e+01  -1.426784247698e+00
  3.119077864436e-02   -2.162289440370e-05   6.858077951897e+01  -6.167931225941e+00
  9.624120359024e-01   -2.291149566809e-02   6.236913651602e+01  -6.167931225941e+00
  1.247301139779e+00   -1.399779412805e-02   6.919678217202e+01  -6.167931225941e+00
  9.537509132240e-03    6.327233385708e-04   6.012755672258e+01  -7.704608109568e+00
  8.594001484788e-01   -1.365072739940e-02   5.576752667050e+01  -7.704608109568e+00
  9.702630846868e-01   -2.362142404932e-02   6.255996439074e+01  -7.704608109568e+00
  8.626502463740e-01   -1.187822167705e-02   5.584195630262e+01  -8.380092349558e+00
  2.738312200300e-03   -1.473923234932e-05   6.011432467394e+01  -8.380092349558e+00
  3.447282936951e-03    7.355337528896e-04   5.383523452013e+01  -8.380092349558e+00
  5.321424588286e-03   -3.667457279589e-04   4.559237152058e+01  -7.856141032691e+00
  9.936500976963e-01    1.089462465058e-02   4.792643174522e+01  -7.856141032691e+00
  5.929890990873e-03    3.042098758922e-04   5.382066152866e+01  -7.856141032691e+00
  9.900332885197e-01    1.239258398914e-02   4.806316352336e+01  -1.369176669906e+00
  1.139735017517e+00    3.828729263701e-03   4.350345434226e+01  -1.369176669906e+00
  1.146829232111e+00   -1.373780794265e-02   5.276335648167e+01  -1.369176669906e+00
  1.809837538258e-02   -1.165012863565e-03   5.258437032823e+01   6.791640999158e+00
  1.153317613131e+00    2.446696912391e-03   4.348584543765e+01   6.791640999158e+00
  2.169808591296e-03    1.789885317785e-05   4.419663091424e+01   6.791640999158e+00
  2.416864485482e-04    1.204609794184e-03   6.043960901320e+01   7.236910430115e+00
  1.106488674405e+00   -1.991080661719e-02   6.217275875643e+01   7.236910430115e+00
  1.553422599198e-02   -4.420676105621e-05   5.306640922893e+01   7.236910430115e+00
  9.837362803998e-01    1.145352504115e-02   4.797417915822e+01  -7.837477603764e+00
  8.530190202941e-01   -1.181637525068e-02   5.585266900334e+01  -7.837477603764e+00
  1.393300945642e-02    9.367889677780e-04   5.384210004082e+01  -7.837477603764e+00
  9.797996286193e-01    1.236433916489e-02   4.801411662181e+01  -2.514049644744e+00
  1.154319964745e+00   -1.459113433508e-02   5.273708948960e+01  -2.514049644744e+00
  8.565152933709e-01   -1.326845585542e-02   5.575461319772e+01  -2.514049644744e+00
  9.934434741909e-01    1.510066773508e-03   3.966462905448e+01  -7.754956339753e+00
  6.709609993703e-03    7.838107186294e-05   4.563096791522e+01  -7.754956339753e+00
  5.246732108350e-03    2.042318866513e-04   3.775332189828e+01  -7.754956339753e+00
  1.025732669454e+00   -4.737717814855e-03   2.911451837393e+01  -7.593477814191e+00
  9.789078607839e-01    1.045774905503e-03   3.960654328744e+01  -7.593477814191e+00
  1.801704042260e-02    5.449311415680e-04   3.778174922254e+01  -7.593477814191e+00
  1.139406637377e+00    3.553126778293e-03   4.389529212008e+01  -1.383462958514e+00
  9.929293711992e-01    3.566909903860e-04   3.957227885082e+01  -1.383462958514e+00
  1.129490055916e+00    1.844177574385e-03   3.482450878726e+01  -1.383462958514e+00
