
  4.974427751825e-04   -6.027596644939e-04   6.114365022821e+01  -3.511078625832e+00
  1.587365524444e-01   -5.509468689371e-04   6.160999052688e+01  -3.511078625832e+00
 -8.586748123226e-05    2.475650572512e-04   6.131435362768e+01  -3.511078625832e+00
  1.922258398661e-01   -2.706193678586e-02   5.649885964918e+01  -6.390235135792e+00
 -1.441930748382e-04   -6.504820378327e-06   5.887942108551e+01  -6.390235135792e+00
  5.375875338224e-04    1.252499322044e-05   5.641155688917e+01  -6.390235135792e+00
  1.586058513151e-01    3.436052657085e-04   6.161384779677e+01  -3.691213954793e+00
  2.586707668916e-01   -5.467468665191e-02   6.152597657143e+01  -3.691213954793e+00
  2.773342989200e-01   -7.181334132106e-04   6.244896573415e+01  -3.691213954793e+00
  2.597047784788e-01   -5.419930085451e-02   6.151025753449e+01  -3.492974615056e+00
  1.577562984903e-01   -1.369019215850e-04   6.163804498437e+01  -3.492974615056e+00
  1.210860965044e-01   -2.167283335623e-02   6.098635389821e+01  -3.492974615056e+00
  3.221781660346e-01   -6.761258737517e-02   6.294737422402e+01  -2.457521059016e+00
  2.774492119102e-01   -7.015097979087e-04   6.247894554168e+01  -2.457521059016e+00
  2.588141633137e-01   -5.512638790950e-02   6.150813412135e+01  -2.457521059016e+00
  4.037108663979e-01    4.161965659428e-03   3.037008068041e+00  -2.679184038024e+00
  5.395211888298e-03   -3.421449333330e-04   1.894614864830e+00  -2.679184038024e+00
  2.955491751803e-01   -4.156612827489e-03  -1.733137832886e-02  -2.679184038024e+00
  1.213808780281e-01   -2.133462588948e-02   6.098199476536e+01  -3.364970090776e+00
  2.483247451601e-01   -5.975099360988e-02   6.032766147848e+01  -3.364970090776e+00
  2.596835208473e-01   -5.453617195005e-02   6.150359636888e+01  -3.364970090776e+00
  3.848014871280e-01    3.631692478891e-03   3.417059684786e+01  -1.531066611560e+00
  2.040790579464e-01    8.044217573171e-03   3.421900851279e+01  -1.531066611560e+00
  3.295317276145e-01    6.218870164706e-03   3.281310213649e+01  -1.531066611560e+00
  1.498317096529e-01   -2.920510466242e-02   5.938725651371e+01  -3.217770318880e+00
  1.923761167958e-01   -2.720358551973e-02   5.649661993674e+01  -3.217770318880e+00
  2.811060194132e-01   -6.666663940690e-02   5.867478448878e+01  -3.217770318880e+00
  5.398594724098e-04    1.214116439086e-04   6.047595350127e+01  -4.604719842732e+00
  1.493533313072e-01   -2.905555556021e-02   5.939721208215e+01  -4.604719842732e+00
  1.209778652856e-01   -2.149940694557e-02   6.099769895158e+01  -4.604719842732e+00
  2.486779095019e-01   -5.979640163215e-02   6.032243941104e+01  -1.644647745548e+00
  2.806134378443e-01   -6.702931126713e-02   5.867720748894e+01  -1.644647745548e+00
  3.053154872787e-01   -9.005587677191e-02   6.097936913497e+01  -1.644647745548e+00
  2.805690063131e-01   -6.671156627624e-02   5.867846479127e+01  -3.444658167313e+00
  2.486642320739e-01   -5.985911538080e-02   6.032466083612e+01  -3.444658167313e+00
  1.504089642061e-01   -2.916358734726e-02   5.937800246753e+01  -3.444658167313e+00
  3.252739715796e-01   -1.011856906366e-01   5.933539666112e+01  -1.042935067857e+00
  3.044720001328e-01   -9.011511138836e-02   6.099828210016e+01  -1.042935067857e+00
  2.816840410893e-01   -6.702144624894e-02   5.865976549893e+01  -1.042935067857e+00
  2.486247278876e-01   -5.988019818429e-02   6.032353878990e+01  -2.094429838282e+00
  3.053586635015e-01   -8.985924612012e-02   6.097938361112e+01  -2.094429838282e+00
  2.591691105686e-01   -5.467181701301e-02   6.151476388564e+01  -2.094429838282e+00
  3.256090108957e-01   -1.012701982399e-01   5.932513912224e+01  -2.457098099308e-01
  2.813396030711e-01   -6.695758632576e-02   5.866881965368e+01  -2.457098099308e-01
  3.492207406324e-01   -7.513578227697e-02   5.649279106584e+01  -2.457098099308e-01
  1.498138314462e-01   -2.929849128777e-02   5.939299456486e+01  -3.309266222834e+00
  2.490332149928e-01   -5.971862576146e-02   6.031676125962e+01  -3.309266222834e+00
  1.206584280408e-01   -2.134208565627e-02   6.100064353383e+01  -3.309266222834e+00
  5.720682949752e-04   -1.592569377695e-04   4.902287751537e+01  -7.015071148312e+00
  3.163886143740e-04    2.840891523640e-04   4.197802512210e+01  -7.015071148312e+00
  2.111612225209e-01    1.045730672245e-02   4.736083889863e+01  -7.015071148312e+00
  3.213399636295e-01   -6.777351093104e-02   6.294401531178e+01  -2.107618514205e+00
  2.596993239360e-01   -5.481225319457e-02   6.150249669040e+01  -2.107618514205e+00
  3.047157396129e-01   -8.987961919208e-02   6.098740187676e+01  -2.107618514205e+00
  3.572803092965e-01   -1.429271618676e-03   6.394415261738e+01  -1.378540062867e+00
  3.203579692640e-01   -6.712653486086e-02   6.294302614071e+01  -1.378540062867e+00
  3.306220884460e-01   -2.971155991352e-02   6.436996341780e+01  -1.378540062867e+00
  3.564184121311e-01   -3.904169449346e-04   6.392837015371e+01  -3.060857079088e+00
  2.782420655245e-01   -3.841010350771e-04   6.247172669388e+01  -3.060857079088e+00
  3.212153716422e-01   -6.762866502712e-02   6.295716603057e+01  -3.060857079088e+00
  3.577214044463e-01   -1.402316051453e-03   6.395843000889e+01  -1.434563690871e+00
  3.303449605666e-01   -2.938593531522e-02   6.436849469372e+01  -1.434563690871e+00
  3.961053806812e-01    4.827914541821e-04   6.505726246908e+01  -1.434563690871e+00
  3.291110081286e-01   -2.841742214500e-02   6.437010396377e+01  -7.632177642126e-01
  3.221648626510e-01   -6.812466494312e-02   6.293796835506e+01  -7.632177642126e-01
  2.662794318239e-01   -6.320286442214e-02   6.365405776071e+01  -7.632177642126e-01
  2.545241383989e-01    4.926822357383e-03   6.437648214369e+01   1.271118136121e-01
  3.299188195302e-01   -2.852238032988e-02   6.434349672334e+01   1.271118136121e-01
  2.649698585575e-01   -6.273533334289e-02   6.367438498471e+01   1.271118136121e-01
  3.295403443050e-01   -2.749226584940e-02   6.435994421683e+01  -4.624534838365e-01
  3.346902788897e-01    3.535259930216e-02   6.432714457684e+01  -4.624534838365e-01
  3.964631784736e-01   -1.250601083985e-03   6.505466089628e+01  -4.624534838365e-01
  3.221585159022e-01   -6.788272501649e-02   6.293276195998e+01   1.858475004721e-01
  2.894543402275e-01   -1.000246644929e-01   6.187358967034e+01   1.858475004721e-01
  2.662687198527e-01   -6.365785170056e-02   6.365692692621e+01   1.858475004721e-01
  2.232429639165e-01   -3.227698803478e-03   3.288803040059e+01   2.858040691646e+00
  3.080326743681e-01   -4.312801667607e-03   3.089168547641e+01   2.858040691646e+00
  3.346540547522e-03   -3.323332337536e-04   3.055903843440e+01   2.858040691646e+00
  2.060406150355e-01   -8.169392018784e-02   6.273018725595e+01   3.033410209603e+00
  2.905883272860e-01   -1.004838715929e-01   6.187589362671e+01   3.033410209603e+00
  2.454879337035e-01   -9.200270386512e-02   6.020957437012e+01   3.033410209603e+00
  2.907247587858e-01   -1.001497357962e-01   6.185837521932e+01  -4.843246383394e-01
  3.207464712555e-01   -6.761706647786e-02   6.295571254192e+01  -4.843246383394e-01
  3.053439463969e-01   -9.019541248915e-02   6.097859268250e+01  -4.843246383394e-01
  9.147161537699e-02   -2.560381330545e-02   6.494465298991e+01   3.306444834621e+00
  1.772961499542e-01   -4.650968476896e-02   6.441659265924e+01   3.306444834621e+00
  1.072113510085e-01   -4.775812409380e-02   6.344659501222e+01   3.306444834621e+00
  1.771552051719e-01   -4.630454414676e-02   6.439706134153e+01   2.188280120268e+00
  2.653327471146e-01   -6.316970186496e-02   6.368062369409e+01   2.188280120268e+00
  2.051963303433e-01   -8.164084739217e-02   6.276201609104e+01   2.188280120268e+00
  2.056230728847e-01   -8.158248771354e-02   6.274438089355e+01   3.690132999713e+00
  1.077814980201e-01   -4.785200281911e-02   6.343753744105e+01   3.690132999713e+00
  1.768097085689e-01   -4.647102158130e-02   6.442331890410e+01   3.690132999713e+00
  1.771830714974e-01   -4.617010128301e-02   6.440430043117e+01   4.652122223247e-01
  2.539520280766e-01    5.289125960735e-03   6.439754218980e+01   4.652122223247e-01
  2.652267942576e-01   -6.306858116068e-02   6.367285185678e+01   4.652122223247e-01
  3.251276752029e-01   -1.015542883086e-01   5.933328498380e+01   2.160278287389e+00
  2.464721001376e-01   -9.200659212574e-02   6.019070999391e+01   2.160278287389e+00
  2.897410003447e-01   -1.004735992731e-01   6.189531516601e+01   2.160278287389e+00
  2.059400906000e-01   -8.164158585881e-02   6.274735246648e+01   1.346775791594e+00
  2.647817187017e-01   -6.326298706402e-02   6.369400346274e+01   1.346775791594e+00
  2.904922388234e-01   -1.003834469583e-01   6.185877473777e+01   1.346775791594e+00
  3.239629396881e-01   -1.013717216138e-01   5.935402448012e+01   5.236645057869e-01
  2.907991627860e-01   -1.004269202582e-01   6.185516410697e+01   5.236645057869e-01
  3.054465826622e-01   -9.006917891884e-02   6.097743170377e+01   5.236645057869e-01
  1.768820522181e-01   -4.609511662075e-02   6.440586447934e+01   1.356358059302e+00
  9.168756387806e-02   -2.588668930448e-02   6.495751540836e+01   1.356358059302e+00
  1.677742745726e-01    3.941322348866e-03   6.499561553919e+01   1.356358059302e+00
  3.511281347804e-01   -7.488014177321e-02   5.646636758768e+01  -2.331887062852e+00
  2.798185359123e-01   -6.690240293460e-02   5.870236278525e+01  -2.331887062852e+00
  1.946764129057e-01   -2.710437476057e-02   5.646371729629e+01  -2.331887062852e+00
  4.003912502209e-01    4.261508587223e-03   3.051831453645e+00  -1.063698342849e+00
  2.970324295848e-01   -4.103676432981e-03   3.535750054618e-03  -1.063698342849e+00
  4.024651082986e-01    9.059483456434e-04   3.845091352469e-02  -1.063698342849e+00
  3.574863702996e-01   -3.969736347954e-02   5.332233054136e+01  -2.203608150427e+00
  2.087945965220e-01   -1.149674992869e-02   5.222206993060e+01  -2.203608150427e+00
  3.558111630525e-01   -3.060833133663e-03   4.980188193857e+01  -2.203608150427e+00
  3.567021561342e-01   -4.057572616160e-02   5.333957301507e+01  -1.690423958742e+00
  3.515829851578e-01   -7.460794252429e-02   5.645455781104e+01  -1.690423958742e+00
  1.944469469450e-01   -2.751822507469e-02   5.646992135709e+01  -1.690423958742e+00
  3.252649329955e-01   -1.016861091301e-01   5.935799032090e+01   3.396222542818e+00
  2.850114310627e-01   -7.717150674578e-02   5.706670607848e+01   3.396222542818e+00
  2.465054880839e-01   -9.191970982788e-02   6.016706274127e+01   3.396222542818e+00
  2.860395106586e-01   -7.714318126106e-02   5.704540127523e+01   2.444402078359e+00
  3.243553566475e-01   -1.016030054114e-01   5.938044029672e+01   2.444402078359e+00
  3.505811113480e-01   -7.519088169219e-02   5.646531338168e+01   2.444402078359e+00
  3.133472873346e-01   -4.460602460846e-02   5.354712865379e+01   3.326060878389e+00
  2.860001181090e-01   -7.686406295680e-02   5.701572267948e+01   3.326060878389e+00
  3.508137551147e-01   -7.552157911946e-02   5.649540444805e+01   3.326060878389e+00
  1.513028538634e-01   -4.678687517394e-02   5.757183486722e+01   7.231954854046e+00
  2.461433930000e-01   -9.195434442318e-02   6.021475097479e+01   7.231954854046e+00
  2.854122342023e-01   -7.704817931681e-02   5.703244955154e+01   7.231954854046e+00
  3.499934227969e-01   -7.550760308959e-02   5.651849493270e+01   2.212889929635e+00
  3.582660536791e-01   -3.996015048883e-02   5.330784544664e+01   2.212889929635e+00
  3.142179289334e-01   -4.445032331495e-02   5.352539057700e+01   2.212889929635e+00
  3.579314332081e-01   -4.024297205293e-02   5.332397716628e+01  -3.040048815541e+00
  1.928512681907e-01   -2.775116571141e-02   5.649978344492e+01  -3.040048815541e+00
  2.080372776555e-01   -1.104308869696e-02   5.222402691988e+01  -3.040048815541e+00
  3.255057761791e-01   -3.474535664444e-03   4.982379370648e+01   2.996530915104e+00
  3.139486909045e-01   -4.398627511550e-02   5.349094490564e+01   2.996530915104e+00
  3.587112755308e-01   -4.041503624313e-02   5.334118672479e+01   2.996530915104e+00
  6.061442006995e-04   -3.450404905787e-04   4.974934424195e+01   1.295780120749e+01
  1.808856891358e-01   -1.083662656874e-03   4.979131780357e+01   1.295780120749e+01
  5.612958519609e-04    7.890832986205e-04   4.577623879240e+01   1.295780120749e+01
  3.146644096422e-01   -4.421729347183e-02   5.353748415998e+01   8.153913455908e+00
  1.801877580836e-01   -1.680363450197e-03   4.979712641462e+01   8.153913455908e+00
  1.695311485626e-01   -2.848393312387e-02   5.376125637904e+01   8.153913455908e+00
  1.811089957466e-01   -1.643678816926e-03   4.979468987080e+01   8.192622503290e+00
  3.138790872962e-01   -4.410600389625e-02   5.354201320634e+01   8.192622503290e+00
  3.247797818352e-01   -2.976080544943e-03   4.977442307607e+01   8.192622503290e+00
  1.695669239535e-01   -2.817822080699e-02   5.379008037304e+01   1.394832093066e+01
  1.798982308366e-01   -2.266492529161e-03   4.974679798730e+01   1.394832093066e+01
  1.309171516665e-03   -7.971756035040e-04   5.379638409536e+01   1.394832093066e+01
  3.138280900717e-01   -4.435654490061e-02   5.350680920232e+01   7.987520165795e+00
  1.702025664142e-01   -2.846546921184e-02   5.379571799563e+01   7.987520165795e+00
  2.855267260438e-01   -7.687596154337e-02   5.706755195440e+01   7.987520165795e+00
  3.133544188190e-01    3.796255179087e-02   4.603045159577e+01   8.159613091278e+00
  1.810462222835e-01   -1.780998455534e-03   4.974480758476e+01   8.159613091278e+00
  3.247994480759e-01   -2.678085720744e-03   4.978741358486e+01   8.159613091278e+00
  3.266048565266e-01   -3.282527947325e-03   4.980918276646e+01   2.011320301795e+00
  3.577336461060e-01   -4.051585516423e-02   5.336044342778e+01   2.011320301795e+00
  3.556888904412e-01   -2.421029633942e-03   4.978171973690e+01   2.011320301795e+00
  2.079268498313e-01   -1.183715784480e-02   5.222933829201e+01  -3.171816452730e+00
  2.100826342573e-01    1.048475783452e-02   4.735464563201e+01  -3.171816452730e+00
  3.567112124607e-01   -2.662018009721e-03   4.979543036404e+01  -3.171816452730e+00
  1.505850816655e-01   -4.665220087419e-02   5.754157264797e+01   7.729945810293e+00
  2.862883641054e-01   -7.705953354434e-02   5.706039652207e+01   7.729945810293e+00
  1.693043725142e-01   -2.838457853289e-02   5.380346946842e+01   7.729945810293e+00
  2.982810661419e-05   -1.104417698150e-04   6.344452117779e+01   7.537426678184e+00
  1.084579957129e-01   -4.812572373670e-02   6.345242742058e+01   7.537426678184e+00
  7.873721961281e-04   -4.505482585615e-04   6.098284508258e+01   7.537426678184e+00
  1.074515609737e-01   -4.757855555578e-02   6.342090583611e+01   5.316988283462e+00
  2.062382777885e-01   -8.192314504346e-02   6.276154640883e+01   5.316988283462e+00
  1.292936928315e-01   -5.453069619300e-02   6.088156766788e+01   5.316988283462e+00
  1.785758558425e-01   -2.423174440401e-02   3.775308855994e+01   4.457836175944e+00
  6.283970018653e-05    2.888297434841e-04   3.554266839655e+01   4.457836175944e+00
  5.266682974146e-04   -9.282871652492e-05   3.776014224450e+01   4.457836175944e+00
  6.978247407996e-04   -1.011251280720e-03   6.520989852827e+01   2.416999858598e+00
  8.682951941112e-02    1.903443860661e-03   6.552209351768e+01   2.416999858598e+00
  9.125016903828e-02   -2.526111716136e-02   6.495020969371e+01   2.416999858598e+00
  4.651982797928e-04   -4.036979765144e-04   6.346833342203e+01   6.109966853654e+00
 -2.168986670075e-04    2.863467577962e-04   6.519233729286e+01   6.109966853654e+00
  1.075930667522e-01   -4.753986008666e-02   6.342839875503e+01   6.109966853654e+00
  1.986703040829e-01    3.866229530463e-02   5.882787689603e+01   4.633593092724e+00
  8.629159226791e-04   -1.609005644007e-04   6.007519546207e+01   4.633593092724e+00
  1.584213127431e-01    2.775909600428e-02   6.032966297634e+01   4.633593092724e+00
  1.078738897543e-01   -4.783791162795e-02   6.345574817329e+01   9.295526599683e+00
  1.291341378206e-01   -5.432090617519e-02   6.085382172634e+01   9.295526599683e+00
  1.362919195751e-03   -7.683911026092e-04   6.097179997464e+01   9.295526599683e+00
  2.583526146104e-04    5.146000160399e-05   6.518814307688e+01   4.803935204182e+00
  9.155660976849e-02   -2.583613833147e-02   6.495527578869e+01   4.803935204182e+00
  1.069763639728e-01   -4.730632881943e-02   6.343232057262e+01   4.803935204182e+00
  9.502816744416e-04    1.144911121264e-04   5.384732218088e+01   1.211913001388e+01
  1.712576365383e-04   -7.503837798769e-04   5.763482771196e+01   1.211913001388e+01
  1.697518568346e-01   -2.902623075489e-02   5.375905246897e+01   1.211913001388e+01
  3.815307987123e-04   -7.002338200075e-04   5.379078181782e+01   1.297408091423e+01
  1.808719953132e-01   -2.265468953856e-03   4.974683186103e+01   1.297408091423e+01
  6.505618128599e-04    2.966159169077e-04   4.979386110136e+01   1.297408091423e+01
  2.667381336460e-01    1.575628701086e-02   5.186997216775e+01   5.427811762701e+00
  2.044793689058e-03    2.901697617896e-04   5.597416273329e+01   5.427811762701e+00
  2.363680014193e-01    3.555222993729e-02   5.589141025620e+01   5.427811762701e+00
  1.869243390531e-04   -3.880256660922e-04   6.092560693951e+01   9.877661821561e+00
  1.303323918802e-01   -5.454832264891e-02   6.088553491232e+01   9.877661821561e+00
  1.111909178680e-03   -1.497030300598e-04   5.771913072046e+01   9.877661821561e+00
  1.148936810952e-03   -1.098331227275e-03   5.763876976457e+01   1.265818975190e+01
  1.505974747605e-01   -4.631352084396e-02   5.756824090851e+01   1.265818975190e+01
  1.688455978546e-01   -2.884403114108e-02   5.376013982010e+01   1.265818975190e+01
  2.079429666946e-01   -1.120784376614e-02   5.222815753691e+01  -6.410389097637e+00
  2.026114118933e-03    2.705764048613e-04   4.904321197714e+01  -6.410389097637e+00
  2.098568188653e-01    9.993870551924e-03   4.735521780210e+01  -6.410389097637e+00
  1.501252376723e-01   -2.898296778756e-02   5.938696810803e+01  -4.994814999895e+00
 -1.186152379505e-04    7.911541424474e-05   6.048930311087e+01  -4.994814999895e+00
  5.772513688565e-04   -2.241964098745e-05   5.887976406616e+01  -4.994814999895e+00
  2.033151432301e-03   -5.143596090647e-04   5.770900909940e+01   1.150266391301e+01
  1.296024852975e-01   -5.426045591213e-02   6.088994158925e+01   1.150266391301e+01
  1.500909441583e-01   -4.660900806802e-02   5.754505852004e+01   1.150266391301e+01
  1.292244941412e-01   -5.439899928017e-02   6.085185948846e+01   6.779813849980e+00
  2.467926955746e-01   -9.212675165188e-02   6.020796506421e+01   6.779813849980e+00
  1.505000766166e-01   -4.663153453516e-02   5.757926938321e+01   6.779813849980e+00
  1.930443761373e-01   -2.698757087819e-02   5.650722335107e+01  -6.411389118390e+00
  2.017782830843e-03    4.262959779990e-04   5.302900014471e+01  -6.411389118390e+00
  2.074599410773e-01   -1.149036250227e-02   5.222371536784e+01  -6.411389118390e+00
  3.265695361890e-01   -2.406151754582e-03   4.975296751640e+01   1.980581775247e+00
  3.556996455732e-01   -2.872225624755e-03   4.980735566651e+01   1.980581775247e+00
  3.590963796379e-01    3.427622767806e-02   4.623003953501e+01   1.980581775247e+00
  1.299026519351e-01   -5.466313246780e-02   6.087486332256e+01   5.733689878604e+00
  2.057059838311e-01   -8.181824395114e-02   6.276775634133e+01   5.733689878604e+00
  2.458967646515e-01   -9.191222629382e-02   6.018430039936e+01   5.733689878604e+00
 -6.329498082164e-05   -1.303970672117e-04   5.640834545316e+01  -6.448967491352e+00
  1.195314414894e-03    3.028143272902e-04   5.303670119766e+01  -6.448967491352e+00
  1.937184304670e-01   -2.677557953555e-02   5.650257964908e+01  -6.448967491352e+00
  8.729417240336e-02    1.843984799767e-03   6.551934396193e+01   7.241106018633e-01
  2.570314207075e-04   -8.338499180758e-04   6.521781757289e+01   7.241106018633e-01
  1.130633110058e-04    3.482128055273e-04   6.558630132565e+01   7.241106018633e-01
  3.377351662925e-01    8.098085941727e-02   6.273131875201e+01   5.980046957144e-01
  3.340994830369e-01    3.670637930877e-02   6.431695369919e+01   5.980046957144e-01
  2.731314374418e-01    7.467532310823e-02   6.352709487343e+01   5.980046957144e-01
  3.347013807426e-01    3.565199607844e-02   6.432211050583e+01   6.993638314357e-01
  3.964427059527e-01    1.118403231972e-03   6.474362931428e+01   6.993638314357e-01
  3.966581716861e-01   -1.466033680558e-03   6.507044634441e+01   6.993638314357e-01
  3.958213788900e-01   -3.240331910763e-04   6.473523116720e+01   2.436742631943e+00
  3.352997434922e-01    8.006726351039e-02   6.275714833920e+01   2.436742631943e+00
  3.571688303175e-01    6.639980346742e-04   6.321381521420e+01   2.436742631943e+00
  3.356679142438e-01    7.995553335487e-02   6.275214213620e+01   8.010021850156e-01
  3.954900274689e-01    5.382084243031e-07   6.473826826803e+01   8.010021850156e-01
  3.352289076656e-01    3.744635120545e-02   6.431203771789e+01   8.010021850156e-01
  3.563031320336e-01    3.689943935893e-04   6.321829817213e+01   3.312671841096e+00
  3.371285991006e-01    8.063026047735e-02   6.274647770219e+01   3.312671841096e+00
  2.785191895124e-01    3.428752814358e-04   6.167137793125e+01   3.312671841096e+00
  2.281456840254e-03   -1.190335876111e-04   1.901962304593e+00  -2.904485021605e+00
 -5.539334844333e-05    6.445981902310e-05   1.184414748012e-02  -2.904485021605e+00
  2.978048050807e-01   -4.142641242014e-03  -7.050898758352e-03  -2.904485021605e+00
  3.349655771170e-01    3.689091715120e-02   6.429333670144e+01  -2.617132596372e-01
  2.545381593751e-01    5.901640574858e-03   6.437786162504e+01  -2.617132596372e-01
  2.717937723700e-01    7.418504062333e-02   6.354782579867e+01  -2.617132596372e-01
  3.346989214651e-01    3.697046333048e-02   6.431740894879e+01  -7.259249326956e-02
  3.296203151478e-01   -2.865717060533e-02   6.436292787252e+01  -7.259249326956e-02
  2.550690231229e-01    5.435354396272e-03   6.435943251918e+01  -7.259249326956e-02
  1.808271789486e-01    5.490889056616e-02   6.433030230963e+01  -7.587164166901e-01
  2.720356751772e-01    7.450130119442e-02   6.354793557146e+01  -7.587164166901e-01
  2.539786682063e-01    5.550324450492e-03   6.439804613457e+01  -7.587164166901e-01
  2.125991847266e-01    8.975685842132e-02   6.256965333837e+01  -4.177014301762e+00
  1.804924071813e-01    5.520733107271e-02   6.435126716979e+01  -4.177014301762e+00
  1.100049110544e-01    5.086097673037e-02   6.324271141519e+01  -4.177014301762e+00
  2.716254158043e-01    7.473649268968e-02   6.357004776025e+01  -1.685898026400e+00
  2.129470805681e-01    8.988242795138e-02   6.257467729974e+01  -1.685898026400e+00
  3.038878042472e-01    1.126197988107e-01   6.162513824446e+01  -1.685898026400e+00
  2.122009815956e-01    8.985656999327e-02   6.258888647715e+01  -2.464433651870e+00
  2.721741241236e-01    7.466317067547e-02   6.355675467510e+01  -2.464433651870e+00
  1.807784115304e-01    5.499735853674e-02   6.432262736432e+01  -2.464433651870e+00
  3.448551925409e-01    1.132493701022e-01   5.903036657099e+01  -2.539392053991e+00
  3.031447594305e-01    1.127172807715e-01   6.166199439744e+01  -2.539392053991e+00
  2.569343655492e-01    9.999681826635e-02   5.997344028051e+01  -2.539392053991e+00
  2.730995899665e-01    7.509079343670e-02   6.353264092545e+01  -4.056688625239e-01
  3.028728209461e-01    1.123007074148e-01   6.163900234169e+01  -4.056688625239e-01
  3.377506796321e-01    8.074518273396e-02   6.272116514661e+01  -4.056688625239e-01
  1.804810305372e-01    5.480098209373e-02   6.433358901638e+01  -1.716861315174e+00
  1.678002734434e-01    4.537476890472e-03   6.499474363819e+01  -1.716861315174e+00
  9.339066795679e-02    3.099237663828e-02   6.493075246302e+01  -1.716861315174e+00
  1.802421090223e-01    5.487615550332e-02   6.434365368227e+01  -9.702545920787e-01
  2.545504099889e-01    5.492867187395e-03   6.438423509886e+01  -9.702545920787e-01
  1.679797082318e-01    4.316130867323e-03   6.497451536234e+01  -9.702545920787e-01
  2.545256037596e-01    5.383309974348e-03   6.438428320437e+01   7.222247298665e-01
  1.766023744848e-01   -4.616500334329e-02   6.441703296401e+01   7.222247298665e-01
  1.679916303885e-01    4.160535336920e-03   6.497450776704e+01   7.222247298665e-01
  3.363240442216e-01    8.047340163858e-02   6.274006823367e+01   2.403853242085e-01
  3.041540745202e-01    1.124388462069e-01   6.162587333404e+01   2.403853242085e-01
  3.271884382534e-01    1.035747251745e-01   6.061642670794e+01   2.403853242085e-01
  2.773035098538e-01    8.560936877366e-04   6.166013444435e+01   3.873883659603e+00
  2.841424703080e-01    6.438154252464e-02   6.100760629194e+01   3.873883659603e+00
  1.587798799836e-01   -6.087977473729e-04   6.080406051158e+01   3.873883659603e+00
  2.779033547582e-01    6.856866770257e-04   6.168112776124e+01   2.419054861183e+00
  3.379271180415e-01    8.051220734415e-02   6.273013749481e+01   2.419054861183e+00
  2.837993911733e-01    6.511358041959e-02   6.099416267826e+01   2.419054861183e+00
  1.584295797064e-01    5.217904512362e-04   6.080104967821e+01   4.022600410658e+00
  1.579679222518e-01    2.745993696005e-02   6.033279799460e+01   4.022600410658e+00
 -1.402111985114e-04   -7.245621468990e-04   6.083917517074e+01   4.022600410658e+00
  1.587417555193e-01    2.845985301429e-02   6.031860531878e+01   3.257174638178e+00
  1.580432591959e-01   -2.888539100218e-04   6.082411352157e+01   3.257174638178e+00
  2.850664785324e-01    6.404115448352e-02   6.099264610468e+01   3.257174638178e+00
  2.007322338986e-01    3.858552189548e-02   5.882066367334e+01   5.010419722166e+00
  1.795166449162e-03   -2.101254663440e-05   5.601845405444e+01   5.010419722166e+00
 -4.545160299633e-04   -5.340230200052e-05   6.010645024840e+01   5.010419722166e+00
  1.161604063822e-03   -1.134243414337e-04   3.055354346683e+01   3.203669192714e+00
  9.165717935576e-05    9.518835426425e-05   3.277224024074e+01   3.203669192714e+00
  2.244546804051e-01   -3.269796819275e-03   3.288620210813e+01   3.203669192714e+00
  2.849196199004e-01    6.452902009278e-02   6.098777585216e+01   3.192185044105e+00
  2.798259605262e-01    7.117423806272e-02   5.980748557681e+01   3.192185044105e+00
  1.591070642723e-01    2.799262517552e-02   6.031353226084e+01   3.192185044105e+00
  1.931970050845e-01    7.221375238162e-03   3.312361325247e+01  -3.219110956015e+00
 -4.981317231723e-05   -1.363207740148e-04   3.290704531761e+01  -3.219110956015e+00
  1.048012101995e-03    9.319692796991e-05   3.078501011949e+01  -3.219110956015e+00
  3.262925697873e-01    1.034804297182e-01   6.063554251546e+01   6.826056632499e-01
  3.450244326243e-01    1.129021760717e-01   5.903269547803e+01   6.826056632499e-01
  3.148166517648e-01    7.894355477304e-02   5.821586422387e+01   6.826056632499e-01
  3.436980054838e-01    1.130648636143e-01   5.905054656073e+01  -8.065852557816e-01
  3.273092508230e-01    1.034573774852e-01   6.061578211754e+01  -8.065852557816e-01
  3.041910319642e-01    1.126812820942e-01   6.162270457484e+01  -8.065852557816e-01
  2.801636226858e-01    7.130608370507e-02   5.980350331740e+01   2.996628000791e+00
  3.138095609260e-01    7.864561938421e-02   5.823711357874e+01   2.996628000791e+00
  1.989305532104e-01    3.878722716654e-02   5.881336580231e+01   2.996628000791e+00
  3.138080811002e-01    7.895180706280e-02   5.823369772959e+01   1.369566186506e+00
  2.802228887595e-01    7.124820535492e-02   5.980326376285e+01   1.369566186506e+00
  3.270786553380e-01    1.034210726300e-01   6.061672181731e+01   1.369566186506e+00
  1.984308422205e-01    3.888372277639e-02   5.882709606490e+01   2.807689426217e+00
  3.143648958253e-01    7.858081291963e-02   5.823334365391e+01   2.807689426217e+00
  2.365651507481e-01    3.593124464605e-02   5.589266600896e+01   2.807689426217e+00
  2.804954678514e-01    7.119191089557e-02   5.979507476886e+01   2.998076908969e+00
  1.985101400167e-01    3.889441630486e-02   5.882602187113e+01   2.998076908969e+00
  1.583456515997e-01    2.784500600386e-02   6.033276849476e+01   2.998076908969e+00
  3.453299314433e-01    1.129663381754e-01   5.902220295934e+01  -1.272323490061e-01
  3.752021295076e-01    8.515008818939e-02   5.615992773371e+01  -1.272323490061e-01
  3.144964749682e-01    7.890017874150e-02   5.822533202031e+01  -1.272323490061e-01
  3.271920384921e-01    1.032793795040e-01   6.061867829790e+01   1.871241073293e+00
  2.801108227427e-01    7.129123978875e-02   5.980289082251e+01   1.871241073293e+00
  2.843437213998e-01    6.473250316837e-02   6.100185496601e+01   1.871241073293e+00
  3.368840380316e-01    8.060570461697e-02   6.272652984298e+01   1.972430575411e+00
  3.265976919425e-01    1.033065839229e-01   6.062649231083e+01   1.972430575411e+00
  2.847850768831e-01    6.487207070283e-02   6.099027453460e+01   1.972430575411e+00
  1.997633224893e-01    3.877267812759e-02   5.883435373860e+01   5.771171027850e+00
  2.353749483308e-01    3.580898437779e-02   5.588757602303e+01   5.771171027850e+00
  3.245864116548e-03   -2.009078777191e-04   5.599018657226e+01   5.771171027850e+00
  3.040068876422e-01    1.127431925549e-01   6.164291652285e+01  -3.377272301245e+00
  2.130098287315e-01    8.989138400738e-02   6.255676282763e+01  -3.377272301245e+00
  2.559413688927e-01    9.997399366080e-02   5.999157437899e+01  -3.377272301245e+00
  6.195002035185e-03    1.648141026817e-04   5.094636659262e+00  -2.805503554679e+00
  4.056088646481e-01    5.026898321018e-03   3.051667901266e+00  -2.805503554679e+00
  3.491741518689e-01    8.949551765131e-03   5.800694622563e+00  -2.805503554679e+00
  8.687536923805e-02    2.997358816509e-03   6.552437721045e+01  -2.916975150752e+00
  5.729932728554e-04    8.439926859098e-04   6.509983877466e+01  -2.916975150752e+00
  9.306467628976e-02    3.045930492316e-02   6.492454724736e+01  -2.916975150752e+00
  8.731111021442e-02    3.044913373874e-03   6.552120854390e+01  -1.064830037411e+00
  1.187555679031e-04   -2.841835899352e-04   6.558511004878e+01  -1.064830037411e+00
  2.106779645278e-04    7.402123351815e-04   6.510935019966e+01  -1.064830037411e+00
  9.325551214454e-02    3.116064989427e-02   6.494773402520e+01  -6.507505971444e+00
  1.185531393664e-03    1.166632493127e-03   6.350674575298e+01  -6.507505971444e+00
  1.092638478682e-01    5.024930105210e-02   6.322757403132e+01  -6.507505971444e+00
  1.328269817977e-01    5.856503118228e-02   6.067070077822e+01  -8.625179213421e+00
  1.097913200219e-01    5.058440677050e-02   6.324107186591e+01  -8.625179213421e+00
  2.936792611588e-04    5.582200964198e-04   6.346340112442e+01  -8.625179213421e+00
  1.341670466934e-01    5.889549932994e-02   6.068806667973e+01  -6.177281931686e+00
  2.563628059449e-01    9.990077315687e-02   5.996605555319e+01  -6.177281931686e+00
  2.126643230324e-01    8.996681083264e-02   6.259370607610e+01  -6.177281931686e+00
  1.334075897549e-01    5.874006247917e-02   6.069722363830e+01  -5.736794494347e+00
  2.132763961654e-01    9.009607657860e-02   6.258679047993e+01  -5.736794494347e+00
  1.095708112044e-01    5.054329564766e-02   6.322354459754e+01  -5.736794494347e+00
  6.395687455081e-04    8.088633182631e-04   6.351651400822e+01  -4.704922573504e+00
  9.372929731528e-02    3.137722305378e-02   6.494252943422e+01  -4.704922573504e+00
  3.975550198675e-05   -1.025994681929e-04   6.507550782768e+01  -4.704922573504e+00
  1.809914636546e-01    5.529166173167e-02   6.434515047694e+01  -3.616018556627e+00
  9.304118955392e-02    3.065268057042e-02   6.492136583706e+01  -3.616018556627e+00
  1.094200944484e-01    5.070086088132e-02   6.324980408191e+01  -3.616018556627e+00
 -3.140960717017e-04    1.634504686389e-04   6.346440690058e+01  -9.210505607109e+00
  8.319328447401e-04    3.779815146034e-04   6.080822442234e+01  -9.210505607109e+00
  1.334944118455e-01    5.883575401076e-02   6.066678178107e+01  -9.210505607109e+00
  2.104633831723e-01    1.034136471738e-02   4.735580337125e+01  -5.948276535694e+00
  1.049255181627e-03    4.085904591662e-04   4.198692740981e+01  -5.948276535694e+00
  1.925312846602e-01    2.255665479334e-02   4.305182093807e+01  -5.948276535694e+00
  4.050380724057e-01   -7.692924953787e-03   2.224438898742e+01   2.177354302094e+00
  1.210758974747e-02    4.949534856701e-04   2.459194468950e+01   2.177354302094e+00
  4.587840284902e-01   -5.322182238529e-03   2.495513694900e+01   2.177354302094e+00
  1.583590508780e-01   -7.840841446107e-04   6.162123096485e+01  -4.310940965466e+00
  7.137770736892e-04   -4.478111840991e-04   6.113849564529e+01  -4.310940965466e+00
  1.204044534512e-01   -2.122959938248e-02   6.099737656041e+01  -4.310940965466e+00
  1.604811311267e-01    5.123081678146e-02   5.742319707864e+01  -1.213682728246e+01
  2.853526806168e-04    4.286316371205e-04   5.738213841147e+01  -1.213682728246e+01
  9.491031613066e-04   -2.854214147662e-04   5.364456654198e+01  -1.213682728246e+01
  1.595484076298e-01    5.186729092493e-02   5.738226913515e+01  -1.140895415695e+01
 -1.815578885275e-04    4.713802075683e-04   6.077273406752e+01  -1.140895415695e+01
  7.688898830703e-04    8.566244654107e-05   5.742250638979e+01  -1.140895415695e+01
  1.606761266628e-01    2.328044068213e-02   3.968196428623e+01  -4.719076657357e+00
  2.637291778319e-04   -2.284460016588e-04   3.765844176597e+01  -4.719076657357e+00
  1.343998772226e-01    1.813159534643e-02   3.752531190316e+01  -4.719076657357e+00
  1.338636717710e-01    5.856672789791e-02   6.068535938070e+01  -1.150725256592e+01
  5.690900432257e-04    8.136152402790e-04   6.077364154695e+01  -1.150725256592e+01
  1.586499889209e-01    5.159769638335e-02   5.738374821471e+01  -1.150725256592e+01
  2.946966912923e-01    2.309509823503e-02   3.548392256064e+01  -2.033156534408e+00
  2.052636831392e-01    1.492843563461e-02   3.542776772769e+01  -2.033156534408e+00
  2.028462051239e-01    7.632482795931e-03   3.421776212573e+01  -2.033156534408e+00
  1.770078337002e-01    2.944778841865e-02   5.361975055105e+01  -1.296348891032e+01
  6.234124962637e-04    5.118200393409e-04   5.358047107688e+01  -1.296348891032e+01
  9.623694038292e-04   -6.366221136310e-04   4.960393156059e+01  -1.296348891032e+01
  2.565230346668e-01    9.991165499327e-02   5.999640234717e+01  -7.594253768100e+00
  1.598661415206e-01    5.148922134520e-02   5.741268383102e+01  -7.594253768100e+00
  2.990762390562e-01    8.394659243844e-02   5.681272716348e+01  -7.594253768100e+00
  1.591073556193e-01    5.138112090809e-02   5.742025500394e+01  -7.247679416387e+00
  2.571560772819e-01    1.000682697928e-01   5.998985077050e+01  -7.247679416387e+00
  1.336545749151e-01    5.868043561813e-02   6.066166209380e+01  -7.247679416387e+00
  3.880961203001e-01    4.707544201842e-02   5.301163755811e+01   1.245885368317e+00
  2.389997043735e-01    3.624610372931e-02   5.586638369223e+01   1.245885368317e+00
  3.775094691701e-01    8.463898970528e-02   5.612365340772e+01   1.245885368317e+00
  2.391302748015e-01    3.582901605413e-02   5.586201097287e+01   1.933438945180e+00
  3.130021694799e-01    7.883731166506e-02   5.825932086122e+01   1.933438945180e+00
  3.771161329903e-01    8.492007696850e-02   5.613458173884e+01   1.933438945180e+00
  3.765374415082e-01    8.518966999998e-02   5.613233208386e+01  -2.878932119023e+00
  3.441116256490e-01    1.132994624489e-01   5.907678798084e+01  -2.878932119023e+00
  2.996939262671e-01    8.404208075471e-02   5.682473525426e+01  -2.878932119023e+00
  2.996345413796e-01    8.375465240193e-02   5.679562974569e+01  -3.772081657323e+00
  3.284303903276e-01    4.905534044165e-02   5.333175810228e+01  -3.772081657323e+00
  3.768088816103e-01    8.553063675999e-02   5.616217460994e+01  -3.772081657323e+00
  2.999626416854e-01    8.398264093165e-02   5.684134446567e+01  -8.110135911557e+00
  1.592067286913e-01    5.134274544751e-02   5.738363428227e+01  -8.110135911557e+00
  1.761243469236e-01    2.992633037074e-02   5.362152057479e+01  -8.110135911557e+00
  2.569331668385e-01    9.990279337488e-02   5.995005258199e+01  -3.784749062293e+00
  2.986726364907e-01    8.406639671224e-02   5.684582673357e+01  -3.784749062293e+00
  3.450230392355e-01    1.133879372251e-01   5.905471946969e+01  -3.784749062293e+00
  1.759539462673e-01    3.002658009904e-02   5.357999285978e+01  -8.569576425608e+00
  1.831854176700e-01    2.243742535688e-03   4.959633042627e+01  -8.569576425608e+00
  3.298476099132e-01    4.863785049490e-02   5.332328040126e+01  -8.569576425608e+00
  1.758951663354e-01    3.009486241369e-02   5.358456511840e+01  -1.388636242311e+01
  1.595772097699e-01    5.094038849992e-02   5.742555051613e+01  -1.388636242311e+01
  1.846126655893e-03   -4.534281128011e-05   5.363526574937e+01  -1.388636242311e+01
  3.900442871882e-01    4.686555092183e-02   5.301841309189e+01  -3.517618137828e+00
  3.289633927694e-01    4.844285092800e-02   5.327461984660e+01  -3.517618137828e+00
  3.404052154424e-01    5.062887272990e-03   4.962611086849e+01  -3.517618137828e+00
  3.292818574131e-01    4.890626610941e-02   5.330999223505e+01  -2.749391023063e+00
  3.895442214000e-01    4.642762325876e-02   5.298291546754e+01  -2.749391023063e+00
  3.760026619227e-01    8.551915597814e-02   5.618491421445e+01  -2.749391023063e+00
  2.671011805490e-01    1.565771252301e-02   5.186517607547e+01   1.437334652162e+00
  3.887443777740e-01    4.611602611078e-02   5.299358253620e+01   1.437334652162e+00
  3.894606716203e-01    4.929942316669e-03   4.960344370411e+01   1.437334652162e+00
  3.892398600532e-01    4.674347246308e-02   5.299605350663e+01   2.372083034514e+00
  2.664928781923e-01    1.508329855807e-02   5.186299533829e+01   2.372083034514e+00
  2.373207630093e-01    3.644871037084e-02   5.589128012295e+01   2.372083034514e+00
  3.396317454732e-01    4.595776505356e-03   4.957394356751e+01  -8.839532382670e+00
  3.289969701614e-01    4.850548217093e-02   5.332798979020e+01  -8.839532382670e+00
  1.842386209250e-01    2.232004608873e-03   4.959332324729e+01  -8.839532382670e+00
  1.768917685207e-01    3.003586282517e-02   5.361446973275e+01  -8.509211153757e+00
  3.288299852421e-01    4.878507593248e-02   5.329141380513e+01  -8.509211153757e+00
  2.992717755749e-01    8.379101014548e-02   5.684812875438e+01  -8.509211153757e+00
  2.125378508501e-03   -6.100231975889e-04   4.959645385325e+01  -1.453862186515e+01
  1.826641040375e-01    2.645822652886e-03   4.955508219494e+01  -1.453862186515e+01
  1.760551140024e-01    2.935401204946e-02   5.362135164418e+01  -1.453862186515e+01
  2.666529092450e-01    1.541918338555e-02   5.187215268895e+01   5.984800566515e+00
  2.675912527246e-01   -1.151994653297e-02   4.731123592773e+01   5.984800566515e+00
  2.723766220070e-03   -2.214421922734e-04   4.897100973407e+01   5.984800566515e+00
  2.160704087015e-03    6.154401701257e-04   4.951947853941e+01  -1.445592390581e+01
  1.746613475611e-01   -2.412033114707e-02   4.554739752659e+01  -1.445592390581e+01
  1.826413396647e-01    2.011339220445e-03   4.957839812650e+01  -1.445592390581e+01
  9.294757241224e-02    3.091045743628e-02   6.493736746866e+01  -1.086551870097e+00
  1.682833564335e-01    4.550521915414e-03   6.498957324439e+01  -1.086551870097e+00
  8.682102123778e-02    2.374839425773e-03   6.550371180913e+01  -1.086551870097e+00
  1.682774400904e-01    3.936442308848e-03   6.499036900098e+01   7.832908430125e-01
  9.119287908420e-02   -2.579371100066e-02   6.496444894738e+01   7.832908430125e-01
  8.680713712870e-02    2.544079287080e-03   6.550308484195e+01   7.832908430125e-01
  1.095529571856e-03   -3.626789196316e-04   4.898843010877e+01   6.670667328628e+00
  5.789735994719e-04    3.820546156808e-04   5.598274708830e+01   6.670667328628e+00
  2.681475020196e-01    1.563686498280e-02   5.186601255846e+01   6.670667328628e+00
  1.627199429538e-01    2.331726395267e-02   3.968627057348e+01  -5.428864726301e+00
  1.354846671584e-03   -1.311161744330e-05   4.199984237714e+01  -5.428864726301e+00
 -2.567841317001e-04   -6.088155911575e-06   3.946896977293e+01  -5.428864726301e+00
  3.889433652726e-01    6.877620606816e-04   3.290654396756e+01  -8.335758387547e-01
  3.303970953667e-01    6.330879188071e-03   3.280192959420e+01  -8.335758387547e-01
  4.139821776427e-01    3.966456848143e-03   2.976498898344e+01  -8.335758387547e-01
  3.600908974944e-01    3.413534809822e-02   4.624890086778e+01   3.018996007481e+00
  3.134865156929e-01    3.781950061561e-02   4.608114958476e+01   3.018996007481e+00
  3.254557727295e-01   -2.175673330767e-03   4.973861035940e+01   3.018996007481e+00
  3.593408824424e-01    3.399192302644e-02   4.626860813468e+01  -3.094646151027e+00
  2.106047003954e-01    9.631396922546e-03   4.736401655194e+01  -3.094646151027e+00
  1.932147807388e-01    2.323187053894e-02   4.305080299244e+01  -3.094646151027e+00
  1.677328376059e-01    2.418896974325e-02   4.577256858414e+01   1.374264302840e+01
  1.689790110718e-03    9.624948712358e-04   4.577125495226e+01   1.374264302840e+01
  1.798415388299e-01   -1.102152864996e-03   4.979113789939e+01   1.374264302840e+01
  1.800861063826e-01   -1.717995163065e-03   4.974195019198e+01   8.179228635323e+00
  3.141621196290e-01    3.805426051893e-02   4.603535063154e+01   8.179228635323e+00
  1.679107295601e-01    2.458668507989e-02   4.580134089963e+01   8.179228635323e+00
  1.687055315488e-01    2.461383679375e-02   4.576727380393e+01   7.948951687644e+00
  3.132881604280e-01    3.817831165283e-02   4.606557978268e+01   7.948951687644e+00
  2.842288096311e-01    6.976382850451e-02   4.254110817671e+01   7.948951687644e+00
  2.333650066821e-03   -1.398405299850e-05   4.569657803523e+01   1.302581419095e+01
  1.673512529354e-01    2.467345326828e-02   4.579677254708e+01   1.302581419095e+01
  1.515921803671e-01    4.379816660871e-02   4.201670257959e+01   1.302581419095e+01
  3.596883268650e-01    3.368012814790e-02   4.628179964052e+01   2.156838808363e+00
  3.523382953710e-01    6.657995257600e-02   4.303030816486e+01   2.156838808363e+00
  3.137130878421e-01    3.828656171573e-02   4.604755225862e+01   2.156838808363e+00
  4.982281201810e-04    7.437090530083e-05   5.887163517404e+01  -5.275218092112e+00
  1.914921082158e-01   -2.718312971035e-02   5.650289563538e+01  -5.275218092112e+00
  1.502361530227e-01   -2.913406336599e-02   5.938780935551e+01  -5.275218092112e+00
  1.980734583369e-01    7.475107556929e-02   3.710294097088e+01   3.083078928652e+00
  2.412556455303e-01    8.381615084549e-02   3.950876193637e+01   3.083078928652e+00
  2.828275107186e-01    8.885819450416e-02   3.787695409711e+01   3.083078928652e+00
  3.531503548312e-01    6.654404903073e-02   4.305345700208e+01   3.360179441240e+00
  2.846474060302e-01    6.966555064713e-02   4.259336075813e+01   3.360179441240e+00
  3.128278428245e-01    3.847869103045e-02   4.602604551842e+01   3.360179441240e+00
  1.517978392677e-01    4.424364326639e-02   4.203036378455e+01   7.038885450243e+00
  2.840545783180e-01    6.988864691525e-02   4.257584528645e+01   7.038885450243e+00
  2.418261838162e-01    8.375645341911e-02   3.950516276148e+01   7.038885450243e+00
  1.511386797935e-01    4.412944148285e-02   4.205773066724e+01   7.590989649630e+00
  1.678426405822e-01    2.454248297937e-02   4.575959470744e+01   7.590989649630e+00
  2.849404929764e-01    6.992144007746e-02   4.254840278776e+01   7.590989649630e+00
  3.248469251726e-01    8.980823604023e-02   4.024049519755e+01   3.448101323411e+00
  2.422245015285e-01    8.372706407843e-02   3.954999923399e+01   3.448101323411e+00
  2.836447962214e-01    7.001035754628e-02   4.254433860227e+01   3.448101323411e+00
  1.213075566269e-03   -2.393958615438e-04   4.568780910033e+01   1.143124996245e+01
  1.525630422401e-01    4.406547845426e-02   4.201914941497e+01   1.143124996245e+01
  1.528718755115e-04    3.763507311118e-04   4.205506962366e+01   1.143124996245e+01
  3.529725959825e-01    6.619320252247e-02   4.308144729891e+01   2.428164280261e+00
  3.239862442047e-01    8.975150023598e-02   4.021785027995e+01   2.428164280261e+00
  2.846361925371e-01    6.995102745009e-02   4.256602628178e+01   2.428164280261e+00
  3.580422972870e-01    3.433412095348e-02   4.625644673380e+01  -1.788737817920e+00
  1.950505173514e-01    2.301933762364e-02   4.307155696443e+01  -1.788737817920e+00
  3.541531607285e-01    6.565077961505e-02   4.308820006590e+01  -1.788737817920e+00
  4.722783338198e-04   -8.496420711230e-05   5.302462034402e+01  -6.935126038126e+00
  8.866147350301e-04    2.455313208362e-04   4.904985526626e+01  -6.935126038126e+00
  2.088952151688e-01   -1.109275430923e-02   5.222528561733e+01  -6.935126038126e+00
  1.256079418664e-01    4.984190534257e-02   3.892282247450e+01   6.699876241851e+00
  1.510900272879e-01    4.415002958381e-02   4.202201648589e+01   6.699876241851e+00
  2.424187651627e-01    8.389982498207e-02   3.951224178440e+01   6.699876241851e+00
  1.515996354330e-01    4.465005131695e-02   4.205814921851e+01   1.064440847137e+01
 -8.604933141639e-05    5.281282766590e-04   3.878624484466e+01   1.064440847137e+01
  6.806040173367e-04    4.441897876325e-05   4.201645868401e+01   1.064440847137e+01
  7.273424297406e-04    9.368132745726e-04   3.878541148318e+01   1.057171272512e+01
  1.506945189690e-01    4.437184269327e-02   4.205624246570e+01   1.057171272512e+01
  1.256946981281e-01    4.964948964343e-02   3.890115249836e+01   1.057171272512e+01
  1.211090505163e-01   -2.134844219389e-02   6.098881866229e+01  -4.032149315466e+00
 -2.572125224955e-05   -1.616512390638e-05   6.115633172054e+01  -4.032149315466e+00
  3.911570075955e-04   -3.816809374467e-05   6.048546399033e+01  -4.032149315466e+00
  1.037671002068e-01    4.472420160984e-02   3.641220750254e+01   7.160844921543e+00
 -6.891854148120e-05    6.785054772068e-05   3.640383999648e+01   7.160844921543e+00
  1.005825830666e-03    5.222359368427e-04   3.872069366638e+01   7.160844921543e+00
  1.028268517337e-01    4.418049381089e-02   3.643439791516e+01   5.763590261678e+00
 -2.546717014178e-04   -2.358316158062e-04   3.473668361792e+01   5.763590261678e+00
  4.443559706563e-04    3.564254113770e-04   3.638166405902e+01   5.763590261678e+00
  1.341682790257e-01    1.779736450925e-02   3.752286621219e+01  -4.466820340654e+00
  3.183625708838e-04    7.543419964662e-05   3.765083550224e+01  -4.466820340654e+00
 -9.972432394638e-05   -1.919831023625e-04   3.551479106760e+01  -4.466820340654e+00
  1.031290327385e-01    4.441216202640e-02   3.640921958551e+01   8.910378758831e+00
  1.753513489109e-03    9.246394179166e-04   3.872992668250e+01   8.910378758831e+00
  1.251156791279e-01    4.964722593686e-02   3.891947138371e+01   8.910378758831e+00
  2.368585750223e-01   -1.972541905831e-02   3.553805662247e+01   3.529231183689e+00
  2.338063256151e-01   -9.099424117638e-03   3.410261868085e+01   3.529231183689e+00
  2.079800261191e-03   -1.018475284258e-04   3.553995302099e+01   3.529231183689e+00
  8.571009303761e-02    2.451818150357e-02   3.499472284036e+01   3.205595756679e+00
  1.025039591896e-01    4.433075695340e-02   3.641696896827e+01   3.205595756679e+00
  1.659091307060e-01    4.366164824570e-02   3.551821092758e+01   3.205595756679e+00
  1.983540031252e-01    7.499949696413e-02   3.707171647947e+01   5.169786923062e+00
  1.026274711417e-01    4.415544812085e-02   3.644209473096e+01   5.169786923062e+00
  1.255109462647e-01    4.992006845885e-02   3.889139113348e+01   5.169786923062e+00
  2.345913035951e-04    7.638547897561e-04   3.470940672297e+01   8.127415015969e-01
  8.087712414035e-02    3.347719103791e-04   3.445447468220e+01   8.127415015969e-01
  1.451451682094e-04   -3.182940856088e-04   3.427776700682e+01   8.127415015969e-01
  6.400710946297e-04    9.411853993055e-04   3.471703652350e+01   2.379285496925e+00
  8.551655221139e-02    2.419421741364e-02   3.498992122262e+01   2.379285496925e+00
  8.047037157616e-02    2.542253314640e-04   3.444999416719e+01   2.379285496925e+00
  1.553561651613e-01   -6.221783829316e-04   3.496103421351e+01   8.302572747311e-01
  8.049976629196e-02   -3.295212997038e-04   3.446811278167e+01   8.302572747311e-01
  8.545276288966e-02    2.467120941051e-02   3.497637154227e+01   8.302572747311e-01
  2.408117562476e-04    4.459893922248e-04   3.426842220075e+01  -1.190833764034e+00
  8.070356110922e-02   -4.677090056421e-04   3.446534654054e+01  -1.190833764034e+00
  8.681445281487e-02   -2.549459886143e-02   3.484794906462e+01  -1.190833764034e+00
  1.654415368797e-01    4.361703427651e-02   3.551189419572e+01   3.691415227687e+00
  1.030379784724e-01    4.441994770590e-02   3.642563740002e+01   3.691415227687e+00
  1.976717522505e-01    7.466044934478e-02   3.708902013005e+01   3.691415227687e+00
  8.581994114502e-02    2.471343484072e-02   3.498432445559e+01   4.662834961048e+00
  1.871910875172e-04   -4.216252471983e-06   3.474008302085e+01   4.662834961048e+00
  1.022348301732e-01    4.394726236700e-02   3.643096210080e+01   4.662834961048e+00
  1.261949015334e-01    5.008097818192e-02   3.889850826225e+01   5.719996757575e+00
  2.416157462412e-01    8.372427854287e-02   3.953434477439e+01   5.719996757575e+00
  1.978008712082e-01    7.487673696222e-02   3.706529652202e+01   5.719996757575e+00
  2.691980162927e-01   -1.209689477810e-02   4.731672359827e+01   6.697387112668e+00
  6.070267142798e-04   -4.125398410313e-04   4.209806407938e+01   6.697387112668e+00
  9.917265813722e-04    2.677333102491e-04   4.895105963567e+01   6.697387112668e+00
  3.536449420475e-01    6.589348233581e-02   4.308028022648e+01  -2.484533834254e+00
  1.953431578829e-01    2.265650179489e-02   4.307059939364e+01  -2.484533834254e+00
  2.874165791280e-01    5.684806636487e-02   4.064468494178e+01  -2.484533834254e+00
  2.375537986002e-01   -2.015339778050e-02   3.554285925149e+01   3.640908885120e+00
  1.206911512812e-03    5.131516358618e-04   3.555295463918e+01   3.640908885120e+00
  1.779435215263e-01   -2.449691063753e-02   3.775451844379e+01   3.640908885120e+00
  1.609964845875e-01    2.348498246501e-02   3.968550306667e+01  -3.226611245688e+00
  1.343678409395e-01    1.805348683192e-02   3.752475844737e+01  -3.226611245688e+00
  2.602608973443e-01    4.944482683959e-02   3.880771981663e+01  -3.226611245688e+00
  1.618421415978e-01    2.340768771982e-02   3.968254244714e+01  -6.043671595037e+00
  1.916053777467e-01    2.275443091458e-02   4.304229749703e+01  -6.043671595037e+00
  2.397142030981e-03   -5.659345740792e-05   4.200542066773e+01  -6.043671595037e+00
  2.883906281058e-01    5.686804230440e-02   4.066837911701e+01  -1.407912983573e+00
  2.597323404053e-01    4.951199520742e-02   3.880311671602e+01  -1.407912983573e+00
  3.072326225989e-01    7.646085569041e-02   3.848102266635e+01  -1.407912983573e+00
  2.598110590445e-01    4.956382706364e-02   3.879939815142e+01  -3.403166354519e+00
  2.882706169318e-01    5.658866421099e-02   4.067001207510e+01  -3.403166354519e+00
  1.615969918634e-01    2.339712340586e-02   3.969851471727e+01  -3.403166354519e+00
  2.681376129558e-01    4.740083190883e-02   3.742514700657e+01  -1.698758612442e+00
  3.071868811719e-01    7.620385352195e-02   3.848706651883e+01  -1.698758612442e+00
  2.597261295696e-01    4.961686914627e-02   3.879917556311e+01  -1.698758612442e+00
  2.894568495061e-01    5.686210580703e-02   4.068538727249e+01  -9.171416738087e-01
  3.063503212115e-01    7.653236633761e-02   3.846303563229e+01  -9.171416738087e-01
  3.248938729329e-01    8.928672439706e-02   4.026343658878e+01  -9.171416738087e-01
  2.594070541776e-01    4.942195423287e-02   3.880148135163e+01  -3.109860553798e+00
  1.353837188632e-01    1.812923141923e-02   3.753615332939e+01  -3.109860553798e+00
  2.686976343908e-01    4.736674935408e-02   3.742939112966e+01  -3.109860553798e+00
  1.609786747288e-01    2.344996156140e-02   3.968947391681e+01  -3.277317624517e+00
  2.889046806703e-01    5.657559388817e-02   4.067064582535e+01  -3.277317624517e+00
  1.927060645485e-01    2.280229611178e-02   4.303978076472e+01  -3.277317624517e+00
  2.067204693743e-01    1.530477009437e-02   3.543514434115e+01  -3.656269907037e+00
  1.339855849160e-01    1.802290994234e-02   3.752232368389e+01  -3.656269907037e+00
  3.596579796298e-04   -3.898983637651e-04   3.552261293579e+01  -3.656269907037e+00
  1.926256696619e-01    7.183685603876e-03   3.312119196526e+01  -3.206432764148e+00
  2.020033943058e-01    7.501231707684e-03   3.420691188037e+01  -3.206432764148e+00
  5.219593523471e-04   -1.871515077307e-04   3.290938243727e+01  -3.206432764148e+00
  3.301944039965e-01    6.483806796083e-03   3.281811075735e+01  -1.971580679195e+00
  2.025875564582e-01    7.749392422681e-03   3.421817401050e+01  -1.971580679195e+00
  1.926281940115e-01    7.320827095965e-03   3.312189411166e+01  -1.971580679195e+00
  2.058371749732e-01    1.464741832520e-02   3.544337111560e+01  -2.313433006934e+00
  2.943993926111e-01    2.360299956861e-02   3.546600605480e+01  -2.313433006934e+00
  2.676848486358e-01    4.730837072712e-02   3.741290941328e+01  -2.313433006934e+00
  3.808241467150e-01   -1.888307490069e-03   1.053609590495e+01  -2.461221946132e+00
  9.289980805812e-03   -2.874949176569e-04   7.837998282708e+00  -2.461221946132e+00
  4.583478900516e-01    2.749163212003e-03   8.035522797929e+00  -2.461221946132e+00
  3.092356867696e-01    5.903777692244e-02   3.679844492885e+01  -1.505424040944e+00
  3.064927930502e-01    7.614944771587e-02   3.848038231430e+01  -1.505424040944e+00
  2.687513625989e-01    4.757500291528e-02   3.743394560110e+01  -1.505424040944e+00
  3.509624620954e-01   -2.519542829199e-03   3.297035151203e+01   1.923265524161e+00
  2.345132629105e-01   -9.147703652511e-03   3.412368403155e+01   1.923265524161e+00
  3.182112221373e-01   -2.679874144165e-02   3.542864464796e+01   1.923265524161e+00
  2.054134455770e-01    1.494584793498e-02   3.542535417790e+01  -3.046846659286e+00
  2.685855385478e-01    4.706681801825e-02   3.742597728033e+01  -3.046846659286e+00
  1.352851610130e-01    1.842522815056e-02   3.752749937361e+01  -3.046846659286e+00
  1.199085075729e-04   -1.145785815738e-04   3.291021702529e+01  -3.366427283967e+00
  2.024214525690e-01    7.464332082406e-03   3.420465266145e+01  -3.366427283967e+00
  5.038408723660e-04   -4.462221313445e-05   3.399495605860e+01  -3.366427283967e+00
  3.389816010827e-03    2.961257854197e-04   3.078591487960e+01  -2.596624872365e+00
  4.188991204239e-01    4.360626973869e-03   2.980665497570e+01  -2.596624872365e+00
  1.922596643308e-01    7.381897158433e-03   3.313885409528e+01  -2.596624872365e+00
  2.471241009223e-01    5.652627014625e-02   3.629131140145e+01   1.545577498793e+00
  1.980172086993e-01    7.471022712755e-02   3.708541662452e+01   1.545577498793e+00
  2.826925844690e-01    8.873626538464e-02   3.789412267531e+01   1.545577498793e+00
  3.236539543656e-01    8.948033970489e-02   4.024191119266e+01   7.590717137690e-01
  3.071899359298e-01    7.648266315009e-02   3.848755909003e+01   7.590717137690e-01
  2.830493982995e-01    8.877766614365e-02   3.789768709882e+01   7.590717137690e-01
  1.550285001023e-01   -8.268382655042e-04   3.497587055450e+01   7.570434589035e-01
  1.652148654485e-01    4.332354491840e-02   3.551786939274e+01   7.570434589035e-01
  2.322615070727e-01   -1.879846380205e-03   3.564987560123e+01   7.570434589035e-01
  1.657168868836e-01    4.348480895650e-02   3.553759664530e+01   2.202706610743e+00
  1.973092979802e-01    7.469638881734e-02   3.707122061150e+01   2.202706610743e+00
  2.476527092104e-01    5.647444936950e-02   3.630358974306e+01   2.202706610743e+00
  2.316683879577e-01   -1.811345894678e-03   3.563856223055e+01   5.510180700886e-01
  1.657974502206e-01    4.334460492557e-02   3.552887285099e+01   5.510180700886e-01
  2.474627232776e-01    5.638761008545e-02   3.631301960332e+01   5.510180700886e-01
  1.654651511933e-01    4.328266500567e-02   3.552857810033e+01   1.377312750571e+00
  1.548503845378e-01   -6.415577990490e-04   3.495644371794e+01   1.377312750571e+00
  8.594228820640e-02    2.477017093164e-02   3.498264927576e+01   1.377312750571e+00
  2.817958636595e-01    8.837021424711e-02   3.787575085940e+01   5.370398606939e-01
  3.097641395501e-01    5.908945445724e-02   3.681821022040e+01   5.370398606939e-01
  2.484268971878e-01    5.683518527489e-02   3.633387327635e+01   5.370398606939e-01
  2.820501107102e-01    8.884446223094e-02   3.785698421758e+01   2.274021718382e+00
  2.421834179851e-01    8.381926737694e-02   3.952787984362e+01   2.274021718382e+00
  3.247410920860e-01    8.965909763756e-02   4.026315730264e+01   2.274021718382e+00
  3.086574619997e-01    5.830450600911e-02   3.679813512726e+01  -1.460546148428e+00
  2.952540013779e-01    2.344142327938e-02   3.547807377316e+01  -1.460546148428e+00
  3.385648354196e-01    1.795142320121e-02   3.527119971748e+01  -1.460546148428e+00
  2.829418110304e-01    8.848581518119e-02   3.789542667577e+01  -7.224486768497e-02
  3.071107522544e-01    7.657467731964e-02   3.848543575124e+01  -7.224486768497e-02
  3.085517499592e-01    5.882115955576e-02   3.678833460672e+01  -7.224486768497e-02
  3.054399716666e-01   -3.128776362376e-02   3.605670189022e+01  -1.421007985266e-01
  2.327577119683e-01   -1.920910094735e-03   3.567040028963e+01  -1.421007985266e-01
  2.997465926329e-01    2.545520693555e-02   3.606590337495e+01  -1.421007985266e-01
  2.321653758037e-01   -1.446594763038e-03   3.565944084248e+01   2.509763240777e-01
  2.472221044128e-01    5.601646230030e-02   3.631011729761e+01   2.509763240777e-01
  3.001809039519e-01    2.527093495514e-02   3.607711558412e+01   2.509763240777e-01
  3.391946698183e-01    1.802148398075e-02   3.528172181704e+01  -1.797279184119e-01
  3.008857772247e-01    2.574919642160e-02   3.608366833445e+01  -1.797279184119e-01
  3.080249904839e-01    5.861078935583e-02   3.679011769599e+01  -1.797279184119e-01
  3.398191234107e-01    1.862104804959e-02   3.527796847597e+01  -5.728717884506e-01
  3.552195204682e-01   -3.735780738341e-03   3.520563124787e+01  -5.728717884506e-01
  3.005540242130e-01    2.489932734198e-02   3.608618811698e+01  -5.728717884506e-01
  3.833282285619e-01    3.114075141877e-03   3.417569749203e+01  -4.133757655122e-01
  3.554377704761e-01   -3.185962157575e-03   3.520698346270e+01  -4.133757655122e-01
  3.392411146633e-01    1.803370994994e-02   3.526718363314e+01  -4.133757655122e-01
  2.994274202030e-01    2.514074886186e-02   3.605362654355e+01  -3.510328767983e-01
  2.484612995387e-01    5.633030268538e-02   3.633355587410e+01  -3.510328767983e-01
  3.096676036115e-01    5.943455864981e-02   3.681466771081e+01  -3.510328767983e-01
  2.680288443232e-01    4.783352298535e-02   3.741362135322e+01  -1.301826658768e+00
  2.942825941912e-01    2.332632470444e-02   3.546133870055e+01  -1.301826658768e+00
  3.098940070915e-01    5.870017397533e-02   3.681020952290e+01  -1.301826658768e+00
  1.550051535668e-01   -9.906633344461e-04   3.497487314599e+01  -9.677530560784e-01
  2.322880716033e-01   -1.923342544069e-03   3.565113005052e+01  -9.677530560784e-01
  1.683343001851e-01   -4.576336855253e-02   3.546077825155e+01  -9.677530560784e-01
  4.202604537804e-01    9.625069267839e-04   1.255956878202e+01   2.153916075070e+00
  1.211262957900e-02    4.983998527078e-04   1.277542110553e+01   2.153916075070e+00
  4.222447340910e-01    1.160495852463e-03   1.587199537600e+01   2.153916075070e+00
  2.889783750467e-01    5.682989522777e-02   4.067944525029e+01  -1.456341932145e-01
  3.253145302203e-01    8.936273844281e-02   4.027144106637e+01  -1.456341932145e-01
  3.516172805173e-01    6.617456363614e-02   4.305546176519e+01  -1.456341932145e-01
  3.027475450277e-01    2.970550174882e-03  -4.352725645761e-03   2.948830722193e+00
  4.019871933227e-04   -3.984432183456e-05   7.583491928146e-03   2.948830722193e+00
  1.539036332707e-03    7.044054061185e-05   2.120388481005e+00   2.948830722193e+00
  8.058794665155e-02   -1.834120331946e-04   3.447091998714e+01  -9.804594187508e-01
  1.553321560676e-01   -1.140372199355e-03   3.496201503406e+01  -9.804594187508e-01
  8.689257456494e-02   -2.608442000696e-02   3.484714992157e+01  -9.804594187508e-01
  1.324072889085e-01   -5.254348662001e-02   3.869777383392e+01  -9.916748482602e+00
  1.009079390345e-03   -9.058478195470e-05   4.179836254545e+01  -9.916748482602e+00
  8.040286436728e-05   -2.845356059781e-04   3.872255635430e+01  -9.916748482602e+00
  1.935694975620e-01    7.556490778894e-03   3.313645795663e+01  -1.949691991140e+00
  4.160213262670e-01    4.176012450452e-03   2.978927386224e+01  -1.949691991140e+00
  3.293342468521e-01    6.412766742318e-03   3.279575843341e+01  -1.949691991140e+00
  9.217044954434e-04    2.818533645248e-04   4.550693974889e+01  -1.168908750304e+01
  4.600213740018e-04   -4.956117923693e-04   4.186056234410e+01  -1.168908750304e+01
  1.569855575425e-01   -4.404792587746e-02   4.185333930684e+01  -1.168908750304e+01
 -1.542412687884e-04   -1.464752701292e-04   3.765351062008e+01  -5.366617066818e+00
  1.612629821000e-01    2.318866027319e-02   3.968465885021e+01  -5.366617066818e+00
  4.026083216401e-04    5.324688315664e-05   3.947057962160e+01  -5.366617066818e+00
  1.316703072311e-01   -5.223261312626e-02   3.869460640886e+01  -1.186744578297e+01
  1.557311730938e-01   -4.428907208257e-02   4.188810467198e+01  -1.186744578297e+01
  1.759110699764e-03   -3.914748948619e-04   4.180906725918e+01  -1.186744578297e+01
  1.775004543130e-03    8.200366371344e-05   4.551718306348e+01  -1.357746346979e+01
  1.562077996929e-01   -4.384733734922e-02   4.184971715014e+01  -1.357746346979e+01
  1.744921057935e-01   -2.483728355564e-02   4.558473471738e+01  -1.357746346979e+01
  6.500528352307e-04   -2.425853860050e-04   3.869061484934e+01  -8.769162744275e+00
 -3.086023012991e-04   -1.599929915590e-04   3.620744091571e+01  -8.769162744275e+00
  1.312910066446e-01   -5.258284388335e-02   3.873052437228e+01  -8.769162744275e+00
  4.124446413490e-01   -9.024294055111e-03   2.242463620341e+01  -4.520539023900e-01
  3.571994701649e-01   -8.917030339965e-03   2.262814761224e+01  -4.520539023900e-01
  3.221566614556e-01   -5.615169215940e-03   2.004628635543e+01  -4.520539023900e-01
  8.740749838570e-02   -2.637895825702e-02   3.484189408917e+01  -6.073352685111e+00
  1.046595753166e-01   -4.387086414434e-02   3.640130895599e+01  -6.073352685111e+00
  1.249773300433e-03   -1.078060302619e-03   3.617091924469e+01  -6.073352685111e+00
  2.789750968291e-04   -3.579809875394e-04   3.481405685514e+01  -2.634166335085e+00
 -1.089592288909e-04    5.280605333170e-04   3.426109670341e+01  -2.634166335085e+00
  8.730695893594e-02   -2.562156474994e-02   3.485250979560e+01  -2.634166335085e+00
  1.310189206239e-01   -5.239279842960e-02   3.870443513603e+01  -5.462890576788e+00
  1.050128601011e-01   -4.415980260223e-02   3.640542080688e+01  -5.462890576788e+00
  2.046463935702e-01   -7.763059145769e-02   3.701202871099e+01  -5.462890576788e+00
  1.305428829869e-01   -5.229234155859e-02   3.872809668877e+01  -8.174897554885e+00
  3.072014676796e-04   -5.255560624769e-04   3.620902032677e+01  -8.174897554885e+00
  1.052019316203e-01   -4.417124198883e-02   3.638965711067e+01  -8.174897554885e+00
  1.685734304920e-01   -4.610506041093e-02   3.545234202759e+01  -4.011674297134e+00
  2.039770482814e-01   -7.732706474712e-02   3.702803662246e+01  -4.011674297134e+00
  1.054491489267e-01   -4.443638440659e-02   3.638680701054e+01  -4.011674297134e+00
  1.560394573585e-01   -4.431105928538e-02   4.185587073050e+01  -6.978163535789e+00
  1.311321837917e-01   -5.230042513888e-02   3.873378525285e+01  -6.978163535789e+00
  2.522114986438e-01   -8.728152005486e-02   3.939869602654e+01  -6.978163535789e+00
  1.048816225725e-01   -4.429183015189e-02   3.638043547969e+01  -3.384827536707e+00
  8.708087499352e-02   -2.589266640601e-02   3.486690133491e+01  -3.384827536707e+00
  1.690564452121e-01   -4.617927380360e-02   3.545796563616e+01  -3.384827536707e+00
  6.956960775466e-04   -7.477781028610e-04   3.616269956157e+01  -4.242490446540e+00
 -5.045077960768e-05    1.493258359083e-04   3.482364042737e+01  -4.242490446540e+00
  8.791186985715e-02   -2.658686633581e-02   3.484437450093e+01  -4.242490446540e+00
  2.116197786436e-01   -3.128958002148e-02   3.996008269291e+01   5.763534454588e+00
  2.937711565598e-03    9.983376617931e-05   4.210941223028e+01   5.763534454588e+00
  2.440819171025e-01   -2.862455939872e-02   4.319402902336e+01   5.763534454588e+00
  2.513777874817e-01   -8.709346871905e-02   3.942061439788e+01  -5.958511505230e+00
  1.316835265717e-01   -5.250381488400e-02   3.871270881123e+01  -5.958511505230e+00
  2.040935512667e-01   -7.752974184092e-02   3.700542857279e+01  -5.958511505230e+00
  3.279742795534e-01   -3.887580694384e-02   4.585542935595e+01  -8.778224107486e+00
  3.396283513972e-01    4.254707324578e-03   4.958725258258e+01  -8.778224107486e+00
  1.842196516975e-01    2.457393297192e-03   4.954051474271e+01  -8.778224107486e+00
  3.278274215667e-01   -3.914144324849e-02   4.589174608055e+01  -8.378018090508e+00
  1.754184152652e-01   -2.473321414835e-02   4.555633668846e+01  -8.378018090508e+00
  2.966690668895e-01   -7.225736572559e-02   4.240914172763e+01  -8.378018090508e+00
  3.414242366327e-01    4.026741238998e-03   4.955085837464e+01  -2.564911233994e+00
  3.908495012464e-01   -3.666622421467e-02   4.614022975756e+01  -2.564911233994e+00
  3.893531912505e-01    4.692040045900e-03   4.960652016623e+01  -2.564911233994e+00
  2.684820577769e-01   -1.166295674562e-02   4.731968549885e+01   1.463564758859e+00
  3.894136299539e-01    4.008711128858e-03   4.958509798077e+01   1.463564758859e+00
  3.906245869607e-01   -3.583699330947e-02   4.618362035687e+01   1.463564758859e+00
  3.902903526621e-01    4.474254268421e-03   4.959439709056e+01   2.425581343113e+00
  2.675759615886e-01   -1.209575149523e-02   4.730929815650e+01   2.425581343113e+00
  2.663185721579e-01    1.610404482026e-02   5.187592503477e+01   2.425581343113e+00
  3.414830184801e-01    4.883082656473e-03   4.961086315238e+01  -2.609694002135e+00
  3.893275964366e-01    4.260483368594e-03   4.957876213182e+01  -2.609694002135e+00
  3.890948684939e-01    4.694519127893e-02   5.303781212836e+01  -2.609694002135e+00
  3.918312066478e-01   -3.652478266401e-02   4.615944386259e+01  -3.549194841979e+00
  3.403168152074e-01    3.786416238105e-03   4.953583441006e+01  -3.549194841979e+00
  3.280106969944e-01   -3.877759825347e-02   4.590902658011e+01  -3.549194841979e+00
  1.831668767326e-01    2.402984721354e-03   4.953700026541e+01  -8.542323165092e+00
  1.745283549387e-01   -2.475962971533e-02   4.558949576829e+01  -8.542323165092e+00
  3.288153684796e-01   -3.897030303012e-02   4.586061681423e+01  -8.542323165092e+00
  3.792935954223e-01   -7.145563886688e-02   4.304893345102e+01  -2.869708285255e+00
  2.970736083902e-01   -7.247992848412e-02   4.243311091676e+01  -2.869708285255e+00
  3.438780910555e-01   -9.607546744136e-02   4.019915215055e+01  -2.869708285255e+00
  2.973513597780e-01   -7.242400678529e-02   4.241629418774e+01  -8.003224571924e+00
  1.746524443695e-01   -2.465053389502e-02   4.554892890243e+01  -8.003224571924e+00
  1.559840810981e-01   -4.428893407080e-02   4.189067682920e+01  -8.003224571924e+00
  3.898635651374e-01   -3.676915939483e-02   4.616871958488e+01   1.228040673874e+00
  3.803961105004e-01   -7.092132697565e-02   4.305547162128e+01   1.228040673874e+00
  2.475755736674e-01   -2.904740665993e-02   4.321707939121e+01   1.228040673874e+00
  3.914102467822e-01   -3.608953034052e-02   4.619362362418e+01  -2.685295771292e+00
  3.282553624565e-01   -3.923136413200e-02   4.587501340930e+01  -2.685295771292e+00
  3.786928382162e-01   -7.183897898381e-02   4.299797860361e+01  -2.685295771292e+00
  2.519586920612e-01   -8.706909912060e-02   3.943788181814e+01  -3.817379846098e+00
  3.447376212991e-01   -9.612455852730e-02   4.022162474701e+01  -3.817379846098e+00
  2.960794301781e-01   -7.254015604049e-02   4.241152882282e+01  -3.817379846098e+00
  3.910697354177e-01   -3.640927914180e-02   4.618184158112e+01   2.430960514468e+00
  2.458263144090e-01   -2.927782781330e-02   4.319596001881e+01   2.430960514468e+00
  2.679406042211e-01   -1.118568142797e-02   4.732113924987e+01   2.430960514468e+00
  3.799582247220e-01   -7.117990895988e-02   4.304711139041e+01   1.943042537387e+00
  3.231751150554e-01   -6.501564886627e-02   4.076238389863e+01   1.943042537387e+00
  2.477617266625e-01   -2.865433108373e-02   4.321762505719e+01   1.943042537387e+00
  3.794966718686e-01   -7.180056921485e-02   4.302092583822e+01  -3.812396697701e+00
  3.273875304254e-01   -3.942538007805e-02   4.585329085104e+01  -3.812396697701e+00
  2.970637681947e-01   -7.219263504640e-02   4.246047933663e+01  -3.812396697701e+00
  1.567459750415e-01   -4.443181328021e-02   4.186313033798e+01  -7.468763647160e+00
  2.516277266291e-01   -8.713631560919e-02   3.939188596340e+01  -7.468763647160e+00
  2.964360075965e-01   -7.239526615205e-02   4.244349399115e+01  -7.468763647160e+00
  1.786339569347e-01   -2.461208458208e-02   3.775973089186e+01   4.721071765121e+00
  6.870251121247e-04    2.179016817708e-04   3.776160855717e+01   4.721071765121e+00
  2.111898467451e-01   -3.119938766188e-02   3.996440817407e+01   4.721071765121e+00
  2.959943865534e-01   -9.459114603113e-02   3.786045653042e+01  -3.381404405009e+00
  2.510172504582e-01   -8.715839087624e-02   3.939744593364e+01  -3.381404405009e+00
  2.043828928268e-01   -7.745532691170e-02   3.703991413872e+01  -3.381404405009e+00
  1.004567534606e-03    6.198218483252e-04   4.951163612397e+01  -1.281604235775e+01
  5.695787961722e-04   -4.753199017831e-04   4.557220989107e+01  -1.281604235775e+01
  1.756060266749e-01   -2.418869814043e-02   4.554929444217e+01  -1.281604235775e+01
  2.316888336460e-01   -1.983013764513e-03   3.563939687572e+01  -8.122113792434e-01
  2.538576172141e-01   -6.100413309782e-02   3.628751412204e+01  -8.122113792434e-01
  1.689203411144e-01   -4.578961399664e-02   3.547247693699e+01  -8.122113792434e-01
  8.736478468204e-02   -2.615439192216e-02   3.485589560014e+01  -1.570833533005e+00
  1.548363675300e-01   -1.139952196123e-03   3.495667877531e+01  -1.570833533005e+00
  1.685569282001e-01   -4.575083192745e-02   3.546990322306e+01  -1.570833533005e+00
  2.952147792011e-01   -9.457969396139e-02   3.784066143193e+01  -2.623176119853e+00
  3.446010002198e-01   -9.597243652936e-02   4.024379537934e+01  -2.623176119853e+00
  2.519389171846e-01   -8.715798720073e-02   3.941667060817e+01  -2.623176119853e+00
  2.043548077443e-01   -7.742515591530e-02   3.702282899017e+01  -1.855415513518e+00
  2.535477103582e-01   -6.114968557744e-02   3.626636270603e+01  -1.855415513518e+00
  2.958439302754e-01   -9.446749360603e-02   3.787677273699e+01  -1.855415513518e+00
  3.277877931713e-01   -6.623901599217e-02   3.685226437420e+01  -7.927522041690e-01
  2.949871443108e-01   -9.411775751546e-02   3.785952809709e+01  -7.927522041690e-01
  2.548091134881e-01   -6.145827598550e-02   3.630798652936e+01  -7.927522041690e-01
  2.961982763481e-01   -9.451803131286e-02   3.788010815490e+01  -1.083136648572e+00
  3.312823024889e-01   -8.469205342253e-02   3.855360494127e+01  -1.083136648572e+00
  3.435360776998e-01   -9.579757202367e-02   4.022348915786e+01  -1.083136648572e+00
  3.276611072725e-01   -6.654079884016e-02   3.684692427791e+01   6.519649853852e-02
  2.548738531659e-01   -6.097706443108e-02   3.630891246276e+01   6.519649853852e-02
  3.051456336591e-01   -3.099467756070e-02   3.604427989493e+01   6.519649853852e-02
  2.036448344493e-01   -7.739547199134e-02   3.700916902611e+01  -2.442656140202e+00
  1.688102750682e-01   -4.592993555212e-02   3.548029928438e+01  -2.442656140202e+00
  2.540789171862e-01   -6.110627391989e-02   3.627862744905e+01  -2.442656140202e+00
  2.365560194858e-01   -1.989676485935e-02   3.553405002415e+01   1.943679210876e+00
  3.190733748740e-01   -2.717275944637e-02   3.543802115528e+01   1.943679210876e+00
  2.337150964953e-01   -8.931111307404e-03   3.411232119814e+01   1.943679210876e+00
  4.222887393592e-01    3.805472634241e-03   2.980954672358e+01  -2.551033887564e+00
  2.302742576527e-03    5.895820372991e-04   3.074781859460e+01  -2.551033887564e+00
  4.095254980337e-03   -4.694872578136e-04   2.737991643742e+01  -2.551033887564e+00
  3.266995997971e-01   -6.540061062334e-02   3.683190845560e+01   1.299849029494e+00
  3.531483388684e-01   -2.174521014326e-02   3.534688061646e+01   1.299849029494e+00
  3.194680011682e-01   -2.742295757541e-02   3.544808131924e+01   1.299849029494e+00
  3.260489506958e-01   -6.563382452581e-02   3.682151693990e+01  -3.886452988390e-02
  3.065512101758e-01   -3.169107985752e-02   3.607297920623e+01  -3.886452988390e-02
  3.536834502167e-01   -2.195219530216e-02   3.535733841896e+01  -3.886452988390e-02
  3.542002305788e-01   -2.162547601202e-02   3.536277036013e+01  -1.647909628681e-02
  3.551683561939e-01   -3.369412304910e-03   3.520729307047e+01  -1.647909628681e-02
  3.837702169682e-01    3.339017816505e-03   3.417573807698e+01  -1.647909628681e-02
  3.311863956225e-01   -8.477258541610e-02   3.855107450675e+01  -2.285723613896e-01
  2.961238144280e-01   -9.424734619667e-02   3.787857323597e+01  -2.285723613896e-01
  3.265929281720e-01   -6.596608341849e-02   3.682365674802e+01  -2.285723613896e-01
  3.519033398816e-01   -2.893043221757e-03   3.297997939150e+01   5.587141955566e-01
  3.541378501624e-01   -2.143118132953e-02   3.536941675825e+01   5.587141955566e-01
  3.842549892990e-01    3.149175510793e-03   3.417422165570e+01   5.587141955566e-01
  3.542922818090e-01   -2.260772007270e-02   3.535764090160e+01   2.732455479389e-01
  3.062708284642e-01   -3.079596350504e-02   3.607360022480e+01   2.732455479389e-01
  3.552000061414e-01   -2.637908594792e-03   3.520873401368e+01   2.732455479389e-01
  2.536532785698e-01   -6.062906585804e-02   3.628544825175e+01  -4.801266557128e-01
  2.321417341094e-01   -2.364730834688e-03   3.565913820273e+01  -4.801266557128e-01
  3.058895687817e-01   -3.113432560046e-02   3.606829865974e+01  -4.801266557128e-01
  2.991424305774e-01   -5.642144212268e-02   3.755478647822e+01   1.085793655767e+00
  3.279904128906e-01   -6.580070345963e-02   3.684573750962e+01   1.085793655767e+00
  3.184832148846e-01   -2.741615892740e-02   3.543267458472e+01   1.085793655767e+00
  3.312941828537e-01   -8.443693873289e-02   3.855329370211e+01   1.368201624657e+00
  2.993313239559e-01   -5.595219662572e-02   3.756596206742e+01   1.368201624657e+00
  2.954254509129e-01   -5.840560735872e-02   3.896551293519e+01   1.368201624657e+00
  3.306041695069e-01   -8.437102862603e-02   3.854680286233e+01   1.243124244796e+00
  3.272601622462e-01   -6.614863496836e-02   3.683302641201e+01   1.243124244796e+00
  2.999278434619e-01   -5.614256751630e-02   3.757447837818e+01   1.243124244796e+00
  3.240138449189e-01   -6.478011571850e-02   4.078626369203e+01   2.979267621263e+00
  2.955054078155e-01   -5.836497830544e-02   3.896626252255e+01   2.979267621263e+00
  2.114836295666e-01   -3.132464315254e-02   3.997444138996e+01   2.979267621263e+00
  2.954641905878e-01   -5.831409947022e-02   3.896983343979e+01   1.055069197087e+00
  3.240885189553e-01   -6.504811978294e-02   4.078487644870e+01   1.055069197087e+00
  3.312878521919e-01   -8.468207513184e-02   3.854689627725e+01   1.055069197087e+00
  1.785930689282e-01   -2.459803896740e-02   3.776053297735e+01   2.904479459665e+00
  2.110887824648e-01   -3.142050177867e-02   3.996330473027e+01   2.904479459665e+00
  2.959087130289e-01   -5.824894592151e-02   3.897490175538e+01   2.904479459665e+00
  3.246761408597e-01   -6.476489314409e-02   4.078700972493e+01   2.801448262102e+00
  2.107342421787e-01   -3.137612877283e-02   3.996595441440e+01   2.801448262102e+00
  2.451100887994e-01   -2.875466392318e-02   4.318923559310e+01   2.801448262102e+00
  2.951549647793e-01   -5.822044026575e-02   3.896895152391e+01   2.873863598670e+00
  2.998874963336e-01   -5.590839749794e-02   3.756960680051e+01   2.873863598670e+00
  1.794473891542e-01   -2.467875026865e-02   3.777073834319e+01   2.873863598670e+00
  3.304207394822e-01   -8.475171536168e-02   3.852955862930e+01   5.161089096947e-01
  3.251386881353e-01   -6.504092924210e-02   4.080113504734e+01   5.161089096947e-01
  3.447837121781e-01   -9.560975052064e-02   4.024450084784e+01   5.161089096947e-01
  2.371226274700e-01   -1.955003047227e-02   3.554574523677e+01   2.218000851289e+00
  2.988577216679e-01   -5.586336400297e-02   3.755700153392e+01   2.218000851289e+00
  3.185957753658e-01   -2.774932570318e-02   3.543286245688e+01   2.218000851289e+00
  2.234037509214e-01   -3.265214581950e-03   3.290029878787e+01   3.261624099634e+00
  9.455433677222e-04    1.675765096358e-04   3.276457716881e+01   3.261624099634e+00
  2.337974784756e-01   -8.911547271881e-03   3.412027678301e+01   3.261624099634e+00
  2.232950163568e-01   -3.256970311868e-03   3.288715027650e+01   1.816609186333e+00
  3.512105542675e-01   -2.755568914608e-03   3.296226007787e+01   1.816609186333e+00
  3.081993406391e-01   -4.129010973132e-03   3.088302304682e+01   1.816609186333e+00
  9.313364664058e-04   -1.729927338541e-04   3.552742931491e+01   3.348237208423e+00
  2.347589954394e-01   -9.050821333385e-03   3.411286566410e+01   3.348237208423e+00
  1.970559160234e-04    1.709654114916e-04   3.275902154392e+01   3.348237208423e+00
  3.009568087225e-01    2.896849432570e-03   2.188128970899e-03   9.954808129791e-01
  3.568852951856e-01    3.438948259206e-03   2.312381348399e+00   9.954808129791e-01
  4.038581154243e-01    9.705490631307e-04   2.414914860656e-02   9.954808129791e-01
 -3.969238493373e-04   -4.737289432177e-04   6.086199976780e+01   3.962984037495e+00
  1.584406714709e-01    2.716370143196e-02   6.032565042674e+01   3.962984037495e+00
  6.320271149512e-04    2.654381742364e-04   6.009073259993e+01   3.962984037495e+00
  3.544644465389e-01   -4.621859163926e-03   2.749026668753e+01  -2.704902966709e+00
  4.191374531791e-01    3.473997272707e-03   2.980183691622e+01  -2.704902966709e+00
  6.101193924765e-03   -5.429457261571e-04   2.738016181963e+01  -2.704902966709e+00
  2.364155944633e-01   -1.980902552642e-02   3.552966636846e+01   2.831505475250e+00
  1.791246540439e-01   -2.495345225643e-02   3.776033142062e+01   2.831505475250e+00
  2.999401851259e-01   -5.562524187961e-02   3.756798506040e+01   2.831505475250e+00
  4.183682208776e-01    7.793576709405e-04   1.255465940843e+01   5.016212482126e-02
  3.844078754131e-01   -1.883596947382e-03   1.051636021997e+01   5.016212482126e-02
  3.683406067258e-01    1.932927416602e-03   1.010139086838e+01   5.016212482126e-02
 -2.664024456694e-04    9.415742104503e-05   3.774105433653e+01   5.299803800529e+00
  1.467867635248e-03   -2.708526792348e-05   4.208396329790e+01   5.299803800529e+00
  2.125786052260e-01   -3.111643868551e-02   3.997046077907e+01   5.299803800529e+00
  3.979857279506e-01   -1.916945616617e-03   2.789602128310e+01   2.828124681354e+00
  6.819071637790e-03   -5.401753953638e-04   3.057568628481e+01   2.828124681354e+00
  3.054568555990e-01   -4.241196505562e-03   3.086314795938e+01   2.828124681354e+00
  3.451637348747e-01   -9.568639420499e-02   4.025203769745e+01  -2.796991854955e-01
  3.247135189932e-01   -6.500359657654e-02   4.079568936489e+01  -2.796991854955e-01
  3.779717437201e-01   -7.145002088341e-02   4.302326659886e+01  -2.796991854955e-01
  3.555523140229e-01   -3.178452376194e-03   3.522192082202e+01  -1.221870341529e-01
  3.055987222223e-01   -3.026643016582e-02   3.606445166487e+01  -1.221870341529e-01
  2.998465458385e-01    2.443591197463e-02   3.607367781723e+01  -1.221870341529e-01
  1.717701505294e-03   -4.468817391659e-04   4.210685192706e+01   5.555794713899e+00
  2.681407496677e-01   -1.208946233357e-02   4.731181596969e+01   5.555794713899e+00
  2.449253735666e-01   -2.834527526915e-02   4.319703661222e+01   5.555794713899e+00
  4.146918239812e-01    3.788820387102e-03   2.974878481291e+01   7.349403233832e-01
  3.127515264821e-01   -4.139412338577e-03   3.087507494303e+01   7.349403233832e-01
  3.892531140394e-01    8.167024710926e-04   3.293053516612e+01   7.349403233832e-01
  3.589440414048e-01    3.344542793339e-02   4.627010812791e+01  -2.192350661299e+00
  3.557320908672e-01   -2.221123828578e-03   4.978771694940e+01  -2.192350661299e+00
  2.111213086820e-01    1.008077725813e-02   4.736442147002e+01  -2.192350661299e+00
  3.702919057097e-03    1.630251124142e-04   2.116522811224e+00   2.707249612073e+00
  3.578736722248e-01    3.417770305260e-03   2.296668461498e+00   2.707249612073e+00
  3.007887293159e-01    2.940684241921e-03  -9.820058082518e-03   2.707249612073e+00
  3.882545195528e-01    8.686607096321e-04   3.292047626268e+01   5.034786691316e-01
  3.520037970663e-01   -2.993255352430e-03   3.297598965971e+01   5.034786691316e-01
  3.839522901862e-01    3.091237660297e-03   3.417232476271e+01   5.034786691316e-01
  4.643099758615e-01    3.459727970809e-03   8.033258219299e+00   2.066573922314e+00
  3.824958828311e-01    5.945701545911e-03   4.787029914797e+00   2.066573922314e+00
  1.470410724451e-02   -2.847892561969e-04   7.410466119007e+00   2.066573922314e+00
  3.904042537179e-01    7.894819931391e-04   3.293419752428e+01   5.850129897355e-01
  3.109761175282e-01   -4.105646152238e-03   3.088119517377e+01   5.850129897355e-01
  3.497974218773e-01   -2.816003657395e-03   3.297591533301e+01   5.850129897355e-01
  3.082914992748e-01   -4.025657047993e-03   3.083016071818e+01   6.213322906263e-01
  4.176165160256e-01    3.385503222868e-03   2.974261289458e+01   6.213322906263e-01
  3.950380066340e-01   -1.963274002771e-03   2.787833013065e+01   6.213322906263e-01
  3.835340737973e-01    3.199610858063e-03   3.417203356930e+01  -1.151896477355e+00
  3.391246534153e-01    1.801854975644e-02   3.526769839141e+01  -1.151896477355e+00
  2.941483127791e-01    2.320114884597e-02   3.547833008979e+01  -1.151896477355e+00
  3.306424135899e-01    6.280836533705e-03   3.281416374759e+01  -8.423798600719e-01
  3.887485560151e-01    7.086312808896e-04   3.292041536935e+01  -8.423798600719e-01
  3.832166891618e-01    3.365020606238e-03   3.418222465988e+01  -8.423798600719e-01
  2.937593135866e-01    2.287547795979e-02   3.548378231762e+01  -1.811399990282e+00
  2.043832248629e-01    7.960002658540e-03   3.422788312829e+01  -1.811399990282e+00
  3.843965766762e-01    3.566260279123e-03   3.417451810542e+01  -1.811399990282e+00
  3.760588698009e-04   -2.500528577639e-04   3.398023105083e+01  -3.445467174238e+00
  2.068993120528e-01    1.476763862780e-02   3.543338874719e+01  -3.445467174238e+00
  4.737336185081e-04    8.430684797061e-05   3.551648131871e+01  -3.445467174238e+00
  2.058982039924e-01    1.472339878499e-02   3.542966679172e+01  -3.463739868233e+00
  1.089996679697e-03   -3.083911015719e-04   3.398704128479e+01  -3.463739868233e+00
  2.020646471350e-01    7.668108558795e-03   3.421125953774e+01  -3.463739868233e+00
  3.510394245470e-01   -2.483518009844e-03   3.297441860887e+01   9.508198777613e-01
  3.180340778774e-01   -2.690697824964e-02   3.542647407451e+01   9.508198777613e-01
  3.545590229863e-01   -2.177705334902e-02   3.537054961970e+01   9.508198777613e-01
  2.231571898369e-01   -3.222385905999e-03   3.289573349028e+01   1.923399936218e+00
  2.337585173277e-01   -9.054559799149e-03   3.412913392673e+01   1.923399936218e+00
  3.517470051595e-01   -2.756022381036e-03   3.296966800802e+01   1.923399936218e+00
  3.568497526455e-01    3.017658239542e-03   2.322028488726e+00   3.128960339928e-01
  3.843674828511e-01    6.273444949792e-03   4.927667562538e+00   3.128960339928e-01
  4.044917260995e-01    5.198088975362e-03   3.047555013818e+00   3.128960339928e-01
  5.715354427137e-03    2.834795253861e-04   2.456384462574e+01   2.678211281816e+00
  4.097146615601e-01   -7.297345618199e-03   2.230245739950e+01   2.678211281816e+00
  2.600107797474e-04    2.393127462728e-04   2.184822372962e+01   2.678211281816e+00
  1.098065541916e-02   -1.854598328169e-04   2.483084189449e+01  -2.168158565843e+00
  4.633548090979e-01   -5.058535669660e-03   2.498344552526e+01  -2.168158565843e+00
  3.551187631618e-01   -4.354848815169e-03   2.758017550395e+01  -2.168158565843e+00
  4.596387311853e-01   -5.147349280135e-03   2.499345252860e+01   2.140291805540e+00
  1.164328258366e-02    2.285607853970e-04   2.473543347435e+01   2.140291805540e+00
  3.969643119763e-01   -1.624542934625e-03   2.802144202285e+01   2.140291805540e+00
  3.654858783629e-01    2.086838941889e-04   1.429936156470e+01  -5.621946145147e-01
  4.254377055490e-01    1.367720874603e-03   1.576211499107e+01  -5.621946145147e-01
  3.645428133117e-01    4.272248781258e-03   1.728224049222e+01  -5.621946145147e-01
  3.685329292832e-01    2.046250267725e-03   1.010719080656e+01   2.678637033877e+00
 -1.393386692096e-04   -4.324523613750e-05   1.007788003973e+01   2.678637033877e+00
  4.382988780028e-03    1.848167814346e-04   1.264944836379e+01   2.678637033877e+00
  3.244233150331e-01   -5.637120387724e-03   2.000712922211e+01  -7.323751651050e-01
  4.244217032459e-01   -5.632607263252e-03   1.903691402724e+01  -7.323751651050e-01
  4.097196416377e-01   -8.936086221752e-03   2.243567749038e+01  -7.323751651050e-01
  4.218155147524e-01    1.114451545750e-03   1.560412892551e+01   2.081310512577e+00
  1.359058397741e-02   -6.670136825645e-04   1.898078322459e+01   2.081310512577e+00
  4.282340457459e-01   -5.351122406995e-03   1.902264791467e+01   2.081310512577e+00
  3.628973519587e-01    1.776298815793e-04   1.426518926869e+01  -5.915208974705e-01
  3.790872144367e-01   -1.712542917201e-03   1.050487289522e+01  -5.915208974705e-01
  4.220153107817e-01    5.001080371299e-04   1.254363647211e+01  -5.915208974705e-01
  4.291804420822e-01   -5.995336138816e-03   1.909876330334e+01   2.022948057692e+00
  1.238443249310e-02   -9.418874881156e-05   1.911661972281e+01   2.022948057692e+00
  4.059522236182e-01   -8.051486401619e-03   2.249854039350e+01   2.022948057692e+00
  4.083644176028e-01    4.626626325481e-03   3.047357193459e+00  -2.641851779898e+00
  4.045968220249e-03    3.026115566131e-04   5.087308859593e+00  -2.641851779898e+00
  2.567294221432e-03   -4.166762061393e-04   1.904725233317e+00  -2.641851779898e+00
  4.717316105744e-03   -3.561487462547e-04   4.678264029877e+00   2.591084119830e+00
  3.842368001474e-01    5.617773606854e-03   4.901201163205e+00   2.591084119830e+00
  3.573959236488e-01    3.242240282361e-03   2.304255809804e+00   2.591084119830e+00
  2.226240592459e-03   -1.842640233651e-04   4.680976679204e+00   2.735415513324e+00
  3.600137717290e-01    3.321856002031e-03   2.298628031380e+00   2.735415513324e+00
  1.819879042125e-03    1.850410008159e-04   2.133861861283e+00   2.735415513324e+00
  4.015076661305e-01    8.589359467928e-04   2.421344548184e-02   3.538474462961e-01
  3.592641481538e-01    3.498688634383e-03   2.300761716887e+00   3.538474462961e-01
  4.017940506300e-01    4.484703981731e-03   3.042233099515e+00   3.538474462961e-01
 -2.714659054730e-04    9.496636642562e-05   1.000622374735e+01   2.677526813317e+00
  3.679544049307e-01    1.957585110236e-03   1.023305735510e+01   2.677526813317e+00
  6.252881216277e-03    2.020497015731e-05   7.581362943817e+00   2.677526813317e+00
  3.876462737053e-01    6.668692279201e-03   4.927347662834e+00  -2.653785773021e-01
  4.560440487007e-01    3.318938461438e-03   8.082378369058e+00  -2.653785773021e-01
  3.532972965787e-01    9.259735226010e-03   5.878613846235e+00  -2.653785773021e-01
  3.869756318983e-01    5.487632761789e-03   4.848020159979e+00   2.619178124164e+00
  1.446332430347e-03   -3.107299693707e-04   4.724311812275e+00   2.619178124164e+00
  6.404848702624e-03   -1.912519675165e-04   7.400116422823e+00   2.619178124164e+00
  3.889720801437e-01    6.717115347798e-03   4.920919003647e+00  -2.529808411078e-01
  3.526705156490e-01    9.297263849573e-03   5.803984817839e+00  -2.529808411078e-01
  4.013722206139e-01    5.242661341457e-03   3.010205790993e+00  -2.529808411078e-01
  1.248134160192e-03    1.708978440178e-04   5.077654051711e+00  -2.916544515926e+00
  3.526589882251e-01    8.543568741084e-03   5.768913291326e+00  -2.916544515926e+00
  2.833530594797e-03   -3.036753865287e-04   7.723473227387e+00  -2.916544515926e+00
  8.615393365515e-03   -5.581112695685e-04   7.741307607667e+00  -2.437708964351e+00
  3.495765519260e-01    8.646389384346e-03   5.749604990927e+00  -2.437708964351e+00
  4.590091645938e-01    2.993926510116e-03   8.042316786293e+00  -2.437708964351e+00
  4.019574461117e-01   -1.847067643242e-03   2.791932110842e+01   2.772889333296e+00
  7.994112987008e-04    2.669491503760e-04   2.764926098124e+01   2.772889333296e+00
  3.753579925803e-03   -3.269619939823e-04   3.055857913462e+01   2.772889333296e+00
  3.582169734531e-01   -4.198587556693e-03   2.751460219503e+01  -2.990937862979e-01
  3.992517565675e-01   -1.818410686581e-03   2.790211941736e+01  -2.990937862979e-01
  4.140361550627e-01    3.246826365277e-03   2.980419156079e+01  -2.990937862979e-01
  1.419981203909e-03    6.586388852974e-05   2.169945838394e+01  -2.811311318929e+00
  3.611878766041e-01   -8.519725723818e-03   2.251605949290e+01  -2.811311318929e+00
  3.884583021234e-03    6.138411825783e-05   2.473997752057e+01  -2.811311318929e+00
  3.984253802401e-01   -1.656421183362e-03   2.789944498140e+01  -4.132328914658e-01
  3.595097770662e-01   -4.178072881062e-03   2.745426032445e+01  -4.132328914658e-01
  4.564368671582e-01   -5.032963311190e-03   2.496354267288e+01  -4.132328914658e-01
  3.582108315381e-01   -4.709249075135e-03   2.753317478658e+01  -2.720780345917e+00
  1.165152779927e-03   -3.163105581539e-04   2.737823400054e+01  -2.720780345917e+00
  4.439055075105e-03   -1.069750902726e-04   2.485340109974e+01  -2.720780345917e+00
  3.778623373091e-03   -1.219817683163e-04   7.845233276271e+00  -2.914622457388e+00
  3.849426137020e-01   -1.860287245232e-03   1.052383922413e+01  -2.914622457388e+00
  4.132321052161e-04    1.262773645898e-05   1.098298296252e+01  -2.914622457388e+00
  5.860756932894e-04    1.294946471404e-04   2.761111079112e+01   2.769115254000e+00
  4.014203463170e-01   -1.557949773202e-03   2.798152712392e+01   2.769115254000e+00
  5.320796513968e-03    1.484431522256e-04   2.474523129397e+01   2.769115254000e+00
  3.692147804903e-01    1.846446988998e-03   1.014077051820e+01   2.353001396622e-01
  3.829335922496e-01   -1.933679015322e-03   1.042530784572e+01   2.353001396622e-01
  4.559151992216e-01    2.781839392779e-03   8.014959464731e+00   2.353001396622e-01
  1.367366290536e-02    9.740878194332e-06   7.551662065062e+00   1.887188931410e+00
  3.637360094185e-01    1.806184224981e-03   1.031122312739e+01   1.887188931410e+00
  4.650129968618e-01    3.121889933193e-03   8.058368230188e+00   1.887188931410e+00
  3.652872097387e-01    1.968884834248e-03   1.003499555206e+01   2.096831257103e+00
  1.000246156150e-02    4.405977205731e-04   1.267103299543e+01   2.096831257103e+00
  4.219202995016e-01    1.034525275337e-03   1.251230783634e+01   2.096831257103e+00
  3.657029412963e-01    4.078667596328e-04   1.430003875869e+01  -2.875442933429e+00
  3.647992752901e-01    3.966599302586e-03   1.727788017419e+01  -2.875442933429e+00
  5.433822398658e-03   -3.227828317129e-05   1.644757317213e+01  -2.875442933429e+00
  4.274474150096e-01    1.133033789764e-03   1.580136851086e+01   2.515240288824e+00
  6.014897161792e-03    2.961957265885e-04   1.280535085699e+01   2.515240288824e+00
  8.497045079924e-04   -1.303328224629e-04   1.586575949620e+01   2.515240288824e+00
  7.054741808879e-04   -6.104783040859e-05   1.099608075906e+01  -2.912207763525e+00
  3.838237862871e-01   -1.680330015916e-03   1.050836153855e+01  -2.912207763525e+00
  3.257559159473e-03    1.360727027106e-04   1.362174770311e+01  -2.912207763525e+00
  3.597115485237e-01   -9.061910244233e-03   2.264670648071e+01  -5.329009995159e-01
  4.074787840541e-01   -8.472958251190e-03   2.238145488984e+01  -5.329009995159e-01
  4.553070619241e-01   -5.152181158771e-03   2.495040874684e+01  -5.329009995159e-01
  1.146879684807e-02   -6.836589648140e-06   2.473803920999e+01  -2.288310413032e+00
  3.562840190036e-01   -8.550198921248e-03   2.248059257922e+01  -2.288310413032e+00
  4.626968097221e-01   -5.246799626759e-03   2.495461969201e+01  -2.288310413032e+00
  3.483827937328e-03    2.326648315442e-04   2.166090079534e+01  -2.853028821567e+00
  3.185320146367e-01   -5.021375360516e-03   2.008120950104e+01  -2.853028821567e+00
  3.592068359749e-01   -8.814012180533e-03   2.254933732607e+01  -2.853028821567e+00
  3.196898354963e-01   -4.356532014642e-03   2.010977860951e+01  -3.105782643121e+00
  9.925566410504e-04   -6.616950715652e-06   2.165557826273e+01  -3.105782643121e+00
  1.248746677365e-03    2.784200213988e-04   1.940911704872e+01  -3.105782643121e+00
  1.938505165850e-03   -1.403232363645e-04   1.643710590158e+01  -2.910254773289e+00
  3.680490698973e-01    4.039268845184e-03   1.728411179707e+01  -2.910254773289e+00
  2.162849990750e-03    1.179561616794e-04   1.940403703321e+01  -2.910254773289e+00
  3.667455133915e-01    4.593243811828e-03   1.733521890651e+01  -5.097827911993e-01
  4.222686711075e-01    1.369388305180e-03   1.568427468594e+01  -5.097827911993e-01
  4.253480236470e-01   -5.087424123644e-03   1.901208826497e+01  -5.097827911993e-01
  6.642177074085e-03   -4.286970635738e-04   1.895395133432e+01   2.516154653529e+00
  4.272381375433e-01    8.588384371433e-04   1.567753016482e+01   2.516154653529e+00
  7.579886921383e-04    5.460517153081e-06   1.593819136277e+01   2.516154653529e+00
  8.748542547837e-05    4.425093517695e-04   2.178110416788e+01   2.681025525703e+00
  4.099120428862e-01   -7.498701088516e-03   2.241637132476e+01   2.681025525703e+00
  5.657487985868e-03   -1.452602479810e-05   1.913212411392e+01   2.681025525703e+00
  3.644087289149e-01    4.250923116581e-03   1.730224474369e+01  -2.905169861444e+00
  3.161715280242e-01   -4.334865242278e-03   2.011400844924e+01  -2.905169861444e+00
  5.091273926511e-03    3.566389914736e-04   1.941171411886e+01  -2.905169861444e+00
  3.629454957328e-01    4.590285032654e-03   1.731741882697e+01  -9.358950281993e-01
  4.281558973330e-01   -5.413382701614e-03   1.900167893062e+01  -9.358950281993e-01
  3.174993888771e-01   -4.879056808338e-03   2.007738318437e+01  -9.358950281993e-01
  3.680923866516e-01    4.740652996059e-04   1.429485165901e+01  -2.873654523395e+00
  2.452190160663e-03    2.973573531358e-05   1.645161343028e+01  -2.873654523395e+00
  1.908118454922e-03    7.674098123405e-05   1.361057627011e+01  -2.873654523395e+00
  3.801362338084e-01   -1.681801281155e-03   1.050354671599e+01  -2.813742931867e+00
  3.627505611054e-01    3.018395811105e-04   1.427333872175e+01  -2.813742931867e+00
  6.598753898150e-03    2.004162352808e-04   1.362067827063e+01  -2.813742931867e+00
  4.220958410540e-01    1.253435285651e-03   1.582851754810e+01  -5.107131459248e-01
  3.680000898556e-01    4.016480628716e-05   1.426062312015e+01  -5.107131459248e-01
  4.183679231164e-01    6.079843606799e-04   1.255740549231e+01  -5.107131459248e-01
