
  8.791466398012e-04   -1.057537476542e-03   1.096407315613e+02  -6.147637980966e+00
  2.779330369759e-01   -9.656186057336e-04   1.104865002543e+02  -6.147637980966e+00
 -1.514794436220e-04    4.326373598582e-04   1.099543868506e+02  -6.147637980966e+00
  3.364729068697e-01   -4.744862077579e-02   1.014445627830e+02  -1.118547472306e+01
 -2.491502237202e-04   -9.633693393938e-06   1.056352967775e+02  -1.118547472306e+01
  9.439298845038e-04    2.096026940051e-05   1.012903278522e+02  -1.118547472306e+01
  2.777064720381e-01    5.954498314005e-04   1.104945149460e+02  -6.457330394072e+00
  4.526741531690e-01   -9.545920274175e-02   1.103146362811e+02  -6.457330394072e+00
  4.855752687660e-01   -1.249524192297e-03   1.119736958901e+02  -6.457330394072e+00
  4.544837979642e-01   -9.463217390849e-02   1.102872462507e+02  -6.108277586300e+00
  2.762212638687e-01   -2.432294722231e-04   1.105364627579e+02  -6.108277586300e+00
  2.120208892523e-01   -3.789057534276e-02   1.093593777063e+02  -6.108277586300e+00
  5.639496506709e-01   -1.179110055588e-01   1.128128694387e+02  -4.298243500453e+00
  4.857777362302e-01   -1.219439595915e-03   1.120258070304e+02  -4.298243500453e+00
  4.529226743985e-01   -9.624593216646e-02   1.102834699584e+02  -4.298243500453e+00
  7.075834857053e-01    7.280647199596e-03   5.508739321699e+00  -4.696696205501e+00
  9.629024733770e-03   -6.108331583232e-04   3.447551728626e+00  -4.696696205501e+00
  5.189992768088e-01   -7.352146491805e-03  -3.216165438704e-02  -4.696696205501e+00
  2.125382905444e-01   -3.729953077353e-02   1.093518821953e+02  -5.887566499854e+00
  4.345001078669e-01   -1.044368429651e-01   1.081931731109e+02  -5.887566499854e+00
  4.544437037746e-01   -9.522007513992e-02   1.102754684558e+02  -5.887566499854e+00
  6.730707603815e-01    6.429574617552e-03   6.194207978847e+01  -2.666808203866e+00
  3.582779958468e-01    1.418604810768e-02   6.203457455266e+01  -2.666808203866e+00
  5.769115506192e-01    1.096791986889e-02   5.948768516865e+01  -2.666808203866e+00
  2.622494116896e-01   -5.109085258658e-02   1.065320559371e+02  -5.628139946908e+00
  3.367254299044e-01   -4.770126154404e-02   1.014406034483e+02  -5.628139946908e+00
  4.917929038678e-01   -1.166868141227e-01   1.052748406876e+02  -5.628139946908e+00
  9.523376052158e-04    2.121312249935e-04   1.084523446702e+02  -8.061446862623e+00
  2.614154734015e-01   -5.083004236672e-02   1.065494540016e+02  -8.061446862623e+00
  2.118327931889e-01   -3.758647894040e-02   1.093794560228e+02  -8.061446862623e+00
  4.351148094872e-01   -1.045165161796e-01   1.081840198478e+02  -2.883218463174e+00
  4.909247426082e-01   -1.173222985393e-01   1.052790242996e+02  -2.883218463174e+00
  5.342295624531e-01   -1.573874619735e-01   1.093341898845e+02  -2.883218463174e+00
  4.908504736035e-01   -1.167625691160e-01   1.052813419906e+02  -6.028289504837e+00
  4.350910726298e-01   -1.046284664386e-01   1.081878344523e+02  -6.028289504837e+00
  2.632608537861e-01   -5.102021019047e-02   1.065158033851e+02  -6.028289504837e+00
  5.692124267310e-01   -1.772060637477e-01   1.064250370980e+02  -1.837264519905e+00
  5.327567672081e-01   -1.574901701095e-01   1.093673402974e+02  -1.837264519905e+00
  4.927951634907e-01   -1.173092566129e-01   1.052484558750e+02  -1.837264519905e+00
  4.350234243423e-01   -1.046656031222e-01   1.081858989870e+02  -3.667739619958e+00
  5.343052189421e-01   -1.570391016956e-01   1.093342807717e+02  -3.667739619958e+00
  4.535438032491e-01   -9.545117089529e-02   1.102950607959e+02  -3.667739619958e+00
  5.697968010737e-01   -1.773575343020e-01   1.064070000360e+02  -4.425174850981e-01
  4.921920764594e-01   -1.171946906971e-01   1.052644321968e+02  -4.425174850981e-01
  6.110510994612e-01   -1.318362639513e-01   1.014245136198e+02  -4.425174850981e-01
  2.622188191377e-01   -5.125689523843e-02   1.065420288462e+02  -5.787744209921e+00
  4.357397329815e-01   -1.043827562543e-01   1.081740093652e+02  -5.787744209921e+00
  2.112750094508e-01   -3.731042308460e-02   1.093846409618e+02  -5.787744209921e+00
  1.000756737327e-03   -2.791195088103e-04   8.829752447784e+01  -1.229109741315e+01
  5.654510770305e-04    4.983988952951e-04   7.588615479348e+01  -1.229109741315e+01
  3.699768682067e-01    1.806369478907e-02   8.536919186049e+01  -1.229109741315e+01
  5.624858231289e-01   -1.181953013879e-01   1.128070832693e+02  -3.693942259725e+00
  4.544682682678e-01   -9.569586133215e-02   1.102735921701e+02  -3.693942259725e+00
  5.331823180265e-01   -1.570739474761e-01   1.093483294221e+02  -3.693942259725e+00
  6.255450243670e-01   -2.479803871989e-03   1.145910518482e+02  -2.412976798597e+00
  5.607731818485e-01   -1.170612429297e-01   1.128058642069e+02  -2.412976798597e+00
  5.790877792380e-01   -5.185331107251e-02   1.153103631209e+02  -2.412976798597e+00
  6.240466940782e-01   -6.733873262314e-04   1.145641646304e+02  -5.349907049636e+00
  4.871661842328e-01   -6.688908485962e-04   1.120131598034e+02  -5.349907049636e+00
  5.622657318928e-01   -1.179331320096e-01   1.128301023776e+02  -5.349907049636e+00
  6.263210596542e-01   -2.437240865022e-03   1.146154934359e+02  -2.508676510314e+00
  5.786021912724e-01   -5.128417166020e-02   1.153080086611e+02  -2.508676510314e+00
  6.935413248325e-01    8.393974410276e-04   1.165373908479e+02  -2.508676510314e+00
  5.764551261010e-01   -4.959813331505e-02   1.153108158815e+02  -1.346200933361e+00
  5.639306747699e-01   -1.188074772034e-01   1.127966734380e+02  -1.346200933361e+00
  4.666275216520e-01   -1.105493442903e-01   1.140252934620e+02  -1.346200933361e+00
  4.462383618527e-01    8.459951023953e-03   1.152978465779e+02   2.136024275317e-01
  5.778654367359e-01   -4.978765320258e-02   1.152642264958e+02   2.136024275317e-01
  4.643398600356e-01   -1.097299167368e-01   1.140609668936e+02   2.136024275317e-01
  5.772013601059e-01   -4.798790762156e-02   1.152930848709e+02  -8.093451294673e-01
  5.862561703843e-01    6.144177591921e-02   1.152393108385e+02  -8.093451294673e-01
  6.941607943145e-01   -2.179626308758e-03   1.165331588753e+02  -8.093451294673e-01
  5.639173808002e-01   -1.183834841758e-01   1.127875115425e+02   3.076292531058e-01
  5.068324136367e-01   -1.749830441791e-01   1.108911036693e+02   3.076292531058e-01
  4.666072346438e-01   -1.113458097123e-01   1.140303377645e+02   3.076292531058e-01
  3.917934804339e-01   -5.716482060193e-03   5.962219683273e+01   5.002544028109e+00
  5.395073452412e-01   -7.681685125497e-03   5.599442692884e+01   5.002544028109e+00
  5.960269854012e-03   -5.810179422141e-04   5.537043955570e+01   5.002544028109e+00
  3.611584136314e-01   -1.431882557045e-01   1.123779194643e+02   5.286788106417e+00
  5.088201274826e-01   -1.757935336545e-01   1.108950540664e+02   5.286788106417e+00
  4.300236868867e-01   -1.613506234740e-01   1.079432766511e+02   5.286788106417e+00
  5.090520290704e-01   -1.752023174022e-01   1.108644209557e+02  -8.633301169925e-01
  5.614513338848e-01   -1.179193173234e-01   1.128276892158e+02  -8.633301169925e-01
  5.342809781850e-01   -1.576294625293e-01   1.093328115159e+02  -8.633301169925e-01
  1.605157163285e-01   -4.494366572673e-02   1.162673299354e+02   5.789565125340e+00
  3.109934279233e-01   -8.153401647416e-02   1.153461342600e+02   5.789565125340e+00
  1.880436446114e-01   -8.381503600717e-02   1.136295530018e+02   5.789565125340e+00
  3.107472130751e-01   -8.117476037290e-02   1.153118471066e+02   3.815206120910e+00
  4.649759914429e-01   -1.104938318200e-01   1.140718584866e+02   3.815206120910e+00
  3.596801707658e-01   -1.430929907728e-01   1.124338123308e+02   3.815206120910e+00
  3.604293739923e-01   -1.429941736833e-01   1.124028125997e+02   6.452910159002e+00
  1.890444961551e-01   -8.398060501207e-02   1.136136049867e+02   6.452910159002e+00
  3.101395421251e-01   -8.146495519129e-02   1.153579947553e+02   6.452910159002e+00
  3.107976820860e-01   -8.093447281005e-02   1.153245399979e+02   8.044617416713e-01
  4.452403244490e-01    9.101405928569e-03   1.153347236902e+02   8.044617416713e-01
  4.647909333219e-01   -1.103200960763e-01   1.140582452328e+02   8.044617416713e-01
  5.689641324039e-01   -1.778544742593e-01   1.064211524676e+02   3.757129530464e+00
  4.317477980534e-01   -1.613578826383e-01   1.079101545975e+02   3.757129530464e+00
  5.073350859040e-01   -1.757746291321e-01   1.109291397945e+02   3.757129530464e+00
  3.609839822955e-01   -1.430958324617e-01   1.124080427594e+02   2.336277037479e+00
  4.640093584151e-01   -1.106543545651e-01   1.140953796873e+02   2.336277037479e+00
  5.086522868213e-01   -1.756160609570e-01   1.108650128458e+02   2.336277037479e+00
  5.669220500709e-01   -1.775327305850e-01   1.064576348783e+02   8.963895676326e-01
  5.091810397804e-01   -1.756903970414e-01   1.108587240368e+02   8.963895676326e-01
  5.344578996088e-01   -1.574076448755e-01   1.093308532375e+02   8.963895676326e-01
  3.102682253090e-01   -8.080785924425e-02   1.153273295323e+02   2.373436162130e+00
  1.608951199804e-01   -4.543737347887e-02   1.162898697718e+02   2.373436162130e+00
  2.943712635186e-01    6.801738905885e-03   1.163657841442e+02   2.373436162130e+00
  6.143851221588e-01   -1.313882092962e-01   1.013782331904e+02  -4.084830126145e+00
  4.895384227646e-01   -1.170987344889e-01   1.053231628056e+02  -4.084830126145e+00
  3.407494832059e-01   -4.752762080344e-02   1.013830221269e+02  -4.084830126145e+00
  7.017186180605e-01    7.461318758525e-03   5.534736224820e+00  -1.851808869622e+00
  5.215966790251e-01   -7.259490315947e-03   4.618640977383e-03  -1.851808869622e+00
  7.051028741763e-01    1.636566330944e-03   6.747637893921e-02  -1.851808869622e+00
  6.256627247182e-01   -6.996517841984e-02   9.584854405324e+01  -3.857485676119e+00
  3.655965917460e-01   -2.032605223755e-02   9.392174330013e+01  -3.857485676119e+00
  6.229115041944e-01   -5.919045456390e-03   8.965640249904e+01  -3.857485676119e+00
  6.242855707497e-01   -7.149888639152e-02   9.587890414681e+01  -2.961897182706e+00
  6.151821522756e-01   -1.309163613140e-01   1.013574151777e+02  -2.961897182706e+00
  3.403454439698e-01   -4.824801559703e-02   1.013940726089e+02  -2.961897182706e+00
  5.692056875403e-01   -1.780878770799e-01   1.064645616920e+02   5.922577743361e+00
  4.990771263945e-01   -1.355292867109e-01   1.024161459944e+02   5.922577743361e+00
  4.318043857360e-01   -1.612046802525e-01   1.078686269748e+02   5.922577743361e+00
  5.008766920264e-01   -1.354796484351e-01   1.023787494583e+02   4.259700444072e+00
  5.676131003250e-01   -1.779427369029e-01   1.065039616537e+02   4.259700444072e+00
  6.134353917605e-01   -1.319350251996e-01   1.013761840452e+02   4.259700444072e+00
  5.486338903227e-01   -7.864046036073e-02   9.622846791266e+01   5.805631562866e+00
  5.008045305164e-01   -1.349893977025e-01   1.023266354703e+02   5.805631562866e+00
  6.138462352210e-01   -1.325162016994e-01   1.014290402912e+02   5.805631562866e+00
  2.651093909460e-01   -8.220464541554e-02   1.032960462148e+02   1.265194251965e+01
  4.311726686533e-01   -1.612691969152e-01   1.079523577259e+02   1.265194251965e+01
  4.997805531512e-01   -1.353115292939e-01   1.023559479053e+02   1.265194251965e+01
  6.124124255014e-01   -1.324917940407e-01   1.014695441979e+02   3.862715577349e+00
  6.270235496666e-01   -7.042577526685e-02   9.582305749338e+01   3.862715577349e+00
  5.501559280492e-01   -7.836805691880e-02   9.619033066613e+01   3.862715577349e+00
  6.264381226419e-01   -7.091633216192e-02   9.585156284842e+01  -5.319987419484e+00
  3.375561597779e-01   -4.865432154692e-02   1.014464354965e+02  -5.319987419484e+00
  3.642731797544e-01   -1.953308644626e-02   9.392506932101e+01  -5.319987419484e+00
  5.699177456413e-01   -6.715193837503e-03   8.968375915125e+01   5.236261066380e+00
  5.496806422268e-01   -7.755382315802e-02   9.612987585722e+01   5.236261066380e+00
  6.278072646724e-01   -7.122444300013e-02   9.588159158588e+01   5.236261066380e+00
  1.062749942558e-03   -6.049377395953e-04   8.954735977999e+01   2.269257359906e+01
  3.168240891049e-01   -2.231266624363e-03   8.962104734802e+01   2.269257359906e+01
  9.834622573727e-04    1.381352928537e-03   8.257034800689e+01   2.269257359906e+01
  5.509407621531e-01   -7.796120422254e-02   9.621147627301e+01   1.426989723027e+01
  3.156009108241e-01   -3.278622695974e-03   8.963127008575e+01   1.426989723027e+01
  2.969745241450e-01   -5.018808427336e-02   9.659736846648e+01   1.426989723027e+01
  3.172145320881e-01   -3.216328489302e-03   8.962700313640e+01   1.433667941520e+01
  5.495647413434e-01   -7.776510478473e-02   9.621942931981e+01   1.433667941520e+01
  5.686437575346e-01   -5.838860867955e-03   8.959710216476e+01   1.433667941520e+01
  2.970373717877e-01   -4.965426778577e-02   9.664797243728e+01   2.443339279443e+01
  3.150948381471e-01   -4.302073048233e-03   8.954288392920e+01   2.443339279443e+01
  2.297915446425e-03   -1.398031451953e-03   9.665754980548e+01   2.443339279443e+01
  5.494744475316e-01   -7.820159820793e-02   9.615763390473e+01   1.397656869370e+01
  2.981528255766e-01   -5.015982888600e-02   9.665785056192e+01   1.397656869370e+01
  4.999811305877e-01   -1.350129450370e-01   1.024176027191e+02   1.397656869370e+01
  5.486701336890e-01    6.582957497815e-02   8.301652418804e+01   1.427917568645e+01
  3.171015027603e-01   -3.454269758515e-03   8.953950534664e+01   1.427917568645e+01
  5.686783640443e-01   -5.318280607559e-03   8.961989561489e+01   1.427917568645e+01
  5.718387131204e-01   -6.380474875272e-03   8.965812805813e+01   3.516309994849e+00
  6.260997250845e-01   -7.139997900786e-02   9.591536701740e+01   3.516309994849e+00
  6.226960234553e-01   -4.799857733469e-03   8.962089159498e+01   3.516309994849e+00
  3.640766115718e-01   -2.092037969840e-02   9.393452551484e+01  -5.549725598949e+00
  3.680680799434e-01    1.810830043508e-02   8.535827473502e+01  -5.549725598949e+00
  6.244881802920e-01   -5.220834373786e-03   8.964509012561e+01  -5.549725598949e+00
  2.638499408602e-01   -8.196433889128e-02   1.032429095519e+02   1.352771887541e+01
  5.013170134836e-01   -1.353355856019e-01   1.024050341364e+02   1.352771887541e+01
  2.965786229109e-01   -5.001691589961e-02   9.667144678329e+01   1.352771887541e+01
  5.408818447460e-05   -1.943249870801e-04   1.136274059448e+02   1.322302741184e+01
  1.902303612393e-01   -8.446466670845e-02   1.136397252644e+02   1.322302741184e+01
  1.379752014755e-03   -7.925295711392e-04   1.092941649867e+02   1.322302741184e+01
  1.884674647645e-01   -8.350083615304e-02   1.135843890840e+02   9.305260511983e+00
  3.615059260613e-01   -1.435936877694e-01   1.124329737606e+02   9.305260511983e+00
  2.266473333947e-01   -9.572396743354e-02   1.091165086208e+02   9.305260511983e+00
  3.135001584048e-01   -4.238809872027e-02   6.839043301039e+01   7.825827303097e+00
  1.285539843549e-04    5.035352171710e-04   6.443699183324e+01   7.825827303097e+00
  9.268458590503e-04   -1.618649055265e-04   6.841432327170e+01   7.825827303097e+00
  1.225043511525e-03   -1.775446726734e-03   1.167353136812e+02   4.241483784978e+00
  1.523926967621e-01    3.284492746277e-03   1.172838398428e+02   4.241483784978e+00
  1.601256941841e-01   -4.434170532637e-02   1.162771016005e+02   4.241483784978e+00
  8.158337801258e-04   -7.090864723051e-04   1.136694170777e+02   1.071999346402e+01
 -3.775337499436e-04    5.011172632522e-04   1.167044033323e+02   1.071999346402e+01
  1.887169157843e-01   -8.343612858224e-02   1.135973386355e+02   1.071999346402e+01
  3.476202602827e-01    6.758538432262e-02   1.055585503272e+02   8.109369040370e+00
  1.521860978798e-03   -2.804393546302e-04   1.077571108923e+02   8.109369040370e+00
  2.773143247704e-01    4.848896799370e-02   1.082186678883e+02   8.109369040370e+00
  1.892051063726e-01   -8.395777842736e-02   1.136456485744e+02   1.629624934326e+01
  2.263697039461e-01   -9.535478968670e-02   1.090676916973e+02   1.629624934326e+01
  2.390088346642e-03   -1.351559760802e-03   1.092746720357e+02   1.629624934326e+01
  4.568910322319e-04    8.764507925758e-05   1.166969356652e+02   8.425499728978e+00
  1.606614901298e-01   -4.535024534477e-02   1.162860730806e+02   8.425499728978e+00
  1.876342527468e-01   -8.302453892068e-02   1.136043419157e+02   8.425499728978e+00
  1.665475425320e-03    1.992172846282e-04   9.674711787363e+01   2.123780889940e+01
  3.047112212939e-04   -1.315389272732e-03   1.034046817066e+02   2.123780889940e+01
  2.973663689038e-01   -5.114007378359e-02   9.659334695493e+01   2.123780889940e+01
  6.715548894770e-04   -1.226754711842e-03   9.664768233977e+01   2.272752591185e+01
  3.168023379012e-01   -4.301216415987e-03   8.954294042531e+01   2.272752591185e+01
  1.139892476904e-03    5.188040213880e-04   8.962550408903e+01   2.272752591185e+01
  4.668451012169e-01    2.784834928224e-02   9.330718568390e+01   9.498890860840e+00
  3.587500009840e-03    5.043265801368e-04   1.005292252540e+02   9.498890860840e+00
  4.134902742974e-01    6.231658368292e-02   1.003850199770e+02   9.498890860840e+00
  3.300362920369e-04   -6.813104791386e-04   1.091934010097e+02   1.732074002550e+01
  2.284689303311e-01   -9.575682298581e-02   1.091234644942e+02   1.732074002550e+01
  1.948648503014e-03   -2.654692416240e-04   1.035529865931e+02   1.732074002550e+01
  2.019732028295e-03   -1.927329193284e-03   1.034116167638e+02   2.217977701259e+01
  2.638697991221e-01   -8.137209439701e-02   1.032897939995e+02   2.217977701259e+01
  2.957767671250e-01   -5.081923306255e-02   9.659526564256e+01   2.217977701259e+01
  3.641095463570e-01   -1.982010987069e-02   9.393238483588e+01  -1.123001512288e+01
  3.561220969543e-03    4.735655872887e-04   8.833298352564e+01  -1.123001512288e+01
  3.676732461446e-01    1.725047840115e-02   8.535933664777e+01  -1.123001512288e+01
  2.627704699906e-01   -5.070391278645e-02   1.065314469804e+02  -8.742540887812e+00
 -2.033747875592e-04    1.385307391903e-04   1.084757743086e+02  -8.742540887812e+00
  1.012844531971e-03   -3.944421960897e-05   1.056358408694e+02  -8.742540887812e+00
  3.565042062509e-03   -9.068719914768e-04   1.035351621442e+02   2.015850419227e+01
  2.271882247970e-01   -9.525008201831e-02   1.091312382984e+02   2.015850419227e+01
  2.629850302782e-01   -8.188885031295e-02   1.032489772104e+02   2.015850419227e+01
  2.265278721437e-01   -9.549074477049e-02   1.090643019016e+02   1.186419964829e+01
  4.323126071150e-01   -1.615727717527e-01   1.079404246723e+02   1.186419964829e+01
  2.637012116306e-01   -8.193110240010e-02   1.033091112673e+02   1.186419964829e+01
  3.379033000227e-01   -4.732240473822e-02   1.014593204602e+02  -1.122820703469e+01
  3.544392354865e-03    7.436888627674e-04   9.534135953700e+01  -1.122820703469e+01
  3.632592366967e-01   -2.031275293269e-02   9.392460642363e+01  -1.122820703469e+01
  5.717706623200e-01   -4.845534894248e-03   8.955954378720e+01   3.464061284872e+00
  6.227169823757e-01   -5.590168111067e-03   8.966586745237e+01   3.464061284872e+00
  6.288473154452e-01    5.937737149901e-02   8.337096541273e+01   3.464061284872e+00
  2.277162085053e-01   -9.595727521588e-02   1.091047092989e+02   1.002795125115e+01
  3.605711417891e-01   -1.434081812967e-01   1.124439117025e+02   1.002795125115e+01
  4.307425828156e-01   -1.611923755709e-01   1.078988516073e+02   1.002795125115e+01
 -1.096423262112e-04   -2.271780173878e-04   1.012846632012e+02  -1.128850904897e+01
  2.099699662292e-03    5.278222358465e-04   9.535486127697e+01  -1.128850904897e+01
  3.390897807708e-01   -4.695170278312e-02   1.014511165811e+02  -1.128850904897e+01
  1.532080956372e-01    3.179893341466e-03   1.172788613145e+02   1.274843602313e+00
  4.512181843553e-04   -1.463415441195e-03   1.167493846142e+02   1.274843602313e+00
  1.988643162586e-04    6.107214108796e-04   1.173997969758e+02   1.274843602313e+00
  5.911833137270e-01    1.409779707854e-01   1.124426389459e+02   1.058020735564e+00
  5.852241129159e-01    6.379776692578e-02   1.152211375322e+02   1.058020735564e+00
  4.785956932235e-01    1.303260257240e-01   1.138054502566e+02   1.058020735564e+00
  5.862740627097e-01    6.195797071703e-02   1.152304700156e+02   1.215526577437e+00
  6.941288189314e-01    1.938466942553e-03   1.159991980881e+02   1.215526577437e+00
  6.945046045949e-01   -2.554052242592e-03   1.165605913232e+02   1.215526577437e+00
  6.930475436576e-01   -5.750073663483e-04   1.159861680300e+02   4.250527398931e+00
  5.869311951256e-01    1.393649163289e-01   1.124880275823e+02   4.250527398931e+00
  6.253555450893e-01    1.152718544906e-03   1.133292988009e+02   4.250527398931e+00
  5.875782100239e-01    1.391788200888e-01   1.124795485225e+02   1.400725013961e+00
  6.924675023860e-01   -1.604562977761e-05   1.159909791902e+02   1.400725013961e+00
  5.871924090188e-01    6.509076232385e-02   1.152122056207e+02   1.400725013961e+00
  6.238484920800e-01    6.350944390138e-04   1.133371840300e+02   5.784152334410e+00
  5.901157933975e-01    1.403563528584e-01   1.124690858315e+02   5.784152334410e+00
  4.876494376154e-01    5.994833200913e-04   1.106230552092e+02   5.784152334410e+00
  4.078341308402e-03   -2.133907402234e-04   3.460289606793e+00  -5.100781952403e+00
 -8.517174438451e-05    1.162971115628e-04   2.130471907003e-02  -5.100781952403e+00
  5.230153559959e-01   -7.328154283574e-03  -1.324347794129e-02  -5.100781952403e+00
  5.867346523138e-01    6.412460602555e-02   1.151797985224e+02  -4.485999985060e-01
  4.462628620998e-01    1.016855734321e-02   1.153002713695e+02  -4.485999985060e-01
  4.762605099612e-01    1.294678043148e-01   1.138418426611e+02  -4.485999985060e-01
  5.862709832270e-01    6.426889812828e-02   1.152220462746e+02  -1.280312788078e-01
  5.773456317892e-01   -5.002666329280e-02   1.152983016036e+02  -1.280312788078e-01
  4.471899073695e-01    9.350201107758e-03   1.152679380635e+02  -1.280312788078e-01
  3.171573167154e-01    9.604474799824e-02   1.151960191047e+02  -1.313112238221e+00
  4.766851976818e-01    1.300292225629e-01   1.138419710174e+02  -1.313112238221e+00
  4.452874820410e-01    9.547013678225e-03   1.153356419299e+02  -1.313112238221e+00
  3.725852436061e-01    1.571535159434e-01   1.120981565043e+02  -7.299353954424e+00
  3.165671943621e-01    9.657231908805e-02   1.152328795433e+02  -7.299353954424e+00
  1.928954220630e-01    8.916253827688e-02   1.132733580148e+02  -7.299353954424e+00
  4.759645862449e-01    1.304347936960e-01   1.138808121991e+02  -2.923730892231e+00
  3.731938432471e-01    1.573717079869e-01   1.121069733608e+02  -2.923730892231e+00
  5.320107635678e-01    1.967980738558e-01   1.104591205880e+02  -2.923730892231e+00
  3.718860856352e-01    1.573250469093e-01   1.121319641134e+02  -4.292673005102e+00
  4.769268875468e-01    1.303091129547e-01   1.138574249886e+02  -4.292673005102e+00
  3.170704429478e-01    9.620503008385e-02   1.151825531934e+02  -4.292673005102e+00
  6.033200081899e-01    1.981919889733e-01   1.058934234096e+02  -4.413681835588e+00
  5.307075031323e-01    1.969702390573e-01   1.105238021589e+02  -4.413681835588e+00
  4.499664435126e-01    1.752583733221e-01   1.075304477068e+02  -4.413681835588e+00
  4.785398170502e-01    1.310545992860e-01   1.138151803319e+02  -6.889914145552e-01
  5.302306284067e-01    1.962337947575e-01   1.104835618507e+02  -6.889914145552e-01
  5.912060214952e-01    1.405650914124e-01   1.124247994636e+02  -6.889914145552e-01
  3.165490449969e-01    9.586120403119e-02   1.152018260697e+02  -2.997721540142e+00
  2.944166286960e-01    7.843364130255e-03   1.163642565390e+02  -2.997721540142e+00
  1.638703950112e-01    5.429222850921e-02   1.162435938032e+02  -2.997721540142e+00
  3.161317354472e-01    9.598669263322e-02   1.152195131909e+02  -1.693095707695e+00
  4.462895634263e-01    9.447279104800e-03   1.153113189415e+02  -1.693095707695e+00
  2.947303478284e-01    7.459400505947e-03   1.163287346202e+02  -1.693095707695e+00
  4.462459201342e-01    9.265022814638e-03   1.153113807965e+02   1.264387858188e+00
  3.097795819357e-01   -8.092435195931e-02   1.153469378110e+02   1.264387858188e+00
  2.947513397808e-01    7.181990533451e-03   1.163287308756e+02   1.264387858188e+00
  5.887138002143e-01    1.400912807120e-01   1.124579207894e+02   4.405517870950e-01
  5.324691712130e-01    1.964756348776e-01   1.104605155098e+02   4.405517870950e-01
  5.723850916235e-01    1.808226612886e-01   1.087043162704e+02   4.405517870950e-01
  4.855205540889e-01    1.487458944826e-03   1.106037505806e+02   6.773542597131e+00
  4.971806133400e-01    1.122710347734e-01   1.094160467656e+02   6.773542597131e+00
  2.780136692923e-01   -1.056445664674e-03   1.090883092513e+02   6.773542597131e+00
  4.865712542736e-01    1.192058711223e-03   1.106401738741e+02   4.229410759082e+00
  5.915099083148e-01    1.401602048453e-01   1.124404217177e+02   4.229410759082e+00
  4.965758343608e-01    1.135447319814e-01   1.093924991376e+02   4.229410759082e+00
  2.773928935666e-01    9.131960903669e-04   1.090820590084e+02   7.040817387405e+00
  2.765299791899e-01    4.797050027597e-02   1.082243512107e+02   7.040817387405e+00
 -2.393033226869e-04   -1.264199000921e-03   1.091348626969e+02   7.040817387405e+00
  2.778741456488e-01    4.971513656336e-02   1.081990084447e+02   5.694431598675e+00
  2.767271700285e-01   -4.986887170208e-04   1.091230840524e+02   5.694431598675e+00
  4.987963794517e-01    1.116811163370e-01   1.093899408038e+02   5.694431598675e+00
  3.512377281302e-01    6.745562691471e-02   1.055457967450e+02   8.767053638165e+00
  3.146194018094e-03   -3.355831467827e-05   1.006065834512e+02   8.767053638165e+00
 -7.885803501120e-04   -9.455098181093e-05   1.078118868169e+02   8.767053638165e+00
  2.070264133300e-03   -1.981380882034e-04   5.536091954943e+01   5.622760812748e+00
  1.791334617156e-04    1.679667252697e-04   5.941544693844e+01   5.622760812748e+00
  3.939587304591e-01   -5.788440140473e-03   5.961869442887e+01   5.622760812748e+00
  4.985350781450e-01    1.125317294905e-01   1.093812862551e+02   5.584436166414e+00
  4.894770008770e-01    1.242803271374e-01   1.072891641056e+02   5.584436166414e+00
  2.785140056597e-01    4.889843503507e-02   1.081903053910e+02   5.584436166414e+00
  3.390542059442e-01    1.272581944988e-02   6.003657423321e+01  -5.649279159068e+00
 -7.938978000550e-05   -2.406112765559e-04   5.965489641508e+01  -5.649279159068e+00
  1.876952769403e-03    1.646301849867e-04   5.576729458848e+01  -5.649279159068e+00
  5.708184989228e-01    1.806586289453e-01   1.087378055343e+02   1.210683457012e+00
  6.036074874360e-01    1.975807142989e-01   1.058977086386e+02   1.210683457012e+00
  5.505758775677e-01    1.380801190477e-01   1.044758903419e+02   1.210683457012e+00
  6.012907406733e-01    1.978667364828e-01   1.059289312111e+02  -1.386540836834e+00
  5.725933034953e-01    1.806157632809e-01   1.087032473905e+02  -1.386540836834e+00
  5.325329403539e-01    1.969041432526e-01   1.104549004501e+02  -1.386540836834e+00
  4.900642009994e-01    1.245146454200e-01   1.072820725713e+02   5.243827196394e+00
  5.488212909993e-01    1.375534010256e-01   1.045132495189e+02   5.243827196394e+00
  3.480714043634e-01    6.780491659524e-02   1.055331748646e+02   5.243827196394e+00
  5.488144644088e-01    1.380934621618e-01   1.045071304648e+02   2.404520323447e+00
  4.901688111295e-01    1.244107880915e-01   1.072817440684e+02   2.404520323447e+00
  5.721903406223e-01    1.805559399780e-01   1.087048207775e+02   2.404520323447e+00
  3.471988139114e-01    6.797066754336e-02   1.055572786076e+02   4.910430037577e+00
  5.497950218030e-01    1.374440318175e-01   1.045065916190e+02   4.910430037577e+00
  4.138359935185e-01    6.297931962148e-02   1.003872615578e+02   4.910430037577e+00
  4.906474452244e-01    1.243146604195e-01   1.072673444340e+02   5.241124238449e+00
  3.473347727388e-01    6.799339345661e-02   1.055552736007e+02   5.241124238449e+00
  2.771832261060e-01    4.863728182236e-02   1.082241050292e+02   5.241124238449e+00
  6.041395438314e-01    1.976971882840e-01   1.058792530999e+02  -2.058115246243e-01
  6.562855905347e-01    1.493383749589e-01   1.008435784526e+02  -2.058115246243e-01
  5.500159623929e-01    1.380009109376e-01   1.044926065345e+02  -2.058115246243e-01
  5.723894578800e-01    1.803022778646e-01   1.087083093492e+02   3.278446571214e+00
  4.899742895788e-01    1.244893083482e-01   1.072810598239e+02   3.278446571214e+00
  4.975278334235e-01    1.128787352437e-01   1.094059614350e+02   3.278446571214e+00
  5.896887030014e-01    1.403272982448e-01   1.124341518261e+02   3.459449269297e+00
  5.713522242569e-01    1.803487634071e-01   1.087219945629e+02   3.459449269297e+00
  4.982963290079e-01    1.131218464068e-01   1.093856973072e+02   3.459449269297e+00
  3.495343306926e-01    6.778147150855e-02   1.055698699316e+02   1.009919833143e+01
  4.117527222886e-01    6.275999872126e-02   1.003784727286e+02   1.009919833143e+01
  5.690607203826e-03   -3.472205838180e-04   1.005570957708e+02   1.009919833143e+01
  5.322183415267e-01    1.970161237092e-01   1.104903092519e+02  -5.882612337937e+00
  3.733024906267e-01    1.573881358400e-01   1.120755412113e+02  -5.882612337937e+00
  4.482269552898e-01    1.752183356206e-01   1.075623013150e+02  -5.882612337937e+00
  1.100430636313e-02    2.906656145089e-04   9.220624892323e+00  -4.917959842701e+00
  7.108735649453e-01    8.807110406824e-03   5.536726477626e+00  -4.917959842701e+00
  6.124144493679e-01    1.566196323515e-02   1.049947587852e+01  -4.917959842701e+00
  1.524728895796e-01    5.203581411605e-03   1.172878530458e+02  -5.110526171717e+00
  1.005499715358e-03    1.481022104226e-03   1.165427841196e+02  -5.110526171717e+00
  1.632970400491e-01    5.335975125719e-02   1.162327090966e+02  -5.110526171717e+00
  1.532375305456e-01    5.286845145253e-03   1.172821362098e+02  -1.864683076885e+00
  2.090143891121e-04   -4.985522980321e-04   1.173977062350e+02  -1.864683076885e+00
  3.694836987659e-04    1.298827035824e-03   1.165596496364e+02  -1.864683076885e+00
  1.636299474900e-01    5.459066811108e-02   1.162735515923e+02  -1.140289730909e+01
  2.078596315620e-03    2.049874308498e-03   1.137377186712e+02  -1.140289730909e+01
  1.915963596113e-01    8.808851047297e-02   1.132467626232e+02  -1.140289730909e+01
  2.327850590412e-01    1.027488267712e-01   1.087475088301e+02  -1.511364686835e+01
  1.925179015957e-01    8.867742091811e-02   1.132705883734e+02  -1.511364686835e+01
  5.207016095431e-04    9.807318176582e-04   1.136613409895e+02  -1.511364686835e+01
  2.351315857144e-01    1.033309829538e-01   1.087781003550e+02  -1.079757632400e+01
  4.489684688026e-01    1.750901287648e-01   1.075174361348e+02  -1.079757632400e+01
  3.726956197683e-01    1.575227879858e-01   1.121404450369e+02  -1.079757632400e+01
  2.337988118417e-01    1.030574484413e-01   1.087942241235e+02  -1.003490929136e+01
  3.737703396064e-01    1.577509545757e-01   1.121282518354e+02  -1.003490929136e+01
  1.921351721925e-01    8.860452604293e-02   1.132397211943e+02  -1.003490929136e+01
  1.120424805469e-03    1.421096841317e-03   1.137550096246e+02  -8.249500299369e+00
  1.644610304352e-01    5.497156964681e-02   1.162643094352e+02  -8.249500299369e+00
  7.139039519591e-05   -1.799792426041e-04   1.164999956708e+02  -8.249500299369e+00
  3.174429588379e-01    9.672141642157e-02   1.152220822896e+02  -6.324087572717e+00
  1.632574680017e-01    5.369881464421e-02   1.162271646675e+02  -6.324087572717e+00
  1.918690781813e-01    8.888062286407e-02   1.132858695884e+02  -6.324087572717e+00
 -5.460329105302e-04    2.868298221978e-04   1.136631585245e+02  -1.614785228163e+01
  1.458596612153e-03    6.648098122840e-04   1.089892118593e+02  -1.614785228163e+01
  2.339563959522e-01    1.032250728743e-01   1.087405585397e+02  -1.614785228163e+01
  3.687462208684e-01    1.785970417028e-02   8.536036910332e+01  -1.042916735191e+01
  1.859919347740e-03    7.173381701342e-04   7.590169212657e+01  -1.042916735191e+01
  3.375331408004e-01    3.928101963937e-02   7.777524681695e+01  -1.042916735191e+01
  7.098210046488e-01   -1.338028614592e-02   4.030122557927e+01   3.811930908062e+00
  2.144262795292e-02    8.687482355542e-04   4.456607243367e+01   3.811930908062e+00
  8.032788979643e-01   -9.306613962825e-03   4.521213792052e+01   3.811930908062e+00
  2.772734233050e-01   -1.373683660470e-03   1.105064548280e+02  -7.546555853555e+00
  1.260204799425e-03   -7.862326390674e-04   1.096315234081e+02  -7.546555853555e+00
  2.108311002042e-01   -3.711523720266e-02   1.093789881125e+02  -7.546555853555e+00
  2.811501729251e-01    8.998969253590e-02   1.030349111811e+02  -2.126893677045e+01
  5.019987696732e-04    7.515220953286e-04   1.029622659681e+02  -2.126893677045e+01
  1.662951007248e-03   -4.974151326761e-04   9.639025249313e+01  -2.126893677045e+01
  2.795195105460e-01    9.110290949074e-02   1.029628639806e+02  -1.999776282470e+01
 -3.137817093078e-04    8.262250801577e-04   1.089266302998e+02  -1.999776282470e+01
  1.347641143725e-03    1.518028904422e-04   1.030333220295e+02  -1.999776282470e+01
  2.819978852731e-01    4.066603563449e-02   7.182152149053e+01  -8.284131383454e+00
  4.823014824194e-04   -3.970592522376e-04   6.823289660769e+01  -8.284131383454e+00
  2.360569718921e-01    3.173811764877e-02   6.798960440036e+01  -8.284131383454e+00
  2.345979005669e-01    1.027535424445e-01   1.087734075578e+02  -2.016345567669e+01
  1.003150348926e-03    1.427937672672e-03   1.089282137150e+02  -2.016345567669e+01
  2.779428252309e-01    9.062861715374e-02   1.029655173168e+02  -2.016345567669e+01
  5.162832941002e-01    4.059090834398e-02   6.432185287063e+01  -3.546500234521e+00
  3.603136344846e-01    2.623077428745e-02   6.422525920226e+01  -3.546500234521e+00
  3.561128304754e-01    1.346241235741e-02   6.203208269123e+01  -3.546500234521e+00
  3.100059631479e-01    5.189007981826e-02   9.634819275703e+01  -2.270652356581e+01
  1.094415342552e-03    8.975162885164e-04   9.627764445199e+01  -2.270652356581e+01
  1.685952549435e-03   -1.113035511743e-03   8.928971004341e+01  -2.270652356581e+01
  4.492461042150e-01    1.751127803555e-01   1.075707713889e+02  -1.327823464436e+01
  2.800709726476e-01    9.044207532388e-02   1.030164846801e+02  -1.327823464436e+01
  5.235710233419e-01    1.473682528674e-01   1.019710713013e+02  -1.327823464436e+01
  2.787401751906e-01    9.025210165707e-02   1.030297874069e+02  -1.267863109372e+01
  4.503574734967e-01    1.753882189027e-01   1.075592451516e+02  -1.267863109372e+01
  2.342343510419e-01    1.029506125593e-01   1.087317211451e+02  -1.267863109372e+01
  6.789569478588e-01    8.293429337215e-02   9.530554135797e+01   2.186664351533e+00
  4.180885277631e-01    6.352653751749e-02   1.003413959773e+02   2.186664351533e+00
  6.603191993686e-01    1.484488102781e-01   1.007799263192e+02   2.186664351533e+00
  4.183210518470e-01    6.280122902285e-02   1.003335780928e+02   3.390096519886e+00
  5.474112385701e-01    1.378918483705e-01   1.045521182768e+02   3.390096519886e+00
  6.596299105824e-01    1.489353912822e-01   1.007991921054e+02   3.390096519886e+00
  6.586257140148e-01    1.494100262163e-01   1.007950314200e+02  -5.013526931153e+00
  6.020184728529e-01    1.982833366206e-01   1.059749511089e+02  -5.013526931153e+00
  5.246491931809e-01    1.475374471672e-01   1.019922268684e+02  -5.013526931153e+00
  5.245426750277e-01    1.470324995908e-01   1.019411172468e+02  -6.580519361073e+00
  5.748765147093e-01    8.646900759320e-02   9.585042979202e+01  -6.580519361073e+00
  6.591039781511e-01    1.500094994712e-01   1.008474505429e+02  -6.580519361073e+00
  5.251249106283e-01    1.474366506216e-01   1.020213370254e+02  -1.418727750076e+01
  2.789153711246e-01    9.018011361981e-02   1.029654606736e+02  -1.418727750076e+01
  3.084585292218e-01    5.272920579353e-02   9.635133115587e+01  -1.418727750076e+01
  4.499630672115e-01    1.750925960295e-01   1.074893732660e+02  -6.596588839294e+00
  5.228617501744e-01    1.475804236637e-01   1.020292513835e+02  -6.596588839294e+00
  6.036143477616e-01    1.984374243735e-01   1.059362159514e+02  -6.596588839294e+00
  3.081579562979e-01    5.290014737774e-02   9.627843450524e+01  -1.499149299870e+01
  3.207515211200e-01    4.299341961620e-03   8.927781625999e+01  -1.499149299870e+01
  5.773591555544e-01    8.573948032413e-02   9.583548302461e+01  -1.499149299870e+01
  3.080573338192e-01    5.302097548320e-02   9.628639973442e+01  -2.432416191478e+01
  2.795642872926e-01    8.947834028156e-02   1.030390822934e+02  -2.432416191478e+01
  3.236307271046e-03   -7.487167400870e-05   9.637390079504e+01  -2.432416191478e+01
  6.823747089035e-01    8.257503957597e-02   9.531724397378e+01  -6.143369686857e+00
  5.758028334617e-01    8.539455050233e-02   9.575018132201e+01  -6.143369686857e+00
  5.958179092533e-01    9.581547872172e-03   8.933599419798e+01  -6.143369686857e+00
  5.763645684930e-01    8.620803768518e-02   9.581224696004e+01  -4.796184324738e+00
  6.814940105598e-01    8.180570262315e-02   9.525494682118e+01  -4.796184324738e+00
  6.576949704120e-01    1.499898945536e-01   1.008873407409e+02  -4.796184324738e+00
  4.674759853885e-01    2.768002010602e-02   9.329880638824e+01   2.516047045012e+00
  6.800961517886e-01    8.126023497034e-02   9.527375305981e+01   2.516047045012e+00
  6.815621165942e-01    9.306615528839e-03   8.930882743372e+01   2.516047045012e+00
  6.809586321502e-01    8.235323141897e-02   9.527824436465e+01   4.150367686725e+00
  4.664139427602e-01    2.667688570919e-02   9.329484838279e+01   4.150367686725e+00
  4.151528749719e-01    6.387970676332e-02   1.003850172914e+02   4.150367686725e+00
  5.944598391242e-01    8.759460842150e-03   8.924445414884e+01  -1.546355316624e+01
  5.758689925312e-01    8.550640380761e-02   9.584375271209e+01  -1.546355316624e+01
  3.225960693673e-01    4.281066128632e-03   8.927254111468e+01  -1.546355316624e+01
  3.098031720554e-01    5.292203407838e-02   9.633895345738e+01  -1.488314800520e+01
  5.755748256700e-01    8.599286378332e-02   9.577955167939e+01  -1.488314800520e+01
  5.239134432276e-01    1.471002239248e-01   1.020332562943e+02  -1.488314800520e+01
  3.724768595059e-03   -1.064426443920e-03   8.927658316725e+01  -2.545725354588e+01
  3.198377172722e-01    5.000094145446e-03   8.920543429888e+01  -2.545725354588e+01
  3.083355166101e-01    5.172386233639e-02   9.635101108354e+01  -2.545725354588e+01
  4.667000663681e-01    2.726086911009e-02   9.331099305556e+01   1.048072724988e+01
  4.686389209456e-01   -1.981633177329e-02   8.528405006802e+01   1.048072724988e+01
  4.784527127573e-03   -3.873974566376e-04   8.821057776717e+01   1.048072724988e+01
  3.788880746116e-03    1.080199950946e-03   8.914142121405e+01  -2.530778980770e+01
  3.057752859153e-01   -4.186680468771e-02   8.216648785682e+01  -2.530778980770e+01
  3.197955132525e-01    3.889183780817e-03   8.924639733338e+01  -2.530778980770e+01
  1.630923998523e-01    5.414832473785e-02   1.162552715406e+02  -1.900371571596e+00
  2.952648599072e-01    7.866045185839e-03   1.163550975188e+02  -1.900371571596e+00
  1.523787536433e-01    4.112853529065e-03   1.172515575200e+02  -1.900371571596e+00
  2.952547800795e-01    6.793012274593e-03   1.163564850116e+02   1.375806246855e+00
  1.600265561304e-01   -4.527359932877e-02   1.163021178330e+02   1.375806246855e+00
  1.523542527706e-01    4.407095067464e-03   1.172504622619e+02   1.375806246855e+00
  1.928236432539e-03   -6.330637680178e-04   8.824106530311e+01   1.167515687108e+01
  1.014794496898e-03    6.655831853515e-04   1.005443472477e+02   1.167515687108e+01
  4.693222401194e-01    2.763787259573e-02   9.330027454441e+01   1.167515687108e+01
  2.855799677730e-01    4.072762876041e-02   7.182909579574e+01  -9.527696202158e+00
  2.378750523612e-03   -2.414055835074e-05   7.592410596209e+01  -9.527696202158e+00
 -4.469145097212e-04   -9.813303410918e-06   7.144827446928e+01  -9.527696202158e+00
  6.804732543201e-01    1.149526694604e-03   5.964846014582e+01  -1.453253987758e+00
  5.784081187239e-01    1.116794638465e-02   5.946790897082e+01  -1.453253987758e+00
  7.248482705522e-01    6.945718135902e-03   5.393993178944e+01  -1.453253987758e+00
  6.305895560414e-01    5.912891793170e-02   8.340401004457e+01   5.287173857170e+00
  5.489050275837e-01    6.557764346887e-02   8.310544998897e+01   5.287173857170e+00
  5.698215478713e-01   -4.439829452343e-03   8.953438076445e+01   5.287173857170e+00
  6.292880168428e-01    5.888447690629e-02   8.343866590820e+01  -5.414243459611e+00
  3.689800843221e-01    1.661522630878e-02   8.537469484417e+01  -5.414243459611e+00
  3.387387968126e-01    4.046414847545e-02   7.777355141529e+01  -5.414243459611e+00
  2.937344436869e-01    4.203225190087e-02   8.256338527056e+01   2.406405881190e+01
  2.961437978969e-03    1.683439390698e-03   8.256161858948e+01   2.406405881190e+01
  3.149937484100e-01   -2.262067305800e-03   8.962073581785e+01   2.406405881190e+01
  3.154201598166e-01   -3.341125996631e-03   8.953448484777e+01   1.431913001860e+01
  5.500846825933e-01    6.598848436689e-02   8.302511754560e+01   1.431913001860e+01
  2.940463669023e-01    4.272819195163e-02   8.261384466720e+01   1.431913001860e+01
  2.954349006600e-01    4.277361638938e-02   8.255417473699e+01   1.391332928593e+01
  5.485565342551e-01    6.620681827958e-02   8.307810958072e+01   1.391332928593e+01
  4.976609342998e-01    1.215586038931e-01   7.688405467520e+01   1.391332928593e+01
  4.090718322891e-03   -2.691806914237e-05   8.243063536016e+01   2.280315131274e+01
  2.930640661400e-01    4.288071313133e-02   8.260585230037e+01   2.280315131274e+01
  2.654133679828e-01    7.638625161546e-02   7.596968433722e+01   2.280315131274e+01
  6.298900396222e-01    5.833348533711e-02   8.346163017860e+01   3.777960448828e+00
  6.171604593259e-01    1.159438695665e-01   7.773554084090e+01   3.777960448828e+00
  5.492958573289e-01    6.639396110506e-02   8.304662772454e+01   3.777960448828e+00
  8.795854054697e-04    1.320936941505e-04   1.056216168220e+02  -9.235508126384e+00
  3.351813751095e-01   -4.766094628032e-02   1.014516548370e+02  -9.235508126384e+00
  2.629565815803e-01   -5.096903968986e-02   1.065329613141e+02  -9.235508126384e+00
  3.465372734062e-01    1.305574354308e-01   6.733125187671e+01   5.411970554008e+00
  4.223233532507e-01    1.462741535064e-01   7.155627445923e+01   5.411970554008e+00
  4.950918657061e-01    1.552669091227e-01   6.866086545140e+01   5.411970554008e+00
  6.185824870499e-01    1.158797141713e-01   7.777607483807e+01   5.890783732055e+00
  4.983975148047e-01    1.213860624759e-01   7.697555208816e+01   5.890783732055e+00
  5.477468023927e-01    6.673206829921e-02   8.300895007923e+01   5.890783732055e+00
  2.657704403987e-01    7.716315771204e-02   7.599374351915e+01   1.232311164010e+01
  4.973571921033e-01    1.217783098298e-01   7.694487786336e+01   1.232311164010e+01
  4.233209766456e-01    1.461686507620e-01   7.154993716708e+01   1.232311164010e+01
  2.646180243751e-01    7.696617725608e-02   7.604159865771e+01   1.328916866482e+01
  2.939238711302e-01    4.265045748611e-02   8.254070711989e+01   1.328916866482e+01
  4.989064400532e-01    1.218333785228e-01   7.689684816892e+01   1.328916866482e+01
  5.689712028937e-01    1.567289574262e-01   7.282115127521e+01   6.049578964205e+00
  4.240193252998e-01    1.461183275174e-01   7.162837557132e+01   6.049578964205e+00
  4.966397508026e-01    1.219899765021e-01   7.688978941774e+01   6.049578964205e+00
  2.127318842537e-03   -4.201228941211e-04   8.241520317702e+01   2.000637169592e+01
  2.671139642412e-01    7.685303554908e-02   7.597401635044e+01   2.000637169592e+01
  2.667816840687e-04    6.587221449055e-04   7.604033615276e+01   2.000637169592e+01
  6.182759628425e-01    1.152671815200e-01   7.782502444181e+01   4.260320346831e+00
  5.674663520415e-01    1.566305983438e-01   7.278151551770e+01   4.260320346831e+00
  4.983734093237e-01    1.218843818265e-01   7.692776407145e+01   4.260320346831e+00
  6.270140174482e-01    5.948269604476e-02   8.341734488317e+01  -3.126408425594e+00
  3.419590004061e-01    4.009122537966e-02   7.780989576712e+01  -3.126408425594e+00
  6.203497065427e-01    1.143172071367e-01   7.783690535463e+01  -3.126408425594e+00
  8.285972787711e-04   -1.484721703655e-04   9.533371634367e+01  -1.214357849547e+01
  1.560132542189e-03    4.293924914478e-04   8.834459222067e+01  -1.214357849547e+01
  3.657827918787e-01   -1.961788094767e-02   9.392734488936e+01  -1.214357849547e+01
  2.198433865179e-01    8.700827995690e-02   7.054062092742e+01   1.172849988434e+01
  2.645323451397e-01    7.700067434589e-02   7.597909453149e+01   1.172849988434e+01
  4.243567806852e-01    1.464184746978e-01   7.156236129533e+01   1.172849988434e+01
  2.654239618305e-01    7.787731478546e-02   7.604231943490e+01   1.862358502271e+01
 -1.520871604317e-04    9.247844484334e-04   7.030758262089e+01   1.862358502271e+01
  1.192220128809e-03    7.692346444439e-05   7.597274309192e+01   1.862358502271e+01
  1.272279078070e-03    1.639059806473e-03   7.030615990257e+01   1.849870451326e+01
  2.638391753341e-01    7.739126841033e-02   7.603896415629e+01   1.849870451326e+01
  2.199969191227e-01    8.667109448548e-02   7.050270637254e+01   1.849870451326e+01
  2.120677971556e-01   -3.732403490568e-02   1.093638657219e+02  -7.060340481646e+00
 -4.062709030474e-05   -2.962338532159e-05   1.096629584108e+02  -7.060340481646e+00
  6.865500533496e-04   -6.667234294694e-05   1.084690266988e+02  -7.060340481646e+00
  1.815224264315e-01    7.811148843767e-02   6.613756201364e+01   1.251993063819e+01
 -1.220312269336e-04    1.188966903851e-04   6.613134927306e+01   1.251993063819e+01
  1.763191917593e-03    9.119599916032e-04   7.019281379891e+01   1.251993063819e+01
  1.798735119350e-01    7.716268519670e-02   6.617635037767e+01   1.007439536414e+01
 -4.473058659400e-04   -4.112462170955e-04   6.321141113723e+01   1.007439536414e+01
  7.779873598521e-04    6.222793606216e-04   6.609261806923e+01   1.007439536414e+01
  2.356651215029e-01    3.115545774597e-02   6.798544153489e+01  -7.845795580641e+00
  5.610266202888e-04    1.317262366103e-04   6.821943886130e+01  -7.845795580641e+00
 -1.664962082300e-04   -3.349566571487e-04   6.439014877512e+01  -7.845795580641e+00
  1.804055289252e-01    7.756638213113e-02   6.613226304456e+01   1.558892560034e+01
  3.072220991236e-03    1.615123058855e-03   7.020904346303e+01   1.558892560034e+01
  2.189809297981e-01    8.666803147822e-02   7.053476935393e+01   1.558892560034e+01
  4.155172809591e-01   -3.461270584141e-02   6.441622376928e+01   6.189245447756e+00
  4.104011793314e-01   -1.602671846540e-02   6.182492368411e+01   6.189245447756e+00
  3.700379504717e-03   -1.808942696479e-04   6.443172262561e+01   6.189245447756e+00
  1.498412816263e-01    4.283992486609e-02   6.365174668236e+01   5.611174447062e+00
  1.793108977874e-01    7.742406787750e-02   6.614586778540e+01   5.611174447062e+00
  2.900478187628e-01    7.630275972517e-02   6.454966144999e+01   5.611174447062e+00
  3.470283351402e-01    1.309896013004e-01   6.727670310650e+01   9.049424517718e+00
  1.795250645262e-01    7.711873973900e-02   6.618976370438e+01   9.049424517718e+00
  2.196740296150e-01    8.714314729294e-02   7.048566401395e+01   9.049424517718e+00
  4.116248776516e-04    1.334168954719e-03   6.316377526677e+01   1.422192272311e+00
  1.413484836747e-01    6.080669529280e-04   6.270479555079e+01   1.422192272311e+00
  2.532706696796e-04   -5.558053092830e-04   6.240724314535e+01   1.422192272311e+00
  1.121165135455e-03    1.644027427181e-03   6.317715179038e+01   4.161291402890e+00
  1.495031433101e-01    4.227400478708e-02   6.364335179732e+01   4.161291402890e+00
  1.406366805096e-01    4.672722586273e-04   6.269692081611e+01   4.161291402890e+00
  2.714847766369e-01   -1.042104886290e-03   6.357190723105e+01   1.454967283503e+00
  1.406866858062e-01   -5.520938147076e-04   6.272856907710e+01   1.454967283503e+00
  1.493917721562e-01    4.310706092677e-02   6.361967796398e+01   1.454967283503e+00
  4.210649170565e-04    7.788914888622e-04   6.239094310448e+01  -2.080698195808e+00
  1.410441078841e-01   -7.935726838759e-04   6.272376120216e+01  -2.080698195808e+00
  1.517446096906e-01   -4.449622302224e-02   6.339503223493e+01  -2.080698195808e+00
  2.892300929658e-01    7.622538318945e-02   6.453858343046e+01   6.466083253310e+00
  1.802447122605e-01    7.757937165774e-02   6.616105369022e+01   6.466083253310e+00
  3.458328622522e-01    1.303990714238e-01   6.730691515821e+01   6.466083253310e+00
  1.500356588214e-01    4.318076363963e-02   6.363358542863e+01   8.157078483045e+00
  3.258703432112e-04   -6.450258658161e-06   6.321740165730e+01   8.157078483045e+00
  1.788377238832e-01    7.675526740187e-02   6.617030667175e+01   8.157078483045e+00
  2.208702484882e-01    8.742361712712e-02   7.049814727703e+01   1.001674883858e+01
  4.229516124332e-01    1.461142686816e-01   7.160099087713e+01   1.001674883858e+01
  3.460614963539e-01    1.307758643026e-01   6.726543577107e+01   1.001674883858e+01
  4.714752722983e-01   -2.082910046255e-02   8.529373767672e+01   1.172977079550e+01
  1.081703348102e-03   -7.239430166070e-04   7.610054993663e+01   1.172977079550e+01
  1.734766615553e-03    4.687927378413e-04   8.817572884913e+01   1.172977079550e+01
  6.194603063259e-01    1.147447490080e-01   7.782309082933e+01  -4.343828846728e+00
  3.424685688831e-01    3.945441555840e-02   7.780816169593e+01  -4.343828846728e+00
  5.038278153663e-01    9.921126693633e-02   7.352265174293e+01  -4.343828846728e+00
  4.167403670236e-01   -3.536117716512e-02   6.442460406993e+01   6.384896287565e+00
  2.166647532054e-03    8.946729256373e-04   6.445498359622e+01   6.384896287565e+00
  3.123727444685e-01   -4.285129967944e-02   6.839293938314e+01   6.384896287565e+00
  2.825518172524e-01    4.102120882269e-02   7.182765338700e+01  -5.648462074824e+00
  2.360034583920e-01    3.160358018870e-02   6.798868045833e+01  -5.648462074824e+00
  4.564201686118e-01    8.642882697899e-02   7.026673440524e+01  -5.648462074824e+00
  2.840335994548e-01    4.088600673063e-02   7.182253303382e+01  -1.059502405554e+01
  3.359160951598e-01    3.962939289477e-02   7.775859645541e+01  -1.059502405554e+01
  4.215121520404e-03   -9.984741080533e-05   7.593391642933e+01  -1.059502405554e+01
  5.055403239355e-01    9.924468399230e-02   7.356406207745e+01  -2.449880489553e+00
  4.554888634041e-01    8.654706861507e-02   7.025864471911e+01  -2.449880489553e+00
  5.382954274228e-01    1.336434649728e-01   6.969868396047e+01  -2.449880489553e+00
  4.556297088143e-01    8.663592614503e-02   7.025212282347e+01  -5.953077413573e+00
  5.053281611029e-01    9.875942779252e-02   7.356699419824e+01  -5.953077413573e+00
  2.836063143383e-01    4.086896935348e-02   7.185047191971e+01  -5.953077413573e+00
  4.701508149987e-01    8.297098254307e-02   6.780899933019e+01  -2.959472388278e+00
  5.382123657389e-01    1.331962378099e-01   6.970933566726e+01  -2.959472388278e+00
  4.554780369998e-01    8.672926955475e-02   7.025171597712e+01  -2.959472388278e+00
  5.074071048648e-01    9.923259979890e-02   7.359384237453e+01  -1.590264754676e+00
  5.367488876431e-01    1.337698516885e-01   6.966722245309e+01  -1.590264754676e+00
  5.690587065738e-01    1.558198651297e-01   7.286134476976e+01  -1.590264754676e+00
  4.549197474997e-01    8.639006327650e-02   7.025582535217e+01  -5.439139131793e+00
  2.377916257320e-01    3.173540768352e-02   6.800863669601e+01  -5.439139131793e+00
  4.711371214973e-01    8.290975498273e-02   6.781638658487e+01  -5.439139131793e+00
  2.825204160420e-01    4.096283367725e-02   7.183467497119e+01  -5.736182730803e+00
  5.064389329735e-01    9.873471456242e-02   7.356809652280e+01  -5.736182730803e+00
  3.378430088457e-01    3.971009085008e-02   7.775417839183e+01  -5.736182730803e+00
  3.628825989036e-01    2.689034242183e-02   6.423822900822e+01  -6.416565089678e+00
  2.353334744102e-01    3.154950075332e-02   6.798445607257e+01  -6.416565089678e+00
  6.569669397832e-04   -6.803978273433e-04   6.440387754421e+01  -6.416565089678e+00
  3.380298980689e-01    1.265991782899e-02   6.003224400692e+01  -5.626377134926e+00
  3.546474571755e-01    1.322758371266e-02   6.201328175535e+01  -5.626377134926e+00
  9.518484226926e-04   -3.306181524296e-04   5.965912041061e+01  -5.626377134926e+00
  5.780700516580e-01    1.143503532392e-02   5.949642663195e+01  -3.440571588944e+00
  3.556662476683e-01    1.366590082352e-02   6.203316439499e+01  -3.440571588944e+00
  3.380223535656e-01    1.290188364976e-02   6.003344145675e+01  -3.440571588944e+00
  3.613185313044e-01    2.574323547686e-02   6.425264480632e+01  -4.035336703194e+00
  5.157647336586e-01    4.147884882312e-02   6.429041690632e+01  -4.035336703194e+00
  4.693582853946e-01    8.280965484833e-02   6.778748113095e+01  -4.035336703194e+00
  6.673502256351e-01   -3.356181276969e-03   1.908236027586e+01  -4.310977025890e+00
  1.652609363341e-02   -5.150638768245e-04   1.419472820665e+01  -4.310977025890e+00
  8.030044658461e-01    4.683351275717e-03   1.454313459381e+01  -4.310977025890e+00
  5.413693543740e-01    1.033732451763e-01   6.670914151056e+01  -2.614388712271e+00
  5.369964896876e-01    1.331024035190e-01   6.969765997455e+01  -2.614388712271e+00
  4.712279337658e-01    8.327493733214e-02   6.782436525171e+01  -2.614388712271e+00
  6.145049504805e-01   -4.553095708709e-03   5.976275226022e+01   3.351000144825e+00
  4.116194590605e-01   -1.611161401466e-02   6.186199664880e+01   3.351000144825e+00
  5.573185636444e-01   -4.699514888118e-02   6.422219434640e+01   3.351000144825e+00
  3.605742990956e-01    2.626507629243e-02   6.422106539602e+01  -5.331568189765e+00
  4.709395430519e-01    8.238668941373e-02   6.781039913662e+01  -5.331568189765e+00
  2.376182590506e-01    3.225185221979e-02   6.799344609435e+01  -5.331568189765e+00
  2.280326426895e-04   -2.023644937768e-04   5.966063416709e+01  -5.910270825543e+00
  3.553971846466e-01    1.316223992270e-02   6.200920654601e+01  -5.910270825543e+00
  9.017653672256e-04   -7.793301072028e-05   6.164189645037e+01  -5.910270825543e+00
  6.055995481693e-03    5.229842896963e-04   5.576887182974e+01  -4.547325570903e+00
  7.335222460799e-01    7.646929517298e-03   5.401321163909e+01  -4.547325570903e+00
  3.373585849256e-01    1.300902798807e-02   6.006348784071e+01  -4.547325570903e+00
  4.321598195928e-01    9.885994559457e-02   6.587187880502e+01   2.722785660740e+00
  3.464382733982e-01    1.304853396839e-01   6.730066354013e+01   2.722785660740e+00
  4.948549046864e-01    1.550552919184e-01   6.869084856015e+01   2.722785660740e+00
  5.668896599231e-01    1.561598611866e-01   7.282358910136e+01   1.349530747009e+00
  5.382177429997e-01    1.336829526869e-01   6.971019598790e+01   1.349530747009e+00
  4.954850984199e-01    1.551274945026e-01   6.869707670500e+01   1.349530747009e+00
  2.709117837145e-01   -1.400376735401e-03   6.359777536493e+01   1.329014032240e+00
  2.888316355379e-01    7.571442010128e-02   6.454902617260e+01   1.329014032240e+00
  4.059004553684e-01   -3.221426098012e-03   6.474468115436e+01   1.329014032240e+00
  2.897097894117e-01    7.599464038098e-02   6.458349378323e+01   3.866848257006e+00
  3.452006904971e-01    1.304623775272e-01   6.727581013630e+01   3.866848257006e+00
  4.330837800104e-01    9.876797281095e-02   6.589337439217e+01   3.866848257006e+00
  4.048622156746e-01   -3.101222249469e-03   6.472487785024e+01   9.741598629226e-01
  2.898509586243e-01    7.575065502362e-02   6.456828459636e+01   9.741598629226e-01
  4.327490344896e-01    9.861522658748e-02   6.590982595305e+01   9.741598629226e-01
  2.892695837904e-01    7.564133027730e-02   6.456774401300e+01   2.413542543908e+00
  2.706002027605e-01   -1.076045351897e-03   6.356384570856e+01   2.413542543908e+00
  1.502479517087e-01    4.327973857700e-02   6.363068243675e+01   2.413542543908e+00
  4.932906769209e-01    1.544186278607e-01   6.865873969818e+01   9.597107055826e-01
  5.422869054982e-01    1.034651048424e-01   6.674383648003e+01   9.597107055826e-01
  4.344391677867e-01    9.939928098178e-02   6.594629686486e+01   9.597107055826e-01
  4.937336640233e-01    1.552438599091e-01   6.862589821312e+01   3.996964814896e+00
  4.239450893518e-01    1.462782422239e-01   7.158975117980e+01   3.996964814896e+00
  5.687877650690e-01    1.564699316383e-01   7.286072946478e+01   3.996964814896e+00
  5.403536553570e-01    1.020921879499e-01   6.670863296496e+01  -2.538665414067e+00
  5.172512355930e-01    4.119594899077e-02   6.431161851249e+01  -2.538665414067e+00
  5.923094891128e-01    3.157160431557e-02   6.394933106200e+01  -2.538665414067e+00
  4.952945023523e-01    1.546187900426e-01   6.869320433908e+01  -1.063933871177e-01
  5.380779405954e-01    1.338431741716e-01   6.970644139703e+01  -1.063933871177e-01
  5.401670746675e-01    1.029972500043e-01   6.669153909411e+01  -1.063933871177e-01
  5.339780067441e-01   -5.469120437744e-02   6.540951777025e+01  -2.471994332464e-01
  4.067701797176e-01   -3.294989395828e-03   6.478055784059e+01  -2.471994332464e-01
  5.240806540396e-01    4.462678817571e-02   6.542572714323e+01  -2.471994332464e-01
  4.057325108844e-01   -2.466220066387e-03   6.476136615508e+01   4.488351757597e-01
  4.323297145472e-01    9.796955818799e-02   6.590475669008e+01   4.488351757597e-01
  5.248450846052e-01    4.430639214821e-02   6.544535824285e+01   4.488351757597e-01
  5.934131522844e-01    3.169361160502e-02   6.396779065090e+01  -2.995607167922e-01
  5.260810865740e-01    4.514320054099e-02   6.545686120408e+01  -2.995607167922e-01
  5.392430901168e-01    1.026287265376e-01   6.669456191555e+01  -2.995607167922e-01
  5.944999222501e-01    3.274034950043e-02   6.396125631492e+01  -9.950455060509e-01
  6.211221893031e-01   -6.465988746307e-03   6.383417284333e+01  -9.950455060509e-01
  5.255029469106e-01    4.365709851348e-02   6.546126655117e+01  -9.950455060509e-01
  6.704807336748e-01    5.518873934487e-03   6.195102283288e+01  -7.171505836338e-01
  6.215080601282e-01   -5.505709209159e-03   6.383655888067e+01  -7.171505836338e-01
  5.934861238686e-01    3.171193079353e-02   6.394240242520e+01  -7.171505836338e-01
  5.235254118339e-01    4.408082178429e-02   6.540426108501e+01  -5.973300580288e-01
  4.344984224230e-01    9.851707057443e-02   6.594579559199e+01  -5.973300580288e-01
  5.421148089308e-01    1.040671138962e-01   6.673759116504e+01  -5.973300580288e-01
  4.699637265531e-01    8.372696663300e-02   6.778869619047e+01  -2.261684304297e+00
  5.155529692752e-01    4.099556671872e-02   6.428228354660e+01  -2.261684304297e+00
  5.425186701770e-01    1.027820851083e-01   6.672977685837e+01  -2.261684304297e+00
  2.708710947650e-01   -1.685434469629e-03   6.359603055959e+01  -1.693728185102e+00
  4.059466886759e-01   -3.300991361669e-03   6.474687570325e+01  -1.693728185102e+00
  2.942310021528e-01   -7.988607221373e-02   6.444897707588e+01  -1.693728185102e+00
  7.363078552523e-01    1.775572669237e-03   2.275210773374e+01   3.772366817068e+00
  2.156050629146e-02    8.760638224999e-04   2.315434226456e+01   3.772366817068e+00
  7.401129715111e-01    2.077510518290e-03   2.875732697961e+01   3.772366817068e+00
  5.065673278314e-01    9.917815780823e-02   7.358351463588e+01  -2.401451767252e-01
  5.697989378229e-01    1.559505487599e-01   7.287529661705e+01  -2.401451767252e-01
  6.159089453720e-01    1.152379425543e-01   7.777960726823e+01  -2.401451767252e-01
  5.315601201444e-01    5.256938678086e-03  -7.961111338869e-03   5.177285737542e+00
  7.278283900300e-04   -7.099077750212e-05   1.353455112975e-02   5.177285737542e+00
  2.758247628890e-03    1.247984404404e-04   3.849245066912e+00   5.177285737542e+00
  1.408411580426e-01   -2.970353414240e-04   6.273347986422e+01  -1.713396685312e+00
  2.714424508083e-01   -1.947503104136e-03   6.357361913590e+01  -1.713396685312e+00
  1.518810235326e-01   -4.552628498721e-02   6.339363621702e+01  -1.713396685312e+00
  2.316691183041e-01   -9.167635873171e-02   7.014556095840e+01  -1.734008244485e+01
  1.768383740182e-03   -1.573704513425e-04   7.558851824703e+01  -1.734008244485e+01
  1.396280836654e-04   -4.976397032467e-04   7.019504630896e+01  -1.734008244485e+01
  3.396624055444e-01    1.331840464606e-02   6.005912146428e+01  -3.402352819168e+00
  7.284399698278e-01    7.318783172600e-03   5.398263069790e+01  -3.402352819168e+00
  5.765471296467e-01    1.130926659106e-02   5.945692972067e+01  -3.402352819168e+00
  1.616136642587e-03    4.938013024599e-04   8.209593686991e+01  -2.045015264901e+01
  8.047364520830e-04   -8.667986668493e-04   7.569750640986e+01  -2.045015264901e+01
  2.747665299781e-01   -7.676819429154e-02   7.568189136267e+01  -2.045015264901e+01
 -2.591532790096e-04   -2.542659835957e-04   6.822425928706e+01  -9.418958847366e+00
  2.830342485657e-01    4.050597356972e-02   7.182628580742e+01  -9.418958847366e+00
  7.053793674940e-04    9.239236899767e-05   7.145109210333e+01  -9.418958847366e+00
  2.303793191516e-01   -9.113352556931e-02   7.013995617801e+01  -2.076097981701e+01
  2.725678095865e-01   -7.719115556905e-02   7.574280800606e+01  -2.076097981701e+01
  3.081243340172e-03   -6.828217611665e-04   7.560733097900e+01  -2.076097981701e+01
  3.110474318136e-03    1.451642860422e-04   8.211395333352e+01  -2.376137232845e+01
  2.734047248341e-01   -7.641816137119e-02   7.567550026827e+01  -2.376137232845e+01
  3.054763119641e-01   -4.312122639145e-02   8.223205313612e+01  -2.376137232845e+01
  1.137999325450e-03   -4.231632660177e-04   7.013921877739e+01  -1.532865764919e+01
 -5.417705454088e-04   -2.807021643688e-04   6.578774414658e+01  -1.532865764919e+01
  2.297123359798e-01   -9.174689672947e-02   7.020284115068e+01  -1.532865764919e+01
  7.227094767071e-01   -1.570991119768e-02   4.061886441740e+01  -7.900745478283e-01
  6.263346579495e-01   -1.557878354554e-02   4.100338386401e+01  -7.900745478283e-01
  5.645623799747e-01   -9.841501754475e-03   3.635985310750e+01  -7.900745478283e-01
  1.527833856610e-01   -4.604023803482e-02   6.338443875815e+01  -1.061699722515e+01
  1.830306309448e-01   -7.657030246604e-02   6.611790060834e+01  -1.061699722515e+01
  2.188465689698e-03   -1.882648027659e-03   6.572392377525e+01  -1.061699722515e+01
  4.877667863278e-04   -6.249717414988e-04   6.334616988139e+01  -4.599667803047e+00
 -1.907578744626e-04    9.221372444533e-04   6.237810490542e+01  -4.599667803047e+00
  1.526062425098e-01   -4.471768690766e-02   6.340304442449e+01  -4.599667803047e+00
  2.292384190952e-01   -9.141288765518e-02   7.015722638657e+01  -9.557621984951e+00
  1.836486924057e-01   -7.707500841189e-02   6.612507842389e+01  -9.557621984951e+00
  3.579317657011e-01   -1.354937598776e-01   6.717164613093e+01  -9.557621984951e+00
  2.284034704221e-01   -9.123962057337e-02   7.019857102519e+01  -1.429504804708e+01
  5.358247894557e-04   -9.193015757271e-04   6.579054307121e+01  -1.429504804708e+01
  1.839817534851e-01   -7.709445802555e-02   6.609752895379e+01  -1.429504804708e+01
  2.946510272101e-01   -8.048121675116e-02   6.443423709405e+01  -7.021313116508e+00
  3.567594235017e-01   -1.349655281617e-01   6.719958825916e+01  -7.021313116508e+00
  1.844125171808e-01   -7.755655943757e-02   6.609259534882e+01  -7.021313116508e+00
  2.731073429817e-01   -7.722759310729e-02   7.568641047417e+01  -1.221085131487e+01
  2.294355876328e-01   -9.125312460342e-02   7.020852689062e+01  -1.221085131487e+01
  4.413494197328e-01   -1.522299701228e-01   7.136248639861e+01  -1.221085131487e+01
  1.834200903410e-01   -7.730478893859e-02   6.608142738693e+01  -5.920701229769e+00
  1.522098279540e-01   -4.519128286655e-02   6.342813655575e+01  -5.920701229769e+00
  2.954957554452e-01   -8.061007655597e-02   6.444410151686e+01  -5.920701229769e+00
  1.218928468620e-03   -1.305823518367e-03   6.570949431119e+01  -7.411403391800e+00
 -8.932764995747e-05    2.607253713276e-04   6.336288662606e+01  -7.411403391800e+00
  1.536659970849e-01   -4.640319461734e-02   6.338883700947e+01  -7.411403391800e+00
  3.712215329437e-01   -5.462060120316e-02   7.231030371282e+01   1.009876554173e+01
  5.169438671488e-03    1.746284372825e-04   7.612025453742e+01   1.009876554173e+01
  4.277476160959e-01   -4.980330845862e-02   7.802575755898e+01   1.009876554173e+01
  4.398908579961e-01   -1.519042514132e-01   7.140078491971e+01  -1.042930593953e+01
  2.304002538293e-01   -9.160583100834e-02   7.017173143420e+01  -1.042930593953e+01
  3.569657828753e-01   -1.353186500095e-01   6.716006689011e+01  -1.042930593953e+01
  5.740804508049e-01   -6.732440447456e-02   8.270823506878e+01  -1.535718810928e+01
  5.944538225155e-01    8.163536994575e-03   8.926780977548e+01  -1.535718810928e+01
  3.225589279507e-01    4.673132073928e-03   8.917991048086e+01  -1.535718810928e+01
  5.738259177591e-01   -6.778908131412e-02   8.277190947246e+01  -1.465917554099e+01
  3.070964055627e-01   -4.293642093648e-02   8.218232746938e+01  -1.465917554099e+01
  5.192667400250e-01   -1.258136097607e-01   7.665142727144e+01  -1.465917554099e+01
  5.975894196088e-01    7.768498504577e-03   8.920403210727e+01  -4.484260366369e+00
  6.842069552239e-01   -6.341742871426e-02   8.321318556812e+01  -4.484260366369e+00
  6.813746257473e-01    8.891812796064e-03   8.931408210204e+01  -4.484260366369e+00
  4.701957156106e-01   -2.006461430422e-02   8.529874904091e+01   2.557998702885e+00
  6.814800665071e-01    7.696347089424e-03   8.927661991821e+01   2.557998702885e+00
  6.838226405911e-01   -6.196988054556e-02   8.328929360847e+01   2.557998702885e+00
  6.830136278635e-01    8.509271293271e-03   8.929296210182e+01   4.241494875942e+00
  4.686096450183e-01   -2.082203260303e-02   8.528054044021e+01   4.241494875942e+00
  4.661071381712e-01    2.845875569370e-02   9.331768984393e+01   4.241494875942e+00
  5.977005538247e-01    9.268320358983e-03   8.930924807455e+01  -4.560207650425e+00
  6.813266666936e-01    8.135922437975e-03   8.926539205742e+01  -4.560207650425e+00
  6.807173626894e-01    8.271367363055e-02   9.535126086407e+01  -4.560207650425e+00
  6.859263518802e-01   -6.316791764685e-02   8.324685405692e+01  -6.213290607406e+00
  5.956518306897e-01    7.345301782155e-03   8.917770044567e+01  -6.213290607406e+00
  5.741482320062e-01   -6.715091639901e-02   8.280225979334e+01  -6.213290607406e+00
  3.207150665697e-01    4.575031277499e-03   8.917374535755e+01  -1.494958333790e+01
  3.055413315676e-01   -4.298515394480e-02   8.224038897816e+01  -1.494958333790e+01
  5.755533766077e-01   -6.748818120549e-02   8.271733628664e+01  -1.494958333790e+01
  6.641323972850e-01   -1.243313064060e-01   7.776750277064e+01  -5.031757084142e+00
  5.199738485644e-01   -1.262008818526e-01   7.669347067483e+01  -5.031757084142e+00
  6.020851333244e-01   -1.675634203227e-01   7.274812794191e+01  -5.031757084142e+00
  5.204602607041e-01   -1.261040340278e-01   7.666397418775e+01  -1.400581834132e+01
  3.057558077613e-01   -4.279353790937e-02   8.216932976048e+01  -1.400581834132e+01
  2.730117296472e-01   -7.719080608926e-02   7.574729032157e+01  -1.400581834132e+01
  6.824958574600e-01   -6.360225037499e-02   8.326322486629e+01   2.141726589915e+00
  6.660674499325e-01   -1.233950931393e-01   7.777901484161e+01   2.141726589915e+00
  4.338701795502e-01   -5.054029389674e-02   7.806623813239e+01   2.141726589915e+00
  6.851958396133e-01   -6.240785315015e-02   8.330672155924e+01  -4.701481647722e+00
  5.745699767661e-01   -6.794351324271e-02   8.274271013190e+01  -4.701481647722e+00
  6.630758139967e-01   -1.250015355546e-01   7.767834866692e+01  -4.701481647722e+00
  4.409095772091e-01   -1.518607332213e-01   7.143098783625e+01  -6.693896990284e+00
  6.035874170170e-01   -1.676481755040e-01   7.278745793044e+01  -6.693896990284e+00
  5.182358372085e-01   -1.263082742620e-01   7.665568555582e+01  -6.693896990284e+00
  6.846059644431e-01   -6.297311246117e-02   8.328622324836e+01   4.249357015899e+00
  4.308044978661e-01   -5.094480361664e-02   7.802925971381e+01   4.249357015899e+00
  4.692469529761e-01   -1.923045665545e-02   8.530131123265e+01   4.249357015899e+00
  6.653008159310e-01   -1.238504120196e-01   7.776444744514e+01   3.392181048545e+00
  5.662698263972e-01   -1.133934951866e-01   7.372925138067e+01   3.392181048545e+00
  4.341928962963e-01   -4.985064711357e-02   7.806712610117e+01   3.392181048545e+00
  6.644829224286e-01   -1.249329375386e-01   7.771852839103e+01  -6.680477613081e+00
  5.730519651008e-01   -6.828513034305e-02   8.270465103760e+01  -6.680477613081e+00
  5.199613686022e-01   -1.256998817521e-01   7.674130894061e+01  -6.680477613081e+00
  2.743431074137e-01   -7.743747070388e-02   7.569914373507e+01  -1.307064298470e+01
  4.403291753690e-01   -1.519771130427e-01   7.135053622726e+01  -1.307064298470e+01
  5.188601514928e-01   -1.260563692418e-01   7.671156300619e+01  -1.307064298470e+01
  3.135845721129e-01   -4.305146717786e-02   6.840186917856e+01   8.282640139064e+00
  1.228238975411e-03    3.783934217909e-04   6.841708115003e+01   8.282640139064e+00
  3.704744713688e-01   -5.446510852182e-02   7.231790471895e+01   8.282640139064e+00
  5.179730927168e-01   -1.651741059658e-01   6.863155165887e+01  -5.931401612144e+00
  4.392620247348e-01   -1.520170421888e-01   7.136030076195e+01  -5.931401612144e+00
  3.574707208046e-01   -1.351896483699e-01   6.722034556915e+01  -5.931401612144e+00
  1.762820547105e-03    1.086006264374e-03   8.912761284559e+01  -2.243354547924e+01
  9.970582770233e-04   -8.316652397579e-04   8.221046442025e+01  -2.243354547924e+01
  3.074303535965e-01   -4.198517096855e-02   8.216984508889e+01  -2.243354547924e+01
  4.048976566478e-01   -3.406038248096e-03   6.472633932487e+01  -1.427140301803e+00
  4.438413501651e-01   -1.065639527537e-01   6.586504503844e+01  -1.427140301803e+00
  2.952562982562e-01   -7.993108691154e-02   6.446944990490e+01  -1.427140301803e+00
  1.527067373671e-01   -4.564804429910e-02   6.340894822148e+01  -2.747106418594e+00
  2.705754452896e-01   -1.946973141883e-03   6.356425752545e+01  -2.747106418594e+00
  2.946208520616e-01   -7.986241251505e-02   6.446492429906e+01  -2.747106418594e+00
  5.166113598149e-01   -1.651555282582e-01   6.859689224213e+01  -4.606164112124e+00
  6.033501469666e-01   -1.673844403136e-01   7.282616693767e+01  -4.606164112124e+00
  4.408726526160e-01   -1.520145406984e-01   7.139396097546e+01  -4.606164112124e+00
  3.574209786529e-01   -1.351360056803e-01   6.719053430411e+01  -3.262032951416e+00
  4.433021374485e-01   -1.068209149210e-01   6.582807758758e+01  -3.262032951416e+00
  5.177088933907e-01   -1.649597646704e-01   6.866003812066e+01  -3.262032951416e+00
  5.736785551608e-01   -1.158743255919e-01   6.680324035044e+01  -1.405786629983e+00
  5.162150625915e-01   -1.643521869788e-01   6.862991526041e+01  -1.405786629983e+00
  4.455084268812e-01   -1.073590956902e-01   6.590084203791e+01  -1.405786629983e+00
  5.183345622122e-01   -1.650481269676e-01   6.866585927062e+01  -1.916701508541e+00
  5.802084296976e-01   -1.479445645446e-01   6.982578361795e+01  -1.916701508541e+00
  6.014916877070e-01   -1.670814728066e-01   7.279068319287e+01  -1.916701508541e+00
  5.734530381715e-01   -1.164005092123e-01   6.679383318269e+01   9.892134078203e-02
  4.456213012550e-01   -1.065182486572e-01   6.590252831107e+01   9.892134078203e-02
  5.334656059792e-01   -5.418342395003e-02   6.538781959735e+01   9.892134078203e-02
  3.561799641871e-01   -1.350856987496e-01   6.716662311293e+01  -4.283292148626e+00
  2.950636826447e-01   -8.017536455384e-02   6.448308073116e+01  -4.283292148626e+00
  4.442307118390e-01   -1.067433319144e-01   6.584954615780e+01  -4.283292148626e+00
  4.149857630422e-01   -3.491315770065e-02   6.440911922996e+01   3.389320990970e+00
  5.588321045155e-01   -4.765131047270e-02   6.423867522280e+01   3.389320990970e+00
  4.102214240295e-01   -1.573191435770e-02   6.184200102193e+01   3.389320990970e+00
  7.396077740637e-01    6.672424690150e-03   5.401810553342e+01  -4.467475650867e+00
  4.102353437314e-03    1.038557127010e-03   5.570142003677e+01  -4.467475650867e+00
  7.341341151627e-03   -8.245422445038e-04   4.961508319387e+01  -4.467475650867e+00
  5.717784805944e-01   -1.144094511944e-01   6.676754457850e+01   2.258555852983e+00
  6.177870802713e-01   -3.810528559359e-02   6.407957049777e+01   2.258555852983e+00
  5.595211375363e-01   -4.809094683938e-02   6.425643738629e+01   2.258555852983e+00
  5.706357497951e-01   -1.148178522296e-01   6.674928705041e+01  -8.155882390426e-02
  5.359273824914e-01   -5.539906492361e-02   6.543809771745e+01  -8.155882390426e-02
  6.187243240715e-01   -3.846654338827e-02   6.409795588075e+01  -8.155882390426e-02
  6.196214222651e-01   -3.789127030081e-02   6.410732984381e+01  -3.566128378284e-02
  6.210435065011e-01   -5.825383548992e-03   6.383708095858e+01  -3.566128378284e-02
  6.712430415640e-01    5.908816523744e-03   6.195102417662e+01  -3.566128378284e-02
  5.800391325165e-01   -1.480851208227e-01   6.982131224414e+01  -4.199623274826e-01
  5.182020509653e-01   -1.645761925002e-01   6.866326892412e+01  -4.199623274826e-01
  5.715902320729e-01   -1.153993244694e-01   6.675317140385e+01  -4.199623274826e-01
  6.161529915363e-01   -5.210642165946e-03   5.977949391220e+01   9.722396130786e-01
  6.195216473514e-01   -3.755093707500e-02   6.411892861055e+01   9.722396130786e-01
  6.720825156320e-01    5.573981692799e-03   6.194833265158e+01   9.722396130786e-01
  6.197840521786e-01   -3.961057807312e-02   6.409850991855e+01   4.714567089271e-01
  5.354393656206e-01   -5.383361474782e-02   6.543916904281e+01   4.714567089271e-01
  6.210927975689e-01   -4.547814688950e-03   6.383953474156e+01   4.714567089271e-01
  4.434855070967e-01   -1.059116911542e-01   6.586144583921e+01  -8.466643507637e-01
  4.056909165093e-01   -4.070512723400e-03   6.476083170232e+01  -8.466643507637e-01
  5.347690023262e-01   -5.442505551839e-02   6.542983331906e+01  -8.466643507637e-01
  5.242979032746e-01   -9.870030997528e-02   6.803644353836e+01   1.882776319844e+00
  5.740386792098e-01   -1.151069022382e-01   6.679175459420e+01   1.882776319844e+00
  5.577989362529e-01   -4.808125748851e-02   6.422943461146e+01   1.882776319844e+00
  5.802285253944e-01   -1.474995287151e-01   6.982524427555e+01   2.377840813547e+00
  5.246272829373e-01   -9.787967976417e-02   6.805613307002e+01   2.377840813547e+00
  5.178593433936e-01   -1.020355795603e-01   7.054361070992e+01   2.377840813547e+00
  5.790208827591e-01   -1.473857962288e-01   6.981391443167e+01   2.153820722003e+00
  5.727627517941e-01   -1.157162410189e-01   6.676945313549e+01   2.153820722003e+00
  5.256728248280e-01   -9.821204879543e-02   6.807098888364e+01   2.153820722003e+00
  5.677427941300e-01   -1.129839777908e-01   7.377104382174e+01   5.204800999876e+00
  5.180019015884e-01   -1.019638760546e-01   7.054492851478e+01   5.204800999876e+00
  3.709810396327e-01   -5.468294307717e-02   7.233539011925e+01   5.204800999876e+00
  5.179270034378e-01   -1.018766711910e-01   7.055120249050e+01   1.829277885348e+00
  5.678762537162e-01   -1.134492410469e-01   7.376852957886e+01   1.829277885348e+00
  5.802206341568e-01   -1.479260368402e-01   6.981396659424e+01   1.829277885348e+00
  3.135112579032e-01   -4.302961146446e-02   6.840333421325e+01   5.078753834175e+00
  3.702883726312e-01   -5.484884677303e-02   7.231586539350e+01   5.078753834175e+00
  5.187096624801e-01   -1.017623060072e-01   7.056008922674e+01   5.078753834175e+00
  5.689019269794e-01   -1.129551042925e-01   7.377234847957e+01   4.897314976958e+00
  3.696671357326e-01   -5.477491373453e-02   7.232056293907e+01   4.897314976958e+00
  4.295456737527e-01   -5.002715253746e-02   7.801737697326e+01   4.897314976958e+00
  5.173870899439e-01   -1.017138777946e-01   7.054968884984e+01   5.020667993017e+00
  5.256063735199e-01   -9.780132343303e-02   6.806248459148e+01   5.020667993017e+00
  3.150120286163e-01   -4.316992630996e-02   6.842120676591e+01   5.020667993017e+00
  5.787016497539e-01   -1.480492401794e-01   6.978364772540e+01   8.865333763698e-01
  5.697134907549e-01   -1.134346074371e-01   7.379699575138e+01   8.865333763698e-01
  6.036731918718e-01   -1.667511434633e-01   7.282753674672e+01   8.865333763698e-01
  4.159793121991e-01   -3.430861457715e-02   6.442972286022e+01   3.867673664966e+00
  5.237989458635e-01   -9.772539676113e-02   6.804041311321e+01   3.867673664966e+00
  5.580012698771e-01   -4.866321011645e-02   6.422966781760e+01   3.867673664966e+00
  3.920856238413e-01   -5.782065945249e-03   5.964322609669e+01   5.723737869690e+00
  1.706655516645e-03    2.952608826915e-04   5.940214737974e+01   5.723737869690e+00
  4.103902942473e-01   -1.569747041198e-02   6.185614822278e+01   5.723737869690e+00
  3.918784371029e-01   -5.769639432977e-03   5.962058008401e+01   3.167671335373e+00
  6.149523417776e-01   -4.966008953936e-03   5.974882335805e+01   3.167671335373e+00
  5.397919351501e-01   -7.361469767614e-03   5.597912708725e+01   3.167671335373e+00
  1.655898525516e-03   -3.045557918168e-04   6.440948727281e+01   5.877300652724e+00
  4.121035187795e-01   -1.594171357321e-02   6.184311938782e+01   5.877300652724e+00
  3.681502884112e-04    3.000557008572e-04   5.939235560357e+01   5.877300652724e+00
  5.283542628853e-01    5.127515880116e-03   3.242047200664e-03   1.733052765958e+00
  6.258180649291e-01    6.098712271023e-03   4.192516291409e+00   1.733052765958e+00
  7.075248542588e-01    1.748765132922e-03   4.243272138916e-02   1.733052765958e+00
 -6.900784271824e-04   -8.263343863673e-04   1.091751651209e+02   6.937306744221e+00
  2.773602490277e-01    4.745306323961e-02   1.082116288039e+02   6.937306744221e+00
  1.109636863296e-03    4.640479319001e-04   1.077843446612e+02   6.937306744221e+00
  6.211580663559e-01   -8.123872207639e-03   4.979536752456e+01  -4.738386729629e+00
  7.340636002566e-01    6.088033145103e-03   5.400435632892e+01  -4.738386729629e+00
  1.089259694040e-02   -9.534701683980e-04   4.961570140072e+01  -4.738386729629e+00
  4.147351395433e-01   -3.476139492712e-02   6.440154912522e+01   4.949801149263e+00
  3.144439783835e-01   -4.364880281391e-02   6.840296644499e+01   4.949801149263e+00
  5.256992311690e-01   -9.730788048532e-02   6.805966767923e+01   4.949801149263e+00
  7.330310193636e-01    1.455086466252e-03   2.274212030163e+01   8.440930062883e-02
  6.735615506843e-01   -3.339029584200e-03   1.904700115164e+01   8.440930062883e-02
  6.458359104947e-01    3.392904788904e-03   1.828993818129e+01   8.440930062883e-02
 -4.550188831039e-04    1.620970890567e-04   6.838113860911e+01   9.296970397038e+00
  2.576004922961e-03   -4.569759327438e-05   7.607566089978e+01   9.296970397038e+00
  3.729167399521e-01   -5.431925978028e-02   7.232855255817e+01   9.296970397038e+00
  6.971289215193e-01   -3.361044178703e-03   5.053591868469e+01   4.952528675557e+00
  1.211386928166e-02   -9.489247274988e-04   5.539903696212e+01   4.952528675557e+00
  5.349381686711e-01   -7.554880347890e-03   5.594401099091e+01   4.952528675557e+00
  6.043424961951e-01   -1.668831058510e-01   7.284065444415e+01  -5.058703257340e-01
  5.689672104147e-01   -1.133708944105e-01   7.378755248810e+01  -5.058703257340e-01
  6.618244495332e-01   -1.243249167477e-01   7.772266541570e+01  -5.058703257340e-01
  6.217124498343e-01   -5.492394350897e-03   6.386266622079e+01  -2.125125481560e-01
  5.342595503704e-01   -5.290738744293e-02   6.542308051306e+01  -2.125125481560e-01
  5.242580379196e-01    4.284647412567e-02   6.543935580418e+01  -2.125125481560e-01
  3.040312333811e-03   -7.854241831946e-04   7.611589247131e+01   9.737070124434e+00
  4.696151412881e-01   -2.081448731002e-02   8.528511395596e+01   9.737070124434e+00
  4.292194290174e-01   -4.931178281297e-02   7.803100678967e+01   9.737070124434e+00
  7.260679815385e-01    6.630584652905e-03   5.391123324103e+01   1.284285037275e+00
  5.477415140653e-01   -7.388268524050e-03   5.596445028077e+01   1.284285037275e+00
  6.810365651945e-01    1.372995443642e-03   5.969047428817e+01   1.284285037275e+00
  6.285883811856e-01    5.792625838147e-02   8.344124874636e+01  -3.835903239623e+00
  6.227745926202e-01   -4.450672480877e-03   8.963153472680e+01  -3.835903239623e+00
  3.698869158570e-01    1.740101055559e-02   8.537540216143e+01  -3.835903239623e+00
  6.617391559692e-03    2.885522796493e-04   3.842501610989e+00   4.746809185303e+00
  6.276026527730e-01    6.061422111648e-03   4.164639541973e+00   4.746809185303e+00
  5.280698772508e-01    5.204682021054e-03  -1.787336444671e-02   4.746809185303e+00
  6.792895128818e-01    1.469137476907e-03   5.967313803507e+01   8.731019164837e-01
  6.163209529977e-01   -5.385548996988e-03   5.977265435301e+01   8.731019164837e-01
  6.715620403738e-01    5.473213872146e-03   6.194500352049e+01   8.731019164837e-01
  8.135113120944e-01    5.934005315360e-03   1.453846715462e+01   3.620655051867e+00
  6.707069433926e-01    1.038997809050e-02   8.699254065631e+00   3.620655051867e+00
  2.600865433373e-02   -5.013163613723e-04   1.341546836634e+01   3.620655051867e+00
  6.830486580870e-01    1.324149641632e-03   5.969687886510e+01   1.017138336913e+00
  5.446501155884e-01   -7.326111183481e-03   5.597548156323e+01   1.017138336913e+00
  6.124790978280e-01   -5.069132198582e-03   5.977297765426e+01   1.017138336913e+00
  5.398922354845e-01   -7.181882954847e-03   5.588602821763e+01   1.087363165188e+00
  7.312061540261e-01    5.917933030860e-03   5.390038909862e+01   1.087363165188e+00
  6.918989422454e-01   -3.441003616898e-03   5.050533459773e+01   1.087363165188e+00
  6.708389710966e-01    5.673599395997e-03   6.194466697120e+01  -2.001113338602e+00
  5.932862745001e-01    3.168356448176e-02   6.394320069782e+01  -2.001113338602e+00
  5.153102441459e-01    4.077775211224e-02   6.431204915479e+01  -2.001113338602e+00
  5.788497522694e-01    1.107904099199e-02   5.948932474999e+01  -1.469659050418e+00
  6.801404826554e-01    1.188632752873e-03   5.967276834823e+01  -1.469659050418e+00
  6.703061099765e-01    5.957596173317e-03   6.196246684870e+01  -1.469659050418e+00
  5.146323758884e-01    4.020684359819e-02   6.432158833928e+01  -3.158430049048e+00
  3.588162633120e-01    1.403866414853e-02   6.204990711125e+01  -3.158430049048e+00
  6.723507932875e-01    6.317955715709e-03   6.194902984317e+01  -3.158430049048e+00
  6.836561289908e-04   -4.379962128282e-04   6.161615528355e+01  -6.048455018406e+00
  3.632207903661e-01    2.594997342837e-02   6.423527364825e+01  -6.048455018406e+00
  8.425932688270e-04    1.484182287793e-04   6.439287738929e+01  -6.048455018406e+00
  3.614420591938e-01    2.587250852451e-02   6.422868762509e+01  -6.079598041339e+00
  1.957798137060e-03   -5.406243944449e-04   6.162814434286e+01  -6.079598041339e+00
  3.547429786907e-01    1.352174335572e-02   6.202061752338e+01  -6.079598041339e+00
  6.146426152834e-01   -4.491091428163e-03   5.976977582321e+01   1.649181298604e+00
  5.570049526032e-01   -4.718392133975e-02   6.421847831389e+01   1.649181298604e+00
  6.202611683823e-01   -3.815782480463e-02   6.412093144394e+01   1.649181298604e+00
  3.916435974003e-01   -5.710053917828e-03   5.963534730182e+01   3.355069302640e+00
  4.102979712036e-01   -1.594791250749e-02   6.187153178017e+01   3.355069302640e+00
  6.158814102537e-01   -4.967607953755e-03   5.976168681917e+01   3.355069302640e+00
  6.257724558815e-01    5.358514953840e-03   4.209429470912e+00   5.451076803042e-01
  6.739520138319e-01    1.097523186476e-02   8.947175743352e+00   5.451076803042e-01
  7.087919954165e-01    9.117442531842e-03   5.529854661073e+00   5.451076803042e-01
  1.013941811996e-02    4.952045868004e-04   4.451668047212e+01   4.693827498404e+00
  7.181133847540e-01   -1.268231852780e-02   4.040370622219e+01   4.693827498404e+00
  5.057398187377e-04    4.222967094780e-04   3.960063403774e+01   4.693827498404e+00
  1.949049388036e-02   -3.290589422822e-04   4.497348705347e+01  -3.794408125481e+00
  8.112901240946e-01   -8.845072738664e-03   4.526279296626e+01  -3.794408125481e+00
  6.222586273291e-01   -7.657172700288e-03   4.995419263338e+01  -3.794408125481e+00
  8.047414750793e-01   -8.999392264757e-03   4.528076094874e+01   3.745771217235e+00
  2.067582972663e-02    4.026706877796e-04   4.481685713110e+01   3.745771217235e+00
  6.953546088640e-01   -2.841881448232e-03   5.075657284563e+01   3.745771217235e+00
  6.404686485524e-01    4.519437113136e-04   2.592192758600e+01  -9.840706188704e-01
  7.455589605376e-01    2.436442093742e-03   2.856364087905e+01  -9.840706188704e-01
  6.389653739080e-01    7.480707823710e-03   3.130253592691e+01  -9.840706188704e-01
  6.463544005063e-01    3.596215450399e-03   1.830000798191e+01   4.697683887784e+00
 -2.107796766526e-04   -7.508983587783e-05   1.824403733067e+01   4.697683887784e+00
  7.829138503953e-03    3.263926004781e-04   2.293364543692e+01   4.697683887784e+00
  5.684937434675e-01   -9.879302639281e-03   3.629079895230e+01  -1.280898545796e+00
  7.431321879322e-01   -9.823091038099e-03   3.451064672304e+01  -1.280898545796e+00
  7.179714724753e-01   -1.554859781501e-02   4.063917064738e+01  -1.280898545796e+00
  7.392732575250e-01    1.981402167195e-03   2.828552616294e+01   3.643074881905e+00
  2.410057070815e-02   -1.167978447974e-03   3.439475632040e+01   3.643074881905e+00
  7.498176574940e-01   -9.341734291440e-03   3.448364745933e+01   3.643074881905e+00
  6.359283061498e-01    3.922577488008e-04   2.586136144431e+01  -1.034870181977e+00
  6.643244601242e-01   -3.037966962960e-03   1.902651715290e+01  -1.034870181977e+00
  7.393349435344e-01    9.672433486983e-04   2.272354650101e+01  -1.034870181977e+00
  7.514917039747e-01   -1.046303287047e-02   3.461845041693e+01   3.539798248527e+00
  2.201579122424e-02   -1.656393485433e-04   3.463278161185e+01   3.539798248527e+00
  7.114743505491e-01   -1.399626456780e-02   4.074960165444e+01   3.539798248527e+00
  7.157903615855e-01    8.097334720204e-03   5.528197861303e+00  -4.630058221243e+00
  7.184264755319e-03    5.328671903551e-04   9.207893992006e+00  -4.630058221243e+00
  4.623101562347e-03   -7.397060059422e-04   3.465042661425e+00  -4.630058221243e+00
  8.429033984078e-03   -6.264076786912e-04   8.479760787578e+00   4.543114173391e+00
  6.737598857864e-01    9.821370366577e-03   8.900491468388e+00   4.543114173391e+00
  6.267736102288e-01    5.751651380135e-03   4.178298889943e+00   4.543114173391e+00
  3.993506557527e-03   -3.247109087053e-04   8.484617907175e+00   4.797152417776e+00
  6.314253636914e-01    5.891748895800e-03   4.168286310425e+00   4.797152417776e+00
  3.257706349272e-03    3.273550037033e-04   3.873184705674e+00   4.797152417776e+00
  7.034296519315e-01    1.552413777116e-03   4.229292122222e-02   6.167299009400e-01
  6.299426278250e-01    6.205471593845e-03   4.172860241036e+00   6.167299009400e-01
  7.041252120699e-01    7.858693768948e-03   5.519059963161e+00   6.167299009400e-01
 -4.386704086032e-04    1.694355155896e-04   1.811777892422e+01   4.695605165139e+00
  6.453255415369e-01    3.437258532267e-03   1.852128247760e+01   4.695605165139e+00
  1.110977456311e-02    3.414381874711e-05   1.371484942197e+01   4.695605165139e+00
  6.796970947342e-01    1.166370448580e-02   8.945745748950e+00  -4.624698228372e-01
  7.990985802075e-01    5.683760181007e-03   1.462340105503e+01  -4.624698228372e-01
  6.196816732911e-01    1.619790012347e-02   1.063404660210e+01  -4.624698228372e-01
  6.786330928515e-01    9.588028649471e-03   8.806690544881e+00   4.592625592455e+00
  2.617486680038e-03   -5.442211659997e-04   8.560701304447e+00   4.592625592455e+00
  1.135522482976e-02   -3.380214515838e-04   1.339706948414e+01   4.592625592455e+00
  6.819773144110e-01    1.175262459993e-02   8.935123761729e+00  -4.422284185171e-01
  6.185312922899e-01    1.626600324219e-02   1.050447122106e+01  -4.422284185171e-01
  7.033414075612e-01    9.196174187126e-03   5.465181744817e+00  -4.422284185171e-01
  2.227423566250e-03    3.043012757767e-04   9.191359975937e+00  -5.115784227223e+00
  6.186418964150e-01    1.494209497873e-02   1.044240177559e+01  -5.115784227223e+00
  5.056510010701e-03   -5.374324558651e-04   1.399375874834e+01  -5.115784227223e+00
  1.530261603815e-02   -9.881990624625e-04   1.402539590633e+01  -4.269438426950e+00
  6.131979248909e-01    1.511946758411e-02   1.040750095460e+01  -4.269438426950e+00
  8.042392341886e-01    5.110863483743e-03   1.455393108928e+01  -4.269438426950e+00
  7.041808119860e-01   -3.236674557393e-03   5.057692918800e+01   4.857336442097e+00
  1.467902641172e-03    4.711278419697e-04   5.009311800873e+01   4.857336442097e+00
  6.676490284587e-03   -5.757666805430e-04   5.536894134126e+01   4.857336442097e+00
  6.276961029932e-01   -7.373504041187e-03   4.983829663829e+01  -5.217431066792e-01
  6.992172227721e-01   -3.185734161344e-03   5.054722470048e+01  -5.217431066792e-01
  7.250617780910e-01    5.679919009236e-03   5.400785724335e+01  -5.217431066792e-01
  2.536154543795e-03    1.191656227329e-04   3.933832225551e+01  -4.929558317934e+00
  6.333974326787e-01   -1.486786023086e-02   4.080662349345e+01  -4.929558317934e+00
  6.908954877682e-03    1.081432428540e-04   4.481369079307e+01  -4.929558317934e+00
  6.977939883705e-01   -2.897254200274e-03   5.054302751141e+01  -7.212471035423e-01
  6.298740599717e-01   -7.341149940664e-03   4.973337072148e+01  -7.212471035423e-01
  7.991228024054e-01   -8.799156014595e-03   4.522883621290e+01  -7.212471035423e-01
  6.277933984162e-01   -8.281068450117e-03   4.987115285675e+01  -4.767734893165e+00
  2.124145571903e-03   -5.569945363109e-04   4.961203409709e+01  -4.767734893165e+00
  7.895502091413e-03   -1.906640065585e-04   4.501330468859e+01  -4.767734893165e+00
  6.740819471356e-03   -2.202681611471e-04   1.420750431654e+01  -5.108193630374e+00
  6.747001303829e-01   -3.309185976611e-03   1.906046635842e+01  -5.108193630374e+00
  7.641477180005e-04    2.330372015306e-05   1.989287560536e+01  -5.108193630374e+00
  1.071453146001e-03    2.282454157369e-04   5.002587718538e+01   4.851062710929e+00
  7.032647194506e-01   -2.724780774462e-03   5.068633027288e+01   4.851062710929e+00
  9.480416212328e-03    2.622352507746e-04   4.483389167100e+01   4.851062710929e+00
  6.473184821737e-01    3.241753887091e-03   1.835976414329e+01   4.081030859893e-01
  6.709483271060e-01   -3.430958980524e-03   1.888793285919e+01   4.081030859893e-01
  7.986961881743e-01    4.742033936231e-03   1.450797731748e+01   4.081030859893e-01
  2.424161202101e-02    1.625889454093e-05   1.366278807509e+01   3.303880436979e+00
  6.378160783793e-01    3.169771043035e-03   1.865876889996e+01   3.303880436979e+00
  8.146874720494e-01    5.341592938835e-03   1.458343157501e+01   3.303880436979e+00
  6.405548374530e-01    3.458905328368e-03   1.817317188319e+01   3.671499003825e+00
  1.781492188774e-02    7.757615544985e-04   2.297143922152e+01   3.671499003825e+00
  7.392363178299e-01    1.899205557951e-03   2.266840871327e+01   3.671499003825e+00
  6.408993304553e-01    7.940206816929e-04   2.592262616757e+01  -5.038305463556e+00
  6.394496599777e-01    6.949687284786e-03   3.129551893421e+01  -5.038305463556e+00
  9.665514321898e-03   -5.587530856649e-05   2.980247455221e+01  -5.038305463556e+00
  7.493263377070e-01    2.026294262081e-03   2.863294240708e+01   4.409012251538e+00
  1.074406891393e-02    5.224777076663e-04   2.320678980032e+01   4.409012251538e+00
  1.536742610070e-03   -2.298382448624e-04   2.874867037337e+01   4.409012251538e+00
  1.279634571465e-03   -1.088311010504e-04   1.991621246784e+01  -5.104056035420e+00
  6.727355854943e-01   -2.985401708573e-03   1.903294974173e+01  -5.104056035420e+00
  5.814213761217e-03    2.386291706195e-04   2.468454782947e+01  -5.104056035420e+00
  6.307338355145e-01   -1.583072623032e-02   4.103507050502e+01  -9.288040626029e-01
  7.140536502789e-01   -1.474989639327e-02   4.054197192341e+01  -9.288040626029e-01
  7.972448011354e-01   -9.011519165374e-03   4.520273460079e+01  -9.288040626029e-01
  2.032205293051e-02   -1.261113028754e-05   4.481083004834e+01  -4.005732795826e+00
  6.247409939404e-01   -1.492571935041e-02   4.074332320932e+01  -4.005732795826e+00
  8.101803944785e-01   -9.177302331288e-03   4.521116902602e+01  -4.005732795826e+00
  6.219101383550e-03    4.111321818215e-04   3.927061209126e+01  -5.001619834701e+00
  5.582895208872e-01   -8.808276941720e-03   3.642052443953e+01  -5.001619834701e+00
  6.298615068202e-01   -1.538579650934e-02   4.086571546254e+01  -5.001619834701e+00
  5.604091011542e-01   -7.650002111474e-03   3.646970922272e+01  -5.443909753103e+00
  1.783017585390e-03   -1.069998352459e-05   3.926159983332e+01  -5.443909753103e+00
  2.247709274610e-03    4.824623507765e-04   3.516087936041e+01  -5.443909753103e+00
  3.462107442661e-03   -2.415210530273e-04   2.978415320171e+01  -5.101359736202e+00
  6.452250142220e-01    7.072226534044e-03   3.130620351425e+01  -5.101359736202e+00
  3.869575386116e-03    2.030826092218e-04   3.515169788527e+01  -5.101359736202e+00
  6.428094740997e-01    8.038938772580e-03   3.139498785322e+01  -8.902529207679e-01
  7.400361628177e-01    2.430880893822e-03   2.842616237024e+01  -8.902529207679e-01
  7.447692859424e-01   -8.883530418538e-03   3.446471602885e+01  -8.902529207679e-01
  1.180252794613e-02   -7.523158771254e-04   3.434756132131e+01   4.410138466483e+00
  7.489041114254e-01    1.537814791645e-03   2.841483881524e+01   4.410138466483e+00
  1.403839051057e-03    1.043254740873e-05   2.887652205307e+01   4.410138466483e+00
  1.830868625741e-04    7.771710449855e-04   3.948202633800e+01   4.699199636194e+00
  7.185032102215e-01   -1.302879559201e-02   4.060473594657e+01   4.699199636194e+00
  1.009465880730e-02   -2.524340530996e-05   3.466026309587e+01   4.699199636194e+00
  6.387733895397e-01    7.438604355877e-03   3.133750999753e+01  -5.090720225547e+00
  5.541527103228e-01   -7.609461844463e-03   3.647709011868e+01  -5.090720225547e+00
  9.080094088235e-03    6.175505516342e-04   3.516538297156e+01  -5.090720225547e+00
  6.361897515019e-01    8.029548625069e-03   3.136350073478e+01  -1.632212763570e+00
  7.496482825056e-01   -9.445837874504e-03   3.444753824277e+01  -1.632212763570e+00
  5.564416883437e-01   -8.556450980755e-03   3.641340733079e+01  -1.632212763570e+00
  6.451574430297e-01    9.061421829678e-04   2.591325477550e+01  -5.036091432151e+00
  4.370990198383e-03    5.176777233500e-05   2.980940861673e+01  -5.036091432151e+00
  3.420962577641e-03    1.319887213199e-04   2.466455716078e+01  -5.036091432151e+00
  6.661987248738e-01   -2.984318365579e-03   1.902439848806e+01  -4.930145028241e+00
  6.356951847581e-01    6.071039898209e-04   2.587544301123e+01  -4.930145028241e+00
  1.174107197131e-02    3.484837988711e-04   2.468260509702e+01  -4.930145028241e+00
  7.397796881062e-01    2.240814921228e-03   2.868101698061e+01  -8.952574372094e-01
  6.448148123931e-01    1.550354483920e-04   2.585357916394e+01  -8.952574372094e-01
  7.329781108837e-01    1.155867049640e-03   2.274836417046e+01  -8.952574372094e-01
