
  2.774704945253e-04   -3.332141942471e-04   3.473455087801e+01  -1.912369830848e+00
  8.644903650192e-02   -3.049762133642e-04   3.500760515142e+01  -1.912369830848e+00
 -4.800895549594e-05    1.362218394876e-04   3.483703657526e+01  -1.912369830848e+00
  1.048114483309e-01   -1.469794592071e-02   3.215398274831e+01  -3.484234313325e+00
 -7.461403202191e-05   -4.495705391087e-06   3.346828254899e+01  -3.484234313325e+00
  2.933174273614e-04    7.204037023049e-06   3.210423572657e+01  -3.484234313325e+00
  8.637779299889e-02    1.834378281222e-04   3.501031755922e+01  -2.013272818989e+00
  1.409024606352e-01   -2.994023290574e-02   3.494786228591e+01  -2.013272818989e+00
  1.510313959908e-01   -3.980108823175e-04   3.548397144637e+01  -2.013272818989e+00
  1.414655133509e-01   -2.967539283730e-02   3.493932360547e+01  -1.902708942609e+00
  8.591496828686e-02   -8.279366122627e-05   3.502344806320e+01  -1.902708942609e+00
  6.604098614079e-02   -1.187426164074e-02   3.464503478089e+01  -1.902708942609e+00
  1.754136306005e-01   -3.699251906306e-02   3.573268778772e+01  -1.339865015358e+00
  1.510956625572e-01   -3.940744112128e-04   3.550069431469e+01  -1.339865015358e+00
  1.409783442568e-01   -3.018063143200e-02   3.493785564670e+01  -1.339865015358e+00
  2.193587910854e-01    2.239196117666e-03   1.769392483570e+00  -1.455772546488e+00
  3.030853233646e-03   -1.893602007364e-04   1.116175064788e+00  -1.455772546488e+00
  1.609080374334e-01   -2.298322903493e-03  -9.937183855460e-03  -1.455772546488e+00
  6.620333746934e-02   -1.169077139318e-02   3.464275536943e+01  -1.828604510091e+00
  1.353141667672e-01   -3.260246068780e-02   3.427680919416e+01  -1.828604510091e+00
  1.414531307890e-01   -2.985658734694e-02   3.493556635345e+01  -1.828604510091e+00
  2.089048561602e-01    2.000752392922e-03   1.978402011930e+01  -8.243065837066e-01
  1.114929778162e-01    4.375816873273e-03   1.981492756220e+01  -8.243065837066e-01
  1.791977245757e-01    3.455458066607e-03   1.900379963301e+01  -8.243065837066e-01
  8.173528556563e-02   -1.591722041535e-02   3.375220776891e+01  -1.749371961005e+00
  1.048875626899e-01   -1.477306823072e-02   3.215278458275e+01  -1.749371961005e+00
  1.531586123670e-01   -3.626574133273e-02   3.335757555426e+01  -1.749371961005e+00
  2.998002313552e-04    6.565191188425e-05   3.435643568547e+01  -2.510058778669e+00
  8.147504994350e-02   -1.583599559146e-02   3.375763324965e+01  -2.510058778669e+00
  6.598477942288e-02   -1.177916636889e-02   3.465138978798e+01  -2.510058778669e+00
  1.355056938392e-01   -3.262605282401e-02   3.427393465985e+01  -8.901978776928e-01
  1.528895092476e-01   -3.646235106030e-02   3.335891069126e+01  -8.901978776928e-01
  1.662693805803e-01   -4.908386947240e-02   3.463259207241e+01  -8.901978776928e-01
  1.528661084921e-01   -3.629071812514e-02   3.335961983995e+01  -1.870969332247e+00
  1.354985439909e-01   -3.265921306109e-02   3.427510970392e+01  -1.870969332247e+00
  8.205007118852e-02   -1.589437969900e-02   3.374712909186e+01  -1.870969332247e+00
  1.771218865489e-01   -5.501153932203e-02   3.371518171418e+01  -5.623990731644e-01
  1.658106291154e-01   -4.911565324058e-02   3.464289425727e+01  -5.623990731644e-01
  1.534715229210e-01   -3.645809202639e-02   3.334940064610e+01  -5.623990731644e-01
  1.354762572456e-01   -3.267129220660e-02   3.427450757705e+01  -1.134841775850e+00
  1.662930772473e-01   -4.897807866429e-02   3.463263406869e+01  -1.134841775850e+00
  1.411732256204e-01   -2.993131690339e-02   3.494166528071e+01  -1.134841775850e+00
  1.773045355878e-01   -5.505730925342e-02   3.370959650437e+01  -1.298574122987e-01
  1.532843724251e-01   -3.642351180791e-02   3.335435287264e+01  -1.298574122987e-01
  1.901636371266e-01   -4.078363317079e-02   3.215057150228e+01  -1.298574122987e-01
  8.172495399165e-02   -1.596694235055e-02   3.375531298559e+01  -1.799452344290e+00
  1.357000409851e-01   -3.258409079164e-02   3.427080500518e+01  -1.799452344290e+00
  6.580994347143e-02   -1.169525654458e-02   3.465301684879e+01  -1.799452344290e+00
  3.130131002020e-04   -8.624475778560e-05   2.804210310441e+01  -3.821948884713e+00
  1.751737130072e-04    1.538105951347e-04   2.416887051250e+01  -3.821948884713e+00
  1.150458035860e-01    5.703992194604e-03   2.712896650375e+01  -3.821948884713e+00
  1.749559461595e-01   -3.707748571580e-02   3.573065142651e+01  -1.142807858849e+00
  1.414617951831e-01   -3.000806616208e-02   3.493496587960e+01  -1.142807858849e+00
  1.659432945791e-01   -4.898973111638e-02   3.463700156831e+01  -1.142807858849e+00
  1.945700350587e-01   -7.890391694625e-04   3.631807834974e+01  -7.528919317800e-01
  1.744219846399e-01   -3.672585597094e-02   3.572993662408e+01  -7.528919317800e-01
  1.799713700347e-01   -1.630124717463e-02   3.651413830071e+01  -7.528919317800e-01
  1.940997225407e-01   -2.175715223678e-04   3.630919404300e+01  -1.670291878492e+00
  1.515281919224e-01   -2.160848381572e-04   3.549698009868e+01  -1.670291878492e+00
  1.748895214933e-01   -3.700701581221e-02   3.573786366638e+01  -1.670291878492e+00
  1.948105847256e-01   -7.707049791814e-04   3.632614186109e+01  -7.836368156444e-01
  1.798196831733e-01   -1.612650572818e-02   3.651313128618e+01  -7.836368156444e-01
  2.157117514793e-01    2.626497604102e-04   3.693529503227e+01  -7.836368156444e-01
  1.791469446015e-01   -1.559494033718e-02   3.651402248201e+01  -4.128561190644e-01
  1.754053891880e-01   -3.726559765851e-02   3.572734069981e+01  -4.128561190644e-01
  1.449417834581e-01   -3.446303095836e-02   3.609123402750e+01  -4.128561190644e-01
  1.385106846184e-01    2.609930709574e-03   3.648858986966e+01   7.158607639495e-02
  1.795867234206e-01   -1.564930785029e-02   3.649948744432e+01   7.158607639495e-02
  1.442291614553e-01   -3.420995416737e-02   3.610233482853e+01   7.158607639495e-02
  1.793818634398e-01   -1.508879846559e-02   3.650847465110e+01  -2.533199638212e-01
  1.821605104720e-01    1.922823656518e-02   3.649133151002e+01  -2.533199638212e-01
  2.159068757712e-01   -6.851362744113e-04   3.693384881380e+01  -2.533199638212e-01
  1.754015955603e-01   -3.713432243477e-02   3.572446336686e+01   1.056171431101e-01
  1.575960334386e-01   -5.445539735107e-02   3.511149388060e+01   1.056171431101e-01
  1.449367506860e-01   -3.471006553493e-02   3.609286830507e+01   1.056171431101e-01
  1.218893554920e-01   -1.777559946586e-03   1.904804734628e+01   1.553960140936e+00
  1.676704557479e-01   -2.397508166908e-03   1.788939296800e+01   1.553960140936e+00
  1.893238656653e-03   -1.824964859566e-04   1.768800444847e+01   1.553960140936e+00
  1.121876114546e-01   -4.445741731824e-02   3.556512878318e+01   1.653970166568e+00
  1.582128324756e-01   -5.470346694364e-02   3.511275550114e+01   1.653970166568e+00
  1.336866573429e-01   -5.002292909954e-02   3.418261926772e+01   1.653970166568e+00
  1.582874582888e-01   -5.452233165409e-02   3.510322991196e+01  -2.591568938582e-01
  1.746324902037e-01   -3.699146445704e-02   3.573691630123e+01  -2.591568938582e-01
  1.662848536796e-01   -4.916074999376e-02   3.463222852625e+01  -2.591568938582e-01
  4.980193438748e-02   -1.395485456447e-02   3.676907857748e+01   1.801518430536e+00
  9.651166082097e-02   -2.534395902674e-02   3.649003207285e+01   1.801518430536e+00
  5.838905064253e-02   -2.599920677252e-02   3.594830584699e+01   1.801518430536e+00
  9.643488342876e-02   -2.523262279005e-02   3.647942801103e+01   1.193930187919e+00
  1.444264331074e-01   -3.444450335058e-02   3.610569565412e+01   1.193930187919e+00
  1.117276418073e-01   -4.442847800385e-02   3.558244737337e+01   1.193930187919e+00
  1.119600238889e-01   -4.439695883922e-02   3.557285079453e+01   2.010137999098e+00
  5.869956330378e-02   -2.605019629227e-02   3.594335091001e+01   2.010137999098e+00
  9.624679459744e-02   -2.532300688323e-02   3.649372043913e+01   2.010137999098e+00
  9.644967230815e-02   -2.515964367325e-02   3.648332910119e+01   2.554302198958e-01
  1.381986353127e-01    2.805327409888e-03   3.650004552656e+01   2.554302198958e-01
  1.443689369044e-01   -3.438954076827e-02   3.610150274355e+01   2.554302198958e-01
  1.770423311385e-01   -5.521201407863e-02   3.371401734148e+01   1.178407445070e+00
  1.342221253110e-01   -5.002461708085e-02   3.417233346427e+01   1.178407445070e+00
  1.577517636517e-01   -5.469818274350e-02   3.512334040010e+01   1.178407445070e+00
  1.121323791181e-01   -4.442840454587e-02   3.557444216840e+01   7.358191861739e-01
  1.441266194746e-01   -3.449575988226e-02   3.611300149227e+01   7.358191861739e-01
  1.581607035384e-01   -5.464970451276e-02   3.510345290911e+01   7.358191861739e-01
  1.764090248325e-01   -5.511286510815e-02   3.372530876170e+01   2.897553506415e-01
  1.583282336762e-01   -5.467335077756e-02   3.510151483978e+01   2.897553506415e-01
  1.663411660932e-01   -4.909109388798e-02   3.463159363154e+01   2.897553506415e-01
  9.628600825327e-02   -2.511871624731e-02   3.648421614558e+01   7.400812458114e-01
  4.991960860589e-02   -1.410846538491e-02   3.677605230893e+01   7.400812458114e-01
  9.130783095963e-02    2.090971758756e-03   3.680794604988e+01   7.400812458114e-01
  1.912009501643e-01   -4.064471808800e-02   3.213616320411e+01  -1.265833585600e+00
  1.524567991135e-01   -3.639307831347e-02   3.337260306142e+01  -1.265833585600e+00
  1.061404388652e-01   -1.471958365563e-02   3.213484237741e+01  -1.265833585600e+00
  2.175367136402e-01    2.295918473689e-03   1.777593682690e+00  -5.714474189745e-01
  1.616973196338e-01   -2.270821403472e-03   1.418015755692e-03  -5.714474189745e-01
  2.183165523001e-01    4.941161751264e-04   2.120571332270e-02  -5.714474189745e-01
  1.946388939577e-01   -2.149199822536e-02   3.040640390141e+01  -1.198881445674e+00
  1.137649607499e-01   -6.214492346758e-03   2.980012523895e+01  -1.198881445674e+00
  1.937001980004e-01   -1.584924981487e-03   2.847151598200e+01  -1.198881445674e+00
  1.942127728671e-01   -2.196964751572e-02   3.041584938809e+01  -9.179358174261e-01
  1.914484659534e-01   -4.049614754136e-02   3.212972097716e+01  -9.179358174261e-01
  1.060158786723e-01   -1.494516449496e-02   3.213825612909e+01  -9.179358174261e-01
  1.771167206111e-01   -5.528291328005e-02   3.372746844069e+01   1.850306867536e+00
  1.552144972321e-01   -4.191391999868e-02   3.245867286532e+01   1.850306867536e+00
  1.342409010823e-01   -4.997808726091e-02   3.415947126997e+01   1.850306867536e+00
  1.557736023682e-01   -4.189816247370e-02   3.244705567331e+01   1.331715884071e+00
  1.766218807008e-01   -5.523769573458e-02   3.373970008213e+01   1.331715884071e+00
  1.909024767736e-01   -4.081325079015e-02   3.213558764779e+01   1.331715884071e+00
  1.706375444773e-01   -2.417483255624e-02   3.052800042537e+01   1.810664737086e+00
  1.557531209471e-01   -4.174678975382e-02   3.243089047540e+01   1.810664737086e+00
  1.910282499106e-01   -4.099281125119e-02   3.215199277085e+01   1.810664737086e+00
  8.242822347018e-02   -2.543614550876e-02   3.273132815438e+01   3.936751708851e+00
  1.340435308353e-01   -4.999676263605e-02   3.418545429943e+01   3.936751708851e+00
  1.554332213259e-01   -4.184746452907e-02   3.244000452558e+01   3.936751708851e+00
  1.905819205970e-01   -4.098529432015e-02   3.216458047449e+01   1.203786636410e+00
  1.950625677278e-01   -2.163402336382e-02   3.039851600975e+01   1.203786636410e+00
  1.711108350681e-01   -2.408974707707e-02   3.051613849985e+01   1.203786636410e+00
  1.948818330993e-01   -2.178907319647e-02   3.040732623113e+01  -1.652961339613e+00
  1.051464916272e-01   -1.507162009465e-02   3.215453627080e+01  -1.652961339613e+00
  1.133518459921e-01   -5.967902391056e-03   2.980116891154e+01  -1.652961339613e+00
  1.772436279053e-01   -1.798033986426e-03   2.848567140836e+01   1.629758844057e+00
  1.709654168464e-01   -2.383743035839e-02   3.049735520209e+01   1.629758844057e+00
  1.953040900201e-01   -2.188146864373e-02   3.041670888596e+01   1.629758844057e+00
  3.306269133777e-04   -1.878961025834e-04   2.844615945701e+01   7.061399645131e+00
  9.856821241969e-02   -5.407577127129e-04   2.846909419879e+01   7.061399645131e+00
  3.074040609795e-04    4.300135771726e-04   2.626957253686e+01   7.061399645131e+00
  1.713556619101e-01   -2.396373350455e-02   3.052277294069e+01   4.437983732341e+00
  9.818566950507e-02   -8.666245318552e-04   2.847223805799e+01   4.437983732341e+00
  9.237078261970e-02   -1.546411474803e-02   3.064414251007e+01   4.437983732341e+00
  9.868757939578e-02   -8.461139017758e-04   2.847090287767e+01   4.456843519358e+00
  1.709276394192e-01   -2.390335604157e-02   3.052524812221e+01   4.456843519358e+00
  1.768496703676e-01   -1.526529436388e-03   2.845871865327e+01   4.456843519358e+00
  9.239018860396e-02   -1.529803520068e-02   3.065989784898e+01   7.599055915472e+00
  9.802885686560e-02   -1.185543876690e-03   2.844473095917e+01   7.599055915472e+00
  7.149809917223e-04   -4.341345591891e-04   3.066266044241e+01   7.599055915472e+00
  1.709004686982e-01   -2.403925937422e-02   3.050601549958e+01   4.346652394606e+00
  9.273595703985e-02   -1.545405874793e-02   3.066294512136e+01   4.346652394606e+00
  1.554950782250e-01   -4.175358122477e-02   3.245915678785e+01   4.346652394606e+00
  1.706340542159e-01    2.072100649532e-02   2.640520335823e+01   4.438239426571e+00
  9.865373581396e-02   -9.194430279073e-04   2.844364436299e+01   4.438239426571e+00
  1.768603697629e-01   -1.365002308397e-03   2.846582894848e+01   4.438239426571e+00
  1.778411170858e-01   -1.693220966859e-03   2.847769559258e+01   1.092657699417e+00
  1.947722118554e-01   -2.193653939411e-02   3.042721333476e+01   1.092657699417e+00
  1.936328373744e-01   -1.237107969735e-03   2.846051276384e+01   1.092657699417e+00
  1.132923167078e-01   -6.399363922838e-03   2.980410174495e+01  -1.725174440767e+00
  1.144509110899e-01    5.719958665449e-03   2.712554557293e+01  -1.725174440767e+00
  1.941899725209e-01   -1.368594532886e-03   2.846797419217e+01  -1.725174440767e+00
  8.203763529508e-02   -2.536324715493e-02   3.271484451808e+01   4.207765433136e+00
  1.559101170557e-01   -4.185345288232e-02   3.245524542373e+01   4.207765433136e+00
  9.224650008920e-02   -1.541037080718e-02   3.066718373818e+01   4.207765433136e+00
  1.616708867836e-05   -6.040491758686e-05   3.594401087038e+01   4.104520988166e+00
  5.906874855168e-02   -2.619990194051e-02   3.595145752565e+01   4.104520988166e+00
  4.296146403463e-04   -2.452387072503e-04   3.459680101897e+01   4.104520988166e+00
  5.851988889858e-02   -2.590197171059e-02   3.593431916187e+01   2.895316515986e+00
  1.122951608433e-01   -4.458174812210e-02   3.558218173614e+01   2.895316515986e+00
  7.042972284936e-02   -2.966758606204e-02   3.454385682205e+01   2.895316515986e+00
  9.739839422612e-02   -1.309535736261e-02   2.182713482499e+01   2.431328184966e+00
  4.632772068421e-05    1.559888318124e-04   2.058546050508e+01   2.431328184966e+00
  2.871440076219e-04   -5.019994546625e-05   2.183628700607e+01   2.431328184966e+00
  3.808218979540e-04   -5.506648859603e-04   3.690934197725e+01   1.317832013047e+00
  4.726383228313e-02    1.006328321004e-03   3.708540490673e+01   1.317832013047e+00
  4.968119986074e-02   -1.376823645582e-02   3.677210885193e+01   1.317832013047e+00
  2.535647840225e-04   -2.196649725427e-04   3.595699808371e+01   3.327017185682e+00
 -1.181422350923e-04    1.552556298683e-04   3.689980002715e+01   3.327017185682e+00
  5.859703418119e-02   -2.588152226653e-02   3.593834258782e+01   3.327017185682e+00
  1.082889040315e-01    2.103945585499e-02   3.344899487927e+01   2.523215975246e+00
  4.784978032097e-04   -8.625807688716e-05   3.413945867844e+01   2.523215975246e+00
  8.635510866265e-02    1.519379243796e-02   3.428957776111e+01   2.523215975246e+00
  5.875032742570e-02   -2.604296443451e-02   3.595331096809e+01   5.062788977012e+00
  7.034287327199e-02   -2.955405597592e-02   3.452872948814e+01   5.062788977012e+00
  7.434123215042e-04   -4.184886419801e-04   3.459073563036e+01   5.062788977012e+00
  1.409618020587e-04    2.708658850761e-05   3.689747760383e+01   2.617671163359e+00
  4.984839346299e-02   -1.408102578535e-02   3.677487416665e+01   2.617671163359e+00
  5.826091103717e-02   -2.575413359110e-02   3.594051632023e+01   2.617671163359e+00
  5.185587897744e-04    6.251444548647e-05   3.069051923162e+01   6.601730611982e+00
  9.394070324722e-05   -4.091055691352e-04   3.276420451314e+01   6.601730611982e+00
  9.249153861679e-02   -1.576018421836e-02   3.064291595855e+01   6.601730611982e+00
  2.086985249625e-04   -3.814685709130e-04   3.065959809826e+01   7.069309229769e+00
  9.856042683742e-02   -1.184711241607e-03   2.844474713729e+01   7.069309229769e+00
  3.549774351546e-04    1.617167769873e-04   2.847051088791e+01   7.069309229769e+00
  1.452145709283e-01    8.503240164415e-03   2.960982879543e+01   2.955873766000e+00
  1.125474969781e-03    1.582360827289e-04   3.186668863869e+01   2.955873766000e+00
  1.287320063556e-01    1.928007981216e-02   3.182485651373e+01   2.955873766000e+00
  1.019203002308e-04   -2.116195300418e-04   3.456553568057e+01   5.379157367519e+00
  7.099656288857e-02   -2.967781999705e-02   3.454603637012e+01   5.379157367519e+00
  6.068629612929e-04   -8.154791220696e-05   3.281030054764e+01   5.379157367519e+00
  6.274254425897e-04   -5.987105687693e-04   3.276634973278e+01   6.894904971266e+00
  8.204428903483e-02   -2.517885632980e-02   3.272941379411e+01   6.894904971266e+00
  9.199708961721e-02   -1.566094603868e-02   3.064351790520e+01   6.894904971266e+00
  1.133015947831e-01   -6.057502945790e-03   2.980342147917e+01  -3.493283705143e+00
  1.109621538577e-03    1.468047038665e-04   2.805314720598e+01  -3.493283705143e+00
  1.143297675295e-01    5.453190394891e-03   2.712589826007e+01  -3.493283705143e+00
  8.189869197257e-02   -1.579634402345e-02   3.375200128920e+01  -2.724750939593e+00
 -6.255501595230e-05    4.237492789926e-05   3.436374721117e+01  -2.724750939593e+00
  3.170168076258e-04   -1.202596362829e-05   3.346849799330e+01  -2.724750939593e+00
  1.109434306264e-03   -2.802800595140e-04   3.280474063816e+01   6.265022185416e+00
  7.059848648566e-02   -2.952087990738e-02   3.454846849944e+01   6.265022185416e+00
  8.176797907291e-02   -2.533986209137e-02   3.271672485199e+01   6.265022185416e+00
  7.039217987894e-02   -2.959638841475e-02   3.452767890273e+01   3.691000721708e+00
  1.343972055010e-01   -5.009060551659e-02   3.418174012603e+01   3.691000721708e+00
  8.199080162959e-02   -2.535170028434e-02   3.273539458140e+01   3.691000721708e+00
  1.052518924856e-01   -1.465578813502e-02   3.215854829444e+01  -3.493580780975e+00
  1.103889442363e-03    2.321193629398e-04   3.024246545271e+01  -3.493580780975e+00
  1.130391246829e-01   -6.211426607254e-03   2.980103185117e+01  -3.493580780975e+00
  1.778226441249e-01   -1.215776605935e-03   2.844699960136e+01   1.075149528545e+00
  1.936384969965e-01   -1.483012191208e-03   2.847452247346e+01   1.075149528545e+00
  1.954614651100e-01    1.868252330397e-02   2.650922209683e+01   1.075149528545e+00
  7.076138396772e-02   -2.973955301147e-02   3.454018630393e+01   3.122037496852e+00
  1.120053527590e-01   -4.452475165464e-02   3.558558501021e+01   3.122037496852e+00
  1.339093353230e-01   -4.997434265335e-02   3.416885522255e+01   3.122037496852e+00
 -3.295169345881e-05   -7.118823984975e-05   3.210249559589e+01  -3.516149499660e+00
  6.529747257633e-04    1.650162832899e-04   3.024666502322e+01  -3.516149499660e+00
  1.056220470361e-01   -1.454075772960e-02   3.215599697155e+01  -3.516149499660e+00
  4.751702790450e-02    9.737861377923e-04   3.708385805477e+01   3.963437243871e-01
  1.405372574731e-04   -4.538813202190e-04   3.691370184446e+01   3.963437243871e-01
  6.140886491546e-05    1.893654587699e-04   3.711618872311e+01   3.963437243871e-01
  1.838238363357e-01    4.418361152892e-02   3.561742036198e+01   3.232390588153e-01
  1.818379627846e-01    1.996994636005e-02   3.648570331869e+01   3.232390588153e-01
  1.486264086934e-01    4.056624932882e-02   3.602297620417e+01   3.232390588153e-01
  1.821653340857e-01    1.939247205821e-02   3.648842066867e+01   3.803476625445e-01
  2.158954751260e-01    6.135087838805e-04   3.676361590338e+01   3.803476625445e-01
  2.160138316679e-01   -8.021233404321e-04   3.694266673793e+01   3.803476625445e-01
  2.155570281997e-01   -1.755466064266e-04   3.675879376932e+01   1.328752677869e+00
  1.824978618976e-01    4.369735897614e-02   3.563130708708e+01   1.328752677869e+00
  1.945093334039e-01    3.665248651096e-04   3.592006213197e+01   1.328752677869e+00
  1.826988063127e-01    4.363062012442e-02   3.562862531002e+01   4.357344503774e-01
  2.153758184751e-01    4.658104328529e-06   3.676038716248e+01   4.357344503774e-01
  1.824535351391e-01    2.037165283152e-02   3.648311564705e+01   4.357344503774e-01
  1.940368981953e-01    2.040720414851e-04   3.592225503511e+01   1.805888067079e+00
  1.834957830897e-01    4.400909573714e-02   3.562586479099e+01   1.805888067079e+00
  1.516798075627e-01    1.946284139570e-04   3.506264727639e+01   1.805888067079e+00
  1.286479636966e-03   -6.612688057012e-05   1.120145351553e+00  -1.581608377409e+00
 -1.759019353011e-05    3.612732703532e-05   6.636737575924e-03  -1.581608377409e+00
  1.621811273535e-01   -2.290577978307e-03  -4.092719846437e-03  -1.581608377409e+00
  1.823092226668e-01    2.006724543923e-02   3.647282304802e+01  -1.436648332554e-01
  1.385180595801e-01    3.138087762907e-03   3.648934905534e+01  -1.436648332554e-01
  1.478988462879e-01    4.030176387966e-02   3.603429894195e+01  -1.436648332554e-01
  1.821642336325e-01    2.010855434059e-02   3.648601508499e+01  -3.911503716200e-02
  1.794246656893e-01   -1.572079525186e-02   3.651013048355e+01  -3.911503716200e-02
  1.388065632029e-01    2.885407085184e-03   3.647922479982e+01  -3.911503716200e-02
  9.840271122220e-02    2.980859267426e-02   3.644376225457e+01  -4.126339799934e-01
  1.480301855171e-01    4.047211778732e-02   3.603436938524e+01  -4.126339799934e-01
  1.382130742905e-01    2.948642638630e-03   3.650031979452e+01  -4.126339799934e-01
  1.156981360889e-01    4.874704267502e-02   3.547913968592e+01  -2.271174760511e+00
  9.822077191126e-02    2.997104601733e-02   3.645521145351e+01  -2.271174760511e+00
  5.987817734155e-02    2.763233927327e-02   3.583863221027e+01  -2.271174760511e+00
  1.478068114276e-01    4.060044845481e-02   3.604638900540e+01  -9.180697330776e-01
  1.158870838420e-01    4.881440616516e-02   3.548184307456e+01  -9.180697330776e-01
  1.653680065757e-01    6.118727960906e-02   3.497798249554e+01  -9.180697330776e-01
  1.154812191991e-01    4.880108427894e-02   3.548960216959e+01  -1.341687469612e+00
  1.481052852378e-01    4.055984998402e-02   3.603912988479e+01  -1.341687469612e+00
  9.837659251612e-02    2.985684237642e-02   3.643962767399e+01  -1.341687469612e+00
  1.876576436539e-01    6.147598188331e-02   3.355122931962e+01  -1.382426082846e+00
  1.649634958817e-01    6.123987823288e-02   3.499803732621e+01  -1.382426082846e+00
  1.398321011571e-01    5.428793278809e-02   3.405601519690e+01  -1.382426082846e+00
  1.486096401061e-01    4.079215742612e-02   3.602607122975e+01  -2.249264027356e-01
  1.648162068090e-01    6.101457337186e-02   3.498550255021e+01  -2.249264027356e-01
  1.838322950773e-01    4.405507839889e-02   3.561184445730e+01  -2.249264027356e-01
  9.821462043787e-02    2.975012686808e-02   3.644559151388e+01  -9.322098836379e-01
  9.132184042498e-02    2.415147387718e-03   3.680746848499e+01  -9.322098836379e-01
  5.083114874372e-02    1.682890326239e-02   3.676211220624e+01  -9.322098836379e-01
  9.808439146563e-02    2.979125778713e-02   3.645106265293e+01  -5.269561216443e-01
  1.385241146219e-01    2.917065933181e-03   3.649276626905e+01  -5.269561216443e-01
  9.141972651353e-02    2.294737875515e-03   3.679647836834e+01  -5.269561216443e-01
  1.385106565603e-01    2.856562514052e-03   3.649279386803e+01   3.946424434022e-01
  9.613366650382e-02   -2.515704482429e-02   3.649029192641e+01   3.946424434022e-01
  9.142618877620e-02    2.210305333319e-03   3.679647316275e+01   3.946424434022e-01
  1.830559863023e-01    4.390970500715e-02   3.562211566618e+01   1.262912247528e-01
  1.655129975013e-01    6.108820089696e-02   3.497836620935e+01   1.262912247528e-01
  1.780808015536e-01    5.635285190228e-02   3.443751451379e+01   1.262912247528e-01
  1.510149151076e-01    4.727675971279e-04   3.505583282706e+01   2.111884069640e+00
  1.547150667251e-01    3.518427581313e-02   3.466912915851e+01   2.111884069640e+00
  8.647359770561e-02   -3.268597892120e-04   3.457030968981e+01   2.111884069640e+00
  1.513440894456e-01    3.861062686068e-04   3.506776630617e+01   1.317943150264e+00
  1.839303795333e-01    4.393872635703e-02   3.561709627866e+01   1.317943150264e+00
  1.545248720160e-01    3.557561595396e-02   3.466143453763e+01   1.317943150264e+00
  8.628021281602e-02    2.895485228676e-04   3.456818000632e+01   2.192167992803e+00
  8.610813192571e-02    1.503418281702e-02   3.429137675563e+01   2.192167992803e+00
 -7.514746687038e-05   -3.956857717780e-04   3.457999199744e+01   2.192167992803e+00
  8.652630526850e-02    1.557724405603e-02   3.428332762039e+01   1.773170926192e+00
  8.607248754238e-02   -1.490581442143e-04   3.458121402409e+01   1.773170926192e+00
  1.552172747085e-01    3.499417622312e-02   3.466096893481e+01   1.773170926192e+00
  1.094162391662e-01    2.099668167480e-02   3.344497823634e+01   2.730982061244e+00
  9.810354124417e-04   -1.274049745259e-05   3.189085497147e+01   2.730982061244e+00
 -2.440592846703e-04   -2.741661989619e-05   3.415652835681e+01   2.730982061244e+00
  6.595629621987e-04   -6.268148568535e-05   1.768501978571e+01   1.749431521848e+00
  5.626328608812e-05    5.254051464820e-05   1.898454261118e+01   1.749431521848e+00
  1.225751156788e-01   -1.799775728004e-03   1.904693691878e+01   1.749431521848e+00
  1.551358789035e-01    3.525718682387e-02   3.465814862951e+01   1.732902895598e+00
  1.523820655831e-01    3.877316304463e-02   3.399603234539e+01   1.732902895598e+00
  8.672729756705e-02    1.532332608510e-02   3.428069547529e+01   1.732902895598e+00
  1.056076639319e-01    3.990453153064e-03   1.917629511934e+01  -1.759620189536e+00
 -2.550138875434e-05   -7.566285283477e-05   1.905713342191e+01  -1.759620189536e+00
  5.963508879733e-04    5.255527951877e-05   1.781589458940e+01  -1.759620189536e+00
  1.775937713960e-01    5.629966632940e-02   3.444784761745e+01   3.663534612344e-01
  1.877494168383e-01    6.128707190012e-02   3.355250707468e+01   3.663534612344e-01
  1.713840745021e-01    4.288104353778e-02   3.310976378942e+01   3.663534612344e-01
  1.870287107315e-01    6.137575897141e-02   3.356220708292e+01  -4.430482234282e-01
  1.781469130033e-01    5.628755508141e-02   3.443714511096e+01  -4.430482234282e-01
  1.655334164705e-01    6.122095550867e-02   3.497669083235e+01  -4.430482234282e-01
  1.525648479900e-01    3.884275230627e-02   3.399379100572e+01   1.624617478928e+00
  1.708377510999e-01    4.272022550725e-02   3.312136818004e+01   1.624617478928e+00
  1.084280513637e-01    2.110762736944e-02   3.344107780855e+01   1.624617478928e+00
  1.708364185797e-01    4.288554564351e-02   3.311947847587e+01   7.396956939718e-01
  1.525970708112e-01    3.881205409053e-02   3.399370360005e+01   7.396956939718e-01
  1.780208979962e-01    5.626786110992e-02   3.443760581077e+01   7.396956939718e-01
  1.081567471519e-01    2.116044439024e-02   3.344858509806e+01   1.524057732463e+00
  1.711393591923e-01    4.268439133343e-02   3.311927323235e+01   1.524057732463e+00
  1.288394801413e-01    1.948596321348e-02   3.182551418173e+01   1.524057732463e+00
  1.527458682533e-01    3.878234677647e-02   3.398920213479e+01   1.627717817979e+00
  1.081986819769e-01    2.116455870143e-02   3.344797994460e+01   1.627717817979e+00
  8.631348368470e-02    1.524283497564e-02   3.429128950719e+01   1.627717817979e+00
  1.879160589865e-01    6.132207974647e-02   3.354680361294e+01  -7.267772101273e-02
  2.041513408565e-01    4.615441300077e-02   3.197148588174e+01  -7.267772101273e-02
  1.712100581059e-01    4.285729580056e-02   3.311493187656e+01  -7.267772101273e-02
  1.780827821322e-01    5.619169388707e-02   3.443869337942e+01   1.012312170691e+00
  1.525356336915e-01    3.883538568969e-02   3.399348258582e+01   1.012312170691e+00
  1.548227922104e-01    3.536807690748e-02   3.466580101709e+01   1.012312170691e+00
  1.833612684513e-01    4.398461273446e-02   3.561490035021e+01   1.068192401590e+00
  1.777597417941e-01    5.620702314316e-02   3.444294271026e+01   1.068192401590e+00
  1.550627154467e-01    3.544392564707e-02   3.465948608396e+01   1.068192401590e+00
  1.088840872925e-01    2.109798572347e-02   3.345248496109e+01   3.141388408164e+00
  1.281928429284e-01    1.942094184032e-02   3.182278381249e+01   3.141388408164e+00
  1.776626221817e-03   -1.105347424033e-04   3.187541818298e+01   3.141388408164e+00
  1.654324255834e-01    6.125332969184e-02   3.498763781506e+01  -1.838813101290e+00
  1.159219268543e-01    4.882005205868e-02   3.547212772572e+01  -1.838813101290e+00
  1.392920759692e-01    5.427624950855e-02   3.406590295608e+01  -1.838813101290e+00
  3.461128680650e-03    9.091969827862e-05   2.949117105796e+00  -1.524735591693e+00
  2.204169410166e-01    2.712546917780e-03   1.777742612864e+00  -1.524735591693e+00
  1.898900020962e-01    4.864393348297e-03   3.357846329824e+00  -1.524735591693e+00
  4.728852946237e-02    1.601524157753e-03   3.708664256621e+01  -1.584832129992e+00
  3.121553609386e-04    4.590839081032e-04   3.685018329772e+01  -1.584832129992e+00
  5.065384166403e-02    1.653937813756e-02   3.675876040080e+01  -1.584832129992e+00
  4.752591551247e-02    1.627244666467e-03   3.708486727057e+01  -5.774608118466e-01
  6.471309868594e-05   -1.546657706494e-04   3.711554606887e+01  -5.774608118466e-01
  1.147779632841e-04    4.027240522209e-04   3.685540805353e+01  -5.774608118466e-01
  5.075779747485e-02    1.692098087037e-02   3.677140646206e+01  -3.539233397168e+00
  6.461825591406e-04    6.349629840237e-04   3.597897242316e+01  -3.539233397168e+00
  5.947478062638e-02    2.730016164535e-02   3.583041234945e+01  -3.539233397168e+00
  7.231129658497e-02    3.181853958458e-02   3.443090144404e+01  -4.692653498289e+00
  5.976214601676e-02    2.748243350498e-02   3.583778456506e+01  -4.692653498289e+00
  1.604994138001e-04    3.043269604310e-04   3.595532909828e+01  -4.692653498289e+00
  7.304068351044e-02    3.199727971301e-02   3.444035078988e+01  -3.359393527951e+00
  1.395217611017e-01    5.423704966118e-02   3.405200922411e+01  -3.359393527951e+00
  1.157335954746e-01    4.886093535507e-02   3.549224064952e+01  -3.359393527951e+00
  7.262719776042e-02    3.191304961572e-02   3.444536124082e+01  -3.120296145067e+00
  1.160667295192e-01    4.893095802807e-02   3.548845079151e+01  -3.120296145067e+00
  5.964205220630e-02    2.746013762377e-02   3.582822672164e+01  -3.120296145067e+00
  3.486429481154e-04    4.402396975404e-04   3.598433854684e+01  -2.558249668238e+00
  5.101593438711e-02    1.703881146577e-02   3.676853317717e+01  -2.558249668238e+00
  2.166935495151e-05   -5.582282832469e-05   3.683695477053e+01  -2.558249668238e+00
  9.849244612061e-02    3.001663188068e-02   3.645185395869e+01  -1.966250840715e+00
  5.064102229689e-02    1.664459621408e-02   3.675704005857e+01  -1.966250840715e+00
  5.955976079454e-02    2.754549745891e-02   3.584251968142e+01  -1.966250840715e+00
 -1.708009946161e-04    8.937735857764e-05   3.595590623328e+01  -5.010580209210e+00
  4.534058047329e-04    2.056971945518e-04   3.450337477669e+01  -5.010580209210e+00
  7.267501588427e-02    3.196592565250e-02   3.442873987152e+01  -5.010580209210e+00
  1.146624062470e-01    5.641446356825e-03   2.712623454996e+01  -3.241399956422e+00
  5.779969963451e-04    2.211246715062e-04   2.417372142505e+01  -3.241399956422e+00
  1.048900360705e-01    1.225136737747e-02   2.475878258870e+01  -3.241399956422e+00
  2.202730261074e-01   -4.187413489973e-03   1.287749960818e+01   1.182356975660e+00
  6.752555039888e-03    2.680823722784e-04   1.425077480644e+01   1.182356975660e+00
  2.492605008706e-01   -2.932625405379e-03   1.445561019054e+01   1.182356975660e+00
  8.624396179413e-02   -4.350939020097e-04   3.501392082726e+01  -2.351148447614e+00
  3.962084776079e-04   -2.474762269607e-04   3.473161154437e+01  -2.351148447614e+00
  6.566976883272e-02   -1.163275026522e-02   3.465124276242e+01  -2.351148447614e+00
  8.737940803735e-02    2.782177267897e-02   3.265291426138e+01  -6.606315286861e+00
  1.555682282589e-04    2.333986279931e-04   3.262911178446e+01  -6.606315286861e+00
  5.178788123710e-04   -1.551945382957e-04   3.058328144605e+01  -6.606315286861e+00
  8.687103284630e-02    2.816840134590e-02   3.263055283320e+01  -6.208790385395e+00
 -9.851083171102e-05    2.569436073896e-04   3.448400424558e+01  -6.208790385395e+00
  4.190181713745e-04    4.656548871545e-05   3.265115121785e+01  -6.208790385395e+00
  8.763752469348e-02    1.261385636978e-02   2.290006598861e+01  -2.576475790949e+00
  1.535797530136e-04   -1.240417731190e-04   2.177830673477e+01  -2.576475790949e+00
  7.341143394794e-02    9.811316968093e-03   2.170112979218e+01  -2.576475790949e+00
  7.287592055371e-02    3.181909060274e-02   3.443890770943e+01  -6.262327038545e+00
  3.107046070364e-04    4.432812425255e-04   3.448448045499e+01  -6.262327038545e+00
  8.638124189149e-02    2.802159401997e-02   3.263138012890e+01  -6.262327038545e+00
  1.604610001158e-01    1.246396355760e-02   2.054270343697e+01  -1.098800213205e+00
  1.121067926024e-01    8.066571068182e-03   2.051430648111e+01  -1.098800213205e+00
  1.108179033072e-01    4.151646470497e-03   1.981426744356e+01  -1.098800213205e+00
  9.638257455092e-02    1.596214580882e-02   3.057013025804e+01  -7.058051170943e+00
  3.399714009466e-04    2.786986288881e-04   3.054821817230e+01  -7.058051170943e+00
  5.256640614338e-04   -3.465723604158e-04   2.837071060929e+01  -7.058051170943e+00
  1.396086687392e-01    5.424263283662e-02   3.406855037641e+01  -4.129567770110e+00
  8.704277104344e-02    2.796144228882e-02   3.264715074524e+01  -4.129567770110e+00
  1.627639994218e-01    4.553384212110e-02   3.232280718699e+01  -4.129567770110e+00
  8.662964451544e-02    2.790304181899e-02   3.265129321311e+01  -3.942082736741e+00
  1.399532623530e-01    5.432760513274e-02   3.406496389569e+01  -3.942082736741e+00
  7.276211552808e-02    3.188093278430e-02   3.442598638953e+01  -3.942082736741e+00
  2.111333117869e-01    2.544989705445e-02   3.023944828090e+01   6.756083017318e-01
  1.301652444519e-01    1.965764115452e-02   3.181120904910e+01   6.756083017318e-01
  2.054050348745e-01    4.587628030133e-02   3.195171074315e+01   6.756083017318e-01
  1.302355553780e-01    1.943071607681e-02   3.180879356092e+01   1.048178847336e+00
  1.703974549639e-01    4.282276959674e-02   3.313341395809e+01   1.048178847336e+00
  2.051911645840e-01    4.602936934321e-02   3.195766675718e+01   1.048178847336e+00
  2.048764119324e-01    4.617566068418e-02   3.195645227923e+01  -1.565980306500e+00
  1.872528069379e-01    6.150240991809e-02   3.357649953794e+01  -1.565980306500e+00
  1.630987519610e-01    4.558457159846e-02   3.232933809476e+01  -1.565980306500e+00
  1.630675739382e-01    4.542894032850e-02   3.231349471491e+01  -2.051137993192e+00
  1.787238210675e-01    2.654684036268e-02   3.041347521383e+01  -2.051137993192e+00
  2.050231156809e-01    4.636055010791e-02   3.197271248217e+01  -2.051137993192e+00
  1.632461291538e-01    4.555334696502e-02   3.233840992661e+01  -4.410808318336e+00
  8.668440044960e-02    2.788211155474e-02   3.263133174295e+01  -4.410808318336e+00
  9.589953610268e-02    1.622264761289e-02   3.057105274101e+01  -4.410808318336e+00
  1.398323048110e-01    5.423780057313e-02   3.404330426868e+01  -2.059457799377e+00
  1.625436436790e-01    4.559836980374e-02   3.234083605634e+01  -2.059457799377e+00
  1.877484118413e-01    6.155028716393e-02   3.356447777504e+01  -2.059457799377e+00
  9.580738430802e-02    1.627676136770e-02   3.054839843626e+01  -4.660438863409e+00
  9.974812353609e-02    1.158610334793e-03   2.836613552575e+01  -4.660438863409e+00
  1.794963388815e-01    2.632020274883e-02   3.040889082172e+01  -4.660438863409e+00
  9.577525474112e-02    1.631424028351e-02   3.055087575224e+01  -7.559021386495e+00
  8.688654129254e-02    2.766355690932e-02   3.265422051894e+01  -7.559021386495e+00
  1.006991888219e-03   -2.453609064534e-05   3.057817268876e+01  -7.559021386495e+00
  2.121899372458e-01    2.533504683630e-02   3.024312946177e+01  -1.911323252681e+00
  1.790144048511e-01    2.621350159982e-02   3.038231808016e+01  -1.911323252681e+00
  1.852219278763e-01    2.632751388443e-03   2.838101138049e+01  -1.911323252681e+00
  1.791863577232e-01    2.646525598609e-02   3.040160082775e+01  -1.493857832587e+00
  2.119189623950e-01    2.509699480704e-02   3.022376527424e+01  -1.493857832587e+00
  2.045847107855e-01    4.635451850893e-02   3.198510444613e+01  -1.493857832587e+00
  1.454067619286e-01    8.449125256734e-03   2.960724173425e+01   7.807944383014e-01
  2.114844915985e-01    2.492869085696e-02   3.022956305774e+01   7.807944383014e-01
  2.118331587871e-01    2.569553662519e-03   2.836577406787e+01   7.807944383014e-01
  2.117547598645e-01    2.526993529463e-02   3.023093015912e+01   1.287925810312e+00
  1.450756030723e-01    8.137152298853e-03   2.960602136458e+01   1.287925810312e+00
  1.292515826543e-01    1.976747688993e-02   3.182478820312e+01   1.287925810312e+00
  1.848027215156e-01    2.378433203623e-03   2.835253901362e+01  -4.805241187097e+00
  1.790328072367e-01    2.624844386524e-02   3.041146250408e+01  -4.805241187097e+00
  1.003220073517e-01    1.151638776920e-03   2.836449365448e+01  -4.805241187097e+00
  9.631748246746e-02    1.628184196690e-02   3.056719937859e+01  -4.626538756301e+00
  1.789425335493e-01    2.639998146463e-02   3.039148777390e+01  -4.626538756301e+00
  1.628699014438e-01    4.544926338966e-02   3.234211710289e+01  -4.626538756301e+00
  1.160124758005e-03   -3.323957003421e-04   2.836660477071e+01  -7.915232163984e+00
  9.946424758795e-02    1.376970377275e-03   2.834358319684e+01  -7.915232163984e+00
  9.586292873293e-02    1.591118054476e-02   3.057101460384e+01  -7.915232163984e+00
  1.451659909071e-01    8.319787104381e-03   2.961101020935e+01   3.258457548723e+00
  1.456313897823e-01   -6.292295365629e-03   2.710373070450e+01   3.258457548723e+00
  1.490344852703e-03   -1.201105477825e-04   2.801498722751e+01   3.258457548723e+00
  1.179059370403e-03    3.341743176072e-04   2.832448235652e+01  -7.870860523377e+00
  9.512136659482e-02   -1.317915558407e-02   2.614750360287e+01  -7.870860523377e+00
  9.945223059556e-02    1.031584661029e-03   2.835636464281e+01  -7.870860523377e+00
  5.058991146942e-02    1.678455938788e-02   3.676574173124e+01  -5.896838736116e-01
  9.158481944874e-02    2.422060827378e-03   3.680461842268e+01  -5.896838736116e-01
  4.725896693227e-02    1.262993407603e-03   3.707540777504e+01  -5.896838736116e-01
  9.158178533523e-02    2.088185471229e-03   3.680505293900e+01   4.283103778918e-01
  4.965018792912e-02   -1.405781683395e-02   3.677985823753e+01   4.283103778918e-01
  4.725130524208e-02    1.354773580924e-03   3.707506645659e+01   4.283103778918e-01
  5.980846743475e-04   -1.969877436675e-04   2.802442787904e+01   3.631609896676e+00
  3.210696369320e-04    2.079127464057e-04   3.187135864401e+01   3.631609896676e+00
  1.459865029234e-01    8.438791138398e-03   2.960765883379e+01   3.631609896676e+00
  8.875175512983e-02    1.263459738308e-02   2.290242848931e+01  -2.961002144482e+00
  7.401618077500e-04   -6.638367155875e-06   2.418078525502e+01  -2.961002144482e+00
 -1.381457121218e-04   -3.428702044873e-06   2.278384580156e+01  -2.961002144482e+00
  2.111181351098e-01    3.921041418522e-04   1.905277833952e+01  -4.477376965189e-01
  1.796697475180e-01    3.516624407039e-03   1.899777506219e+01  -4.477376965189e-01
  2.250056211206e-01    2.203386846967e-03   1.723572174307e+01  -4.477376965189e-01
  1.960017301655e-01    1.860565128989e-02   2.651951582903e+01   1.639778563821e+00
  1.707045360215e-01    2.064199653115e-02   2.643288990494e+01   1.639778563821e+00
  1.772174497658e-01   -1.090240384274e-03   2.843915928860e+01   1.639778563821e+00
  1.955936215085e-01    1.852612839614e-02   2.653023576239e+01  -1.683191447576e+00
  1.147367530596e-01    5.257018905778e-03   2.713073167100e+01  -1.683191447576e+00
  1.052624348912e-01    1.261696931422e-02   2.475818130076e+01  -1.683191447576e+00
  9.139936795145e-02    1.321182569951e-02   2.626667800004e+01   7.487518206839e+00
  9.235282616127e-04    5.248730697415e-04   2.626684131266e+01   7.487518206839e+00
  9.799806814206e-02   -5.508572264801e-04   2.846898965961e+01   7.487518206839e+00
  9.813048122044e-02   -8.851986855287e-04   2.844207852045e+01   4.450663295155e+00
  1.710744128671e-01    2.077098229836e-02   2.640788565038e+01   4.450663295155e+00
  9.149670682051e-02    1.342788740516e-02   2.628242410730e+01   4.450663295155e+00
  9.193029324318e-02    1.344397059709e-02   2.626382394939e+01   4.323544912444e+00
  1.705979852932e-01    2.083734152366e-02   2.642440794014e+01   4.323544912444e+00
  1.547880108405e-01    3.798600116481e-02   2.449111894084e+01   4.323544912444e+00
  1.274001014911e-03   -6.140031222947e-06   2.622595109584e+01   7.097299408156e+00
  9.119180793818e-02    1.347535971467e-02   2.627995604793e+01   7.097299408156e+00
  8.262056672417e-02    2.387913128899e-02   2.420828756118e+01   7.097299408156e+00
  1.957820981635e-01    1.835725242588e-02   2.653748936968e+01   1.169568674919e+00
  1.917628519877e-01    3.618969409922e-02   2.475066011614e+01   1.169568674919e+00
  1.708281413791e-01    2.089662924634e-02   2.641454972587e+01   1.169568674919e+00
  2.789105519374e-04    3.925579236805e-05   3.346402932369e+01  -2.875881197077e+00
  1.044085845463e-01   -1.476349068727e-02   3.215621147180e+01  -2.875881197077e+00
  8.195556059189e-02   -1.587720779907e-02   3.375250388621e+01  -2.875881197077e+00
  1.079239042512e-01    4.063820597985e-02   2.150747534830e+01   1.672336566046e+00
  1.314100736637e-01    4.559170944798e-02   2.282741060892e+01   1.672336566046e+00
  1.539680460727e-01    4.819703229311e-02   2.191779012536e+01   1.672336566046e+00
  1.922041054342e-01    3.616969613657e-02   2.476329239726e+01   1.824012933518e+00
  1.550144346913e-01    3.793102047139e-02   2.451965037625e+01   1.824012933518e+00
  1.703470585649e-01    2.100165438239e-02   2.640280577846e+01   1.824012933518e+00
  8.273209678171e-02    2.412182867926e-02   2.421577969373e+01   3.827480801580e+00
  1.546932180361e-01    3.805279286859e-02   2.451010603479e+01   3.827480801580e+00
  1.317208411909e-01    4.556031327794e-02   2.282543705683e+01   3.827480801580e+00
  8.237294262922e-02    2.405852063753e-02   2.423072301522e+01   4.129726891505e+00
  9.145982190085e-02    1.340507061398e-02   2.625962356240e+01   4.129726891505e+00
  1.551761990855e-01    3.807191769163e-02   2.449511102217e+01   4.129726891505e+00
  1.768049852869e-01    4.875215810616e-02   2.321683548519e+01   1.870848500675e+00
  1.319373470458e-01    4.554309605445e-02   2.284991871931e+01   1.870848500675e+00
  1.544692622185e-01    3.811938635852e-02   2.449288979164e+01   1.870848500675e+00
  6.621771924841e-04   -1.295167013791e-04   2.622113118610e+01   6.230489660359e+00
  8.315069958351e-02    2.402548881854e-02   2.420964739130e+01   6.230489660359e+00
  8.374262291017e-05    2.051280128903e-04   2.423019434174e+01   6.230489660359e+00
  1.921070911570e-01    3.597822391639e-02   2.477857788081e+01   1.315883347957e+00
  1.763367500500e-01    4.872166666712e-02   2.320447350527e+01   1.315883347957e+00
  1.550084547922e-01    3.808661116202e-02   2.450473755901e+01   1.315883347957e+00
  1.948860611080e-01    1.871237286710e-02   2.652360682426e+01  -9.740993527051e-01
  1.062623796684e-01    1.250130137562e-02   2.476948058697e+01  -9.740993527051e-01
  1.927491102502e-01    3.568367366005e-02   2.478222092928e+01  -9.740993527051e-01
  2.593011714152e-04   -4.615761776205e-05   3.024010976868e+01  -3.778791959090e+00
  4.852960866696e-04    1.332870145374e-04   2.805675520433e+01  -3.778791959090e+00
  1.138236957003e-01   -5.995320917555e-03   2.980185454737e+01  -3.778791959090e+00
  6.846541154403e-02    2.715043103852e-02   2.251200552406e+01   3.644756161086e+00
  8.234605310476e-02    2.407087169230e-02   2.421120613220e+01   3.644756161086e+00
  1.320442774108e-01    4.563860319179e-02   2.282932043730e+01   3.644756161086e+00
  8.262590779695e-02    2.434354102176e-02   2.423102228581e+01   5.801775801763e+00
 -4.565832388210e-05    2.881325615514e-04   2.243887345423e+01   5.801775801763e+00
  3.712531471203e-04    2.451697861232e-05   2.420904249714e+01   5.801775801763e+00
  3.985319903159e-04    5.114780719578e-04   2.243843806676e+01   5.760166643392e+00
  8.213158448557e-02    2.419141009462e-02   2.422995121295e+01   5.760166643392e+00
  6.851186972765e-02    2.704589499770e-02   2.250013505704e+01   5.760166643392e+00
  6.605801470190e-02   -1.169730747332e-02   3.464648370769e+01  -2.199197268563e+00
 -1.242459236750e-05   -1.002359269899e-05   3.474150851222e+01  -2.199197268563e+00
  2.156166500858e-04   -2.049247432303e-05   3.436170559551e+01  -2.199197268563e+00
  5.657639913173e-02    2.435638030297e-02   2.113597972620e+01   3.902616770417e+00
 -3.731286682232e-05    3.703096722594e-05   2.113266097128e+01   3.902616770417e+00
  5.488514749906e-04    2.855821703425e-04   2.240294747188e+01   3.902616770417e+00
  5.606401610921e-02    2.405975141877e-02   2.114814975017e+01   3.140534838731e+00
 -1.382910660782e-04   -1.281316051286e-04   2.021940035958e+01   3.140534838731e+00
  2.424023751438e-04    1.944211522976e-04   2.112050285196e+01   3.140534838731e+00
  7.329622728798e-02    9.630442997694e-03   2.169987051240e+01  -2.440183498111e+00
  1.739735666304e-04    4.078774835903e-05   2.177415058426e+01  -2.440183498111e+00
 -4.823254848005e-05   -1.037100244029e-04   2.056903697229e+01  -2.440183498111e+00
  5.622808863387e-02    2.418567781299e-02   2.113429974868e+01   4.854776316308e+00
  9.571073468249e-04    5.055100590556e-04   2.240804314140e+01   4.854776316308e+00
  6.819670292033e-02    2.704426433679e-02   2.251018852587e+01   4.854776316308e+00
  1.291378372172e-01   -1.063266258187e-02   2.057454016696e+01   1.922257259988e+00
  1.276428155467e-01   -4.915458455319e-03   1.975233047115e+01   1.922257259988e+00
  1.162513249697e-03   -5.572812086924e-05   2.058380937113e+01   1.922257259988e+00
  4.673698653603e-02    1.334362976487e-02   2.035862054415e+01   1.743964282151e+00
  5.588716900932e-02    2.414021145554e-02   2.113854551034e+01   1.743964282151e+00
  9.042485036994e-02    2.372640091434e-02   2.063825764460e+01   1.743964282151e+00
  1.080772284256e-01    4.077438260175e-02   2.149045243480e+01   2.811773060121e+00
  5.595495496725e-02    2.404506931552e-02   2.115226830480e+01   2.811773060121e+00
  6.841205856224e-02    2.719331270083e-02   2.249483882651e+01   2.811773060121e+00
  1.283317875295e-04    4.163093975111e-04   2.020447543509e+01   4.428688234453e-01
  4.409854958261e-02    1.782619171727e-04   2.006300939972e+01   4.428688234453e-01
  7.922485534302e-05   -1.735315661941e-04   1.996803346433e+01   4.428688234453e-01
  3.496758935386e-04    5.130782643142e-04   2.020869921693e+01   1.296042623441e+00
  4.663097786692e-02    1.316686368609e-02   2.035599193100e+01   1.296042623441e+00
  4.387662252947e-02    1.343688974866e-04   2.006051217558e+01   1.296042623441e+00
  8.467311864409e-02   -3.430737088170e-04   2.033310738855e+01   4.526357920489e-01
  4.389263898629e-02   -1.832122194908e-04   2.007040060297e+01   4.526357920489e-01
  4.659673760714e-02    1.342589221270e-02   2.034859757070e+01   4.526357920489e-01
  1.318103082563e-04    2.424162297877e-04   1.996297087594e+01  -6.491277851657e-01
  4.400352024519e-02   -2.588105020581e-04   2.006890529268e+01  -6.491277851657e-01
  4.732910228326e-02   -1.388579825155e-02   2.027985263362e+01  -6.491277851657e-01
  9.016972630083e-02    2.370187936420e-02   2.063478249099e+01   2.006618440764e+00
  5.617855976937e-02    2.418892548860e-02   2.114330166129e+01   2.006618440764e+00
  1.077055887975e-01    4.058928710462e-02   2.149988820882e+01   2.006618440764e+00
  4.679621222511e-02    1.344971531725e-02   2.035292146375e+01   2.540482540156e+00
  1.029547207235e-04   -1.538992457314e-06   2.022130802794e+01   2.540482540156e+00
  5.574084611217e-02    2.393210617516e-02   2.114622069788e+01   2.540482540156e+00
  6.878529419033e-02    2.728125760597e-02   2.249874818406e+01   3.110043328854e+00
  1.316067940436e-01    4.554205235357e-02   2.284138602971e+01   3.110043328854e+00
  1.077753393718e-01    4.070714605505e-02   2.148692303921e+01   3.110043328854e+00
  1.465116462214e-01   -6.604094212029e-03   2.710668914608e+01   3.645018450874e+00
  3.348719638996e-04   -2.230766398525e-04   2.423638870292e+01   3.645018450874e+00
  5.427338076349e-04    1.449019270533e-04   2.800418811112e+01   3.645018450874e+00
  1.924719145279e-01    3.581449083306e-02   2.477788488086e+01  -1.352882679066e+00
  1.064226222885e-01    1.230505741678e-02   2.476899821261e+01  -1.352882679066e+00
  1.564955083307e-01    3.082521148007e-02   2.343198435932e+01  -1.352882679066e+00
  1.295168021844e-01   -1.086392271965e-02   2.057718568659e+01   1.983949470340e+00
  6.873647482492e-04    2.767655037268e-04   2.059103278582e+01   1.983949470340e+00
  9.704397986911e-02   -1.323860532429e-02   2.182792592186e+01   1.983949470340e+00
  8.780807367445e-02    1.272533991232e-02   2.290197696034e+01  -1.754010340815e+00
  7.339553001431e-02    9.768687076748e-03   2.170083101484e+01  -1.754010340815e+00
  1.417874892944e-01    2.676731268755e-02   2.241328569687e+01  -1.754010340815e+00
  8.826917809104e-02    1.268338241017e-02   2.290036397788e+01  -3.293889073326e+00
  1.043858367032e-01    1.235778524588e-02   2.475355239914e+01  -3.293889073326e+00
  1.312082298237e-03   -3.014518377257e-05   2.418382628082e+01  -3.293889073326e+00
  1.570254286617e-01    3.083596597323e-02   2.344489123505e+01  -7.643088719303e-01
  1.414967772208e-01    2.680326223540e-02   2.241076110940e+01  -7.643088719303e-01
  1.672337126084e-01    4.140818653936e-02   2.223743565215e+01  -7.643088719303e-01
  1.415407428763e-01    2.683197532587e-02   2.240875499813e+01  -1.850763525101e+00
  1.569607876592e-01    3.068354790423e-02   2.344576220349e+01  -1.850763525101e+00
  8.813596914120e-02    1.267742067075e-02   2.290903949536e+01  -1.850763525101e+00
  1.460846427687e-01    2.562399095837e-02   2.164323450798e+01  -9.217883502661e-01
  1.672077607939e-01    4.126774941187e-02   2.224072115306e+01  -9.217883502661e-01
  1.414941967510e-01    2.686073820169e-02   2.240862664899e+01  -9.217883502661e-01
  1.576044428867e-01    3.083257189478e-02   2.345415799242e+01  -5.000605066700e-01
  1.667544040277e-01    4.144704301183e-02   2.222764791910e+01  -5.000605066700e-01
  1.768281218519e-01    4.846695366036e-02   2.322931105714e+01  -5.000605066700e-01
  1.413205136319e-01    2.675441081472e-02   2.240988426100e+01  -1.690018234439e+00
  7.395211660085e-02    9.810203963121e-03   2.170703468819e+01  -1.690018234439e+00
  1.463911842843e-01    2.560661245813e-02   2.164554008391e+01  -1.690018234439e+00
  8.779812472063e-02    1.270559556273e-02   2.290410532241e+01  -1.782070127911e+00
  1.573075642264e-01    3.067721870512e-02   2.344612394336e+01  -1.782070127911e+00
  1.049852310077e-01    1.238460895852e-02   2.475221122593e+01  -1.782070127911e+00
  1.129067820335e-01    8.271057386549e-03   2.051835972340e+01  -1.995976760012e+00
  7.319001961957e-02    9.752373414237e-03   2.169956845810e+01  -1.995976760012e+00
  2.130751396231e-04   -2.104523750143e-04   2.057329486987e+01  -1.995976760012e+00
  1.052726793834e-01    3.967206353833e-03   1.917474917402e+01  -1.751111983787e+00
  1.103654154727e-01    4.081926598684e-03   1.980831677690e+01  -1.751111983787e+00
  3.079297158527e-04   -1.011144229476e-04   1.905856078463e+01  -1.751111983787e+00
  1.795615608098e-01    3.599818214120e-03   1.900653613821e+01  -1.063848872806e+00
  1.106776533109e-01    4.215776149617e-03   1.981442728566e+01  -1.063848872806e+00
  1.052701260996e-01    4.044146125224e-03   1.917517126909e+01  -1.063848872806e+00
  1.124149400213e-01    7.914590538525e-03   2.052279936967e+01  -1.250956353386e+00
  1.602997084681e-01    1.273766771761e-02   2.053290342443e+01  -1.250956353386e+00
  1.458398759900e-01    2.557377727272e-02   2.163658167940e+01  -1.250956353386e+00
  2.071735810039e-01   -9.966752467306e-04   6.101757495118e+00  -1.336260716467e+00
  5.178390164453e-03   -1.574508190378e-04   4.547543450885e+00  -1.336260716467e+00
  2.489431486907e-01    1.493837146436e-03   4.656040440248e+00  -1.336260716467e+00
  1.682639955410e-01    3.191054553506e-02   2.129951448900e+01  -8.151441449517e-01
  1.668305893624e-01    4.123817888406e-02   2.223708046172e+01  -8.151441449517e-01
  1.464180944330e-01    2.571802560111e-02   2.164801253640e+01  -8.151441449517e-01
  1.907434948336e-01   -1.382882027202e-03   1.908963256510e+01   1.035578778849e+00
  1.280134614437e-01   -4.941540218519e-03   1.976383492386e+01   1.035578778849e+00
  1.730931014051e-01   -1.441521621454e-02   2.051266477200e+01   1.035578778849e+00
  1.121858977348e-01    8.076124453776e-03   2.051302838438e+01  -1.654814763365e+00
  1.463299581723e-01    2.544385096183e-02   2.164368386324e+01  -1.654814763365e+00
  7.389926555614e-02    9.970789219825e-03   2.170234123658e+01  -1.654814763365e+00
  7.745896815236e-05   -6.124522816911e-05   1.905901409945e+01  -1.839278759257e+00
  1.106053030297e-01    4.061813160396e-03   1.980713081304e+01  -1.839278759257e+00
  2.844453915637e-04   -2.445373293640e-05   1.969513442351e+01  -1.839278759257e+00
  1.918230315360e-03    1.659112985040e-04   1.781639178786e+01  -1.411903580787e+00
  2.277121904415e-01    2.424258788099e-03   1.725866893985e+01  -1.411903580787e+00
  1.050736465283e-01    4.079216243753e-03   1.918477485337e+01  -1.411903580787e+00
  1.345593335972e-01    3.064562580751e-02   2.104650758427e+01   8.369553747333e-01
  1.078936808357e-01    4.061534221456e-02   2.149793928544e+01   8.369553747333e-01
  1.538946507903e-01    4.813061235482e-02   2.192714139241e+01   8.369553747333e-01
  1.761555913373e-01    4.857285380891e-02   2.321758129151e+01   4.102138929767e-01
  1.672088119902e-01    4.141946318347e-02   2.224099291518e+01   4.102138929767e-01
  1.540867650158e-01    4.815248259184e-02   2.192905823714e+01   4.102138929767e-01
  8.449365829427e-02   -4.531193545538e-04   2.034114566797e+01   4.124540413288e-01
  9.004708955288e-02    2.354087005463e-02   2.063805399214e+01   4.124540413288e-01
  1.264724323695e-01   -1.019045921527e-03   2.069490907306e+01   4.124540413288e-01
  9.032008869946e-02    2.363047859284e-02   2.064881882652e+01   1.195296094411e+00
  1.075080469239e-01    4.060761222376e-02   2.149016940699e+01   1.195296094411e+00
  1.348475090762e-01    3.061802653821e-02   2.105323230615e+01   1.195296094411e+00
  1.261491373110e-01   -9.820321894448e-04   2.068870387076e+01   2.982025263045e-01
  9.036465498114e-02    2.355249153076e-02   2.064408489712e+01   2.982025263045e-01
  1.347438239825e-01    3.057203188725e-02   2.105835202766e+01   2.982025263045e-01
  9.018282169511e-02    2.352044957806e-02   2.064389101549e+01   7.487768197288e-01
  8.439702562590e-02   -3.535709176803e-04   2.033055948037e+01   7.487768197288e-01
  4.686394540925e-02    1.347988961824e-02   2.035206015352e+01   7.487768197288e-01
  1.534069425477e-01    4.793014618793e-02   2.191710108510e+01   2.904154986357e-01
  1.685504453640e-01    3.193788446319e-02   2.131029740321e+01   2.904154986357e-01
  1.352662069937e-01    3.081385922838e-02   2.106969703649e+01   2.904154986357e-01
  1.535447964003e-01    4.818945491343e-02   2.190688214616e+01   1.231774094247e+00
  1.319150562619e-01    4.559324232794e-02   2.283786167836e+01   1.231774094247e+00
  1.767474316610e-01    4.867049497516e-02   2.322920234888e+01   1.231774094247e+00
  1.679505106264e-01    3.151242579764e-02   2.129933902618e+01  -7.867672100943e-01
  1.607561771201e-01    1.265020782050e-02   2.053952714649e+01  -7.867672100943e-01
  1.840338468141e-01    9.698876383043e-03   2.042542945378e+01  -7.867672100943e-01
  1.540284145985e-01    4.799290586144e-02   2.192784117694e+01  -3.992223036165e-02
  1.671663171535e-01    4.146980810791e-02   2.223984647078e+01  -3.992223036165e-02
  1.678933578838e-01    3.179227604308e-02   2.129402838068e+01  -3.992223036165e-02
  1.660864181356e-01   -1.689216889881e-02   2.089456000670e+01  -7.577041818921e-02
  1.267411325629e-01   -1.039884748960e-03   2.070608881752e+01  -7.577041818921e-02
  1.630395127760e-01    1.376919681342e-02   2.089906494483e+01  -7.577041818921e-02
  1.264186275162e-01   -7.818073293109e-04   2.070007036057e+01   1.361414335954e-01
  1.346131428619e-01    3.036844322377e-02   2.105676529505e+01   1.361414335954e-01
  1.632761833705e-01    1.366831387648e-02   2.090521278864e+01   1.361414335954e-01
  1.843739923783e-01    9.736886239556e-03   2.043117828379e+01  -9.530413040538e-02
  1.636549836278e-01    1.392707714154e-02   2.090874714147e+01  -9.530413040538e-02
  1.676090692872e-01    3.167862038135e-02   2.129494130291e+01  -9.530413040538e-02
  1.847106787317e-01    1.006193142852e-02   2.042915605510e+01  -3.077931425063e-01
  1.929544325379e-01   -1.980374279202e-03   2.038902275888e+01  -3.077931425063e-01
  1.634764895665e-01    1.346643039513e-02   2.091012470273e+01  -3.077931425063e-01
  2.081037997687e-01    1.722173445549e-03   1.978684321211e+01  -2.213445947254e-01
  1.930718664242e-01   -1.682836990435e-03   2.038976299265e+01  -2.213445947254e-01
  1.844001585084e-01    9.745082431022e-03   2.042332600685e+01  -2.213445947254e-01
  1.628668338716e-01    1.359671707696e-02   2.089240674887e+01  -1.897101442879e-01
  1.352857334090e-01    3.053905273276e-02   2.106956584218e+01  -1.897101442879e-01
  1.684978963019e-01    3.212581379513e-02   2.130834639894e+01  -1.897101442879e-01
  1.460289088051e-01    2.585828252917e-02   2.163695481080e+01  -7.031660430539e-01
  1.602327117902e-01    1.258781276694e-02   2.053041122437e+01  -7.031660430539e-01
  1.686189933110e-01    3.172738327640e-02   2.130594091633e+01  -7.031660430539e-01
  8.448110193849e-02   -5.437608661802e-04   2.034060634816e+01  -5.252670571582e-01
  1.264866181976e-01   -1.040019488123e-03   2.069558321526e+01  -5.252670571582e-01
  9.171792160897e-02   -2.487406180779e-02   2.060800091966e+01  -5.252670571582e-01
  2.281902877887e-01    5.438045859663e-04   7.271169851492e+00   1.169006033781e+00
  6.755385121962e-03    2.687040405525e-04   7.405037323326e+00   1.169006033781e+00
  2.296307654135e-01    6.187304606083e-04   9.195170663696e+00   1.169006033781e+00
  1.573431246683e-01    3.081455069637e-02   2.345089796411e+01  -8.072137244267e-02
  1.770572196627e-01    4.850911797667e-02   2.323366924437e+01  -8.072137244267e-02
  1.913692092429e-01    3.596803639060e-02   2.476436280592e+01  -8.072137244267e-02
  1.649315757628e-01    1.629995104767e-03  -2.543988019844e-03   1.606312113066e+00
  2.342924016683e-04   -2.230209145885e-05   4.240223843752e-03   1.606312113066e+00
  8.730363044817e-04    3.904579763333e-05   1.236545441957e+00   1.606312113066e+00
  4.394082143699e-02   -1.045223906084e-04   2.007194536579e+01  -5.337997169114e-01
  8.465978949305e-02   -6.239951091911e-04   2.033362864233e+01  -5.337997169114e-01
  4.737164191338e-02   -1.420589298348e-02   2.027938615922e+01  -5.337997169114e-01
  7.214179296323e-02   -2.862961105510e-02   2.239226483836e+01  -5.403103792664e+00
  5.503787259923e-04   -5.030812523154e-05   2.409361406399e+01  -5.403103792664e+00
  4.431468385878e-05   -1.552039294234e-04   2.240694896253e+01  -5.403103792664e+00
  1.057885220426e-01    4.175547521377e-03   1.918335866436e+01  -1.052856318218e+00
  2.261278387478e-01    2.321341882374e-03   1.724913251014e+01  -1.052856318218e+00
  1.790895637628e-01    3.559779076338e-03   1.899425121309e+01  -1.052856318218e+00
  5.027905192715e-04    1.527419450218e-04   2.612616917141e+01  -6.367628154358e+00
  2.515331077962e-04   -2.703757777181e-04   2.412768407693e+01  -6.367628154358e+00
  8.551148406837e-02   -2.401445381952e-02   2.412259022944e+01  -6.367628154358e+00
 -7.832004506550e-05   -7.959934516566e-05   2.177561325234e+01  -2.927259123035e+00
  8.796167255051e-02    1.256417883093e-02   2.290155650707e+01  -2.927259123035e+00
  2.193977356609e-04    2.906496338767e-05   2.278471481503e+01  -2.927259123035e+00
  7.173948277814e-02   -2.845942479538e-02   2.239049786886e+01  -6.463800898481e+00
  8.482750799756e-02   -2.414474863519e-02   2.414161821666e+01  -6.463800898481e+00
  9.597796929777e-04   -2.148147016994e-04   2.409950138561e+01  -6.463800898481e+00
  9.684374051786e-04    4.343505285964e-05   2.613178892250e+01  -7.394121231281e+00
  8.508703747990e-02   -2.390461831846e-02   2.412059522861e+01  -7.394121231281e+00
  9.502938952940e-02   -1.356930806581e-02   2.616794526686e+01  -7.394121231281e+00
  3.544222595361e-04   -1.324917829608e-04   2.238943597375e+01  -4.777874393009e+00
 -1.670088983549e-04   -8.776471020575e-05   2.102784517206e+01  -4.777874393009e+00
  7.153403471283e-02   -2.865068971248e-02   2.241022800612e+01  -4.777874393009e+00
  2.242226114121e-01   -4.909193838584e-03   1.297604109048e+01  -2.445636936397e-01
  1.942960673021e-01   -4.848575999941e-03   1.310567518908e+01  -2.445636936397e-01
  1.753301305990e-01   -3.024957466127e-03   1.162416494872e+01  -2.445636936397e-01
  4.765200968119e-02   -1.436757304051e-02   2.027650964260e+01  -3.307846782602e+00
  5.703562547450e-02   -2.389099527777e-02   2.113205956353e+01  -3.307846782602e+00
  6.818490824166e-04   -5.886765634243e-04   2.100784740734e+01  -3.307846782602e+00
  1.521596480772e-04   -1.951389725007e-04   2.026259151505e+01  -1.435155616395e+00
 -5.902044226669e-05    2.873627160207e-04   1.995891484674e+01  -1.435155616395e+00
  4.759776884678e-02   -1.395540532878e-02   2.028240369310e+01  -1.435155616395e+00
  7.138377386310e-02   -2.854606814926e-02   2.239587932835e+01  -2.969946428621e+00
  5.722858074085e-02   -2.404860557189e-02   2.113429663669e+01  -2.969946428621e+00
  1.114468086739e-01   -4.220461449570e-02   2.145987460333e+01  -2.969946428621e+00
  7.112554475194e-02   -2.849167676948e-02   2.240885955947e+01  -4.452754752530e+00
  1.692242850524e-04   -2.876602895113e-04   2.102874145128e+01  -4.452754752530e+00
  5.733060481587e-02   -2.405477096962e-02   2.112565180491e+01  -4.452754752530e+00
  9.184756809570e-02   -2.506127449741e-02   2.060339660972e+01  -2.179336708632e+00
  1.110824947057e-01   -4.203890671523e-02   2.146860895660e+01  -2.179336708632e+00
  5.746617281358e-02   -2.419919337132e-02   2.112415335011e+01  -2.179336708632e+00
  8.499502253370e-02   -2.415751319949e-02   2.412398188000e+01  -3.793446884491e+00
  7.144641553934e-02   -2.849526266467e-02   2.241192100275e+01  -3.793446884491e+00
  1.372934450369e-01   -4.747520921823e-02   2.277004742025e+01  -3.793446884491e+00
  5.715648896469e-02   -2.412010676990e-02   2.112064820721e+01  -1.840126795964e+00
  4.747457601466e-02   -1.410246611293e-02   2.029017627716e+01  -1.840126795964e+00
  9.211107922543e-02   -2.510204580271e-02   2.060649299706e+01  -1.840126795964e+00
  3.794019145581e-04   -4.081181858576e-04   2.100329683559e+01  -2.311988058320e+00
 -2.725045048267e-05    8.122021206984e-05   2.026786131564e+01  -2.311988058320e+00
  4.792717622880e-02   -1.448138713846e-02   2.027792140977e+01  -2.311988058320e+00
  1.152634181575e-01   -1.694100665677e-02   2.305314669827e+01   3.137838304971e+00
  1.608462878088e-03    5.354163135222e-05   2.424264666140e+01   3.137838304971e+00
  1.328205648888e-01   -1.553816848683e-02   2.483788248839e+01   3.137838304971e+00
  1.368395209525e-01   -4.737167713894e-02   2.278201959145e+01  -3.237169077615e+00
  7.174632964708e-02   -2.860669235258e-02   2.240041700280e+01  -3.237169077615e+00
  1.111451256912e-01   -4.214927518742e-02   2.145624731937e+01  -3.237169077615e+00
  1.784696193637e-01   -2.122861374047e-02   2.631294653461e+01  -4.771433179256e+00
  1.848008595185e-01    2.193526787221e-03   2.835981911760e+01  -4.771433179256e+00
  1.003124029482e-01    1.272912942130e-03   2.833565399699e+01  -4.771433179256e+00
  1.783894906219e-01   -2.137199081864e-02   2.633279430151e+01  -4.553513430609e+00
  9.553373226757e-02   -1.351363732419e-02   2.615240789032e+01  -4.553513430609e+00
  1.614531597939e-01   -3.934157583653e-02   2.442218752941e+01  -4.553513430609e+00
  1.857767974384e-01    2.068035103765e-03   2.833993496021e+01  -1.391166080021e+00
  2.125530136076e-01   -1.999140781176e-02   2.646262694119e+01  -1.391166080021e+00
  2.117740267278e-01    2.440998861160e-03   2.836747260268e+01  -1.391166080021e+00
  1.461127147819e-01   -6.370351985502e-03   2.710829650783e+01   7.958726484181e-01
  2.118071639286e-01    2.069586587301e-03   2.835573289655e+01   7.958726484181e-01
  2.124294266251e-01   -1.954012933396e-02   2.648629727537e+01   7.958726484181e-01
  2.122836771983e-01    2.322502142360e-03   2.836081397826e+01   1.317656064323e+00
  1.456200003615e-01   -6.605006347838e-03   2.710261647089e+01   1.317656064323e+00
  1.449815614224e-01    8.691395477469e-03   2.961312182260e+01   1.317656064323e+00
  1.858074607751e-01    2.534454858148e-03   2.837268982880e+01  -1.416308837235e+00
  2.117605796501e-01    2.205824027784e-03   2.835230842704e+01  -1.416308837235e+00
  2.116737716106e-01    2.537868970786e-02   3.025370990985e+01  -1.416308837235e+00
  2.130857682414e-01   -1.991429966347e-02   2.647310932466e+01  -1.925776996271e+00
  1.851756453691e-01    1.937288606782e-03   2.833173255356e+01  -1.925776996271e+00
  1.784873329350e-01   -2.117395638996e-02   2.634220220594e+01  -1.925776996271e+00
  9.973877728945e-02    1.243572956513e-03   2.833373332127e+01  -4.644363568090e+00
  9.504848452524e-02   -1.352646634757e-02   2.617051666297e+01  -4.644363568090e+00
  1.789280025115e-01   -2.128022980166e-02   2.631578194115e+01  -4.644363568090e+00
  2.062470871541e-01   -3.882997020715e-02   2.476316324637e+01  -1.553680107770e+00
  1.616718603646e-01   -3.946150860685e-02   2.443528234572e+01  -1.553680107770e+00
  1.870046657830e-01   -5.213921141079e-02   2.319638291304e+01  -1.553680107770e+00
  1.618252000315e-01   -3.943247689506e-02   2.442610123013e+01  -4.351074994007e+00
  9.511634647571e-02   -1.346854996458e-02   2.614835626102e+01  -4.351074994007e+00
  8.496521222883e-02   -2.414424631782e-02   2.414299799464e+01  -4.351074994007e+00
  2.120142838124e-01   -2.004556042432e-02   2.647812095385e+01   6.687548917635e-01
  2.068450879388e-01   -3.853998329683e-02   2.476668518689e+01   6.687548917635e-01
  1.347199810928e-01   -1.576723931954e-02   2.485043099642e+01   6.687548917635e-01
  2.128559312229e-01   -1.967669827289e-02   2.649177687160e+01  -1.454882319035e+00
  1.786209126557e-01   -2.142143122629e-02   2.632363890728e+01  -1.454882319035e+00
  2.059213673821e-01   -3.903968817658e-02   2.473534536538e+01  -1.454882319035e+00
  1.371545336748e-01   -4.735777823568e-02   2.279142752045e+01  -2.069081705753e+00
  1.874720746685e-01   -5.216555959332e-02   2.320864980315e+01  -2.069081705753e+00
  1.611314824887e-01   -3.949475769660e-02   2.442349291885e+01  -2.069081705753e+00
  2.126702828068e-01   -1.984979190309e-02   2.648527186638e+01   1.320992374410e+00
  1.337687484709e-01   -1.589258265434e-02   2.483893624585e+01   1.320992374410e+00
  1.458192389114e-01   -6.111645890607e-03   2.710914795724e+01   1.320992374410e+00
  2.066063892906e-01   -3.867933361330e-02   2.476210749655e+01   1.057747606700e+00
  1.757738061608e-01   -3.523609987273e-02   2.349788733924e+01   1.057747606700e+00
  1.348224367722e-01   -1.555473414040e-02   2.485077689285e+01   1.057747606700e+00
  2.063578642494e-01   -3.901835345046e-02   2.474786514490e+01  -2.067408390275e+00
  1.781497659457e-01   -2.152741435941e-02   2.631177935707e+01  -2.067408390275e+00
  1.616663680568e-01   -3.930477830119e-02   2.445021638471e+01  -2.067408390275e+00
  8.538030801245e-02   -2.422341113865e-02   2.412795968520e+01  -4.058606861772e+00
  1.369749008947e-01   -4.739583105423e-02   2.276631400701e+01  -4.058606861772e+00
  1.613263923148e-01   -3.941538062518e-02   2.444096359283e+01  -4.058606861772e+00
  9.741666384756e-02   -1.330127701993e-02   2.183063860844e+01   2.573786536292e+00
  3.851108346061e-04    1.183771863301e-04   2.183711454205e+01   2.573786536292e+00
  1.150314766603e-01   -1.689168930207e-02   2.305551507766e+01   2.573786536292e+00
  1.610194320708e-01   -5.129266364797e-02   2.191045157489e+01  -1.832235077805e+00
  1.366423161591e-01   -4.740666059640e-02   2.276935233251e+01  -1.832235077805e+00
  1.113031060846e-01   -4.210831423940e-02   2.147508347187e+01  -1.832235077805e+00
  5.482226694645e-04    3.369355096948e-04   2.832018306406e+01  -6.980065800585e+00
  3.111011243736e-04   -2.590969663556e-04   2.616189505675e+01  -6.980065800585e+00
  9.563685262263e-02   -1.321686026321e-02   2.614854764095e+01  -6.980065800585e+00
  1.261600255691e-01   -1.072215476518e-03   2.068915004488e+01  -4.378514307972e-01
  1.381655308946e-01   -3.306745872067e-02   2.104543948366e+01  -4.378514307972e-01
  9.203735654217e-02   -2.488847740135e-02   2.061441035201e+01  -4.378514307972e-01
  4.762934660371e-02   -1.424408030606e-02   2.028418822523e+01  -8.525877591430e-01
  8.438920947363e-02   -6.237626344720e-04   2.033067878524e+01  -8.525877591430e-01
  9.183900992977e-02   -2.486903208248e-02   2.061298921531e+01  -8.525877591430e-01
  1.605950331193e-01   -5.128628146007e-02   2.189964039246e+01  -1.419193053837e+00
  1.873977842056e-01   -5.208211474696e-02   2.322075544970e+01  -1.419193053837e+00
  1.371437751274e-01   -4.740625275854e-02   2.277985986930e+01  -1.419193053837e+00
  1.112879966725e-01   -4.209139299602e-02   2.146577666690e+01  -1.003015509068e+00
  1.379963266000e-01   -3.314484231407e-02   2.103388626416e+01  -1.003015509068e+00
  1.609377687074e-01   -5.122521897858e-02   2.191934646852e+01  -1.003015509068e+00
  1.782122965868e-01   -3.576906810026e-02   2.132990989674e+01  -4.271100400175e-01
  1.604715804834e-01   -5.103373026847e-02   2.190990519222e+01  -4.271100400175e-01
  1.386807143727e-01   -3.331261632886e-02   2.105657657141e+01  -4.271100400175e-01
  1.611280083072e-01   -5.125192444776e-02   2.192113371233e+01  -5.843439439517e-01
  1.801434473355e-01   -4.584031902375e-02   2.227853221180e+01  -5.843439439517e-01
  1.868182118997e-01   -5.198667915186e-02   2.320963919689e+01  -5.843439439517e-01
  1.781433786686e-01   -3.593349880906e-02   2.132699232134e+01   3.692753117191e-02
  1.387166426650e-01   -3.305070408597e-02   2.105711317856e+01   3.692753117191e-02
  1.659269460592e-01   -1.673116464487e-02   2.088782544915e+01   3.692753117191e-02
  1.109012182374e-01   -4.207500758267e-02   2.145829850142e+01  -1.323727880111e+00
  9.197709170561e-02   -2.496639263536e-02   2.061866638429e+01  -1.323727880111e+00
  1.382859533198e-01   -3.312188752115e-02   2.104060276674e+01  -1.323727880111e+00
  1.289718691431e-01   -1.072485627293e-02   2.057231591990e+01   1.049859320488e+00
  1.735598739804e-01   -1.461764150289e-02   2.051774414182e+01   1.049859320488e+00
  1.275819512432e-01   -4.824716856078e-03   1.975764102741e+01   1.049859320488e+00
  2.295910379273e-01    2.117031809245e-03   1.725994832509e+01  -1.386643010781e+00
  1.312010820689e-03    3.277498995206e-04   1.779538031788e+01  -1.386643010781e+00
  2.296840939595e-03   -2.571092595691e-04   1.586055230316e+01  -1.386643010781e+00
  1.776227157868e-01   -3.531447247108e-02   2.131882287999e+01   7.003921208536e-01
  1.918452099177e-01   -1.167496181403e-02   2.046622030045e+01   7.003921208536e-01
  1.737688873434e-01   -1.475136825102e-02   2.052324520740e+01   7.003921208536e-01
  1.772714586269e-01   -3.544169050376e-02   2.131311801105e+01  -2.121836447563e-02
  1.666865147421e-01   -1.710851966639e-02   2.090345874006e+01  -2.121836447563e-02
  1.921343111427e-01   -1.178667005935e-02   2.047196083178e+01  -2.121836447563e-02
  1.924088697995e-01   -1.161113271918e-02   2.047482582445e+01  -8.714328300124e-03
  1.929287023792e-01   -1.781475801772e-03   2.038996367608e+01  -8.714328300124e-03
  2.083369685138e-01    1.842868905318e-03   1.978678514457e+01  -8.714328300124e-03
  1.800918064835e-01   -4.588436373732e-02   2.227716975568e+01  -1.216146562701e-01
  1.610876746105e-01   -5.110391750516e-02   2.192030364549e+01  -1.216146562701e-01
  1.775648968585e-01   -3.562107030798e-02   2.131432684499e+01  -1.216146562701e-01
  1.912459411611e-01   -1.583167832418e-03   1.909481837943e+01   3.000542841392e-01
  1.923764248102e-01   -1.150573259215e-02   2.047846071224e+01   3.000542841392e-01
  2.085951356660e-01    1.740683688748e-03   1.978590838123e+01   3.000542841392e-01
  1.924615162916e-01   -1.214150739995e-02   2.047214348448e+01   1.480611103898e-01
  1.665362308907e-01   -1.662357756680e-02   2.090379596298e+01   1.480611103898e-01
  1.929439745752e-01   -1.385443998230e-03   2.039069272397e+01   1.480611103898e-01
  1.380541999701e-01   -3.286176752376e-02   2.104429774897e+01  -2.582231648978e-01
  1.264059618977e-01   -1.281514570967e-03   2.069990908658e+01  -2.582231648978e-01
  1.663312499340e-01   -1.680792815974e-02   2.090091498665e+01  -2.582231648978e-01
  1.627777114842e-01   -3.047435653244e-02   2.171521447125e+01   5.864383057927e-01
  1.783198828191e-01   -3.553147613646e-02   2.132636622045e+01   5.864383057927e-01
  1.732380063967e-01   -1.474787282443e-02   2.051485313937e+01   5.864383057927e-01
  1.801500906465e-01   -4.570135817948e-02   2.227835902186e+01   7.422260024434e-01
  1.628778369288e-01   -3.022003028575e-02   2.172130498672e+01   7.422260024434e-01
  1.607443124898e-01   -3.159637386707e-02   2.250076334308e+01   7.422260024434e-01
  1.797758263890e-01   -4.566562843408e-02   2.227482260619e+01   6.734829413594e-01
  1.779258394363e-01   -3.572066358990e-02   2.131941569984e+01   6.734829413594e-01
  1.632010787570e-01   -3.032279011207e-02   2.172592451409e+01   6.734829413594e-01
  1.762293000658e-01   -3.510718333979e-02   2.351086563778e+01   1.618110382177e+00
  1.607879614787e-01   -3.157441227377e-02   2.250117896702e+01   1.618110382177e+00
  1.151872441466e-01   -1.695979661040e-02   2.306093717969e+01   1.618110382177e+00
  1.607645067639e-01   -3.154610317732e-02   2.250309961154e+01   5.727561768855e-01
  1.762695324487e-01   -3.525352673429e-02   2.351013639140e+01   5.727561768855e-01
  1.801477042056e-01   -4.583544989741e-02   2.227488772923e+01   5.727561768855e-01
  9.739367672963e-02   -1.329330051067e-02   2.183107304152e+01   1.576201444288e+00
  1.149721998023e-01   -1.701222579053e-02   2.305490070027e+01   1.576201444288e+00
  1.610082444033e-01   -3.151124399934e-02   2.250587197446e+01   1.576201444288e+00
  1.765908714734e-01   -3.509979222010e-02   2.351129021161e+01   1.521335000697e+00
  1.147789499867e-01   -1.698708861272e-02   2.305629813772e+01   1.521335000697e+00
  1.333798638418e-01   -1.560974988280e-02   2.483531326668e+01   1.521335000697e+00
  1.605970905972e-01   -3.149527754641e-02   2.250262099536e+01   1.559451242008e+00
  1.631817007979e-01   -3.019745820875e-02   2.172329643807e+01   1.559451242008e+00
  9.786017931339e-02   -1.333752221978e-02   2.183663844428e+01   1.559451242008e+00
  1.796774296718e-01   -4.587337250485e-02   2.226545359532e+01   2.828921714282e-01
  1.768390655502e-01   -3.524940032780e-02   2.351899762004e+01   2.828921714282e-01
  1.874941576552e-01   -5.188384419295e-02   2.322108513794e+01   2.828921714282e-01
  1.292764467318e-01   -1.053658187182e-02   2.057874717580e+01   1.198935511435e+00
  1.626218153078e-01   -3.017175491945e-02   2.171645034916e+01   1.198935511435e+00
  1.733019154165e-01   -1.492870148212e-02   2.051489609728e+01   1.198935511435e+00
  1.219778289149e-01   -1.795462322452e-03   1.905445380315e+01   1.779510307880e+00
  5.427585020237e-04    9.027429141012e-05   1.898051094403e+01   1.779510307880e+00
  1.276374559614e-01   -4.814292232914e-03   1.976201355206e+01   1.779510307880e+00
  1.219160259018e-01   -1.793445160610e-03   1.904756322137e+01   9.790362488222e-01
  1.908812635949e-01   -1.513103356599e-03   1.908514880327e+01   9.790362488222e-01
  1.677460650034e-01   -2.298531038777e-03   1.788451073690e+01   9.790362488222e-01
  5.202610474444e-04   -9.366125573752e-05   2.057692673976e+01   1.827946743083e+00
  1.281786176129e-01   -4.889927050292e-03   1.975798915248e+01   1.827946743083e+00
  1.205111839194e-04    9.175410068415e-05   1.897751634510e+01   1.827946743083e+00
  1.639002609278e-01    1.589528352406e-03   8.000423103062e-04   5.335957813540e-01
  1.940517374391e-01    1.892126026275e-03   1.345202568945e+00   5.335957813540e-01
  2.190728250491e-01    5.302887985611e-04   1.345574687099e-02   5.335957813540e-01
 -2.163270479935e-04   -2.580785582812e-04   3.459275713357e+01   2.160204907545e+00
  8.636773211242e-02    1.487070831734e-02   3.428731557265e+01   2.160204907545e+00
  3.480286110733e-04    1.450705420812e-04   3.414811160672e+01   2.160204907545e+00
  1.928414992521e-01   -2.550237099681e-03   1.591100824486e+01  -1.471348400378e+00
  2.278388929342e-01    1.931216498807e-03   1.725548168523e+01  -1.471348400378e+00
  3.413898081947e-03   -2.959647359594e-04   1.586079631719e+01  -1.471348400378e+00
  1.288922110481e-01   -1.067674149796e-02   2.057003872283e+01   1.535284449565e+00
  9.768529780997e-02   -1.348661703282e-02   2.183101464248e+01   1.535284449565e+00
  1.632106198183e-01   -3.004367988888e-02   2.172242089235e+01   1.535284449565e+00
  2.271584536186e-01    4.474777792374e-04   7.267217455237e+00   2.717696523672e-02
  2.090593825702e-01   -9.885773779171e-04   6.090012774464e+00   2.717696523672e-02
  2.004100570044e-01    1.054459246319e-03   5.846897993514e+00   2.717696523672e-02
 -1.391489450344e-04    5.137868372546e-05   2.182594306320e+01   2.886759211992e+00
  8.014062469279e-04   -1.539918200364e-05   2.422882251542e+01   2.886759211992e+00
  1.157931571930e-01   -1.684718805767e-02   2.305884377289e+01   2.886759211992e+00
  2.165988596630e-01   -1.069633910566e-03   1.614882560915e+01   1.538443070109e+00
  3.824225498812e-03   -2.967818767358e-04   1.769673065228e+01   1.538443070109e+00
  1.662485405908e-01   -2.356024348508e-03   1.787374790113e+01   1.538443070109e+00
  1.877008249091e-01   -5.192630052218e-02   2.322519013985e+01  -1.494527024352e-01
  1.766072530573e-01   -3.522866160790e-02   2.351600149305e+01  -1.494527024352e-01
  2.055279182293e-01   -3.882695195055e-02   2.474911505966e+01  -1.494527024352e-01
  1.931351302098e-01   -1.678343126091e-03   2.039788550110e+01  -6.506071877263e-02
  1.661718431790e-01   -1.633728278551e-02   2.089874616558e+01  -6.506071877263e-02
  1.630932506416e-01    1.321550921152e-02   2.090327559211e+01  -6.506071877263e-02
  9.443345572895e-04   -2.414456778900e-04   2.424118166645e+01   3.024269570902e+00
  1.459317456596e-01   -6.600535683769e-03   2.710402839421e+01   3.024269570902e+00
  1.332796879901e-01   -1.538794795897e-02   2.483959624389e+01   3.024269570902e+00
  2.253708325235e-01    2.103157107722e-03   1.722663477815e+01   3.969260149557e-01
  1.701955817643e-01   -2.304795055354e-03   1.787978994845e+01   3.969260149557e-01
  2.112918646123e-01    4.626544188038e-04   1.906583584754e+01   3.969260149557e-01
  1.953784105932e-01    1.823021996750e-02   2.653109814372e+01  -1.193168321538e+00
  1.936564948336e-01   -1.128895859868e-03   2.846375486396e+01  -1.193168321538e+00
  1.150170112155e-01    5.500760424390e-03   2.713089786305e+01  -1.193168321538e+00
  2.088573534325e-03    9.023422055605e-05   1.234469408394e+00   1.471620741736e+00
  1.946072906758e-01    1.880146517382e-03   1.336343397507e+00   1.471620741736e+00
  1.638276880326e-01    1.613799540638e-03  -5.694960263787e-03   1.471620741736e+00
  2.107563555689e-01    4.886101088403e-04   1.906052574063e+01   2.700688182491e-01
  1.912998614201e-01   -1.638428705530e-03   1.909263926997e+01   2.700688182491e-01
  2.084335654401e-01    1.709894387914e-03   1.978493520742e+01   2.700688182491e-01
  2.521757956927e-01    1.878980690873e-03   4.654241221916e+00   1.121525939881e+00
  2.079310259252e-01    3.203022660206e-03   2.795050705075e+00   1.121525939881e+00
  8.163010078180e-03   -1.571291786201e-04   4.297638663806e+00   1.121525939881e+00
  2.119124803419e-01    4.471562854565e-04   1.906779971258e+01   3.138403179225e-01
  1.692419420517e-01   -2.286241307823e-03   1.788324800233e+01   3.138403179225e-01
  1.901147961769e-01   -1.545246865889e-03   1.909265454226e+01   3.138403179225e-01
  1.677871933625e-01   -2.237961743468e-03   1.785569822884e+01   3.354649361646e-01
  2.269367822055e-01    1.876470697499e-03   1.722299326702e+01   3.354649361646e-01
  2.149559094711e-01   -1.096736778951e-03   1.613935879702e+01   3.354649361646e-01
  2.082183947738e-01    1.768671984198e-03   1.978484897656e+01  -6.192367881745e-01
  1.843363083562e-01    9.736696146025e-03   2.042361608259e+01  -6.192367881745e-01
  1.601599013039e-01    1.252053994861e-02   2.053965672731e+01  -6.192367881745e-01
  1.797981260619e-01    3.488415035067e-03   1.900433273501e+01  -4.525167137977e-01
  2.110171518270e-01    4.039377529281e-04   1.906039946188e+01  -4.525167137977e-01
  2.080434008574e-01    1.856588081383e-03   1.979034871387e+01  -4.525167137977e-01
  1.599493674358e-01    1.234466915612e-02   2.054263572109e+01  -9.759929042027e-01
  1.116568478678e-01    4.329197496437e-03   1.981975762649e+01  -9.759929042027e-01
  2.086863664597e-01    1.966351878017e-03   1.978616486443e+01  -9.759929042027e-01
  2.190437990254e-04   -1.344365062507e-04   1.968719320102e+01  -1.881946830654e+00
  1.130197916554e-01    7.981351780132e-03   2.051745573119e+01  -1.881946830654e+00
  2.652660522175e-04    4.574155676867e-05   2.056987519402e+01  -1.881946830654e+00
  1.124614049322e-01    7.956634655713e-03   2.051539946749e+01  -1.890832758008e+00
  6.204492736685e-04   -1.657116506414e-04   1.969089775220e+01  -1.890832758008e+00
  1.103938393670e-01    4.169938293106e-03   1.981067833529e+01  -1.890832758008e+00
  1.907824733025e-01   -1.362823842812e-03   1.909183300647e+01   5.102756941760e-01
  1.729980190601e-01   -1.447390168539e-02   2.051148364303e+01   5.102756941760e-01
  1.926036147567e-01   -1.169222368157e-02   2.047908762787e+01   5.102756941760e-01
  1.218379325661e-01   -1.774375397687e-03   1.905203987467e+01   1.036642382655e+00
  1.276022541064e-01   -4.890486892701e-03   1.976677980736e+01   1.036642382655e+00
  1.911713763874e-01   -1.512099506384e-03   1.908925501549e+01   1.036642382655e+00
  1.940318312232e-01    1.662059356962e-03   1.350280139822e+00   1.689320048368e-01
  2.089208502074e-01    3.384890227843e-03   2.871516346263e+00   1.689320048368e-01
  2.197355768388e-01    2.811310458639e-03   1.775728470818e+00   1.689320048368e-01
  3.203274930511e-03    1.524269464825e-04   1.423541965623e+01   1.456739520820e+00
  2.228820540467e-01   -3.971046786070e-03   1.290941506869e+01   1.456739520820e+00
  1.689581044355e-04    1.297964631800e-04   1.266006406284e+01   1.456739520820e+00
  6.111786572464e-03   -1.014198111939e-04   1.437753855992e+01  -1.177198179794e+00
  2.517743009133e-01   -2.788640280096e-03   1.447150456037e+01  -1.177198179794e+00
  1.932214580680e-01   -2.403596433522e-03   1.596079992010e+01  -1.177198179794e+00
  2.497368473740e-01   -2.837045495112e-03   1.447713550577e+01   1.161969896945e+00
  6.484867170311e-03    1.240240626473e-04   1.432858419533e+01   1.161969896945e+00
  2.160236561906e-01   -9.090277019379e-04   1.621786308427e+01   1.161969896945e+00
  1.987600634888e-01    1.125407103598e-04   8.289389386227e+00  -3.050146422899e-01
  2.313040926119e-01    7.286035435731e-04   9.134654251160e+00  -3.050146422899e-01
  1.982739146823e-01    2.312564192453e-03   1.000261715106e+01  -3.050146422899e-01
  2.006169679289e-01    1.113182678096e-03   5.850130035180e+00   1.458029459562e+00
 -5.679057940953e-05   -2.361729429988e-05   5.834184541174e+00   1.458029459562e+00
  2.463620172017e-03    9.848709437666e-05   7.336255083678e+00   1.458029459562e+00
  1.765523796461e-01   -3.037366215526e-03   1.160299237042e+01  -3.956199683002e-01
  2.305372555833e-01   -3.024573624187e-03   1.103251753658e+01  -3.956199683002e-01
  2.227641090574e-01   -4.858349774797e-03   1.298238120142e+01  -3.956199683002e-01
  2.294077009542e-01    5.925880610014e-04   9.048120494470e+00   1.129366015848e+00
  7.573815252190e-03   -3.595421366154e-04   1.099291827611e+01   1.129366015848e+00
  2.325924388649e-01   -2.873625171973e-03   1.102382034269e+01   1.129366015848e+00
  1.973513416790e-01    9.842668836290e-05   8.270431421739e+00  -3.169371830304e-01
  2.062085312791e-01   -8.970164071322e-04   6.083282148606e+00  -3.169371830304e-01
  2.291228494165e-01    2.986539536096e-04   7.262097396740e+00  -3.169371830304e-01
  2.331108508733e-01   -3.222216800733e-03   1.106576587439e+01   1.098007364437e+00
  6.903624045909e-03   -4.869904023115e-05   1.106670941744e+01   1.098007364437e+00
  2.207638410498e-01   -4.375381603862e-03   1.301671722232e+01   1.098007364437e+00
  2.219438006218e-01    2.492690865685e-03   1.775222064439e+00  -1.435470860717e+00
  2.265214403055e-03    1.659961704771e-04   2.945207507180e+00  -1.435470860717e+00
  1.453634906344e-03   -2.293984549427e-04   1.121787608839e+00  -1.435470860717e+00
  2.661687237968e-03   -1.964553753495e-04   2.718051893702e+00   1.408287628972e+00
  2.088783369516e-01    3.025627062773e-03   2.857253167199e+00   1.408287628972e+00
  1.943563307595e-01    1.782958566744e-03   1.340416156856e+00   1.408287628972e+00
  1.266807890898e-03   -1.019853019124e-04   2.719563678900e+00   1.487568563581e+00
  1.958173298977e-01    1.826508697592e-03   1.337357131172e+00   1.487568563581e+00
  1.028511722646e-03    1.025943017195e-04   1.244161534212e+00   1.487568563581e+00
  2.178068942676e-01    4.690110640475e-04   1.356070788190e-02   1.902300870654e-01
  1.953313075295e-01    1.925909343313e-03   1.339181415901e+00   1.902300870654e-01
  2.182832230039e-01    2.419738210591e-03   1.772705049433e+00   1.902300870654e-01
 -1.276216953655e-04    5.122263905887e-05   5.794791648242e+00   1.457367283660e+00
  2.002955221499e-01    1.066871255634e-03   5.919281354250e+00   1.457367283660e+00
  3.482440577838e-03    1.034008303225e-05   4.390550427109e+00   1.457367283660e+00
  2.106852297233e-01    3.598326741815e-03   2.871301715152e+00  -1.436641263125e-01
  2.476789287445e-01    1.802091513387e-03   4.680466457361e+00  -1.436641263125e-01
  1.920862808384e-01    5.031324306303e-03   3.399505873092e+00  -1.436641263125e-01
  2.104217532696e-01    2.952938228195e-03   2.828330066449e+00   1.423828938767e+00
  8.315619621741e-04   -1.702158118157e-04   2.743176384079e+00   1.423828938767e+00
  3.575088264380e-03   -1.052924707860e-04   4.291966511606e+00   1.423828938767e+00
  2.113929458072e-01    3.626627346096e-03   2.867934105151e+00  -1.369396948671e-01
  1.917660326188e-01    5.050910544246e-03   3.359463470903e+00  -1.369396948671e-01
  2.180787673052e-01    2.834210591035e-03   1.755560992411e+00  -1.369396948671e-01
  7.113777984675e-04    9.425362752553e-05   2.940005463138e+00  -1.586223263133e+00
  1.918393502974e-01    4.644247149578e-03   3.340294339228e+00  -1.586223263133e+00
  1.594737343362e-03   -1.643805273188e-04   4.485245050826e+00  -1.586223263133e+00
  4.813408633003e-03   -3.028469649569e-04   4.495076955762e+00  -1.323196594900e+00
  1.901047171628e-01    4.698286212925e-03   3.329393996133e+00  -1.323196594900e+00
  2.492963298945e-01    1.625459845035e-03   4.659060646464e+00  -1.323196594900e+00
  2.188059969936e-01   -1.030997674186e-03   1.616165223619e+01   1.509253662774e+00
  4.617300273922e-04    1.470969821097e-04   1.600913512912e+01   1.509253662774e+00
  2.111645175613e-03   -1.797713009958e-04   1.768733898553e+01   1.509253662774e+00
  1.948673888870e-01   -2.317516492764e-03   1.592449818158e+01  -1.636963264701e-01
  2.172074564894e-01   -1.019112704570e-03   1.615239990835e+01  -1.636963264701e-01
  2.250169436224e-01    1.801373357017e-03   1.725621460102e+01  -1.636963264701e-01
  8.035568815732e-04    3.787834006242e-05   1.257366979582e+01  -1.529474808899e+00
  1.965453044921e-01   -4.626449544076e-03   1.304508425871e+01  -1.529474808899e+00
  2.180888126943e-03    3.357708217657e-05   1.432816439876e+01  -1.529474808899e+00
  2.167754680772e-01   -9.281954360140e-04   1.615141453553e+01  -2.246356018019e-01
  1.955774622478e-01   -2.307080603330e-03   1.589215627947e+01  -2.246356018019e-01
  2.480183153579e-01   -2.774178182807e-03   1.446126025018e+01  -2.246356018019e-01
  1.949454314332e-01   -2.596944949777e-03   1.593485219211e+01  -1.480424296496e+00
  6.664058942807e-04   -1.725774110742e-04   1.585956278561e+01  -1.480424296496e+00
  2.485429670487e-03   -5.879777381837e-05   1.439003352291e+01  -1.480424296496e+00
  2.115153393536e-03   -6.730220050821e-05   4.551605646571e+00  -1.585819920788e+00
  2.094710183521e-01   -9.824692923212e-04   6.094681305246e+00  -1.585819920788e+00
  2.466591183799e-04    6.900073044337e-06   6.360328468787e+00  -1.585819920788e+00
  3.445677317889e-04    7.176438202503e-05   1.598809478064e+01   1.507153603760e+00
  2.185062448369e-01   -8.721803847057e-04   1.619588922192e+01   1.507153603760e+00
  2.977120608797e-03    8.081812401508e-05   1.433394874378e+01   1.507153603760e+00
  2.008841346264e-01    1.009704204525e-03   5.869063406223e+00   1.267515653500e-01
  2.082737828892e-01   -1.017979799336e-03   6.041148945306e+00   1.267515653500e-01
  2.476359721446e-01    1.511647900411e-03   4.645550341152e+00   1.267515653500e-01
  7.587698111755e-03    3.221304065112e-06   4.374260527947e+00   1.023932293329e+00
  1.979438163680e-01    9.867378839752e-04   5.962150220162e+00   1.023932293329e+00
  2.525653626737e-01    1.696141341769e-03   4.668399179683e+00   1.023932293329e+00
  1.987913705505e-01    1.072259995568e-03   5.810423960785e+00   1.137275171221e+00
  5.596207997464e-03    2.358930099118e-04   7.348165140767e+00   1.137275171221e+00
  2.290986358593e-01    5.834453429912e-04   7.244737976192e+00   1.137275171221e+00
  1.989067291575e-01    2.195816803989e-04   8.289433995417e+00  -1.563364871329e+00
  1.984371392724e-01    2.149318183962e-03   1.000055699133e+01  -1.563364871329e+00
  3.041333511125e-03   -1.637879436695e-05   9.526824902933e+00  -1.563364871329e+00
  2.325270242462e-01    6.041907434463e-04   9.156339783142e+00   1.368013979012e+00
  3.368348440758e-03    1.603187189547e-04   7.421420309449e+00   1.368013979012e+00
  5.016346663902e-04   -7.007644672072e-05   9.192799027005e+00   1.368013979012e+00
  4.070780848808e-04   -3.281405334485e-05   6.367820589453e+00  -1.584534273535e+00
  2.088573426482e-01   -8.837221392511e-04   6.085631574754e+00  -1.584534273535e+00
  1.835172117795e-03    7.184411824273e-05   7.891574047592e+00  -1.584534273535e+00
  1.956449211252e-01   -4.927661594400e-03   1.311584926190e+01  -2.885108182402e-01
  2.215467604126e-01   -4.612285626759e-03   1.295204098312e+01  -2.885108182402e-01
  2.473782606603e-01   -2.841756836993e-03   1.445277232723e+01  -2.885108182402e-01
  6.384862559132e-03   -3.154311098190e-06   1.432715486297e+01  -1.242465980848e+00
  1.938201316233e-01   -4.645896945523e-03   1.302561128910e+01  -1.242465980848e+00
  2.514067751598e-01   -2.892308289005e-03   1.445541533279e+01  -1.242465980848e+00
  1.965217225431e-03    1.284303449800e-04   1.255263140970e+01  -1.551633188674e+00
  1.733844061440e-01   -2.704147753291e-03   1.164282884306e+01  -1.551633188674e+00
  1.954214086006e-01   -4.787721891826e-03   1.306313387923e+01  -1.551633188674e+00
  1.740636613384e-01   -2.342057368399e-03   1.165839054120e+01  -1.690743124419e+00
  5.641505827755e-04   -3.736427750764e-06   1.254966552372e+01  -1.690743124419e+00
  7.133990335819e-04    1.512995362382e-04   1.123409127232e+01  -1.690743124419e+00
  1.090085495194e-03   -7.596955631281e-05   9.521172473890e+00  -1.583197122007e+00
  2.002591713664e-01    2.191437718859e-03   1.000398803789e+01  -1.583197122007e+00
  1.225753429452e-03    6.535800642769e-05   1.123134422677e+01  -1.583197122007e+00
  1.994487365537e-01    2.487392063752e-03   1.003139037414e+01  -2.763009672303e-01
  2.296128451767e-01    7.295568980545e-04   9.091731842343e+00  -2.763009672303e-01
  2.310278473837e-01   -2.730639560243e-03   1.101793028602e+01  -2.763009672303e-01
  3.720107835765e-03   -2.313875739524e-04   1.097824767501e+01   1.368597748589e+00
  2.324202972199e-01    4.551156748332e-04   9.088369362021e+00   1.368597748589e+00
  4.468326314744e-04    2.754183006188e-06   9.232622647500e+00   1.368597748589e+00
  7.660098511509e-05    2.386737654415e-04   1.262322292239e+01   1.458288786122e+00
  2.229855355518e-01   -4.076108302627e-03   1.297182627229e+01   1.458288786122e+00
  3.169975882412e-03   -5.910394008415e-06   1.107519858410e+01   1.458288786122e+00
  1.982359731168e-01    2.306150974969e-03   1.001377941361e+01  -1.580387510575e+00
  1.721038480795e-01   -2.328824242833e-03   1.166090777348e+01  -1.580387510575e+00
  2.864658757208e-03    1.952718165685e-04   1.123550386268e+01  -1.580387510575e+00
  1.974157196239e-01    2.488524382815e-03   1.002176236289e+01  -5.048540630994e-01
  2.325421064593e-01   -2.907885796003e-03   1.101273181895e+01  -5.048540630994e-01
  1.728172598176e-01   -2.623636569463e-03   1.164123594472e+01  -5.048540630994e-01
  2.002474668757e-01    2.557540571662e-04   8.286466887688e+00  -1.562969310115e+00
  1.377803999208e-03    1.643452121128e-05   9.529079751668e+00  -1.562969310115e+00
  1.083397242272e-03    4.018582449500e-05   7.885652481262e+00  -1.562969310115e+00
  2.068044551256e-01   -8.825824291087e-04   6.082735199596e+00  -1.529326749935e+00
  1.972795202028e-01    1.649181981471e-04   8.274657795659e+00  -1.529326749935e+00
  3.698845623571e-03    1.047122067803e-04   7.891094276020e+00  -1.529326749935e+00
  2.295177921869e-01    6.670411036581e-04   9.171420976775e+00  -2.761483635749e-01
  2.001025128954e-01    2.324566612706e-05   8.268167943477e+00  -2.761483635749e-01
  2.271622381084e-01    3.543191465830e-04   7.270140203804e+00  -2.761483635749e-01
