
  9.155437694786e-04   -1.101220233322e-03   1.141979406289e+02  -6.405079255857e+00
  2.895731584936e-01   -1.005368857978e-03   1.150783014427e+02  -6.405079255857e+00
 -1.577128597612e-04    4.504812797497e-04   1.145243313294e+02  -6.405079255857e+00
  3.505385192285e-01   -4.944676285791e-02   1.056617815791e+02  -1.165306891034e+01
 -2.599498007908e-04   -9.761728519946e-06   1.100269082802e+02  -1.165306891034e+01
  9.835720484965e-04    2.170807585354e-05   1.055013280950e+02  -1.165306891034e+01
  2.893372800836e-01    6.205091859417e-04   1.150866482639e+02  -6.726894817157e+00
  4.716111812677e-01   -9.941210241799e-02   1.148996128534e+02  -6.726894817157e+00
  5.059118849385e-01   -1.300224826411e-03   1.166260997975e+02  -6.726894817157e+00
  4.734965664387e-01   -9.855173572869e-02   1.148710817267e+02  -6.363483944325e+00
  2.877900578339e-01   -2.524040235256e-04   1.151303300697e+02  -6.363483944325e+00
  2.208863112372e-01   -3.946235766117e-02   1.139049687063e+02  -6.363483944325e+00
  5.875645553627e-01   -1.227887102038e-01   1.175015121602e+02  -4.477693710162e+00
  5.061226608738e-01   -1.268024852255e-03   1.166803048077e+02  -4.477693710162e+00
  4.718702680217e-01   -1.002323395017e-01   1.148671912808e+02  -4.477693710162e+00
  7.373485008982e-01    7.589410652156e-03   5.735448674070e+00  -4.894328387932e+00
  1.003120647954e-02   -6.368108182374e-04   3.588315211018e+00  -4.894328387932e+00
  5.408538009076e-01   -7.660119589381e-03  -3.356414279791e-02  -4.894328387932e+00
  2.214251941405e-01   -3.884653395463e-02   1.138971545323e+02  -6.134452910708e+00
  4.526645340899e-01   -1.087879450743e-01   1.126904589174e+02  -6.134452910708e+00
  4.734547099510e-01   -9.916446575148e-02   1.148588223976e+02  -6.134452910708e+00
  7.013122139714e-01    6.700568485723e-03   6.450773814265e+01  -2.778956980813e+00
  3.732981861859e-01    1.478849385114e-02   6.460396396500e+01  -2.778956980813e+00
  6.011096158348e-01    1.142245173635e-02   6.195125475820e+01  -2.778956980813e+00
  2.732049588130e-01   -5.322545329572e-02   1.109606381345e+02  -5.863897373731e+00
  3.508017333650e-01   -4.971063296757e-02   1.056576502855e+02  -5.863897373731e+00
  5.123505349320e-01   -1.215771148788e-01   1.096510894778e+02  -5.863897373731e+00
  9.918416988792e-04    2.210551812615e-04   1.129606209627e+02  -8.398639457178e+00
  2.723363142390e-01   -5.295376163562e-02   1.109787618977e+02  -8.398639457178e+00
  2.206900185880e-01   -3.914559337533e-02   1.139258761406e+02  -8.398639457178e+00
  4.533048396688e-01   -1.088711424892e-01   1.126809262873e+02  -3.005080700478e+00
  5.114457313455e-01   -1.222393855721e-01   1.096554416709e+02  -3.005080700478e+00
  5.565794770570e-01   -1.639516562142e-01   1.138791315052e+02  -3.005080700478e+00
  5.113684852140e-01   -1.216557515306e-01   1.096578610788e+02  -6.281318402940e+00
  4.532800773367e-01   -1.089880896574e-01   1.126849006097e+02  -6.281318402940e+00
  2.742587497996e-01   -5.315203675111e-02   1.109437073119e+02  -6.281318402940e+00
  5.930327890339e-01   -1.846450156738e-01   1.108493309639e+02  -1.915889120738e+00
  5.550452006372e-01   -1.640586651170e-01   1.139136726072e+02  -1.915889120738e+00
  5.133943495326e-01   -1.222258468414e-01   1.096235925652e+02  -1.915889120738e+00
  4.532098256037e-01   -1.090267061670e-01   1.126828848059e+02  -3.822285074997e+00
  5.566582783575e-01   -1.635882109611e-01   1.138792256583e+02  -3.822285074997e+00
  4.725171406594e-01   -9.940464365620e-02   1.148792354939e+02  -3.822285074997e+00
  5.936414451940e-01   -1.848031247017e-01   1.108305327115e+02  -4.625602687097e-01
  5.127659378698e-01   -1.221062521142e-01   1.096402436907e+02  -4.625602687097e-01
  6.366170630095e-01   -1.373990018391e-01   1.056402308224e+02  -4.625602687097e-01
  2.731732280687e-01   -5.339880875036e-02   1.109710264215e+02  -6.030102940874e+00
  4.539560080748e-01   -1.087318957127e-01   1.126704973415e+02  -6.030102940874e+00
  2.201091183856e-01   -3.885766027576e-02   1.139312767288e+02  -6.030102940874e+00
  1.042379533728e-03   -2.909043499610e-04   9.196622673283e+01  -1.280623988155e+01
  5.895247084918e-04    5.194835902685e-04   7.903515627305e+01  -1.280623988155e+01
  3.854832342534e-01    1.880091461914e-02   8.891516045113e+01  -1.280623988155e+01
  5.860398815497e-01   -1.230855011251e-01   1.174955225739e+02  -3.849688677549e+00
  4.734800701831e-01   -9.965945505478e-02   1.148568713419e+02  -3.849688677549e+00
  5.554884973021e-01   -1.636243686280e-01   1.138938633019e+02  -3.849688677549e+00
  6.517431939856e-01   -2.580385081741e-03   1.193499777399e+02  -2.513655585609e+00
  5.842558782166e-01   -1.219037568219e-01   1.174943166707e+02  -2.513655585609e+00
  6.033687222246e-01   -5.399426253636e-02   1.201030548165e+02  -2.513655585609e+00
  6.501830362476e-01   -7.000954713092e-04   1.193220629863e+02  -5.572773671195e+00
  5.075691600838e-01   -6.955805066346e-04   1.166670937672e+02  -5.572773671195e+00
  5.858102128753e-01   -1.228104498398e-01   1.175194974392e+02  -5.572773671195e+00
  6.525519475547e-01   -2.536932354831e-03   1.193753583597e+02  -2.613153415267e+00
  6.028628874608e-01   -5.340096268738e-02   1.201006492376e+02  -2.613153415267e+00
  7.225889078906e-01    8.741651026632e-04   1.213759473600e+02  -2.613153415267e+00
  6.006269918607e-01   -5.164564448616e-02   1.201035712339e+02  -1.403728332359e+00
  5.875452548164e-01   -1.237236053045e-01   1.174846922006e+02  -1.403728332359e+00
  4.862110954411e-01   -1.151644721075e-01   1.187669849361e+02  -1.403728332359e+00
  4.649865776400e-01    8.813453578299e-03   1.200927843606e+02   2.215346981909e-01
  6.020960940985e-01   -5.184394444686e-02   1.200550372249e+02   2.215346981909e-01
  4.838279186506e-01   -1.143104324538e-01   1.188041537941e+02   2.215346981909e-01
  6.014039113119e-01   -4.996903538486e-02   1.200851039331e+02  -8.429895509378e-01
  6.108446924754e-01    6.398567869466e-02   1.200292311801e+02  -8.429895509378e-01
  7.232337728998e-01   -2.269560778713e-03   1.213715660569e+02  -8.429895509378e-01
  5.875312964988e-01   -1.232817469003e-01   1.174751497378e+02   3.185436641444e-01
  5.280676129513e-01   -1.823033228834e-01   1.155018731261e+02   3.185436641444e-01
  4.861897249128e-01   -1.159944004618e-01   1.187722309551e+02   3.185436641444e-01
  4.082208731340e-01   -5.957626698350e-03   6.209110287111e+01   5.212333778055e+00
  5.621283413402e-01   -8.005423022298e-03   5.831285166532e+01   5.212333778055e+00
  6.206252575118e-03   -6.050510072521e-04   5.766284283518e+01   5.212333778055e+00
  3.763169796900e-01   -1.492011986116e-01   1.170520108992e+02   5.506121521253e+00
  5.301388549403e-01   -1.831485393112e-01   1.155059818400e+02   5.506121521253e+00
  4.480491148947e-01   -1.681399311468e-01   1.124316013570e+02   5.506121521253e+00
  5.303799113996e-01   -1.825319823397e-01   1.154740662970e+02  -9.013104431592e-01
  5.849624422283e-01   -1.227979298986e-01   1.175170168364e+02  -9.013104431592e-01
  5.566331650689e-01   -1.642034884539e-01   1.138776849533e+02  -9.013104431592e-01
  1.672665624082e-01   -4.683256752350e-02   1.211055178573e+02   6.031933785474e+00
  3.240663167145e-01   -8.495377542707e-02   1.201446626134e+02   6.031933785474e+00
  1.959427837992e-01   -8.734107468734e-02   1.183569494663e+02   6.031933785474e+00
  3.238098327372e-01   -8.457940856624e-02   1.201089278145e+02   3.973468825014e+00
  4.844908039044e-01   -1.151068949668e-01   1.188155049287e+02   3.973468825014e+00
  3.747768547753e-01   -1.491017784189e-01   1.171102589736e+02   3.973468825014e+00
  3.755575858159e-01   -1.489990281639e-01   1.170779508286e+02   6.722496245785e+00
  1.969857389933e-01   -8.751368627177e-02   1.183403304727e+02   6.722496245785e+00
  3.231765024438e-01   -8.488170615242e-02   1.201570220169e+02   6.722496245785e+00
  3.238625986532e-01   -8.432866377798e-02   1.201221600261e+02   8.370990982645e-01
  4.639470836461e-01    9.482583488258e-03   1.201312083430e+02   8.370990982645e-01
  4.842979952350e-01   -1.149261092131e-01   1.188013149770e+02   8.370990982645e-01
  5.927746470231e-01   -1.853208447975e-01   1.108452722778e+02   3.912343436208e+00
  4.498455800738e-01   -1.681475934030e-01   1.123970872602e+02   3.912343436208e+00
  5.285914529744e-01   -1.831287281038e-01   1.155414997849e+02   3.912343436208e+00
  3.761354336245e-01   -1.491049250210e-01   1.170834062118e+02   2.432171406090e+00
  4.834835109732e-01   -1.152738662789e-01   1.188400151533e+02   2.432171406090e+00
  5.299639822725e-01   -1.829633720700e-01   1.154746743350e+02   2.432171406090e+00
  5.906466861402e-01   -1.849854299867e-01   1.108832954697e+02   9.317343593728e-01
  5.305141941707e-01   -1.830406959940e-01   1.154681201886e+02   9.317343593728e-01
  5.568172303861e-01   -1.639724616543e-01   1.138756504411e+02   9.317343593728e-01
  3.233107503399e-01   -8.419710303587e-02   1.201250646406e+02   2.472517858584e+00
  1.676619408138e-01   -4.734690540506e-02   1.211290079368e+02   2.472517858584e+00
  3.067544341196e-01    7.087951922215e-03   1.212070429617e+02   2.472517858584e+00
  6.400905337474e-01   -1.369321013717e-01   1.055920136842e+02  -4.256686329115e+00
  5.100017170589e-01   -1.220063852786e-01   1.097014367366e+02  -4.256686329115e+00
  3.549940418460e-01   -4.952964031603e-02   1.055976629731e+02  -4.256686329115e+00
  7.312363825885e-01    7.777729125378e-03   5.762517526036e+00  -1.929807533224e+00
  5.435628845389e-01   -7.563379413115e-03   4.775783351265e-03  -1.929807533224e+00
  7.347986698156e-01    1.708746410856e-03   7.027217930556e-02  -1.929807533224e+00
  6.518548061732e-01   -7.294845699306e-02   9.983163973515e+01  -4.019170354768e+00
  3.809010321334e-01   -2.119883979693e-02   9.782521054206e+01  -4.019170354768e+00
  6.490056731220e-01   -6.220393357455e-03   9.338084467329e+01  -4.019170354768e+00
  6.504195321809e-01   -7.454619925416e-02   9.986327531250e+01  -3.086516074525e+00
  6.409210187004e-01   -1.364408891426e-01   1.055703151662e+02  -3.086516074525e+00
  3.545728557994e-01   -5.027986808223e-02   1.056091845801e+02  -3.086516074525e+00
  5.930264641116e-01   -1.855643496176e-01   1.108905112301e+02   6.168771125326e+00
  5.199832260405e-01   -1.412527764533e-01   1.066731267167e+02   6.168771125326e+00
  4.499043098449e-01   -1.679877751919e-01   1.123538088770e+02   6.168771125326e+00
  5.218582446356e-01   -1.412011070564e-01   1.066341593602e+02   4.436552796658e+00
  5.913670969535e-01   -1.854131509394e-01   1.109315672078e+02   4.436552796658e+00
  6.391016979413e-01   -1.375021264724e-01   1.055898642075e+02   4.436552796658e+00
  5.716126600525e-01   -8.199147507702e-02   1.002266123012e+02   6.047578471194e+00
  5.217826789974e-01   -1.406901134020e-01   1.065798521492e+02   6.047578471194e+00
  6.395301463031e-01   -1.381078846270e-01   1.056449438704e+02   6.047578471194e+00
  2.762221424943e-01   -8.567505526554e-02   1.075899271080e+02   1.318133004674e+01
  4.492463280669e-01   -1.680553056649e-01   1.124410615791e+02   1.318133004674e+01
  5.207161645719e-01   -1.410256565470e-01   1.066103933852e+02   1.318133004674e+01
  6.380364031112e-01   -1.380824451444e-01   1.056871476297e+02   4.023837474961e+00
  6.532724523623e-01   -7.342854509061e-02   9.980507661042e+01   4.023837474961e+00
  5.731984028904e-01   -8.170772288918e-02   1.001868758566e+02   4.023837474961e+00
  6.526623145883e-01   -7.393915314947e-02   9.983479093363e+01  -5.542999412621e+00
  3.516671451263e-01   -5.070314068851e-02   1.056637435369e+02  -5.542999412621e+00
  3.795224842357e-01   -2.037268962597e-02   9.782867191302e+01  -5.542999412621e+00
  5.937899395130e-01   -7.056985612576e-03   9.340820163070e+01   5.455140291775e+00
  5.727027427956e-01   -8.085919895885e-02   1.001238822873e+02   5.455140291775e+00
  6.540894415828e-01   -7.426086777187e-02   9.986606828394e+01   5.455140291775e+00
  1.107283957963e-03   -6.303338497567e-04   9.326548930273e+01   2.364260025614e+01
  3.300921674212e-01   -2.356655925206e-03   9.334226557357e+01   2.364260025614e+01
  1.024434608767e-03    1.439143991704e-03   8.599676245319e+01   2.364260025614e+01
  5.740160719728e-01   -8.128377677343e-02   1.002088974864e+02   1.486745075616e+01
  3.288180539382e-01   -3.447925461856e-03   9.335292335550e+01   1.486745075616e+01
  3.094157014857e-01   -5.232044270478e-02   1.006105984821e+02   1.486745075616e+01
  3.304992687566e-01   -3.383245456370e-03   9.334847890842e+01   1.493730075345e+01
  5.725824013039e-01   -8.107933839389e-02   1.002171839545e+02   1.493730075345e+01
  5.924621675293e-01   -6.143695642809e-03   9.331790974681e+01   1.493730075345e+01
  3.094812083396e-01   -5.176431178864e-02   1.006633227761e+02   2.545707830877e+01
  3.282907166245e-01   -4.514079066671e-03   9.326083128039e+01   2.545707830877e+01
  2.394258916768e-03   -1.456747729407e-03   1.006732975235e+02   2.545707830877e+01
  5.724881598005e-01   -8.153403718777e-02   1.001527983835e+02   1.456180188119e+01
  3.106436227254e-01   -5.229130110046e-02   1.006736187398e+02   1.456180188119e+01
  5.209252269798e-01   -1.407147974075e-01   1.066746390548e+02   1.456180188119e+01
  5.716532508154e-01    6.853283894095e-02   8.646213905130e+01   1.487750683327e+01
  3.303812257149e-01   -3.631195225373e-03   9.325731929234e+01   1.487750683327e+01
  5.924982374600e-01   -5.601281059352e-03   9.334165580160e+01   1.487750683327e+01
  5.957912754244e-01   -6.708392636171e-03   9.338149636095e+01   3.663609719007e+00
  6.523106100094e-01   -7.444365862771e-02   9.990125992971e+01   3.663609719007e+00
  6.487811804694e-01   -5.054313442586e-03   9.334383473854e+01   3.663609719007e+00
  3.793173566298e-01   -2.181801405679e-02   9.783852942293e+01  -5.782217298145e+00
  3.834941866318e-01    1.884697950840e-02   8.890378810602e+01  -5.782217298145e+00
  6.506485017705e-01   -5.492813069055e-03   9.336906166889e+01  -5.782217298145e+00
  2.749097006523e-01   -8.542428691080e-02   1.075345544329e+02   1.409409531891e+01
  5.223171890803e-01   -1.410510554513e-01   1.066615434208e+02   1.409409531891e+01
  3.090034242656e-01   -5.214225316678e-02   1.006877834848e+02   1.409409531891e+01
  5.650154232785e-05   -2.024933496712e-04   1.183553112242e+02   1.377875886384e+01
  1.982212516185e-01   -8.801827289185e-02   1.183675486965e+02   1.377875886384e+01
  1.437494987901e-03   -8.260086229897e-04   1.138399223517e+02   1.377875886384e+01
  1.963845865644e-01   -8.701364480588e-02   1.183098799499e+02   9.694714394922e+00
  3.766791662598e-01   -1.496239865924e-01   1.171093856586e+02   9.694714394922e+00
  2.361565632599e-01   -9.975554223927e-02   1.136544592961e+02   9.694714394922e+00
  3.266680211413e-01   -4.417614938754e-02   7.122467785282e+01   8.154530078295e+00
  1.334110799425e-04    5.246666221428e-04   6.710547197783e+01   8.154530078295e+00
  9.659564063871e-04   -1.686496253023e-04   7.124958713214e+01   8.154530078295e+00
  1.276463515121e-03   -1.850167942530e-03   1.215940119915e+02   4.419582587130e+00
  1.588052426586e-01    3.423216521828e-03   1.221647127217e+02   4.419582587130e+00
  1.668600593113e-01   -4.620525289099e-02   1.211157012198e+02   4.419582587130e+00
  8.500643412674e-04   -7.389772845411e-04   1.183991021286e+02   1.117064157650e+01
 -3.931791190239e-04    5.221927788469e-04   1.215617916862e+02   1.117064157650e+01
  1.966445960065e-01   -8.694635303102e-02   1.183233683316e+02   1.117064157650e+01
  3.621477625767e-01    7.041045730178e-02   1.099465659925e+02   8.448772948437e+00
  1.585071133750e-03   -2.923021929536e-04   1.122365356526e+02   8.448772948437e+00
  2.889115954096e-01    5.049963302654e-02   1.127168033384e+02   8.448772948437e+00
  1.971529212134e-01   -8.748996989356e-02   1.183737210605e+02   1.698019723389e+01
  2.358674261335e-01   -9.937065607939e-02   1.136035831720e+02   1.698019723389e+01
  2.490281079079e-03   -1.408611759755e-03   1.138196095496e+02   1.698019723389e+01
  4.763172273767e-04    9.128131826087e-05   1.215540081773e+02   8.779189187499e+00
  1.674181928602e-01   -4.725621503741e-02   1.211250548909e+02   8.779189187499e+00
  1.955164209626e-01   -8.651736063268e-02   1.183306689874e+02   8.779189187499e+00
  1.735185114286e-03    2.074451496847e-04   1.007666262690e+02   2.212835813144e+01
  3.177232908951e-04   -1.370522748918e-03   1.077032117278e+02   2.212835813144e+01
  3.098242653969e-01   -5.331237005326e-02   1.006064007733e+02   2.212835813144e+01
  6.997961791557e-04   -1.278165748557e-03   1.006630142791e+02   2.367963366910e+01
  3.300697184164e-01   -4.513297262536e-03   9.326089029525e+01   2.367963366910e+01
  1.187586401213e-03    5.404648627905e-04   9.334690422549e+01   2.367963366910e+01
  4.863914436643e-01    2.904566415039e-02   9.718482805558e+01   9.896395929111e+00
  3.736436942380e-03    5.251414941698e-04   1.047085880660e+02   9.896395929111e+00
  4.307801529723e-01    6.494400100109e-02   1.045578930471e+02   9.896395929111e+00
  3.440408311986e-04   -7.099380498444e-04   1.137349128449e+02   1.804807923151e+01
  2.380544841603e-01   -9.978982065369e-02   1.136617042551e+02   1.804807923151e+01
  2.030187311370e-03   -2.768283647947e-04   1.078577503152e+02   1.804807923151e+01
  2.104643652837e-03   -2.008271899972e-03   1.077104399272e+02   2.310970384375e+01
  2.749302710909e-01   -8.480728475113e-02   1.075834093146e+02   2.310970384375e+01
  3.081680221558e-01   -5.297796104719e-02   1.006083993644e+02   2.310970384375e+01
  3.793519348339e-01   -2.067164672138e-02   9.783629948455e+01  -1.170044808021e+01
  3.710406899335e-03    4.934706933541e-04   9.200316502152e+01  -1.170044808021e+01
  3.830825713505e-01    1.795326506523e-02   8.890489253967e+01  -1.170044808021e+01
  2.737478062047e-01   -5.282243846644e-02   1.109600037707e+02  -9.107772518252e+00
 -2.118958209330e-04    1.444427119494e-04   1.129850295327e+02  -9.107772518252e+00
  1.055009160911e-03   -4.113808125159e-05   1.100274665742e+02  -9.107772518252e+00
  3.714391028353e-03   -9.452852247693e-04   1.078391792635e+02   2.100400929568e+01
  2.367200314561e-01   -9.926168483237e-02   1.136698028771e+02   2.100400929568e+01
  2.740086720821e-01   -8.534562584022e-02   1.075408763791e+02   2.100400929568e+01
  2.360322003954e-01   -9.951227875924e-02   1.136000519689e+02   1.236080591237e+01
  4.504342224668e-01   -1.683717269045e-01   1.124286278752e+02   1.236080591237e+01
  2.747548335173e-01   -8.538991887423e-02   1.076035401032e+02   1.236080591237e+01
  3.520294428292e-01   -4.931580828930e-02   1.056771639539e+02  -1.169834344253e+01
  3.692894442757e-03    7.746440433481e-04   9.930432707401e+01  -1.169834344253e+01
  3.784655883075e-01   -2.118476482383e-02   9.782819064401e+01  -1.169834344253e+01
  5.957198040332e-01   -5.109157487818e-03   9.327878416791e+01   3.609406027060e+00
  6.488032031067e-01   -5.877717809555e-03   9.339069342430e+01   3.609406027060e+00
  6.552077543056e-01    6.181531515129e-02   8.683251543869e+01   3.609406027060e+00
  2.372703937358e-01   -9.999874952578e-02   1.136421643799e+02   1.044720199265e+01
  3.757050163670e-01   -1.494305564240e-01   1.171207831247e+02   1.044720199265e+01
  4.487983379965e-01   -1.679749624813e-01   1.123853030751e+02   1.044720199265e+01
 -1.143839051845e-04   -2.365828678986e-04   1.054954218061e+02  -1.176044393038e+01
  2.187823599569e-03    5.497386722603e-04   9.931839473476e+01  -1.176044393038e+01
  3.532655969500e-01   -4.892955076702e-02   1.056686146050e+02  -1.176044393038e+01
  1.596549032596e-01    3.314225332529e-03   1.221595213577e+02   1.328438241063e+00
  4.701157314476e-04   -1.524991253081e-03   1.216086799349e+02   1.328438241063e+00
  2.072844524432e-04    6.364166818313e-04   1.222864341969e+02   1.328438241063e+00
  6.159480054504e-01    1.468108408663e-01   1.171159894801e+02   1.103502772441e+00
  6.097697079454e-01    6.643861905288e-02   1.200102850673e+02   1.103502772441e+00
  4.986856729499e-01    1.357691468251e-01   1.185379758177e+02   1.103502772441e+00
  6.108634072290e-01    6.452273058298e-02   1.200200440727e+02   1.265862868518e+00
  7.232007763933e-01    2.017545488861e-03   1.208161425903e+02   1.265862868518e+00
  7.235920389274e-01   -2.659518551319e-03   1.214000985501e+02   1.265862868518e+00
  7.220747100630e-01   -5.997784059521e-04   1.208027262377e+02   4.427123818541e+00
  6.115186222539e-01    1.451275393954e-01   1.171633186044e+02   4.427123818541e+00
  6.515461886492e-01    1.199526302306e-03   1.180366553334e+02   4.427123818541e+00
  6.121928425937e-01    1.449352410050e-01   1.171544983622e+02   1.459338931777e+00
  7.214704997004e-01   -1.860823675735e-05   1.208077115007e+02   1.459338931777e+00
  6.118196913250e-01    6.778577244978e-02   1.200009416430e+02   1.459338931777e+00
  6.499768019677e-01    6.604221041681e-04   1.180449117295e+02   6.024959957715e+00
  6.148350202701e-01    1.461601153428e-01   1.171435079649e+02   6.024959957715e+00
  5.080724029699e-01    6.233156822160e-04   1.152193464075e+02   6.024959957715e+00
  4.248409567614e-03   -2.224913842152e-04   3.601582138262e+00  -5.315550422120e+00
 -8.983293036472e-05    1.212609499959e-04   2.220951471457e-02  -5.315550422120e+00
  5.450359972454e-01   -7.635178953837e-03  -1.382459875188e-02  -5.315550422120e+00
  6.113431455643e-01    6.677990483837e-02   1.199672183588e+02  -4.665145356534e-01
  4.650121410800e-01    1.059416549264e-02   1.200953101782e+02  -4.665145356534e-01
  4.962530486926e-01    1.348746140298e-01   1.185758943031e+02  -4.665145356534e-01
  6.108602559433e-01    6.693091274788e-02   1.200112300181e+02  -1.335250752723e-01
  6.015546482230e-01   -5.209347808386e-02   1.200905338896e+02  -1.335250752723e-01
  4.659779278407e-01    9.741203273338e-03   1.200616314215e+02  -1.335250752723e-01
  3.304919477979e-01    1.000749182041e-01   1.199882191961e+02  -1.367078374970e+00
  4.966956679543e-01    1.354603935090e-01   1.185760217473e+02  -1.367078374970e+00
  4.639962645569e-01    9.945834424155e-03   1.201321676693e+02  -1.367078374970e+00
  3.882277311003e-01    1.637559143300e-01   1.167604045773e+02  -7.604586296512e+00
  3.298767627978e-01    1.006249638416e-01   1.200266296809e+02  -7.604586296512e+00
  2.009998711238e-01    9.291507561931e-02   1.179856828951e+02  -7.604586296512e+00
  4.959447036520e-01    1.358824575804e-01   1.186165022951e+02  -3.044144292235e+00
  3.888618604916e-01    1.639832792578e-01   1.167695972745e+02  -3.044144292235e+00
  5.543073501887e-01    2.050343158681e-01   1.150517405345e+02  -3.044144292235e+00
  3.874991587361e-01    1.639344458802e-01   1.167956396090e+02  -4.470898941151e+00
  4.969474753194e-01    1.357518124240e-01   1.185921304568e+02  -4.470898941151e+00
  3.304012582124e-01    1.002422952438e-01   1.199741802716e+02  -4.470898941151e+00
  6.285757112507e-01    2.065161640686e-01   1.102952960614e+02  -4.596242594664e+00
  5.529493206079e-01    2.052138737758e-01   1.151191446902e+02  -4.596242594664e+00
  4.688335258127e-01    1.826373262676e-01   1.120012188597e+02  -4.596242594664e+00
  4.986273594175e-01    1.365283737060e-01   1.185481033203e+02  -7.156848338099e-01
  5.524522952851e-01    2.044458293275e-01   1.150772222592e+02  -7.156848338099e-01
  6.159713388617e-01    1.463806729422e-01   1.170974055487e+02  -7.156848338099e-01
  3.298579751324e-01    9.988403471212e-02   1.199942670804e+02  -3.123094101262e+00
  3.068017110103e-01    8.173118430113e-03   1.212054517293e+02  -3.123094101262e+00
  1.707638101309e-01    5.657573315857e-02   1.210807382496e+02  -3.123094101262e+00
  3.294232797353e-01    1.000143019995e-01   1.200127012588e+02  -1.763811160352e+00
  4.650404398949e-01    9.842029942352e-03   1.201068206683e+02  -1.763811160352e+00
  3.071285092025e-01    7.773314930919e-03   1.211684304184e+02  -1.763811160352e+00
  4.649949454226e-01    9.652967626494e-03   1.201068832763e+02   1.317126735047e+00
  3.228017226173e-01   -8.431800496768e-02   1.201454990629e+02   1.317126735047e+00
  3.071503936430e-01    7.483876312417e-03   1.211684273726e+02   1.317126735047e+00
  6.133750542539e-01    1.458867600396e-01   1.171319195066e+02   4.611421743044e-01
  5.547843928379e-01    2.046980433677e-01   1.150532042602e+02   4.611421743044e-01
  5.963382140128e-01    1.883656213526e-01   1.132228847393e+02   4.611421743044e-01
  5.058547759905e-01    1.547921135912e-03   1.151993674248e+02   7.056221092727e+00
  5.179840904924e-01    1.169211878954e-01   1.139634905995e+02   7.056221092727e+00
  2.896573642703e-01   -1.100723083958e-03   1.136222343653e+02   7.056221092727e+00
  5.069491223055e-01    1.239422997142e-03   1.152372148449e+02   4.406019624729e+00
  6.162872737992e-01    1.459574439777e-01   1.171136194185e+02   4.406019624729e+00
  5.173542069430e-01    1.182487703645e-01   1.139390136388e+02   4.406019624729e+00
  2.890104543381e-01    9.505833942435e-04   1.136157273233e+02   7.335299002528e+00
  2.880950975063e-01    4.995932972271e-02   1.127227246639e+02   7.335299002528e+00
 -2.490620321787e-04   -1.316653953758e-03   1.136711113899e+02   7.335299002528e+00
  2.894952817468e-01    5.177681595345e-02   1.126963341881e+02   5.932407130291e+00
  2.883172111439e-01   -5.203298809186e-04   1.136584439093e+02   5.932407130291e+00
  5.196675296646e-01    1.163077270346e-01   1.139362995275e+02   5.932407130291e+00
  3.659165750192e-01    7.027575407413e-02   1.099332828728e+02   9.133457145357e+00
  3.277655660169e-03   -3.452858761200e-05   1.047891649705e+02   9.133457145357e+00
 -8.216192952935e-04   -9.884408195416e-05   1.122936019722e+02   9.133457145357e+00
  2.155433403526e-03   -2.062599119606e-04   5.765293025727e+01   5.858498767028e+00
  1.870110068170e-04    1.749867290302e-04   6.187546950847e+01   5.858498767028e+00
  4.104759716714e-01   -6.032580793932e-03   6.208744967730e+01   5.858498767028e+00
  5.193952023002e-01    1.171941135490e-01   1.139272992380e+02   5.818829958092e+00
  5.099444661734e-01    1.294587878265e-01   1.117486894957e+02   5.818829958092e+00
  2.901616423963e-01    5.092592815609e-02   1.126872594303e+02   5.818829958092e+00
  3.532503644443e-01    1.325586674090e-02   6.252298594814e+01  -5.885810281191e+00
 -8.239383128687e-05   -2.506079830807e-04   6.212532914975e+01  -5.885810281191e+00
  1.954639391168e-03    1.713504008652e-04   5.807566231117e+01  -5.885810281191e+00
  5.947060227986e-01    1.881950760493e-01   1.132577899000e+02   1.263351251063e+00
  6.288746503511e-01    2.058790152230e-01   1.102997743568e+02   1.263351251063e+00
  5.735984500971e-01    1.438698173668e-01   1.088186808177e+02   1.263351251063e+00
  6.264610324426e-01    2.061770875051e-01   1.103323055728e+02  -1.442154960348e+00
  5.965548568037e-01    1.881501662178e-01   1.132217782304e+02  -1.442154960348e+00
  5.548507188437e-01    2.051446822435e-01   1.150473414354e+02  -1.442154960348e+00
  5.105561375530e-01    1.297035113999e-01   1.117413035378e+02   5.464364854424e+00
  5.717706843568e-01    1.433204513728e-01   1.088576108624e+02   5.464364854424e+00
  3.626178715684e-01    7.063921956745e-02   1.099201322751e+02   5.464364854424e+00
  5.717633449268e-01    1.438836371922e-01   1.088512300690e+02   2.506654794644e+00
  5.106651989648e-01    1.295949956120e-01   1.117409612069e+02   2.506654794644e+00
  5.961351410221e-01    1.880880974605e-01   1.132234201225e+02   2.506654794644e+00
  3.617087777276e-01    7.081163841253e-02   1.099452455242e+02   5.116457192095e+00
  5.727854241173e-01    1.432068848701e-01   1.088506764007e+02   5.116457192095e+00
  4.311403730158e-01    6.563450958494e-02   1.045602356769e+02   5.116457192095e+00
  5.111639233359e-01    1.294948733358e-01   1.117259604753e+02   5.460810884991e+00
  3.618504144298e-01    7.083587033695e-02   1.099431506443e+02   5.460810884991e+00
  2.887751708442e-01    5.065365829049e-02   1.127224650267e+02   5.460810884991e+00
  6.294287411317e-01    2.060006586650e-01   1.102805380837e+02  -2.126696186865e-01
  6.837523138399e-01    1.556445946720e-01   1.050347616945e+02  -2.126696186865e-01
  5.730150812708e-01    1.437870741974e-01   1.088361053946e+02  -2.126696186865e-01
  5.963426200426e-01    1.878232534684e-01   1.132270559163e+02   3.416946338841e+00
  5.104627164247e-01    1.296770511030e-01   1.117402488297e+02   3.416946338841e+00
  5.183457691950e-01    1.175549680610e-01   1.139530118781e+02   3.416946338841e+00
  6.143903313278e-01    1.461325465780e-01   1.171071261037e+02   3.605686398167e+00
  5.952620946047e-01    1.878715212111e-01   1.132413155550e+02   3.605686398167e+00
  5.191462078921e-01    1.178081957271e-01   1.139319011960e+02   3.605686398167e+00
  3.641420286744e-01    7.061520615928e-02   1.099583638614e+02   1.052200779701e+01
  4.289696617965e-01    6.540537892730e-02   1.045510813515e+02   1.052200779701e+01
  5.928092878340e-03   -3.612591390462e-04   1.047376116998e+02   1.052200779701e+01
  5.545236219697e-01    2.052618199397e-01   1.150842440230e+02  -6.126818101403e+00
  3.889748652805e-01    1.640003319402e-01   1.167368375581e+02  -6.126818101403e+00
  4.670210069532e-01    1.825954910198e-01   1.120344121767e+02  -6.126818101403e+00
  1.146308691821e-02    3.028112619572e-04   9.601554812952e+00  -5.124839807555e+00
  7.407701703120e-01    9.180328601198e-03   5.764721426650e+00  -5.124839807555e+00
  6.381812711358e-01    1.631883635706e-02   1.093330096602e+01  -5.124839807555e+00
  1.588888300498e-01    5.423037938781e-03   1.221688960079e+02  -5.325375191727e+00
  1.047759494361e-03    1.543373989291e-03   1.213933111713e+02  -5.325375191727e+00
  1.701662184162e-01    5.560414539512e-02   1.210693919167e+02  -5.325375191727e+00
  1.596856069365e-01    5.509816390813e-03   1.221629351188e+02  -1.943176837847e+00
  2.178413811601e-04   -5.195189848780e-04   1.222842545859e+02  -1.943176837847e+00
  3.849959825862e-04    1.353488252567e-03   1.214108915697e+02  -1.943176837847e+00
  1.705129747377e-01    5.688688240785e-02   1.211119600016e+02  -1.188184952190e+01
  2.165774660864e-03    2.136311396241e-03   1.184701771889e+02  -1.188184952190e+01
  1.996462612606e-01    9.179569898535e-02   1.179579631933e+02  -1.188184952190e+01
  2.425543840441e-01    1.070789053663e-01   1.132697283749e+02  -1.574820140711e+01
  2.006062354622e-01    9.240946685101e-02   1.179827976166e+02  -1.574820140711e+01
  5.428973959011e-04    1.022001179133e-03   1.183905709484e+02  -1.574820140711e+01
  2.449992639317e-01    1.076858910399e-01   1.133016160061e+02  -1.124919675976e+01
  4.677938127212e-01    1.824618108779e-01   1.119876539166e+02  -1.124919675976e+01
  3.883424647029e-01    1.641408421305e-01   1.168044767095e+02  -1.124919675976e+01
  2.436104327653e-01    1.074007349135e-01   1.133184180187e+02  -1.045509170046e+01
  3.894624478264e-01    1.643787566872e-01   1.167917703304e+02  -1.045509170046e+01
  2.002077229107e-01    9.233343847588e-02   1.179506265341e+02  -1.045509170046e+01
  1.167341965415e-03    1.481009624964e-03   1.184881988546e+02  -8.596477095469e+00
  1.713789588380e-01    5.728387864342e-02   1.211023273404e+02  -8.596477095469e+00
  7.450767929133e-05   -1.875494982885e-04   1.213487135237e+02  -8.596477095469e+00
  3.307893663719e-01    1.007804634032e-01   1.200153779283e+02  -6.588891855470e+00
  1.701251066496e-01    5.595745910857e-02   1.210636152694e+02  -6.588891855470e+00
  1.999303568277e-01    9.262118367242e-02   1.179987213953e+02  -6.588891855470e+00
 -5.686543735292e-04    2.988342954279e-04   1.183924641207e+02  -1.682653185678e+01
  1.519775558633e-03    6.928948177715e-04   1.135219945262e+02  -1.682653185678e+01
  2.437749406921e-01    1.075752680715e-01   1.132624847932e+02  -1.682653185678e+01
  3.842009241369e-01    1.858821693410e-02   8.890596613561e+01  -1.086669491687e+01
  1.938454977283e-03    7.477366175959e-04   7.905134029870e+01  -1.086669491687e+01
  3.516950143930e-01    4.091567979369e-02   8.100322498813e+01  -1.086669491687e+01
  7.396439539309e-01   -1.393447906468e-02   4.196911236864e+01   3.972080830817e+00
  2.233373535539e-02    9.055130495623e-04   4.640911450887e+01   3.972080830817e+00
  8.370124160058e-01   -9.690191773323e-03   4.708188342793e+01   3.972080830817e+00
  2.888859376056e-01   -1.430029051334e-03   1.150990815536e+02  -7.861980523400e+00
  1.312584305913e-03   -8.187611108889e-04   1.141883539800e+02  -7.861980523400e+00
  2.196469613442e-01   -3.865462093756e-02   1.139253912195e+02  -7.861980523400e+00
  2.929398727994e-01    9.379178896821e-02   1.073173977987e+02  -2.216158196436e+01
  5.231709559765e-04    7.830769883338e-04   1.072418768215e+02  -2.216158196436e+01
  1.732526630889e-03   -5.181158064560e-04   1.003941860057e+02  -2.216158196436e+01
  2.912411606538e-01    9.495154182335e-02   1.072423161863e+02  -2.083758113630e+01
 -3.266791688208e-04    8.608575794279e-04   1.134567662605e+02  -2.083758113630e+01
  1.404139148322e-03    1.583060938742e-04   1.073159276229e+02  -2.083758113630e+01
  2.938365170376e-01    4.237219054842e-02   7.479990023130e+01  -8.631646256719e+00
  5.024547510574e-04   -4.135318198180e-04   7.106071720587e+01  -8.631646256719e+00
  2.459633487813e-01    3.307650840732e-02   7.080721731604e+01  -8.631646256719e+00
  2.444429741651e-01    1.070840026816e-01   1.132967252380e+02  -2.100974662954e+01
  1.045534984474e-03    1.487959020624e-03   1.134584184276e+02  -2.100974662954e+01
  2.895982557158e-01    9.445721875901e-02   1.072450818868e+02  -2.100974662954e+01
  5.379322731513e-01    4.231990562970e-02   6.698628603478e+01  -3.695366975006e+00
  3.754211844717e-01    2.734603172099e-02   6.688543256271e+01  -3.695366975006e+00
  3.710424293517e-01    1.403433957037e-02   6.460134213828e+01  -3.695366975006e+00
  3.229978184169e-01    5.409893341503e-02   1.003504103201e+02  -2.365842090913e+01
  1.140389464355e-03    9.352109169090e-04   1.002768581751e+02  -2.365842090913e+01
  1.756388474303e-03   -1.159552476008e-03   9.299624530189e+01  -2.365842090913e+01
  4.680829181387e-01    1.824857267493e-01   1.120432354130e+02  -1.383395713769e+01
  2.918155640254e-01    9.426327767522e-02   1.072982041379e+02  -1.383395713769e+01
  5.455103135903e-01    1.535966327016e-01   1.062090038658e+02  -1.383395713769e+01
  2.904288517322e-01    9.406522383884e-02   1.073120644005e+02  -1.320957294851e+01
  4.692410744626e-01    1.827728397774e-01   1.120312252970e+02  -1.320957294851e+01
  2.440643747754e-01    1.072891919316e-01   1.132532811632e+02  -1.320957294851e+01
  7.073862646718e-01    8.647374923085e-02   9.926561859907e+01   2.279078525741e+00
  4.355702904660e-01    6.620431685910e-02   1.045124590139e+02   2.279078525741e+00
  6.879548392715e-01    1.547181295750e-01   1.049684365498e+02   2.279078525741e+00
  4.358129572664e-01    6.544896029043e-02   1.045043071232e+02   3.533170273383e+00
  5.703019295046e-01    1.436735632467e-01   1.088981140026e+02   3.533170273383e+00
  6.872365885622e-01    1.552246807344e-01   1.049885181484e+02   3.533170273383e+00
  6.861909268821e-01    1.557194660128e-01   1.049841654803e+02  -5.221807674003e+00
  6.272196763955e-01    2.066117340018e-01   1.103802580828e+02  -5.221807674003e+00
  5.466336488103e-01    1.537732557221e-01   1.062310563669e+02  -5.221807674003e+00
  5.465223051316e-01    1.532468978229e-01   1.061777941340e+02  -6.854852696204e+00
  5.989619520865e-01    9.015858688419e-02   9.983224336426e+01  -6.854852696204e+00
  6.866896133575e-01    1.563443511858e-01   1.050387910761e+02  -6.854852696204e+00
  5.471295096747e-01    1.536683003735e-01   1.062613837185e+02  -1.478144900181e+01
  2.906113743008e-01    9.398987559612e-02   1.072450311623e+02  -1.478144900181e+01
  3.213858299809e-01    5.497331141210e-02   1.003536894841e+02  -1.478144900181e+01
  4.688297825735e-01    1.824643572131e-01   1.119584110009e+02  -6.870929968790e+00
  5.447712316175e-01    1.538179757600e-01   1.062696367015e+02  -6.870929968790e+00
  6.288825103968e-01    2.067722628819e-01   1.103398942009e+02  -6.870929968790e+00
  3.210724075438e-01    5.515115183270e-02   1.002777321742e+02  -1.561942001989e+01
  3.341880329635e-01    4.516206317542e-03   9.298402388695e+01  -1.561942001989e+01
  6.015485481695e-01    8.939849923808e-02   9.981665799822e+01  -1.561942001989e+01
  3.209677567300e-01    5.527708829902e-02   1.002860300453e+02  -2.534418816342e+01
  2.912874261159e-01    9.325882112697e-02   1.073217434669e+02  -2.534418816342e+01
  3.371885703405e-03   -7.770255901718e-05   1.003771513465e+02  -2.534418816342e+01
  7.109483203156e-01    8.610013407235e-02   9.927780101252e+01  -6.400197953962e+00
  5.999265149918e-01    8.903894526308e-02   9.972778738649e+01  -6.400197953962e+00
  6.207821196574e-01    1.005432668972e-02   9.304528603795e+01  -6.400197953962e+00
  6.005123055906e-01    8.988675133540e-02   9.979245922632e+01  -4.996296154001e+00
  7.100301526916e-01    8.529831964530e-02   9.921288909474e+01  -4.996296154001e+00
  6.852216810587e-01    1.563239276683e-01   1.050803561968e+02  -4.996296154001e+00
  4.870492601677e-01    2.887066388467e-02   9.717609528952e+01   2.621687733986e+00
  7.085737678674e-01    8.472980320294e-02   9.923249411677e+01   2.621687733986e+00
  7.101229259716e-01    9.763405527821e-03   9.301834146617e+01   2.621687733986e+00
  7.094719395126e-01    8.586823835967e-02   9.923718230234e+01   4.324583974056e+00
  4.859429377156e-01    2.782557663205e-02   9.717196632039e+01   4.324583974056e+00
  4.325118737678e-01    6.657224056165e-02   1.045579063456e+02   4.324583974056e+00
  6.193665816361e-01    9.197489968950e-03   9.294990701233e+01  -1.611154786558e+01
  5.999959615756e-01    8.915551487724e-02   9.982527469806e+01  -1.611154786558e+01
  3.361098200330e-01    4.497420201157e-03   9.297852772882e+01  -1.611154786558e+01
  3.227868563747e-01    5.517436232460e-02   1.003407931194e+02  -1.550650154688e+01
  5.996892414199e-01    8.966223578818e-02   9.975838172204e+01  -1.550650154688e+01
  5.458671687236e-01    1.533176750766e-01   1.062738032030e+02  -1.550650154688e+01
  3.880606386289e-03   -1.108711447062e-03   9.298257133595e+01  -2.652392796102e+01
  3.332358794007e-01    5.246164302691e-03   9.290861245440e+01  -2.652392796102e+01
  3.212573651552e-01    5.392559074767e-02   1.003533458585e+02  -2.652392796102e+01
  4.862409728731e-01    2.843376035848e-02   9.718879507061e+01   1.091994960624e+01
  4.882896569623e-01   -2.061756913085e-02   8.882630138905e+01   1.091994960624e+01
  4.984954873156e-03   -4.036735279164e-04   9.187574515115e+01   1.091994960624e+01
  3.947615764938e-03    1.125784370674e-03   9.284175168778e+01  -2.636776117220e+01
  3.185784525324e-01   -4.358690756162e-02   8.557535664272e+01  -2.636776117220e+01
  3.331916780254e-01    4.088704624869e-03   9.295128826974e+01  -2.636776117220e+01
  1.699530609395e-01    5.642572656231e-02   1.210929078443e+02  -1.980128018260e+00
  3.076856596616e-01    8.196767165607e-03   1.211959066888e+02  -1.980128018260e+00
  1.587908205088e-01    4.286497460045e-03   1.221310690985e+02  -1.980128018260e+00
  3.076751489465e-01    7.078866491214e-03   1.211973516930e+02   1.433476065891e+00
  1.667568258246e-01   -4.717620283689e-02   1.211417722021e+02   1.433476065891e+00
  1.587652951061e-01    4.592970206525e-03   1.221299281296e+02   1.433476065891e+00
  2.009501027194e-03   -6.595154669988e-04   9.190751579459e+01   1.216398918560e+01
  1.056481100471e-03    6.932364088122e-04   1.047243509260e+02   1.216398918560e+01
  4.889723384139e-01    2.882618090575e-02   9.717763113969e+01   1.216398918560e+01
  2.975687003234e-01    4.243604667286e-02   7.480779160413e+01  -9.927665668021e+00
  2.478494145089e-03   -2.531585883329e-05   7.907467366343e+01  -9.927665668021e+00
 -4.656992179004e-04   -1.014490962264e-05   7.441103343306e+01  -9.927665668021e+00
  7.090425591476e-01    1.190951272517e-03   6.211885332209e+01  -1.514631379763e+00
  6.026673835091e-01    1.163111298084e-02   6.193062562633e+01  -1.514631379763e+00
  7.552759172190e-01    7.229792384034e-03   5.617257757201e+01  -1.514631379763e+00
  6.570232389758e-01    6.155634840107e-02   8.686694215690e+01   5.509371448616e+00
  5.718984713029e-01    6.827041982089e-02   8.655478901201e+01   5.509371448616e+00
  5.936889194363e-01   -4.686305400005e-03   9.325256872688e+01   5.509371448616e+00
  6.556679899008e-01    6.130237532465e-02   8.690306250322e+01  -5.641027490371e+00
  3.844440002478e-01    1.729117552612e-02   8.892088413889e+01  -5.641027490371e+00
  3.529517906298e-01    4.214875145259e-02   8.100147216883e+01  -5.641027490371e+00
  3.060320188588e-01    4.376334220659e-02   8.598960716703e+01   2.507153090279e+01
  3.085163529494e-03    1.753705277587e-03   8.598766981610e+01   2.507153090279e+01
  3.281852462179e-01   -2.388627480477e-03   9.334194226448e+01   2.507153090279e+01
  3.286295048461e-01   -3.513096456549e-03   9.325208874355e+01   1.491927310082e+01
  5.731269923437e-01    6.869827765900e-02   8.647109124269e+01   1.491927310082e+01
  3.063569675004e-01    4.448848085686e-02   8.604217398013e+01   1.491927310082e+01
  3.078033162005e-01    4.453545407968e-02   8.598001066160e+01   1.449655047371e+01
  5.715350662733e-01    6.892602285069e-02   8.652629812869e+01   1.449655047371e+01
  5.185043433815e-01    1.266076945298e-01   8.007329326002e+01   1.449655047371e+01
  4.261907202075e-03   -2.845050705140e-05   8.585121816462e+01   2.375736666493e+01
  3.053333624257e-01    4.464739995823e-02   8.603384426996e+01   2.375736666493e+01
  2.765186901668e-01    7.955943573378e-02   7.912047670235e+01   2.375736666493e+01
  6.562948751888e-01    6.072779402949e-02   8.692696809219e+01   3.937078964046e+00
  6.430448468050e-01    1.207644698065e-01   8.096114353323e+01   3.937078964046e+00
  5.723052079000e-01    6.912077760700e-02   8.649351000402e+01   3.937078964046e+00
  9.157768504442e-04    1.379556442183e-04   1.100126539247e+02  -9.621776217852e+00
  3.491929057994e-01   -4.966806029262e-02   1.056691677531e+02  -9.621776217852e+00
  2.739416724498e-01   -5.309893022646e-02   1.109615776366e+02  -9.621776217852e+00
  3.610228743873e-01    1.360127225671e-01   7.012154937801e+01   5.640670947387e+00
  4.400006884590e-01    1.523737571682e-01   7.452293787720e+01   5.640670947387e+00
  5.158281035595e-01    1.617768432634e-01   7.150672752355e+01   5.640670947387e+00
  6.445265987709e-01    1.206976019245e-01   8.100337142972e+01   6.138956814153e+00
  5.192722771813e-01    1.264281172691e-01   8.016861183087e+01   6.138956814153e+00
  5.706911858887e-01    6.947310949205e-02   8.645425762625e+01   6.138956814153e+00
  2.768905708903e-01    8.036864174961e-02   7.914554557687e+01   1.284003418383e+01
  5.181879612276e-01    1.268368685637e-01   8.013665327102e+01   1.284003418383e+01
  4.410399877441e-01    1.522635938250e-01   7.451633464837e+01   1.284003418383e+01
  2.756900415977e-01    8.016379965360e-02   7.919539444685e+01   1.384626329541e+01
  3.062290730701e-01    4.440727270362e-02   8.596598022294e+01   1.384626329541e+01
  5.198018763118e-01    1.268938780040e-01   8.008662110844e+01   1.384626329541e+01
  5.928312422932e-01    1.632795737090e-01   7.584101341301e+01   6.304916644027e+00
  4.417677155153e-01    1.522114321237e-01   7.459804357260e+01   6.304916644027e+00
  5.174405979246e-01    1.270572472092e-01   8.007927210485e+01   6.304916644027e+00
  2.216418559064e-03   -4.379209833855e-04   8.583514079803e+01   2.084285724641e+01
  2.782903447595e-01    8.004555766312e-02   7.912498940575e+01   2.084285724641e+01
  2.778154584658e-04    6.862675645642e-04   7.919418416175e+01   2.084285724641e+01
  6.442076121440e-01    1.200596056094e-01   8.105436040139e+01   4.440395533179e+00
  5.912634451030e-01    1.631771035032e-01   7.579972317222e+01   4.440395533179e+00
  5.192468166537e-01    1.269471769736e-01   8.011883166431e+01   4.440395533179e+00
  6.532987818062e-01    6.192559775038e-02   8.688084736603e+01  -3.256954162476e+00
  3.563072679661e-01    4.176013948184e-02   8.103933969061e+01  -3.256954162476e+00
  6.463688376616e-01    1.190696952907e-01   8.106674852084e+01  -3.256954162476e+00
  8.630974895768e-04   -1.546865719256e-04   9.929636107776e+01  -1.265193410041e+01
  1.625659427247e-03    4.474051061449e-04   9.201525978891e+01  -1.265193410041e+01
  3.810951485847e-01   -2.046081914339e-02   9.783104805063e+01  -1.265193410041e+01
  2.290354543453e-01    9.063235897716e-02   7.346492001752e+01   1.222014982013e+01
  2.756007990462e-01    8.019945313448e-02   7.913028489074e+01   1.222014982013e+01
  4.421189348801e-01    1.525237608135e-01   7.452927691525e+01   1.222014982013e+01
  2.765293519748e-01    8.111283718821e-02   7.919613351396e+01   1.940181721643e+01
 -1.587455431662e-04    9.634427801924e-04   7.322237124170e+01   1.940181721643e+01
  1.242099379273e-03    8.003271518547e-05   7.912378021015e+01   1.940181721643e+01
  1.325101352688e-03    1.707419241697e-03   7.322088869496e+01   1.927219435407e+01
  2.748784071444e-01    8.060660779029e-02   7.919264155422e+01   1.927219435407e+01
  2.291956572753e-01    9.028099168526e-02   7.342543017051e+01   1.927219435407e+01
  2.209349725793e-01   -3.887223973110e-02   1.139096406539e+02  -7.355559956408e+00
 -4.225377717141e-05   -3.077141239178e-05   1.142210920517e+02  -7.355559956408e+00
  7.150239314122e-04   -6.949850847673e-05   1.129779898567e+02  -7.355559956408e+00
  1.891029298702e-01    8.136869797487e-02   6.887828186001e+01   1.304253737799e+01
 -1.272746789746e-04    1.238715172360e-04   6.887222852964e+01   1.304253737799e+01
  1.837021667960e-03    9.497963473309e-04   7.310283093773e+01   1.304253737799e+01
  1.873848157799e-01    8.038047070490e-02   6.891867696079e+01   1.049482235932e+01
 -4.662035503367e-04   -4.283939286777e-04   6.583075489321e+01   1.049482235932e+01
  8.105053213838e-04    6.481631370384e-04   6.883189468669e+01   1.049482235932e+01
  2.455543881872e-01    3.246945506963e-02   7.080287753680e+01  -8.175027996854e+00
  5.846943495806e-04    1.372626172102e-04   7.104668776402e+01  -8.175027996854e+00
 -1.738215818206e-04   -3.490286215204e-04   6.705700173746e+01  -8.175027996854e+00
  1.879394031481e-01    8.080097032155e-02   6.887276420446e+01   1.624057901763e+01
  3.200702954156e-03    1.682186404209e-03   7.311973455019e+01   1.624057901763e+01
  2.281369332056e-01    9.027792776529e-02   7.345882331606e+01   1.624057901763e+01
  4.329557643889e-01   -3.608491969034e-02   6.708421415944e+01   6.449145572061e+00
  4.276160211639e-01   -1.671114126884e-02   6.438498206922e+01   6.449145572061e+00
  3.855018950602e-03   -1.886167951533e-04   6.709997103017e+01   6.449145572061e+00
  1.560910651638e-01    4.462905456665e-02   6.628890519176e+01   5.846346412917e+00
  1.867989923839e-01    8.065288620749e-02   6.888693747173e+01   5.846346412917e+00
  3.021522704629e-01    7.949592528674e-02   6.722391746108e+01   5.846346412917e+00
  3.615344106353e-01    1.364626484330e-01   7.006472766765e+01   9.428822228852e+00
  1.870218957257e-01    8.033483789622e-02   6.893265873404e+01   9.428822228852e+00
  2.288591212986e-01    9.077268165080e-02   7.340767454541e+01   9.428822228852e+00
  4.288398629031e-04    1.389759503299e-03   6.578114356883e+01   1.481659489286e+00
  1.472413229412e-01    6.358009108962e-04   6.530243432137e+01   1.481659489286e+00
  2.637874543554e-04   -5.789448778429e-04   6.499308155438e+01   1.481659489286e+00
  1.167986202721e-03    1.712519705510e-03   6.579507102479e+01   4.335195793706e+00
  1.557389117491e-01    4.403957987053e-02   6.628016172547e+01   4.335195793706e+00
  1.464997994017e-01    4.891305993802e-04   6.529423642669e+01   4.335195793706e+00
  2.828062375899e-01   -1.081570744062e-03   6.620531886786e+01   1.515924172052e+00
  1.465517914107e-01   -5.727803061310e-04   6.532720144804e+01   1.515924172052e+00
  1.556228230693e-01    4.490748582888e-02   6.625550238213e+01   1.515924172052e+00
  4.385555614363e-04    8.114400142563e-04   6.497609922711e+01  -2.167429083202e+00
  1.469242422454e-01   -8.242853285383e-04   6.532219305576e+01  -2.167429083202e+00
  1.580733301316e-01   -4.634914670956e-02   6.602127737128e+01  -2.167429083202e+00
  3.013004413755e-01    7.941539626915e-02   6.721237958220e+01   6.737668214431e+00
  1.877717421059e-01    8.081461009986e-02   6.890275452561e+01   6.737668214431e+00
  3.602888158916e-01    1.358476822332e-01   7.009619703020e+01   6.737668214431e+00
  1.562938235555e-01    4.498413099483e-02   6.626999214534e+01   8.498024119874e+00
  3.392254957131e-04   -6.768274083507e-06   6.583699038621e+01   8.498024119874e+00
  1.863058210476e-01    7.995615506079e-02   6.891238705216e+01   8.498024119874e+00
  2.301052269420e-01    9.106475743336e-02   7.342067705260e+01   1.043716001039e+01
  4.406550020758e-01    1.522071899919e-01   7.456951489195e+01   1.043716001039e+01
  3.605272994445e-01    1.362401060213e-01   7.005299161169e+01   1.043716001039e+01
  4.912456744626e-01   -2.167331325196e-02   8.883640525014e+01   1.222163801296e+01
  1.127717171086e-03   -7.546262088598e-04   7.925850714429e+01   1.222163801296e+01
  1.806892268667e-03    4.885667180554e-04   9.183943245289e+01   1.222163801296e+01
  6.454422864990e-01    1.195155410802e-01   8.105236275745e+01  -4.525321743447e+00
  3.568378369576e-01    4.109633942185e-02   8.103752277003e+01  -4.525321743447e+00
  5.249766669260e-01    1.033634294576e-01   7.657222010862e+01  -4.525321743447e+00
  4.342304467865e-01   -3.686495346360e-02   6.709293859807e+01   6.652862718713e+00
  2.256622287121e-03    9.322819191290e-04   6.712422046129e+01   6.652862718713e+00
  3.254934710455e-01   -4.465885004537e-02   7.122728747104e+01   6.652862718713e+00
  2.944137465559e-01    4.274200822174e-02   7.480628675736e+01  -5.885448906389e+00
  2.459075436606e-01    3.293651342969e-02   7.080625759710e+01  -5.885448906389e+00
  4.755811606746e-01    9.006284557900e-02   7.317989523650e+01  -5.885448906389e+00
  2.959575828846e-01    4.260113262044e-02   7.480095670986e+01  -1.103932871998e+01
  3.500105374648e-01    4.127899424995e-02   8.098588581438e+01  -1.103932871998e+01
  4.391942074812e-03   -1.041893811190e-04   7.908489769876e+01  -1.103932871998e+01
  5.267614963712e-01    1.033981512292e-01   7.661535878106e+01  -2.551750054313e+00
  4.746108673321e-01    9.018618315013e-02   7.317146729644e+01  -2.551750054313e+00
  5.608794862425e-01    1.392596149624e-01   7.258801830406e+01  -2.551750054313e+00
  4.747576611692e-01    9.027854776670e-02   7.316466845886e+01  -6.202398580665e+00
  5.265401897751e-01    1.028929000494e-01   7.661842191998e+01  -6.202398580665e+00
  2.955124986449e-01    4.258352049975e-02   7.483006730588e+01  -6.202398580665e+00
  4.898812685927e-01    8.647373985868e-02   7.061918520581e+01  -3.082850170785e+00
  5.607928907626e-01    1.387939328597e-01   7.259912216635e+01  -3.082850170785e+00
  4.745994668194e-01    9.037585489382e-02   7.316424445553e+01  -3.082850170785e+00
  5.287067106180e-01    1.033854627314e-01   7.664638575684e+01  -1.655640582472e+00
  5.592678655466e-01    1.393913935892e-01   7.255524020840e+01  -1.655640582472e+00
  5.929231748372e-01    1.623328839588e-01   7.588289504619e+01  -1.655640582472e+00
  4.740178099947e-01    9.002262102542e-02   7.316853092303e+01  -5.667063432027e+00
  2.477707748328e-01    3.307376219481e-02   7.082705028478e+01  -5.667063432027e+00
  4.909090623071e-01    8.640965135904e-02   7.062687953919e+01  -5.667063432027e+00
  2.943810539652e-01    4.268150760726e-02   7.481361278395e+01  -5.976697024670e+00
  5.276972980836e-01    1.028668970387e-01   7.661956731220e+01  -5.976697024670e+00
  3.520181384641e-01    4.136272831418e-02   8.098127732754e+01  -5.976697024670e+00
  3.780980515178e-01    2.803334138519e-02   6.689894395298e+01  -6.685636176103e+00
  2.452090359690e-01    3.288007687511e-02   7.080184922854e+01  -6.685636176103e+00
  6.837971106980e-04   -7.090190184630e-04   6.707130820309e+01  -6.685636176103e+00
  3.521851249658e-01    1.318763706567e-02   6.251850314979e+01  -5.862148075412e+00
  3.695154253143e-01    1.378903278191e-02   6.458177459190e+01  -5.862148075412e+00
  9.908004013068e-04   -3.448065517570e-04   6.212971556223e+01  -5.862148075412e+00
  6.023160473173e-01    1.190935545471e-02   6.196035905736e+01  -3.585365628374e+00
  3.705775088101e-01    1.424619194671e-02   6.460250551180e+01  -3.585365628374e+00
  3.521770008909e-01    1.343952010914e-02   6.251974228334e+01  -3.585365628374e+00
  3.764688737814e-01    2.683823966397e-02   6.691397075234e+01  -4.204611463393e+00
  5.373920483578e-01    4.324538161085e-02   6.695353531167e+01  -4.204611463393e+00
  4.890552834306e-01    8.630567579732e-02   7.059675730484e+01  -4.204611463393e+00
  6.953752474178e-01   -3.505315483430e-03   1.987126937706e+01  -4.492281855160e+00
  1.721866072661e-02   -5.373525511050e-04   1.478019166628e+01  -4.492281855160e+00
  8.367744083573e-01    4.870393435055e-03   1.514323082372e+01  -4.492281855160e+00
  5.640598863043e-01    1.077403757143e-01   6.947345043276e+01  -2.723042594897e+00
  5.595259206379e-01    1.386962630015e-01   7.258695955206e+01  -2.723042594897e+00
  4.910038045131e-01    8.679047847640e-02   7.063519390106e+01  -2.723042594897e+00
  6.403021968550e-01   -4.752552371327e-03   6.223779062160e+01   3.491979950026e+00
  4.288861295745e-01   -1.679965090201e-02   6.442361659431e+01   3.491979950026e+00
  5.807033346614e-01   -4.899661316204e-02   6.688223426665e+01   3.491979950026e+00
  3.756930380584e-01    2.738203868442e-02   6.688105991511e+01  -5.555326537583e+00
  4.907031411747e-01    8.586474315484e-02   7.062064018923e+01  -5.555326537583e+00
  2.475899620553e-01    3.361179748817e-02   7.081121761432e+01  -5.555326537583e+00
  2.370106647257e-04   -2.111481732488e-04   6.213129669806e+01  -6.158045811010e+00
  3.702959472877e-01    1.372090006447e-02   6.457751308004e+01  -6.158045811010e+00
  9.394000441726e-04   -8.115856407814e-05   6.419446451921e+01  -6.158045811010e+00
  6.307212094055e-03    5.444942864371e-04   5.807730442627e+01  -4.738182840755e+00
  7.643134074599e-01    7.960218389705e-03   5.624891048183e+01  -4.738182840755e+00
  3.514834172499e-01    1.355088650094e-02   6.255101556617e+01  -4.738182840755e+00
  4.502243599219e-01    1.030136164912e-01   6.860121130856e+01   2.838768687345e+00
  3.609196292348e-01    1.359376601164e-01   7.008968567861e+01   2.838768687345e+00
  5.155811517751e-01    1.615565030942e-01   7.153796056940e+01   2.838768687345e+00
  5.906630042875e-01    1.626871209061e-01   7.584355427968e+01   1.408035976107e+00
  5.607985887972e-01    1.393009438356e-01   7.260001776901e+01   1.408035976107e+00
  5.162384773275e-01    1.616318131128e-01   7.154445237136e+01   1.408035976107e+00
  2.822094533623e-01   -1.455060235021e-03   6.623226891878e+01   1.384905116097e+00
  3.008850565845e-01    7.888342667023e-02   6.722325562933e+01   1.384905116097e+00
  4.228468480244e-01   -3.351859402881e-03   6.742685852883e+01   1.384905116097e+00
  3.017999882314e-01    7.917495196650e-02   6.725915819346e+01   4.030197424310e+00
  3.596303700365e-01    1.359138587674e-01   7.006379753612e+01   4.030197424310e+00
  4.511868558724e-01    1.029176052586e-01   6.862360112306e+01   4.030197424310e+00
  4.217651870086e-01   -3.226557128756e-03   6.740623301077e+01   1.015934265146e+00
  3.019469728509e-01    7.892110895438e-02   6.724331413817e+01   1.015934265146e+00
  4.508379700623e-01    1.027582115578e-01   6.864073985431e+01   1.015934265146e+00
  3.013414145463e-01    7.880688180172e-02   6.724275428765e+01   2.514973850091e+00
  2.818847879558e-01   -1.116942255291e-03   6.619692537501e+01   2.514973850091e+00
  1.565146988584e-01    4.508733650703e-02   6.626696190845e+01   2.514973850091e+00
  5.139517394415e-01    1.608936566778e-01   7.150451660813e+01   1.001640928578e+00
  5.650155070494e-01    1.078363054574e-01   6.950960203080e+01   1.001640928578e+00
  4.525994467006e-01    1.035754271512e-01   6.867873699535e+01   1.001640928578e+00
  5.144132159440e-01    1.617529164398e-01   7.147030064897e+01   4.166512131045e+00
  4.416901906368e-01    1.523779428052e-01   7.455781079350e+01   4.166512131045e+00
  5.926402450556e-01    1.630099213125e-01   7.588223799751e+01   4.166512131045e+00
  5.630011886649e-01    1.064056887732e-01   6.947292420807e+01  -2.644967933039e+00
  5.389414771683e-01    4.295055146032e-02   6.697562224668e+01  -2.644967933039e+00
  6.171346704174e-01    3.291627734295e-02   6.659837995454e+01  -2.644967933039e+00
  5.160396994704e-01    1.611020685589e-01   7.154042192739e+01  -1.092904153308e-01
  5.606527504219e-01    1.394677760526e-01   7.259610170240e+01  -1.092904153308e-01
  5.628066205215e-01    1.073489175245e-01   6.945511500644e+01  -1.092904153308e-01
  5.563216313067e-01   -5.699780619201e-02   6.811948520079e+01  -2.576860922096e-01
  4.237532963401e-01   -3.428859793243e-03   6.746423312234e+01  -2.576860922096e-01
  5.460066337107e-01    4.651460197644e-02   6.813645935389e+01  -2.576860922096e-01
  4.226721170994e-01   -2.565470900842e-03   6.744424516650e+01   4.684037251204e-01
  4.504011763951e-01    1.020860326019e-01   6.863546012182e+01   4.684037251204e-01
  5.468033486649e-01    4.618103334433e-02   6.815690614352e+01   4.684037251204e-01
  6.182850656259e-01    3.304336775793e-02   6.661761252305e+01  -3.113993981582e-01
  5.480920376045e-01    4.705310906276e-02   6.816889835137e+01  -3.113993981582e-01
  5.618434133013e-01    1.069648125165e-01   6.945826617396e+01  -3.113993981582e-01
  6.194173976464e-01    3.413394834898e-02   6.661080388482e+01  -1.036785202938e+00
  6.471518678701e-01   -6.739640972147e-03   6.647848215224e+01  -1.036785202938e+00
  5.474895434156e-01    4.550457154917e-02   6.817348693587e+01  -1.036785202938e+00
  6.986127423396e-01    5.750884498521e-03   6.451704978446e+01  -7.472881922356e-01
  6.475543960339e-01   -5.739027903030e-03   6.648096884508e+01  -7.472881922356e-01
  6.183603474593e-01    3.306198996331e-02   6.659115565827e+01  -7.472881922356e-01
  5.454282261243e-01    4.594629882823e-02   6.811409209053e+01  -6.213082454700e-01
  4.526609892284e-01    1.026563755743e-01   6.867821228989e+01  -6.213082454700e-01
  5.648359751169e-01    1.084633685482e-01   6.950309539020e+01  -6.213082454700e-01
  4.896860473365e-01    8.726147678851e-02   7.059802314779e+01  -2.356013029820e+00
  5.371714112681e-01    4.274181621743e-02   6.694505653334e+01  -2.356013029820e+00
  5.652576393215e-01    1.071243483918e-01   6.949494978788e+01  -2.356013029820e+00
  2.821670494885e-01   -1.751707431768e-03   6.623045054727e+01  -1.764883209750e+00
  4.228950409099e-01   -3.435423329412e-03   6.742914625889e+01  -1.764883209750e+00
  3.065103158019e-01   -8.322164471355e-02   6.711884773700e+01  -1.764883209750e+00
  7.672859392007e-01    1.853606559463e-03   2.369346313182e+01   3.931060707583e+00
  2.246448189541e-02    9.134309621511e-04   2.411177930846e+01   3.931060707583e+00
  7.712183911549e-01    2.169882094790e-03   2.994650891117e+01   3.931060707583e+00
  5.278317304432e-01    1.033289570770e-01   7.663563475034e+01  -2.489027841599e-01
  5.936946758526e-01    1.624687471031e-01   7.589742675469e+01  -2.489027841599e-01
  6.417418654314e-01    1.200293940293e-01   8.100705678446e+01  -2.489027841599e-01
  5.539217528600e-01    5.479343825103e-03  -8.292431839833e-03   5.395091309177e+00
  7.576701720504e-04   -7.396012103641e-05   1.410312785100e-02   5.395091309177e+00
  2.872978494402e-03    1.300262567821e-04   4.007703219077e+00   5.395091309177e+00
  1.467127141829e-01   -3.069596431493e-04   6.533231512304e+01  -1.784938317506e+00
  2.827621571435e-01   -2.024947153251e-03   6.620710407372e+01  -1.784938317506e+00
  1.582154315461e-01   -4.742232801097e-02   6.601982793426e+01  -1.784938317506e+00
  2.413547610697e-01   -9.549013861077e-02   7.305280011434e+01  -1.806423896632e+01
  1.842431404290e-03   -1.637208327708e-04   7.872276999124e+01  -1.806423896632e+01
  1.453112181759e-04   -5.184031173848e-04   7.310461713855e+01  -1.806423896632e+01
  3.538842459809e-01    1.387329682180e-02   6.254647114546e+01  -3.545410321303e+00
  7.590177690275e-01    7.618338063483e-03   5.621704898928e+01  -3.545410321303e+00
  6.007286673922e-01    1.177842436377e-02   6.191919917279e+01  -3.545410321303e+00
  1.683862251111e-03    5.146208932662e-04   8.550176392712e+01  -2.130516890258e+01
  8.382324556618e-04   -9.029585799780e-04   7.883629848018e+01  -2.130516890258e+01
  2.862641307034e-01   -7.995340313810e-02   7.881999262711e+01  -2.130516890258e+01
 -2.700925335352e-04   -2.647807412209e-04   7.105171912957e+01  -9.814368274382e+00
  2.949162239582e-01    4.220542427146e-02   7.480486390752e+01  -9.814368274382e+00
  7.349332036733e-04    9.619032416287e-05   7.441397019124e+01  -9.814368274382e+00
  2.400111327498e-01   -9.492481493634e-02   7.304696280173e+01  -2.162905452204e+01
  2.839732799916e-01   -8.039429170227e-02   7.888344925871e+01  -2.162905452204e+01
  3.210103738092e-03   -7.109791896999e-04   7.874236681313e+01  -2.162905452204e+01
  3.240660433915e-03    1.515482331158e-04   8.552053448754e+01  -2.475571397548e+01
  2.848454255968e-01   -7.958888814849e-02   7.881333375634e+01  -2.475571397548e+01
  3.182667353008e-01   -4.489384707951e-02   8.564366515776e+01  -2.475571397548e+01
  1.185584587477e-03   -4.407121872019e-04   7.304647679839e+01  -1.596845803936e+01
 -5.647275605698e-04   -2.924023918933e-04   6.851391838841e+01  -1.596845803936e+01
  2.393158354730e-01   -9.556380426380e-02   7.311245511798e+01  -1.596845803936e+01
  7.530794521986e-01   -1.636206449994e-02   4.230014579481e+01  -8.233119025880e-01
  6.526694467646e-01   -1.622985094439e-02   4.269989604500e+01  -8.233119025880e-01
  5.882612797848e-01   -1.025950045831e-02   3.786466054653e+01  -8.233119025880e-01
  1.591556509494e-01   -4.795748230789e-02   6.601024778375e+01  -1.106037336197e+01
  1.906744535728e-01   -7.975955851741e-02   6.885744060001e+01  -1.106037336197e+01
  2.279949302398e-03   -1.960895102226e-03   6.844745075471e+01  -1.106037336197e+01
  5.081094047066e-04   -6.509858822689e-04   6.597094124696e+01  -4.791303513257e+00
 -1.987947540234e-04    9.606132835140e-04   6.496273274054e+01  -4.791303513257e+00
  1.589709294231e-01   -4.657975335274e-02   6.602961668995e+01  -4.791303513257e+00
  2.388225717456e-01   -9.521588796307e-02   7.306495630904e+01  -9.958159908974e+00
  1.913182773112e-01   -8.028527577624e-02   6.886491777745e+01  -9.958159908974e+00
  3.728950017250e-01   -1.411482413384e-01   6.995492965559e+01  -9.958159908974e+00
  2.379523915741e-01   -9.503550643174e-02   7.310801190412e+01  -1.489229004397e+01
  5.578201106162e-04   -9.575153333663e-04   6.851683135948e+01  -1.489229004397e+01
  1.916655792544e-01   -8.030550751872e-02   6.883622743283e+01  -1.489229004397e+01
  3.069481186649e-01   -8.384131343598e-02   6.710349417107e+01  -7.316007718971e+00
  3.716734997267e-01   -1.405981835199e-01   6.998403327817e+01  -7.316007718971e+00
  1.921140890307e-01   -8.078680270427e-02   6.883108304033e+01  -7.316007718971e+00
  2.845354499137e-01   -8.043198381166e-02   7.882470528732e+01  -1.272278495915e+01
  2.390277664887e-01   -9.504965434718e-02   7.311839003978e+01  -1.272278495915e+01
  4.598249913788e-01   -1.585713369542e-01   7.432055293648e+01  -1.272278495915e+01
  1.910802833529e-01   -8.052464060459e-02   6.881945192028e+01  -6.168742726941e+00
  1.585578820370e-01   -4.707319544244e-02   6.605576203877e+01  -6.168742726941e+00
  3.078280828461e-01   -8.397543661163e-02   6.711376782492e+01  -6.168742726941e+00
  1.269957720912e-03   -1.360125367457e-03   6.843242565322e+01  -7.720342118294e+00
 -9.317549928404e-05    2.716074923503e-04   6.598834575643e+01  -7.720342118294e+00
  1.600751163378e-01   -4.833547133900e-02   6.601482486225e+01  -7.720342118294e+00
  3.868172039047e-01   -5.691149457506e-02   7.530903648261e+01   1.052240574950e+01
  5.386489197832e-03    1.820585416685e-04   7.927901298493e+01   1.052240574950e+01
  4.457067379459e-01   -5.187391106924e-02   8.126408203026e+01   1.052240574950e+01
  4.583054120368e-01   -1.582324067233e-01   7.436044431470e+01  -1.086705084127e+01
  2.400328382293e-01   -9.541678195700e-02   7.308006528443e+01  -1.086705084127e+01
  3.718888003686e-01   -1.409659687918e-01   6.994286885009e+01  -1.086705084127e+01
  5.981335819075e-01   -7.008103080563e-02   8.614032732626e+01  -1.600086408391e+01
  6.193603094769e-01    8.576569909479e-03   9.297423966965e+01  -1.600086408391e+01
  3.360707251965e-01    4.905946123187e-03   9.288201768874e+01  -1.600086408391e+01
  5.978686006414e-01   -7.056533601492e-02   8.620666412329e+01  -1.527380871734e+01
  3.199545687541e-01   -4.470095817108e-02   8.559186772432e+01  -1.527380871734e+01
  5.410191263102e-01   -1.310331030795e-01   7.983035067840e+01  -1.527380871734e+01
  6.226269101096e-01    8.165493553002e-03   9.290779666853e+01  -4.672460939841e+00
  7.128997055220e-01   -6.601282856114e-02   8.666772825681e+01  -4.672460939841e+00
  7.099277210910e-01    9.331202867464e-03   9.302380300688e+01  -4.672460939841e+00
  4.899120321564e-01   -2.087606931507e-02   8.884161458469e+01   2.664982963230e+00
  7.100375197395e-01    8.085628963679e-03   9.298478641177e+01   2.664982963230e+00
  7.125001606334e-01   -6.450492425568e-02   8.674702775443e+01   2.664982963230e+00
  7.116353501219e-01    8.932534393626e-03   9.300181489830e+01   4.419248575219e+00
  4.882594475852e-01   -2.166534342281e-02   8.882264532048e+01   4.419248575219e+00
  4.856230299645e-01    2.968193645358e-02   9.719577023539e+01   4.419248575219e+00
  6.227435062667e-01    9.728154395768e-03   9.301741885770e+01  -4.751292904614e+00
  7.098774478110e-01    8.543657191318e-03   9.297307447473e+01  -4.751292904614e+00
  7.092217885210e-01    8.624447420307e-02   9.931324390795e+01  -4.751292904614e+00
  7.146914421374e-01   -6.575274364056e-02   8.670280595287e+01  -6.474537927930e+00
  6.206079739948e-01    7.724375611796e-03   9.288036339323e+01  -6.474537927930e+00
  5.982048237692e-01   -6.990034543313e-02   8.623829294220e+01  -6.474537927930e+00
  3.341496453578e-01    4.803485124833e-03   9.287559454065e+01  -1.557636753138e+01
  3.183346902143e-01   -4.475215273308e-02   8.565235343045e+01  -1.557636753138e+01
  5.996681634058e-01   -7.025152066075e-02   8.614980946773e+01  -1.557636753138e+01
  6.919979086368e-01   -1.294945000395e-01   8.099402891530e+01  -5.244431316708e+00
  5.417560098502e-01   -1.314366137161e-01   7.987415407226e+01  -5.244431316708e+00
  6.273423325517e-01   -1.745615643098e-01   7.576456313623e+01  -5.244431316708e+00
  5.422624804524e-01   -1.313355693488e-01   7.984342194569e+01  -1.459303814773e+01
  3.185579020252e-01   -4.455223757188e-02   8.557832633980e+01  -1.459303814773e+01
  2.844358760939e-01   -8.039398550922e-02   7.888812100063e+01  -1.459303814773e+01
  7.111183313802e-01   -6.620601872939e-02   8.671987813857e+01   2.230815494482e+00
  6.940147215302e-01   -1.285188726079e-01   8.100603392872e+01   2.230815494482e+00
  4.520866275773e-01   -5.264170275195e-02   8.130626763683e+01   2.230815494482e+00
  7.139309022551e-01   -6.496108023152e-02   8.676517428099e+01  -4.899533362270e+00
  5.986436945608e-01   -7.072594375200e-02   8.617625558808e+01  -4.899533362270e+00
  6.908965054823e-01   -1.301925830521e-01   8.090115590432e+01  -4.899533362270e+00
  4.593671206210e-01   -1.581871007057e-01   7.439190930695e+01  -6.976498974359e+00
  6.289074453369e-01   -1.746498415158e-01   7.580553469766e+01  -6.976498974359e+00
  5.399452431046e-01   -1.315485761286e-01   7.983479219763e+01  -6.976498974359e+00
  7.133168219224e-01   -6.555056954041e-02   8.674384074663e+01   4.427263755140e+00
  4.488921192777e-01   -5.306325383360e-02   8.126773935018e+01   4.427263755140e+00
  4.889232635426e-01   -2.000689890865e-02   8.884427613884e+01   4.427263755140e+00
  6.932160205058e-01   -1.289936741827e-01   8.099086536950e+01   3.533595704224e+00
  5.900519314992e-01   -1.181366425219e-01   7.678722989060e+01   3.533595704224e+00
  4.524224576653e-01   -5.192282926550e-02   8.130718036295e+01   3.533595704224e+00
  6.923627183925e-01   -1.301210779451e-01   8.094301501924e+01  -6.962016298735e+00
  5.970619865244e-01   -7.108195862486e-02   8.613660522256e+01  -6.962016298735e+00
  5.417433745201e-01   -1.309148209828e-01   7.992398550590e+01  -6.962016298735e+00
  2.858227964906e-01   -8.065051735389e-02   7.883796972016e+01  -1.361895633406e+01
  4.587622511281e-01   -1.583080368643e-01   7.430810415559e+01  -1.361895633406e+01
  5.405955922395e-01   -1.312863238637e-01   7.989299367913e+01  -1.361895633406e+01
  3.267567812006e-01   -4.486729909544e-02   7.123659642046e+01   8.630315174191e+00
  1.279827438503e-03    3.940570149880e-04   7.125246993114e+01   8.630315174191e+00
  3.860389299910e-01   -5.674969793538e-02   7.531695586036e+01   8.630315174191e+00
  5.396734735753e-01   -1.720933684881e-01   7.147589748012e+01  -6.182040116146e+00
  4.576505521429e-01   -1.583499136160e-01   7.431827821192e+01  -6.182040116146e+00
  3.724146998397e-01   -1.408317250091e-01   7.000565614895e+01  -6.182040116146e+00
  1.836758904670e-03    1.131640125730e-03   9.282736376460e+01  -2.337257176214e+01
  1.038659728819e-03   -8.664176371156e-04   8.562107815527e+01  -2.337257176214e+01
  3.203027542446e-01   -4.371006082822e-02   8.557885540328e+01  -2.337257176214e+01
  4.218021243848e-01   -3.544957738728e-03   6.740775700538e+01  -1.487968576728e+00
  4.623966410866e-01   -1.110327351431e-01   6.859392167730e+01  -1.487968576728e+00
  3.075784513873e-01   -8.326845687155e-02   6.714017131639e+01  -1.487968576728e+00
  1.590755660944e-01   -4.754911924304e-02   6.603577511566e+01  -2.862362934040e+00
  2.818590059716e-01   -2.024410747986e-03   6.619735580681e+01  -2.862362934040e+00
  3.069165200789e-01   -8.319659302858e-02   6.713545777028e+01  -2.862362934040e+00
  5.382549234093e-01   -1.720741430622e-01   7.143979119998e+01  -4.801490759007e+00
  6.286603624060e-01   -1.743753446194e-01   7.584585206616e+01  -4.801490759007e+00
  4.593284807437e-01   -1.583472051822e-01   7.435334231325e+01  -4.801490759007e+00
  3.723628063541e-01   -1.407758508643e-01   6.997460419912e+01  -3.400775909122e+00
  4.618351620119e-01   -1.113009032966e-01   6.855541607324e+01  -3.400775909122e+00
  5.393981100817e-01   -1.718702251132e-01   7.150556967500e+01  -3.400775909122e+00
  5.977336477808e-01   -1.207668018828e-01   6.957131152722e+01  -1.466676434693e+00
  5.378421138880e-01   -1.712377067467e-01   7.147419810996e+01  -1.466676434693e+00
  4.641340778728e-01   -1.118615112764e-01   6.863121624903e+01  -1.466676434693e+00
  5.400507888196e-01   -1.719624053958e-01   7.151163774853e+01  -1.999308688686e+00
  6.045626899466e-01   -1.541592583995e-01   7.272019766408e+01  -1.999308688686e+00
  6.267244568128e-01   -1.740599521565e-01   7.580889625249e+01  -1.999308688686e+00
  5.974984037368e-01   -1.213148517144e-01   6.956150762535e+01   1.017283843740e-01
  4.642515416550e-01   -1.109855485587e-01   6.863297293981e+01   1.017283843740e-01
  5.557878622923e-01   -5.646937020443e-02   6.809687731606e+01   1.017283843740e-01
  3.710699885355e-01   -1.407235929750e-01   6.994969803145e+01  -4.464158314867e+00
  3.073778237712e-01   -8.352263207807e-02   6.715436887728e+01  -4.464158314867e+00
  4.628024641260e-01   -1.112198497711e-01   6.857777763219e+01  -4.464158314867e+00
  4.324020418832e-01   -3.639816151136e-02   6.707681209432e+01   3.531600337145e+00
  5.822809887231e-01   -4.968054491798e-02   6.689941428997e+01   3.531600337145e+00
  4.274290118919e-01   -1.640383989493e-02   6.440277706825e+01   3.531600337145e+00
  7.706596809960e-01    6.945470139762e-03   5.625404237848e+01  -4.655053197772e+00
  4.270296624003e-03    1.081480127414e-03   5.800701451700e+01  -4.655053197772e+00
  7.650937499753e-03   -8.590414339271e-04   5.166759939241e+01  -4.655053197772e+00
  5.957539090160e-01   -1.192405017114e-01   6.953411702406e+01   2.353038794484e+00
  6.436955294021e-01   -3.972951415374e-02   6.673397471546e+01   2.353038794484e+00
  5.829996538273e-01   -5.013909928469e-02   6.691792781505e+01   2.353038794484e+00
  5.945625842328e-01   -1.196659793880e-01   6.951509721729e+01  -8.595746901753e-02
  5.583537071634e-01   -5.773594746853e-02   6.814926267699e+01  -8.595746901753e-02
  6.446724078554e-01   -4.010597375247e-02   6.675312862809e+01  -8.595746901753e-02
  6.456075813480e-01   -3.950600577275e-02   6.676289964416e+01  -3.769474728294e-02
  6.470703551709e-01   -6.072173995690e-03   6.648150630566e+01  -3.769474728294e-02
  6.994073033164e-01    6.157148692537e-03   6.451705862986e+01  -3.769474728294e-02
  6.043861121881e-01   -1.543056419085e-01   7.271553361782e+01  -4.394399684814e-01
  5.399125382979e-01   -1.714709422545e-01   7.150894514105e+01  -4.394399684814e-01
  5.955576274693e-01   -1.202720193525e-01   6.951914759853e+01  -4.394399684814e-01
  6.420208620308e-01   -5.438386999984e-03   6.225523404306e+01   1.013172638809e+00
  6.455040818867e-01   -3.915134582919e-02   6.677497895742e+01   1.013172638809e+00
  7.002821627829e-01    5.807924133827e-03   6.451425967137e+01   1.013172638809e+00
  6.457767376658e-01   -4.129798273121e-02   6.675370489769e+01   4.908054460770e-01
  5.578450885316e-01   -5.610467562630e-02   6.815037790144e+01   4.908054460770e-01
  6.471215684157e-01   -4.740975084711e-03   6.648406653909e+01   4.908054460770e-01
  4.620260431451e-01   -1.103537013329e-01   6.859017562893e+01  -8.830667436866e-01
  4.226287330035e-01   -4.236758959474e-03   6.744368743493e+01  -8.830667436866e-01
  5.571460348719e-01   -5.672079863555e-02   6.814064628021e+01  -8.830667436866e-01
  5.463158181758e-01   -1.028666580099e-01   7.085597471375e+01   1.961042830993e+00
  5.981096774331e-01   -1.199670749505e-01   6.955933888113e+01   1.961042830993e+00
  5.812046338067e-01   -5.012913369938e-02   6.688979238696e+01   1.961042830993e+00
  6.045835509863e-01   -1.536957096947e-01   7.271963677985e+01   2.476577838216e+00
  5.466593182574e-01   -1.020115400355e-01   7.087649719423e+01   2.476577838216e+00
  5.396140487681e-01   -1.063249999383e-01   7.346817149212e+01   2.476577838216e+00
  6.033251327110e-01   -1.535773096609e-01   7.270783519524e+01   2.242904232007e+00
  5.967799422809e-01   -1.206019867028e-01   6.953610432412e+01   2.242904232007e+00
  5.477489804032e-01   -1.023579016944e-01   7.089197399659e+01   2.242904232007e+00
  5.915871129800e-01   -1.177102850665e-01   7.683077548676e+01   5.422618553880e+00
  5.397627470559e-01   -1.062502254443e-01   7.346954371063e+01   5.422618553880e+00
  3.865667995206e-01   -5.697656402352e-02   7.533517411269e+01   5.422618553880e+00
  5.396846700225e-01   -1.061595993899e-01   7.347608580427e+01   1.904855986096e+00
  5.917264254267e-01   -1.181946816164e-01   7.682814558837e+01   1.904855986096e+00
  6.045753970478e-01   -1.541397913288e-01   7.270787916017e+01   1.904855986096e+00
  3.266803841798e-01   -4.484477956450e-02   7.123812766505e+01   5.291833711069e+00
  3.858450262004e-01   -5.714923932016e-02   7.531482534665e+01   5.291833711069e+00
  5.405001695900e-01   -1.060403275693e-01   7.348534377527e+01   5.291833711069e+00
  5.927946193800e-01   -1.176799022034e-01   7.683213185136e+01   5.102526855991e+00
  3.851977644457e-01   -5.707263534131e-02   7.531973098592e+01   5.102526855991e+00
  4.475800420384e-01   -5.210672939490e-02   8.125534496927e+01   5.102526855991e+00
  5.391221020727e-01   -1.059900475444e-01   7.347451074196e+01   5.230998612626e+00
  5.476796494122e-01   -1.019295823475e-01   7.088311150009e+01   5.230998612626e+00
  3.282441777178e-01   -4.499085603892e-02   7.125674784961e+01   5.230998612626e+00
  6.029924374971e-01   -1.542682465822e-01   7.267629197641e+01   9.221304303569e-01
  5.936408680878e-01   -1.181793188220e-01   7.685780285767e+01   9.221304303569e-01
  6.289976516542e-01   -1.737157655745e-01   7.584729755790e+01   9.221304303569e-01
  4.334379300022e-01   -3.576840126761e-02   6.709827825341e+01   4.029891621058e+00
  5.457960606433e-01   -1.018508731464e-01   7.086011268373e+01   4.029891621058e+00
  5.814154209391e-01   -5.073545123950e-02   6.689003748146e+01   4.029891621058e+00
  4.085258886260e-01   -6.026344081094e-03   6.211302280633e+01   5.963899611079e+00
  1.777538743133e-03    3.079147908428e-04   6.186159937472e+01   5.963899611079e+00
  4.276051004177e-01   -1.636790364937e-02   6.441752638163e+01   5.963899611079e+00
  4.083091987162e-01   -6.013158756085e-03   6.208941367222e+01   3.300984708167e+00
  6.407688748561e-01   -5.182466964902e-03   6.222330793263e+01   3.300984708167e+00
  5.624266844096e-01   -7.671739490932e-03   5.829692691991e+01   3.300984708167e+00
  1.725064492770e-03   -3.175175286551e-04   6.707679154004e+01   6.123836632564e+00
  4.293895241229e-01   -1.662243736571e-02   6.440394626271e+01   6.123836632564e+00
  3.832044200480e-04    3.128842392545e-04   6.185138787106e+01   6.123836632564e+00
  5.505852080263e-01    5.344522663740e-03   3.395591953861e-03   1.806234143930e+00
  6.521448100434e-01    6.356879456339e-03   4.365232813283e+00   1.806234143930e+00
  7.373212114816e-01    1.825423761574e-03   4.417347300529e-02   1.806234143930e+00
 -7.185988450129e-04   -8.607016675385e-04   1.137130746025e+02   7.227437359087e+00
  2.889599924728e-01    4.942064236322e-02   1.127094803311e+02   7.227437359087e+00
  1.155735553250e-03    4.833516048345e-04   1.122648826148e+02   7.227437359087e+00
  6.472423914113e-01   -8.461379516953e-03   5.185599136905e+01  -4.937279740895e+00
  7.648869580601e-01    6.337128212463e-03   5.623974030681e+01  -4.937279740895e+00
  1.134994421321e-02   -9.935718231328e-04   5.166824006913e+01  -4.937279740895e+00
  4.321410693838e-01   -3.624023008188e-02   6.706891551829e+01   5.157575406553e+00
  3.276519832616e-01   -4.548971233513e-02   7.123773538300e+01   5.157575406553e+00
  5.477764059238e-01   -1.014155801110e-01   7.088017713650e+01   5.157575406553e+00
  7.638747772765e-01    1.519185560742e-03   2.368315468710e+01   8.771415834845e-02
  7.018523769891e-01   -3.487642019005e-03   1.983452436728e+01   8.771415834845e-02
  6.729797899303e-01    3.535386604324e-03   1.904619705646e+01   8.771415834845e-02
 -4.741618992770e-04    1.686679798265e-04   7.121502195722e+01   9.687543905339e+00
  2.684010105579e-03   -4.738469395698e-05   7.923254366912e+01   9.687543905339e+00
  3.885834315416e-01   -5.659759244254e-02   7.532804831611e+01   9.687543905339e+00
  7.263693122218e-01   -3.498219675493e-03   5.262713629751e+01   5.160275527298e+00
  1.261675005175e-02   -9.884856217159e-04   5.769265066241e+01   5.160275527298e+00
  5.573664565358e-01   -7.873592885778e-03   5.826030769507e+01   5.160275527298e+00
  6.296953181298e-01   -1.738529821664e-01   7.586095882360e+01  -5.286782367856e-01
  5.928632386510e-01   -1.181131202861e-01   7.684797549779e+01  -5.286782367856e-01
  6.895936656629e-01   -1.294880863014e-01   8.094733204459e+01  -5.286782367856e-01
  6.477674853031e-01   -5.725206064111e-03   6.650816817221e+01  -2.215392996748e-01
  5.566153869925e-01   -5.513940339461e-02   6.813362084083e+01  -2.215392996748e-01
  5.461917257266e-01    4.465983029934e-02   6.815066358120e+01  -2.215392996748e-01
  3.168658093732e-03   -8.188317126781e-04   7.927448795200e+01   1.014577891561e+01
  4.893076220300e-01   -2.165789609674e-02   8.882741624181e+01   1.014577891561e+01
  4.472398606510e-01   -5.136132640679e-02   8.126953816014e+01   1.014577891561e+01
  7.565483552285e-01    6.901701851143e-03   5.614269387998e+01   1.338402031682e+00
  5.707122875622e-01   -7.700201510845e-03   5.828164100721e+01   1.338402031682e+00
  7.096302102716e-01    1.423559029817e-03   6.216262893027e+01   1.338402031682e+00
  6.549385599577e-01    6.030366274479e-02   8.690574333029e+01  -3.996482251413e+00
  6.488632372894e-01   -4.690463757278e-03   9.335493774218e+01  -3.996482251413e+00
  3.853891474884e-01    1.810994608067e-02   8.892162931450e+01  -3.996482251413e+00
  6.893120056464e-03    3.006401092119e-04   4.000674552793e+00   4.946524058938e+00
  6.540054003990e-01    6.318079308507e-03   4.336208734099e+00   4.946524058938e+00
  5.502866869383e-01    5.424889977112e-03  -1.861769578555e-02   4.946524058938e+00
  7.078087816331e-01    1.524474221254e-03   6.214456044272e+01   9.096917594492e-01
  6.421954016300e-01   -5.620469962818e-03   6.224811979499e+01   9.096917594492e-01
  6.997400741200e-01    5.702867784393e-03   6.451078109060e+01   9.096917594492e-01
  8.477284946048e-01    6.174176902846e-03   1.513840311809e+01   3.773067929661e+00
  6.989278960777e-01    1.082899801827e-02   9.057496860309e+00   3.773067929661e+00
  2.709299553035e-02   -5.222030050478e-04   1.396870997002e+01   3.773067929661e+00
  7.117272954883e-01    1.372684230608e-03   6.216930592083e+01   1.059953663562e+00
  5.674906120439e-01   -7.635242781423e-03   5.829313785481e+01   1.059953663562e+00
  6.381916316219e-01   -5.289830024062e-03   6.224848103696e+01   1.059953663562e+00
  5.625281414630e-01   -7.485400272006e-03   5.819989344572e+01   1.133316489153e+00
  7.619071551817e-01    6.159813114096e-03   5.613143586360e+01   1.133316489153e+00
  7.209211237078e-01   -3.581159083136e-03   5.259527364668e+01   1.133316489153e+00
  6.989854354501e-01    5.912471096257e-03   6.451043182963e+01  -2.085027461155e+00
  6.181524906383e-01    3.303232050928e-02   6.659197831746e+01  -2.085027461155e+00
  5.369179058471e-01    4.251484458719e-02   6.697607099003e+01  -2.085027461155e+00
  6.031292121698e-01    1.153854149005e-02   6.195295406489e+01  -1.531798050113e+00
  7.086956490840e-01    1.231810061246e-03   6.214417060491e+01  -1.531798050113e+00
  6.984322624655e-01    6.208283964991e-03   6.452898158401e+01  -1.531798050113e+00
  5.362116789112e-01    4.191974357802e-02   6.698600765689e+01  -3.291378008436e+00
  3.738596910132e-01    1.463505832510e-02   6.461992406943e+01  -3.291378008436e+00
  7.005609694726e-01    6.584300366738e-03   6.451498412376e+01  -3.291378008436e+00
  7.119139423031e-04   -4.566225722573e-04   6.416763611214e+01  -6.302061662498e+00
  3.784498059181e-01    2.705316126937e-02   6.689586533616e+01  -6.302061662498e+00
  8.777126277082e-04    1.547189311602e-04   6.705984050772e+01  -6.302061662498e+00
  3.765967359084e-01    2.697254907216e-02   6.688900295231e+01  -6.334610781025e+00
  2.039222100691e-03   -5.636615025840e-04   6.418013272081e+01  -6.334610781025e+00
  3.696148572711e-01    1.409610223775e-02   6.458939837265e+01  -6.334610781025e+00
  6.404462987608e-01   -4.688099671253e-03   6.224510350017e+01   1.718278845055e+00
  5.803761189248e-01   -4.919327712972e-02   6.687836859515e+01   1.718278845055e+00
  6.462750695639e-01   -3.978403545870e-02   6.677706553971e+01   1.718278845055e+00
  4.080654730032e-01   -5.951185277857e-03   6.210481115998e+01   3.496347676602e+00
  4.275093203815e-01   -1.662910001480e-02   6.443355408524e+01   3.496347676602e+00
  6.417364175188e-01   -5.184389200248e-03   6.223669106124e+01   3.496347676602e+00
  6.520985890795e-01    5.585594767374e-03   4.382883490454e+00   5.679653776137e-01
  7.023111347589e-01    1.143909119821e-02   9.315946574414e+00   5.679653776137e-01
  7.386035961461e-01    9.503587141967e-03   5.757551046245e+00   5.679653776137e-01
  1.055962291659e-02    5.161617364022e-04   4.635764778897e+01   4.891023139410e+00
  7.482815532125e-01   -1.320703671846e-02   4.207589940084e+01   4.891023139410e+00
  5.263511857028e-04    4.403020827461e-04   4.123894210656e+01   4.891023139410e+00
  2.030559775350e-02   -3.430829304861e-04   4.683332045584e+01  -3.953742366933e+00
  8.453559655249e-01   -9.209384132213e-03   4.713466646939e+01  -3.953742366933e+00
  6.483820930658e-01   -7.975373606113e-03   5.202144422973e+01  -3.953742366933e+00
  8.385320867562e-01   -9.370081747537e-03   4.715339146640e+01   3.903089700225e+00
  2.154047789464e-02    4.197868597828e-04   4.667042143820e+01   3.903089700225e+00
  7.245246214714e-01   -2.956993979663e-03   5.285699552752e+01   3.903089700225e+00
  6.673754281498e-01    4.774602419579e-04   2.699405592669e+01  -1.025441547762e+00
  7.768921560765e-01    2.544018998354e-03   2.974472208719e+01  -1.025441547762e+00
  6.658158092014e-01    7.796172654062e-03   3.259773023401e+01  -1.025441547762e+00
  6.735173558378e-01    3.748044808172e-03   1.905667077013e+01   4.895104497230e+00
 -2.201611882589e-04   -7.817557854863e-05   1.899801015497e+01   4.895104497230e+00
  8.156413797104e-03    3.406051230066e-04   2.388185754732e+01   4.895104497230e+00
  5.923564475367e-01   -1.029877010760e-02   3.779265448062e+01  -1.334942294385e+00
  7.743497701051e-01   -1.023832615078e-02   3.593855703968e+01  -1.334942294385e+00
  7.481414676368e-01   -1.619392446411e-02   4.232132294564e+01  -1.334942294385e+00
  7.703355013292e-01    2.068769992930e-03   2.945492748989e+01   3.796209878879e+00
  2.510537166282e-02   -1.217483421427e-03   3.581793423142e+01   3.796209878879e+00
  7.813192881695e-01   -9.737291857700e-03   3.591042363200e+01   3.796209878879e+00
  6.626441711663e-01    4.144634820719e-04   2.693095303001e+01  -1.078962399406e+00
  6.922269190229e-01   -3.173601442504e-03   1.981322852616e+01  -1.078962399406e+00
  7.704401051973e-01    1.010486460930e-03   2.366371907943e+01  -1.078962399406e+00
  7.830642081314e-01   -1.090540639905e-02   3.605090741248e+01   3.688462286562e+00
  2.293730961870e-02   -1.730365029813e-04   3.606597088218e+01   3.688462286562e+00
  7.413714570002e-01   -1.457651456161e-02   4.243638985344e+01   3.688462286562e+00
  7.458955251223e-01    8.440459938496e-03   5.755790280965e+00  -4.824801817922e+00
  7.482857549848e-03    5.552195069023e-04   9.588285512922e+00  -4.824801817922e+00
  4.817424375408e-03   -7.710474086954e-04   3.606506597927e+00  -4.824801817922e+00
  8.780005944362e-03   -6.524711040338e-04   8.829463986229e+00   4.734288957176e+00
  7.021091642448e-01    1.023680917847e-02   9.267258054552e+00   4.734288957176e+00
  6.531407521363e-01    5.995404775659e-03   4.350477134083e+00   4.734288957176e+00
  4.159270285731e-03   -3.382143319362e-04   8.834527191091e+00   4.998956185318e+00
  6.579868062361e-01    6.141388363819e-03   4.340032489018e+00   4.998956185318e+00
  3.393524019001e-03    3.410308562106e-04   4.032627688423e+00   4.998956185318e+00
  7.330537720031e-01    1.620856056330e-03   4.399837061770e-02   6.427365213267e-01
  6.564416282891e-01    6.468076704449e-03   4.344756326832e+00   6.427365213267e-01
  7.337428612303e-01    8.191879914085e-03   5.746214950221e+00   6.427365213267e-01
 -4.575021412016e-04    1.768455035318e-04   1.886646295161e+01   4.892937376191e+00
  6.724452072363e-01    3.581848097416e-03   1.928718449032e+01   4.892937376191e+00
  1.157485012032e-02    3.558147855932e-05   1.428066627174e+01   4.892937376191e+00
  7.083004308735e-01    1.215640733352e-02   9.314397848089e+00  -4.818116847315e-01
  8.327157857389e-01    5.913211475063e-03   1.522689648797e+01  -4.818116847315e-01
  6.457640129442e-01    1.687700106007e-02   1.107349117660e+01  -4.818116847315e-01
  7.071840784529e-01    9.993564264383e-03   9.169471392622e+00   4.785859071027e+00
  2.726489008606e-03   -5.668738669707e-04   8.913810500869e+00   4.785859071027e+00
  1.182754280780e-02   -3.522404472061e-04   1.394952525880e+01   4.785859071027e+00
  7.106753775634e-01    1.224906372419e-02   9.303357710760e+00  -4.608262729088e-01
  6.445583084447e-01    1.694826115122e-02   1.093847639634e+01  -4.608262729088e-01
  7.329190285512e-01    9.585877664945e-03   5.690196108358e+00  -4.608262729088e-01
  2.318858553278e-03    3.172360559148e-04   9.571077676842e+00  -5.331040756941e+00
  6.446706985431e-01    1.556801161676e-02   1.087376906870e+01  -5.331040756941e+00
  5.267195710869e-03   -5.605136529812e-04   1.457076071047e+01  -5.331040756941e+00
  1.594048536161e-02   -1.030558006070e-03   1.460373494945e+01  -4.449015265818e+00
  6.390040178349e-01    1.575291705050e-02   1.083738535276e+01  -4.449015265818e+00
  8.380675977054e-01    5.315990511124e-03   1.515450354563e+01  -4.449015265818e+00
  7.337168099849e-01   -3.368577840022e-03   5.266985870049e+01   5.061066836276e+00
  1.530253430873e-03    4.908680452002e-04   5.216582702872e+01   5.061066836276e+00
  6.953244459660e-03   -5.998532625185e-04   5.766129587479e+01   5.061066836276e+00
  6.540546472096e-01   -7.679248449861e-03   5.190070520335e+01  -5.433250293135e-01
  7.285482760542e-01   -3.314882861725e-03   5.263892235726e+01  -5.433250293135e-01
  7.555098470381e-01    5.912112023633e-03   5.624342756440e+01  -5.433250293135e-01
  2.641319952733e-03    1.241287166460e-04   4.096633906177e+01  -5.136784765390e+00
  6.600218158337e-01   -1.548891965679e-02   4.249478759726e+01  -5.136784765390e+00
  7.195985674064e-03    1.127024500500e-04   4.666676215825e+01  -5.136784765390e+00
  7.270643384025e-01   -3.014381302073e-03   5.263451200527e+01  -7.513479048339e-01
  6.563166587516e-01   -7.645681076593e-03   5.179135808144e+01  -7.513479048339e-01
  8.326732766638e-01   -9.161544803452e-03   4.709926104705e+01  -7.513479048339e-01
  6.541512614591e-01   -8.625594698496e-03   5.193492583513e+01  -4.967903535127e+00
  2.214292315909e-03   -5.805110836466e-04   5.166442630943e+01  -4.967903535127e+00
  8.224598873467e-03   -1.988044178062e-04   4.687479714779e+01  -4.967903535127e+00
  7.023306004092e-03   -2.298495625292e-04   1.479349233780e+01  -5.322722277659e+00
  7.030346348585e-01   -3.456339599152e-03   1.984848833870e+01  -5.322722277659e+00
  7.957666899008e-04    2.436183795445e-05   2.071540811185e+01  -5.322722277659e+00
  1.115697586287e-03    2.377249325906e-04   5.209577857764e+01   5.054561334434e+00
  7.327652215413e-01   -2.835039511253e-03   5.278382148183e+01   5.054561334434e+00
  9.877083341126e-03    2.733928760393e-04   4.668815637368e+01   5.054561334434e+00
  6.745212333162e-01    3.377561567795e-03   1.911890003539e+01   4.251242761098e-01
  6.991246726273e-01   -3.583407228115e-03   1.966870840185e+01   4.251242761098e-01
  8.322793705793e-01    4.931631907784e-03   1.510655369700e+01   4.251242761098e-01
  2.525685575552e-02    1.719748059184e-05   1.422643774415e+01   3.442812825392e+00
  6.646206729053e-01    3.302620416685e-03   1.943042875726e+01   3.442812825392e+00
  8.489488654624e-01    5.556711072865e-03   1.518524979248e+01   3.442812825392e+00
  6.674754320503e-01    3.604657090221e-03   1.892455164890e+01   3.826000342424e+00
  1.855987295411e-02    8.092003604263e-04   2.392121015114e+01   3.826000342424e+00
  7.703380281632e-01    1.982170059157e-03   2.360629742190e+01   3.826000342424e+00
  6.678234300998e-01    8.335979171822e-04   2.699479844155e+01  -5.249986795684e+00
  6.663192751172e-01    7.242716596584e-03   3.259041549476e+01  -5.249986795684e+00
  1.006861185771e-02   -5.835771342481e-05   3.103532650754e+01  -5.249986795684e+00
  7.808154555735e-01    2.116224451223e-03   2.981691957499e+01   4.594312654794e+00
  1.119513188655e-02    5.447999493270e-04   2.416641353807e+01   4.594312654794e+00
  1.598644131385e-03   -2.397280055644e-04   2.993749783294e+01   4.594312654794e+00
  1.332906588522e-03   -1.136025541104e-04   2.073969622459e+01  -5.318413758196e+00
  7.009881122689e-01   -3.118463039935e-03   1.981988450244e+01  -5.318413758196e+00
  6.056279906533e-03    2.490055174157e-04   2.570561300306e+01  -5.318413758196e+00
  6.572558837317e-01   -1.649219013614e-02   4.273283998842e+01  -9.676565431807e-01
  7.440595098833e-01   -1.536171921686e-02   4.222001347795e+01  -9.676565431807e-01
  8.307277582018e-01   -9.382659376832e-03   4.707204450745e+01  -9.676565431807e-01
  2.116917487580e-02   -1.326470513667e-05   4.666381396524e+01  -4.174013449309e+00
  6.510061645872e-01   -1.554909380597e-02   4.242877214321e+01  -4.174013449309e+00
  8.442042621978e-01   -9.555541933367e-03   4.708085620473e+01  -4.174013449309e+00
  6.477714734012e-03    4.283641924250e-04   4.089578465256e+01  -5.211880219056e+00
  5.817266736741e-01   -9.183078615529e-03   3.792789298174e+01  -5.211880219056e+00
  6.563398998708e-01   -1.602859067202e-02   4.255642648138e+01  -5.211880219056e+00
  5.839341660575e-01   -7.976722400289e-03   3.797907597523e+01  -5.672447006676e+00
  1.857325072522e-03   -1.105989769447e-05   4.088642789823e+01  -5.672447006676e+00
  2.341122249162e-03    5.023499164998e-04   3.661609003972e+01  -5.672447006676e+00
  3.606723973535e-03   -2.514020406776e-04   3.101623108179e+01  -5.315700632088e+00
  6.723346025423e-01    7.369650084649e-03   3.260152509284e+01  -5.315700632088e+00
  4.030217524636e-03    2.111621682810e-04   3.660650013679e+01  -5.315700632088e+00
  6.698238069912e-01    8.377505392581e-03   3.269404365171e+01  -9.275733004888e-01
  7.711345979780e-01    2.537594385750e-03   2.960148180010e+01  -9.275733004888e-01
  7.760587214595e-01   -9.260058255348e-03   3.589068866602e+01  -9.275733004888e-01
  1.229346522058e-02   -7.842751244727e-04   3.576875604616e+01   4.595438432168e+00
  7.803703978754e-01    1.606627211445e-03   2.958967100559e+01   4.595438432168e+00
  1.462929067773e-03    1.096727999404e-05   3.007072046387e+01   4.595438432168e+00
  1.884394439658e-04    8.102485930742e-04   4.111533203980e+01   4.896649999212e+00
  7.486915376354e-01   -1.356828926034e-02   4.228540621194e+01   4.896649999212e+00
  1.051738894403e-02   -2.659887637534e-05   3.609462083312e+01   4.896649999212e+00
  6.656134172158e-01    7.751150038488e-03   3.263412343492e+01  -5.304495775571e+00
  5.774155114526e-01   -7.934520065523e-03   3.798673100298e+01  -5.304495775571e+00
  9.458167171400e-03    6.427482368357e-04   3.662077929261e+01  -5.304495775571e+00
  6.629236255517e-01    8.366984282057e-03   3.266120410450e+01  -1.700852405526e+00
  7.811416414014e-01   -9.845339423322e-03   3.587279480902e+01  -1.700852405526e+00
  5.797992480668e-01   -8.920983767912e-03   3.792037104970e+01  -1.700852405526e+00
  6.722591675694e-01    9.501243163139e-04   2.698503544654e+01  -5.247657850555e+00
  4.553126993897e-03    5.387352470605e-05   3.104253226517e+01  -5.247657850555e+00
  3.563187613905e-03    1.375962391673e-04   2.568472842141e+01  -5.247657850555e+00
  6.941785764489e-01   -3.117362942064e-03   1.981100864782e+01  -5.137356106153e+00
  6.624017768930e-01    6.382943199199e-04   2.694564358261e+01  -5.137356106153e+00
  1.223010413237e-02    3.635922623842e-04   2.570356790919e+01  -5.137356106153e+00
  7.708708256539e-01    2.340421834595e-03   2.986700086903e+01  -9.331356291031e-01
  6.719036850982e-01    1.675999096014e-04   2.692282627565e+01  -9.331356291031e-01
  7.638151469515e-01    1.207467843907e-03   2.368954288307e+01  -9.331356291031e-01
