
  1.168859718764e-03   -1.408204680176e-03   1.452886186185e+02  -8.245547083597e+00
  3.727996952219e-01   -1.284230667496e-03   1.463963968284e+02  -8.245547083597e+00
 -2.009503308849e-04    5.765110956788e-04   1.456961366581e+02  -8.245547083597e+00
  4.509672731369e-01   -6.377945089625e-02   1.343752968855e+02  -1.499175738532e+01
 -3.413510162284e-04   -9.561461845302e-06   1.399685244066e+02  -1.499175738532e+01
  1.266502893763e-03    2.659616164481e-05   1.341727575176e+02  -1.499175738532e+01
  3.724973729051e-01    8.034866230059e-04   1.464064873607e+02  -8.650773070698e+00
  6.069710813231e-01   -1.274859359049e-01   1.461834727507e+02  -8.650773070698e+00
  6.513252234198e-01   -1.654992437060e-03   1.483568698969e+02  -8.650773070698e+00
  6.093980322229e-01   -1.263938189196e-01   1.461467611853e+02  -8.187493849652e+00
  3.705069900397e-01   -3.091704140468e-04   1.464626075014e+02  -8.187493849652e+00
  2.841677145681e-01   -5.062033119462e-02   1.449166069937e+02  -8.187493849652e+00
  7.564578759686e-01   -1.574618807353e-01   1.495152327719e+02  -5.758996037740e+00
  6.515935637776e-01   -1.602106467035e-03   1.484256028262e+02  -5.758996037740e+00
  6.073080609729e-01   -1.285516734196e-01   1.461423938381e+02  -5.758996037740e+00
  9.507437123419e-01    9.827390875075e-03   7.235312193385e+00  -6.311238826508e+00
  1.281090996755e-02   -8.197487188450e-04   4.505819611533e+00  -6.311238826508e+00
  6.972209121853e-01   -9.827352740547e-03  -4.312248317499e-02  -6.311238826508e+00
  2.848582489897e-01   -4.982661908205e-02   1.449064151405e+02  -7.903875901683e+00
  5.824473098375e-01   -1.398229416240e-01   1.433667270243e+02  -7.903875901683e+00
  6.093443744906e-01   -1.271864460593e-01   1.461311968589e+02  -7.903875901683e+00
  9.039371317137e-01    8.616173352557e-03   8.162888303736e+01  -3.590806945462e+00
  4.803391490344e-01    1.910745436216e-02   8.174705489874e+01  -3.590806945462e+00
  7.744162375311e-01    1.459946890748e-02   7.838482479083e+01  -3.590806945462e+00
  3.513839802428e-01   -6.847242809467e-02   1.411587906379e+02  -7.552714381994e+00
  4.513128448552e-01   -6.412599461230e-02   1.343699098893e+02  -7.552714381994e+00
  6.592501447941e-01   -1.565852077606e-01   1.394820155789e+02  -7.552714381994e+00
  1.268183750692e-03    2.853570280141e-04   1.437166405044e+02  -1.080697717737e+01
  3.502669926043e-01   -6.812273550861e-02   1.411820980212e+02  -1.080697717737e+01
  2.839098851146e-01   -5.021368585657e-02   1.449432562528e+02  -1.080697717737e+01
  5.832714428058e-01   -1.399325841610e-01   1.433545149056e+02  -3.882566457285e+00
  6.580840987445e-01   -1.574399799727e-01   1.394875541256e+02  -3.882566457285e+00
  7.163778343105e-01   -2.108310337623e-01   1.448952549007e+02  -3.882566457285e+00
  6.579848088213e-01   -1.566837748515e-01   1.394906783450e+02  -8.095873762160e+00
  5.832390256352e-01   -1.400864161364e-01   1.433596665820e+02  -8.095873762160e+00
  3.527401316599e-01   -6.837950082490e-02   1.411370509460e+02  -8.095873762160e+00
  7.633649655319e-01   -2.379376166131e-01   1.410260018552e+02  -2.484622558991e+00
  7.144034417455e-01   -2.109692682000e-01   1.449397388144e+02  -2.484622558991e+00
  6.605928169492e-01   -1.574228913331e-01   1.394465589884e+02  -2.484622558991e+00
  5.831510581809e-01   -1.401349719892e-01   1.433570677057e+02  -4.933647434045e+00
  7.164789195960e-01   -2.103581739877e-01   1.448953372664e+02  -4.933647434045e+00
  6.081372434452e-01   -1.274904027575e-01   1.461574610538e+02  -4.933647434045e+00
  7.641469528482e-01   -2.381435998027e-01   1.410017569132e+02  -6.107079548759e-01
  6.597828683136e-01   -1.572670282566e-01   1.394680164423e+02  -6.107079548759e-01
  8.194257490599e-01   -1.773309082424e-01   1.343428275989e+02  -6.107079548759e-01
  3.513447846951e-01   -6.869939835376e-02   1.411721677298e+02  -7.765803961681e+00
  5.841094143114e-01   -1.397537659908e-01   1.433411323197e+02  -7.765803961681e+00
  2.831647000020e-01   -4.983888285011e-02   1.449501741894e+02  -7.765803961681e+00
  1.338342967627e-03   -3.757061728996e-04   1.168002854841e+02  -1.648818253600e+01
  7.589261995864e-04    6.712646198443e-04   1.001908306505e+02  -1.648818253600e+01
  4.963127756493e-01    2.405278820446e-02   1.128797847206e+02  -1.648818253600e+01
  7.544996198371e-01   -1.578509308069e-01   1.495080184616e+02  -4.968870277036e+00
  6.093752677986e-01   -1.278172658315e-01   1.461287145714e+02  -4.968870277036e+00
  7.149736571747e-01   -2.104030553610e-01   1.449141861202e+02  -4.968870277036e+00
  8.390667305491e-01   -3.287308951605e-03   1.518207854533e+02  -3.231173123849e+00
  7.522047475108e-01   -1.563275455297e-01   1.495071147468e+02  -3.231173123849e+00
  7.770820218155e-01   -6.916574168701e-02   1.528536450814e+02  -3.231173123849e+00
  8.370659049022e-01   -8.854146378552e-04   1.517858623812e+02  -7.162306514743e+00
  6.534543100691e-01   -8.788074854622e-04   1.484081231541e+02  -7.162306514743e+00
  7.541998396528e-01   -1.574744891602e-01   1.495387710395e+02  -7.162306514743e+00
  8.401091691958e-01   -3.241559479528e-03   1.518525496459e+02  -3.357487136395e+00
  7.764322247281e-01   -6.839694487543e-02   1.528511044486e+02  -3.357487136395e+00
  9.302891702292e-01    1.122836809183e-03   1.544040488278e+02  -3.357487136395e+00
  7.735624845242e-01   -6.615100624654e-02   1.528548340407e+02  -1.818436823105e+00
  7.564375453828e-01   -1.586777539751e-01   1.494942047949e+02  -1.818436823105e+00
  6.263331061753e-01   -1.481117897179e-01   1.511880649639e+02  -1.818436823105e+00
  5.991747053316e-01    1.141520960734e-02   1.528905501998e+02   2.753717134529e-01
  7.754519818936e-01   -6.641528613168e-02   1.527924433758e+02   2.753717134529e-01
  6.232665383150e-01   -1.470085985171e-01   1.512358968889e+02   2.753717134529e-01
  7.745574180136e-01   -6.400262372163e-02   1.528311185852e+02  -1.081945163620e+00
  7.867875474962e-01    8.218563008561e-02   1.527595588195e+02  -1.081945163620e+00
  9.311150787740e-01   -2.907881702283e-03   1.543986417945e+02  -1.081945163620e+00
  7.564191259211e-01   -1.581075437729e-01   1.494819854039e+02   3.911426712906e-01
  6.799488283994e-01   -2.346572504124e-01   1.469973093186e+02   3.911426712906e-01
  6.263030656454e-01   -1.491818323171e-01   1.511946759410e+02   3.911426712906e-01
  5.253673109916e-01   -7.663678085804e-03   7.855908253439e+01   6.715081420550e+00
  7.239689395703e-01   -1.027254020517e-02   7.377904494323e+01   6.715081420550e+00
  7.890422500699e-03   -7.751173071718e-04   7.296378887073e+01   6.715081420550e+00
  4.847423806851e-01   -1.922358300196e-01   1.490139087752e+02   7.071298682374e+00
  6.826182236054e-01   -2.357532335934e-01   1.470025397668e+02   7.071298682374e+00
  5.769474288850e-01   -2.167829737055e-01   1.430751870064e+02   7.071298682374e+00
  6.829241361548e-01   -2.349543242723e-01   1.469614390463e+02  -1.178451033247e+00
  7.531155187231e-01   -1.574812630533e-01   1.495359830732e+02  -1.178451033247e+00
  7.164478495122e-01   -2.111521329668e-01   1.448932562239e+02  -1.178451033247e+00
  2.155644575565e-01   -6.033042683532e-02   1.542434441982e+02   7.763995991595e+00
  4.176088715956e-01   -1.093926818340e-01   1.529897540765e+02   7.763995991595e+00
  2.524331137909e-01   -1.125705603444e-01   1.507075610575e+02   7.763995991595e+00
  4.172789974373e-01   -1.089098529621e-01   1.529436287151e+02   5.102061583249e+00
  6.241211477680e-01   -1.480400842131e-01   1.512505732601e+02   5.102061583249e+00
  4.827599816705e-01   -1.921066444465e-01   1.490890200860e+02   5.102061583249e+00
  4.837662353398e-01   -1.919756161635e-01   1.490473436051e+02   8.649220999740e+00
  2.537771989411e-01   -1.127937207466e-01   1.506861656001e+02   8.649220999740e+00
  4.164620282425e-01   -1.092989417732e-01   1.530056560290e+02   8.649220999740e+00
  4.173486805409e-01   -1.085838856293e-01   1.529607634197e+02   1.067817203926e+00
  5.978394515338e-01    1.228456389600e-02   1.529400504033e+02   1.067817203926e+00
  6.238727000754e-01   -1.478089106261e-01   1.512322160220e+02   1.067817203926e+00
  7.630365492947e-01   -2.388099000712e-01   1.410207077713e+02   5.019085386242e+00
  5.792618221428e-01   -2.167940060201e-01   1.430307296288e+02   5.019085386242e+00
  6.806244637579e-01   -2.357265610070e-01   1.470482925769e+02   5.019085386242e+00
  4.845105542521e-01   -1.921125485097e-01   1.490544401788e+02   3.114431644448e+00
  6.228227648994e-01   -1.482525647246e-01   1.512821375437e+02   3.114431644448e+00
  6.823928610411e-01   -2.355119803689e-01   1.469621530069e+02   3.114431644448e+00
  7.602933649183e-01   -2.383763409512e-01   1.410697574445e+02   1.178676516902e+00
  6.830957913201e-01   -2.356106286425e-01   1.469536719699e+02   1.178676516902e+00
  7.166824541037e-01   -2.108562084826e-01   1.448906817787e+02   1.178676516902e+00
  4.166363393158e-01   -1.084172335723e-01   1.529644539220e+02   3.179361564025e+00
  2.160740332861e-01   -6.099269537022e-02   1.542737639538e+02   3.179361564025e+00
  3.953872770693e-01    9.191812364513e-03   1.543550423538e+02   3.179361564025e+00
  8.238976659461e-01   -1.767289010645e-01   1.342807815022e+02  -5.490095481118e+00
  6.562275260742e-01   -1.571396522679e-01   1.395468352265e+02  -5.490095481118e+00
  4.567079067730e-01   -6.389183191496e-02   1.342927459880e+02  -5.490095481118e+00
  9.428774937438e-01    1.006790082626e-02   7.269904528050e+00  -2.495737568038e+00
  7.007489644773e-01   -9.699942770009e-03   6.390179526331e-03  -2.495737568038e+00
  9.480904321053e-01    2.226520075187e-03   8.997100708661e-02  -2.495737568038e+00
  8.391736059562e-01   -9.443550175292e-02   1.268893270979e+02  -5.176544485556e+00
  4.902688053731e-01   -2.749784198311e-02   1.243213321293e+02  -5.176544485556e+00
  8.356599471120e-01   -8.486226841708e-03   1.186075200229e+02  -5.176544485556e+00
  8.373216005644e-01   -9.649170057554e-02   1.269300294448e+02  -3.980604034578e+00
  8.249675752938e-01   -1.760997757878e-01   1.342527930947e+02  -3.980604034578e+00
  4.561636195180e-01   -6.485498854875e-02   1.343076056717e+02  -3.980604034578e+00
  7.633621807747e-01   -2.391267109718e-01   1.410790393654e+02   7.927378417710e+00
  6.694687996167e-01   -1.823155989159e-01   1.356752102959e+02   7.927378417710e+00
  5.793351529759e-01   -2.165859840278e-01   1.429749105029e+02   7.927378417710e+00
  6.718841557621e-01   -1.822497659197e-01   1.356250238740e+02   5.699743379977e+00
  7.612247606877e-01   -2.389321589747e-01   1.411319334084e+02   5.699743379977e+00
  8.226301178919e-01   -1.774657413001e-01   1.342779091139e+02   5.699743379977e+00
  7.359246996455e-01   -1.061002676536e-01   1.273923158885e+02   7.777608102526e+00
  6.717830726201e-01   -1.815896991574e-01   1.355550311467e+02   7.777608102526e+00
  8.231855868281e-01   -1.782479414068e-01   1.343488743027e+02   7.777608102526e+00
  3.556549818112e-01   -1.105474097615e-01   1.368583620598e+02   1.696803929862e+01
  5.784896385965e-01   -2.166754149727e-01   1.430873413582e+02   1.696803929862e+01
  6.704123156607e-01   -1.820206867077e-01   1.355943544776e+02   1.696803929862e+01
  8.212629298749e-01   -1.782150267694e-01   1.344032209490e+02   5.176897077335e+00
  8.409983860489e-01   -9.505613872007e-02   1.268550610403e+02   5.176897077335e+00
  7.379667910629e-01   -1.057356922906e-01   1.273411676026e+02   5.176897077335e+00
  8.402099868652e-01   -9.570884220092e-02   1.268934027391e+02  -7.140374681526e+00
  4.524260311064e-01   -6.539996555566e-02   1.343778512587e+02  -7.140374681526e+00
  4.884968409267e-01   -2.643396202078e-02   1.243257810564e+02  -7.140374681526e+00
  7.645062936067e-01   -9.627716532294e-03   1.186319963758e+02   7.022107040822e+00
  7.373239846172e-01   -1.046414758554e-01   1.272600419643e+02   7.022107040822e+00
  8.420544930134e-01   -9.612949898538e-02   1.269335929568e+02   7.022107040822e+00
  1.425186484688e-03   -8.119598842466e-04   1.184427687142e+02   3.043046249864e+01
  4.248998611558e-01   -3.319719708727e-03   1.185415555882e+02   3.043046249864e+01
  1.315518114196e-03    1.852035066327e-03   1.091015900585e+02   3.043046249864e+01
  7.390175009435e-01   -1.051885852183e-01   1.273693985499e+02   1.914263556134e+01
  4.232642062098e-01   -4.724071772661e-03   1.185553477969e+02   1.914263556134e+01
  3.983276705117e-01   -6.763139151361e-02   1.278844550207e+02   1.914263556134e+01
  4.254285094369e-01   -4.642986564111e-03   1.185496432005e+02   1.923681462541e+01
  7.371719638455e-01   -1.049242236609e-01   1.273800602021e+02   1.923681462541e+01
  7.627922832557e-01   -8.450088686955e-03   1.185157774327e+02   1.923681462541e+01
  3.984122809022e-01   -6.691531440740e-02   1.279522812745e+02   3.277381806025e+01
  4.225839226351e-01   -6.095764799523e-03   1.184368561042e+02   3.277381806025e+01
  3.081133482974e-03   -1.876657943663e-03   1.279657643942e+02   3.277381806025e+01
  7.370488020537e-01   -1.055096016340e-01   1.272972152785e+02   1.874960068728e+01
  3.999109925173e-01   -6.759606789136e-02   1.279655907615e+02   1.874960068728e+01
  6.706825860535e-01   -1.816222768454e-01   1.356770933891e+02   1.874960068728e+01
  7.360045058518e-01    8.778594277430e-02   1.097074060352e+02   1.916133692468e+01
  4.252741271947e-01   -4.963996911694e-03   1.184323965342e+02   1.916133692468e+01
  7.628388324559e-01   -7.750768206266e-03   1.185462971584e+02   1.916133692468e+01
  7.670833076070e-01   -9.180248117458e-03   1.185976289601e+02   4.719582353182e+00
  8.397654805553e-01   -9.636394852542e-02   1.269788941293e+02   4.719582353182e+00
  8.353717623446e-01   -6.984232316533e-03   1.185598078930e+02   4.719582353182e+00
  4.882297578944e-01   -2.829516678780e-02   1.243384707818e+02  -7.446824261471e+00
  4.937573415115e-01    2.410804340455e-02   1.128652061740e+02  -7.446824261471e+00
  8.377762398768e-01   -7.547722731147e-03   1.185924022247e+02  -7.446824261471e+00
  3.539632138179e-01   -1.102211802932e-01   1.367869987786e+02   1.814563670177e+01
  6.724753285746e-01   -1.820560590344e-01   1.356602439752e+02   1.814563670177e+01
  3.977991960840e-01   -6.740270861982e-02   1.279838024198e+02   1.814563670177e+01
  7.391418348572e-05   -2.606505763734e-04   1.507130773707e+02   1.775365933831e+01
  2.553669043263e-01   -1.134445409225e-01   1.507212387910e+02   1.775365933831e+01
  1.849509375872e-03   -1.065663479564e-03   1.449016633946e+02   1.775365933831e+01
  2.530035901306e-01   -1.121479315580e-01   1.506468549584e+02   1.247953253930e+01
  4.852096474158e-01   -1.927834196303e-01   1.490879088695e+02   1.247953253930e+01
  3.041406761778e-01   -1.286233654242e-01   1.446579537333e+02   1.247953253930e+01
  4.206921559852e-01   -5.707053754772e-02   9.017114912893e+01   1.050166003172e+01
  1.554931841856e-04    6.770981774886e-04   8.490535207052e+01   1.050166003172e+01
  1.245432361482e-03   -2.175182429746e-04   9.019793463246e+01   1.050166003172e+01
  1.643382768536e-03   -2.384680902486e-03   1.548833172809e+02   5.691671795575e+00
  2.046954645469e-01    4.446749378115e-03   1.556060089774e+02   5.691671795575e+00
  2.150401770849e-01   -5.952173766055e-02   1.542565682307e+02   5.691671795575e+00
  1.094624814478e-03   -9.529900606206e-04   1.507695846064e+02   1.439416034466e+01
 -5.049369418825e-04    6.736314532745e-04   1.548416992622e+02   1.439416034466e+01
  2.533390722723e-01   -1.120615896711e-01   1.506642530673e+02   1.439416034466e+01
  4.659089062344e-01    9.062263160059e-02   1.398532460166e+02   1.087563065116e+01
  2.027997994394e-03   -3.785691965056e-04   1.427850044876e+02   1.087563065116e+01
  3.717433234091e-01    6.478804063430e-02   1.433869861213e+02   1.087563065116e+01
  2.539908318360e-01   -1.127632253153e-01   1.507291464120e+02   2.187076581515e+01
  3.037692770608e-01   -1.281253026004e-01   1.445923634145e+02   2.187076581515e+01
  3.205524063770e-03   -1.816740867226e-03   1.448755380237e+02   2.187076581515e+01
  6.151037415440e-04    1.182201107054e-04   1.548316952558e+02   1.130704777328e+01
  2.157576632678e-01   -6.087649086895e-02   1.542686517149e+02   1.130704777328e+01
  2.518856666204e-01   -1.115082945927e-01   1.506736431623e+02   1.130704777328e+01
  2.232529303724e-03    2.660526676626e-04   1.280858666986e+02   2.849470029332e+01
  4.102095889783e-04   -1.764296905063e-03   1.370063793523e+02   2.849470029332e+01
  3.988553704981e-01   -6.890816443324e-02   1.278790203800e+02   2.849470029332e+01
  9.008533593036e-04   -1.645646628041e-03   1.279525183990e+02   3.048366436368e+01
  4.248728774683e-01   -6.095855742144e-03   1.184369356486e+02   3.048366436368e+01
  1.527874250575e-03    6.951216540242e-04   1.185474573498e+02   3.048366436368e+01
  6.261980735741e-01    3.770199887346e-02   1.234947361110e+02   1.273855192341e+01
  4.788511665357e-03    6.735633269830e-04   1.331532042333e+02   1.273855192341e+01
  5.543834247487e-01    8.382189871672e-02   1.329525688806e+02   1.273855192341e+01
  4.441478603583e-04   -9.143701678970e-04   1.447663798018e+02   2.324983111086e+01
  3.065831447908e-01   -1.286671923297e-01   1.446672450859e+02   2.324983111086e+01
  2.611809440215e-03   -3.581458905095e-04   1.372053141735e+02   2.324983111086e+01
  2.710195056424e-03   -2.586558404600e-03   1.370157069917e+02   2.975798023573e+01
  3.539889106777e-01   -1.094271271407e-01   1.368498994025e+02   2.975798023573e+01
  3.967235207038e-01   -6.847668852298e-02   1.278815798342e+02   2.975798023573e+01
  4.882756921202e-01   -2.681831802710e-02   1.243356404541e+02  -1.506192246585e+01
  4.770788798464e-03    6.363924215430e-04   1.168478285349e+02  -1.506192246585e+01
  4.932237380450e-01    2.295714032450e-02   1.128665719947e+02  -1.506192246585e+01
  3.520789596177e-01   -6.795444759156e-02   1.411580251373e+02  -1.171406767946e+01
 -2.749166969499e-04    1.874902642087e-04   1.437480051347e+02  -1.171406767946e+01
  1.353651729247e-03   -5.345404476264e-05   1.399691500701e+02  -1.171406767946e+01
  4.780040515110e-03   -1.219994495885e-03   1.371814533595e+02   2.704937980054e+01
  3.048649189918e-01   -1.279861654083e-01   1.446776328438e+02   2.704937980054e+01
  3.528045543956e-01   -1.101196916104e-01   1.367951571614e+02   2.704937980054e+01
  3.039811737281e-01   -1.283076356138e-01   1.445878030121e+02   1.591275065421e+01
  5.800204627992e-01   -2.170838096522e-01   1.430713466030e+02   1.591275065421e+01
  3.537650497031e-01   -1.101791546899e-01   1.368758752161e+02   1.591275065421e+01
  4.528967576341e-01   -6.361659191110e-02   1.343951380786e+02  -1.505783070094e+01
  4.749600182677e-03    9.959166263571e-04   1.262229586553e+02  -1.505783070094e+01
  4.871308523183e-01   -2.747768075632e-02   1.243251362548e+02  -1.505783070094e+01
  7.669862969072e-01   -7.121465021348e-03   1.184654833042e+02   4.652299666683e+00
  8.354016988221e-01   -8.044075001649e-03   1.186200801793e+02   4.652299666683e+00
  8.438030680347e-01    7.920486033969e-02   1.101971113644e+02   4.652299666683e+00
  3.055760137294e-01   -1.289375811941e-01   1.446421343252e+02   1.344504839922e+01
  4.839538409668e-01   -1.925331190957e-01   1.491025708577e+02   1.344504839922e+01
  5.779135692708e-01   -2.165692080160e-01   1.430154878951e+02   1.344504839922e+01
 -1.499214157735e-04   -3.035922860143e-04   1.341651125104e+02  -1.513025341279e+01
  2.815955103876e-03    7.062353657119e-04   1.262410671114e+02  -1.513025341279e+01
  4.544849314568e-01   -6.311867154325e-02   1.343841405608e+02  -1.513025341279e+01
  2.057900124329e-01    4.306516941874e-03   1.555993441557e+02   1.709709253964e+00
  6.046674955251e-04   -1.965649281368e-03   1.549022097947e+02   1.709709253964e+00
  2.677054418821e-04    8.204786128288e-04   1.557736653943e+02   1.709709253964e+00
  7.931300398586e-01    1.883985139500e-01   1.490179817159e+02   1.431753958492e+00
  7.854066078726e-01    8.532645567402e-02   1.527351634685e+02   1.431753958492e+00
  6.424791931927e-01    1.747838372296e-01   1.508926146163e+02   1.431753958492e+00
  7.868133808413e-01    8.287025934571e-02   1.527480767652e+02   1.626025664008e+00
  9.310751777892e-01    2.577531135366e-03   1.536910236017e+02   1.626025664008e+00
  9.315759622541e-01   -3.409149553199e-03   1.544347940116e+02   1.626025664008e+00
  9.296292027764e-01   -7.780741198811e-04   1.536751696892e+02   5.687378875090e+00
  7.874332023763e-01    1.862004189953e-01   1.490793856781e+02   5.687378875090e+00
  8.388160751271e-01    1.528553158405e-03   1.501395894075e+02   5.687378875090e+00
  7.883015785568e-01    1.859704522913e-01   1.490680880715e+02   1.878915970262e+00
  9.288529867700e-01   -4.213506628443e-05   1.536814483069e+02   1.878915970262e+00
  7.880397643308e-01    8.706212381252e-02   1.527227677564e+02   1.878915970262e+00
  8.368023867929e-01    8.378035914846e-04   1.501507719850e+02   7.744213720431e+00
  7.916892090482e-01    1.875216970960e-01   1.490529518282e+02   7.744213720431e+00
  6.540996517440e-01    7.851360077088e-04   1.465469048368e+02   7.744213720431e+00
  5.418689818853e-03   -2.863503284584e-04   4.522897730690e+00  -6.851882153116e+00
 -1.367514360638e-04    1.557761723913e-04   2.849833239849e-02  -6.851882153116e+00
  7.025437580977e-01   -9.795807761834e-03  -1.774060099562e-02  -6.851882153116e+00
  7.874300327377e-01    8.577460175825e-02   1.526797631366e+02  -5.930260153536e-01
  5.992081579992e-01    1.371449939758e-02   1.528937900551e+02  -5.930260153536e-01
  6.393490606745e-01    1.736269803905e-01   1.509414132994e+02  -5.930260153536e-01
  7.868095681112e-01    8.597598873708e-02   1.527363004176e+02  -1.732814216998e-01
  7.747553417627e-01   -6.674226453850e-02   1.528380397610e+02  -1.732814216998e-01
  6.004515355203e-01    1.261267583329e-02   1.528505841577e+02  -1.732814216998e-01
  4.259405075132e-01    1.289917280129e-01   1.527872865884e+02  -1.752987619222e+00
  6.399203704355e-01    1.743892859542e-01   1.509415203192e+02  -1.752987619222e+00
  5.979031943847e-01    1.287235351012e-02   1.529413050475e+02  -1.752987619222e+00
  5.001785353145e-01    2.111112802927e-01   1.486360564801e+02  -9.790484186429e+00
  4.251455607338e-01    1.297027457061e-01   1.528367511696e+02  -9.790484186429e+00
  2.589922772168e-01    1.198234499585e-01   1.502270265316e+02  -9.790484186429e+00
  6.389522538322e-01    1.749287610691e-01   1.509937524097e+02  -3.904134138276e+00
  5.009957508023e-01    2.114052834092e-01   1.486479736289e+02  -3.904134138276e+00
  7.138712212855e-01    2.640683391239e-01   1.464155100064e+02  -3.904134138276e+00
  4.992396367080e-01    2.113400318119e-01   1.486815161720e+02  -5.744884236690e+00
  6.402448315562e-01    1.747634519602e-01   1.509623578723e+02  -5.744884236690e+00
  4.258219911585e-01    1.292099644776e-01   1.527690994651e+02  -5.744884236690e+00
  8.093044852218e-01    2.662488692757e-01   1.403093175879e+02  -5.900907118798e+00
  7.121213397272e-01    2.643013359959e-01   1.465024058399e+02  -5.900907118798e+00
  6.038429924162e-01    2.355907425239e-01   1.425170773622e+02  -5.900907118798e+00
  6.424028159994e-01    1.757627072840e-01   1.509055029470e+02  -9.014100330706e-01
  7.114793296123e-01    2.633053472949e-01   1.464484707576e+02  -9.014100330706e-01
  7.931576830546e-01    1.878448298292e-01   1.489941236027e+02  -9.014100330706e-01
  4.251222229213e-01    1.287482425128e-01   1.527950155871e+02  -4.022281378006e+00
  3.954483817681e-01    1.058876241873e-02   1.543529992389e+02  -4.022281378006e+00
  2.200984492164e-01    7.295870112072e-02   1.542105469962e+02  -4.022281378006e+00
  4.245633767990e-01    1.289122364014e-01   1.528188050356e+02  -2.270806065597e+00
  5.992487493999e-01    1.273979468515e-02   1.529086661558e+02  -2.270806065597e+00
  3.958684909521e-01    1.007568848088e-02   1.543052238541e+02  -2.270806065597e+00
  5.991899552997e-01    1.250335040104e-02   1.529087317346e+02   1.692770909229e+00
  4.159816325732e-01   -1.085691452008e-01   1.529908047061e+02   1.692770909229e+00
  3.958967944152e-01    9.699715490743e-03   1.543052273421e+02   1.692770909229e+00
  7.898168369368e-01    1.872043684118e-01   1.490386225287e+02   6.141263037574e-01
  7.144812484743e-01    2.636334866992e-01   1.464174877565e+02   6.141263037574e-01
  7.677045021443e-01    2.423365144380e-01   1.440477612415e+02   6.141263037574e-01
  6.512506535004e-01    1.972773654987e-03   1.465228680871e+02   9.074682664189e+00
  6.667507730123e-01    1.500198495038e-01   1.449753420948e+02   9.074682664189e+00
  3.729085509136e-01   -1.422065819759e-03   1.445251045548e+02   9.074682664189e+00
  6.526543008064e-01    1.564087371903e-03   1.465703425671e+02   5.668002522896e+00
  7.935573279773e-01    1.872792665587e-01   1.490141658652e+02   5.668002522896e+00
  6.659449616854e-01    1.517403617611e-01   1.449446261090e+02   5.668002522896e+00
  3.720774018082e-01    1.212033284070e-03   1.445172651316e+02   9.439172046438e+00
  3.706973201450e-01    6.408821996736e-02   1.433945167325e+02   9.439172046438e+00
 -3.199338800300e-04   -1.690346245808e-03   1.446003759260e+02   9.439172046438e+00
  3.725012143677e-01    6.642795005357e-02   1.433609675024e+02   7.634407405064e+00
  3.711848178815e-01   -6.837660523908e-04   1.445715803142e+02   7.634407405064e+00
  6.689190815301e-01    1.492433681663e-01   1.449404084815e+02   7.634407405064e+00
  4.707552031338e-01    9.045380032476e-02   1.398362685963e+02   1.175050321603e+01
  4.213978974516e-03   -3.992648504732e-05   1.332567343342e+02   1.175050321603e+01
 -1.061414015408e-03   -1.314019875934e-04   1.428583962307e+02   1.175050321603e+01
  2.735853078397e-03   -2.632720226506e-04   7.295106409642e+01   7.539322472461e+00
  2.370556963827e-04    2.244451379297e-04   7.828024588678e+01   7.539322472461e+00
  5.282378668003e-01   -7.760750248431e-03   7.855446730811e+01   7.539322472461e+00
  6.685693402203e-01    1.503882885019e-01   1.449291150855e+02   7.500660489398e+00
  6.562834719096e-01    1.664585370688e-01   1.421523973362e+02   7.500660489398e+00
  3.733548278519e-01    6.533210397251e-02   1.433490982549e+02   7.500660489398e+00
  4.543456780316e-01    1.698546674590e-02   7.911632838395e+01  -7.570270340097e+00
 -1.053326605381e-04   -3.205740159215e-04   7.860567237717e+01  -7.570270340097e+00
  2.483250827917e-03    2.174454689526e-04   7.348556194443e+01  -7.570270340097e+00
  7.656024180424e-01    2.421214047420e-01   1.440928750977e+02   1.646463379651e+00
  8.096854888799e-01    2.654263921048e-01   1.403151736022e+02   1.646463379651e+00
  7.382595453989e-01    1.853821877298e-01   1.384081640640e+02   1.646463379651e+00
  8.065776207863e-01    2.658105654796e-01   1.403570843865e+02  -1.834670210844e+00
  7.679809741178e-01    2.420613220764e-01   1.440464077099e+02  -1.834670210844e+00
  7.145655018911e-01    2.642091509668e-01   1.464097959619e+02  -1.834670210844e+00
  6.570711802548e-01    1.667801937211e-01   1.421429812671e+02   7.049198986859e+00
  7.359065045649e-01    1.846691361075e-01   1.384582967809e+02   7.049198986859e+00
  4.665172792208e-01    9.091725732481e-02   1.398192621792e+02   7.049198986859e+00
  7.358959351704e-01    1.853993615723e-01   1.384500716081e+02   3.243961170098e+00
  6.572121580950e-01    1.666373850964e-01   1.421424963573e+02   3.243961170098e+00
  7.674419719313e-01    2.419832407814e-01   1.440485920063e+02   3.243961170098e+00
  4.653463437084e-01    9.113693974456e-02   1.398515632972e+02   6.594893255027e+00
  7.372154020806e-01    1.845263197460e-01   1.384494281779e+02   6.594893255027e+00
  5.548471982074e-01    8.471151622094e-02   1.329556645917e+02   6.594893255027e+00
  6.578541796298e-01    1.665077585462e-01   1.421232410935e+02   7.036820386920e+00
  4.655298649389e-01    9.117395845869e-02   1.398488430918e+02   7.036820386920e+00
  3.715693239756e-01    6.498036412405e-02   1.433942313824e+02   7.036820386920e+00
  8.103967279113e-01    2.655850842820e-01   1.402903398056e+02  -2.572934408592e-01
  8.803191938530e-01    2.009827997945e-01   1.335595491070e+02  -2.572934408592e-01
  7.375081289384e-01    1.852741901407e-01   1.384306461273e+02  -2.572934408592e-01
  7.677091042677e-01    2.416371484269e-01   1.440532582886e+02   4.414706447241e+00
  6.569532621841e-01    1.667449518970e-01   1.421416015408e+02   4.414706447241e+00
  6.672177091425e-01    1.508477434549e-01   1.449622622942e+02   4.414706447241e+00
  7.911202385403e-01    1.875171382674e-01   1.490063300204e+02   4.658031986847e+00
  7.663184615385e-01    2.416975323413e-01   1.440716324004e+02   4.658031986847e+00
  6.682468789667e-01    1.511734565089e-01   1.449351078134e+02   4.658031986847e+00
  4.684766317914e-01    9.089114973855e-02   1.398685026439e+02   1.354666611683e+01
  5.520496355613e-01    8.441032704023e-02   1.329438568378e+02   1.354666611683e+01
  7.616556160711e-03   -4.602432820341e-04   1.331904596354e+02   1.354666611683e+01
  7.141500980271e-01    2.643647720941e-01   1.464574468390e+02  -7.872239800456e+00
  5.011391346090e-01    2.114259934656e-01   1.486056737685e+02  -7.872239800456e+00
  6.015074351757e-01    2.355352307034e-01   1.425598404667e+02  -7.872239800456e+00
  1.465227638104e-02    3.884614392647e-04   1.214251495744e+01  -6.607697264429e+00
  9.550780634312e-01    1.187713772031e-02   7.273479585602e+00  -6.607697264429e+00
  8.227496877636e-01    2.102602357946e-02   1.382708547172e+01  -6.607697264429e+00
  2.048036218839e-01    7.024566027808e-03   1.556114156787e+02  -6.865832305134e+00
  1.349897904356e-03    1.989933472182e-03   1.546233240478e+02  -6.865832305134e+00
  2.193272121783e-01    7.170663789438e-02   1.541958684652e+02  -6.865832305134e+00
  2.058301514079e-01    7.136672368231e-03   1.556037581831e+02  -2.507129501909e+00
  2.809530239235e-04   -6.695796216497e-04   1.557708433130e+02  -2.507129501909e+00
  4.958890391472e-04    1.744863699718e-03   1.546459746041e+02  -2.507129501909e+00
  2.197729154627e-01    7.336038858167e-02   1.542507641592e+02  -1.531198604074e+01
  2.788627300115e-03    2.755042549547e-03   1.508593323651e+02  -1.531198604074e+01
  2.572483852402e-01    1.183786757260e-01   1.501912371672e+02  -1.531198604074e+01
  3.124433594684e-01    1.381306195368e-01   1.441586249771e+02  -2.029086733391e+01
  2.584829624233e-01    1.191705040755e-01   1.502232682841e+02  -2.029086733391e+01
  7.012394640941e-04    1.316863752572e-03   1.507566629443e+02  -2.029086733391e+01
  3.155919229682e-01    1.389166241163e-01   1.441997968543e+02  -1.448285678593e+01
  6.025039252034e-01    2.353616776399e-01   1.424995348222e+02  -1.448285678593e+01
  5.003243088987e-01    2.116086986672e-01   1.486928865797e+02  -1.448285678593e+01
  3.138020411013e-01    1.385478567090e-01   1.442214256975e+02  -1.346342417803e+01
  5.017682603892e-01    2.119167973953e-01   1.486765338774e+02  -1.346342417803e+01
  2.579717306088e-01    1.190719376700e-01   1.501817807240e+02  -1.346342417803e+01
  1.502463440554e-03    1.909869045893e-03   1.508825350367e+02  -1.108231136716e+01
  2.208883818849e-01    7.387265585829e-02   1.542383772027e+02  -1.108231136716e+01
  9.684440685974e-05   -2.417451932212e-04   1.545657583804e+02  -1.108231136716e+01
  4.263217650873e-01    1.299044515208e-01   1.528222755138e+02  -8.485335785998e+00
  2.192751802181e-01    7.216196640296e-02   1.541884188553e+02  -8.485335785998e+00
  2.576139179651e-01    1.194434719176e-01   1.502438086449e+02  -8.485335785998e+00
 -7.305251522521e-04    3.843003093781e-04   1.507590661702e+02  -2.168596328888e+01
  1.956914239254e-03    8.939814973795e-04   1.444890856975e+02  -2.168596328888e+01
  3.140156852948e-01    1.387709573375e-01   1.441493113126e+02  -2.168596328888e+01
  4.946644293318e-01    2.377714663528e-02   1.128679219194e+02  -1.399344579099e+01
  2.493607476175e-03    9.666804351039e-04   1.002116337948e+02  -1.399344579099e+01
  4.529288066060e-01    5.263129839739e-02   1.027182585847e+02  -1.399344579099e+01
  9.532437554735e-01   -1.789546911032e-02   5.309820685296e+01   5.120911161851e+00
  2.853826875092e-02    1.169961574671e-03   5.869135551844e+01   5.120911161851e+00
  1.078858305660e+00   -1.239373868603e-02   5.954755817947e+01   5.120911161851e+00
  3.719145602960e-01   -1.824113940347e-03   1.464228763046e+02  -1.011348230135e+01
  1.679246257279e-03   -1.047468326966e-03   1.452764639413e+02  -1.011348230135e+01
  2.825741414331e-01   -4.958113184527e-02   1.449426217884e+02  -1.011348230135e+01
  3.772637083826e-01    1.210741829941e-01   1.365014734040e+02  -2.854849327784e+01
  6.744655540584e-04    1.008772096760e-03   1.364069257995e+02  -2.854849327784e+01
  2.228930862622e-03   -6.663103055013e-04   1.275984205520e+02  -2.854849327784e+01
  3.750790047327e-01    1.225666232834e-01   1.364047607195e+02  -2.684813677491e+01
 -4.191320433701e-04    1.108265035797e-03   1.444049624263e+02  -2.684813677491e+01
  1.807838989196e-03    2.049657301344e-04   1.365023421371e+02  -2.684813677491e+01
  3.783627595470e-01    5.463849731171e-02   9.475418718978e+01  -1.111009988763e+01
  6.363656850494e-04   -5.315941872300e-04   8.995857150349e+01  -1.111009988763e+01
  3.165837523683e-01    4.271541827875e-02   8.963685559240e+01  -1.111009988763e+01
  3.148734163546e-01    1.381389145952e-01   1.441934574406e+02  -2.706635198500e+01
  1.348000571300e-03    1.917040506035e-03   1.444071262828e+02  -2.706635198500e+01
  3.729630530146e-01    1.219289781221e-01   1.364083079770e+02  -2.706635198500e+01
  6.927651613590e-01    5.481642785215e-02   8.476870448998e+01  -4.768531960249e+00
  4.831214874953e-01    3.539537506195e-02   8.463502429839e+01  -4.768531960249e+00
  4.774394800704e-01    1.813485899561e-02   8.174346873080e+01  -4.768531960249e+00
  4.159105893145e-01    6.998735336953e-02   1.275420375708e+02  -3.046689636252e+01
  1.468711783696e-03    1.204821601353e-03   1.274475043707e+02  -3.046689636252e+01
  2.258318937962e-03   -1.492232860822e-03   1.180863008843e+02  -3.046689636252e+01
  6.028753192583e-01    2.353951461623e-01   1.425711694478e+02  -1.781358281690e+01
  3.758186697711e-01    1.216834432202e-01   1.364768362828e+02  -1.781358281690e+01
  7.024990938007e-01    1.983457888204e-01   1.350721215872e+02  -1.781358281690e+01
  3.740319647109e-01    1.214270708582e-01   1.364946635295e+02  -1.701091309199e+01
  6.043682919169e-01    2.357661347298e-01   1.425557179842e+02  -1.701091309199e+01
  3.143872304003e-01    1.384021729076e-01   1.441374557810e+02  -1.701091309199e+01
  9.108827905496e-01    1.120063360942e-01   1.261562405702e+02   2.943283828441e+00
  5.605451925693e-01    8.544245211500e-02   1.328942212486e+02   2.943283828441e+00
  8.857323869525e-01    1.997924657870e-01   1.334741273382e+02   2.943283828441e+00
  5.608613563648e-01    8.447220095516e-02   1.328837113159e+02   4.561625571961e+00
  7.340187934057e-01    1.851292376732e-01   1.385105383643e+02   4.561625571961e+00
  8.848066847366e-01    2.004415789867e-01   1.335000429206e+02   4.561625571961e+00
  8.834644128918e-01    2.010811203978e-01   1.334942977389e+02  -6.712044878130e+00
  8.075586630922e-01    2.663757026248e-01   1.404188571334e+02  -6.712044878130e+00
  7.039470449531e-01    1.985770059069e-01   1.351006024411e+02  -6.712044878130e+00
  7.037998288614e-01    1.978964998402e-01   1.350319341288e+02  -8.818868934295e+00
  7.713206297530e-01    1.167465180098e-01   1.268780342074e+02  -8.818868934295e+00
  8.841104704709e-01    2.018886909627e-01   1.335646985402e+02  -8.818868934295e+00
  7.045859780739e-01    1.984411819816e-01   1.351396046127e+02  -1.903588803687e+01
  3.742662192595e-01    1.213275462152e-01   1.364082897869e+02  -1.903588803687e+01
  4.138390935811e-01    7.111395432412e-02   1.275463707753e+02  -1.903588803687e+01
  6.038356415838e-01    2.353651291639e-01   1.424618415674e+02  -8.833215358560e+00
  7.015473959423e-01    1.986335995565e-01   1.351502979989e+02  -8.833215358560e+00
  8.097010917725e-01    2.665825963681e-01   1.403668479020e+02  -8.833215358560e+00
  4.134330109668e-01    7.134147253625e-02   1.274485642836e+02  -2.011583105463e+01
  4.302756881618e-01    6.150568024155e-03   1.180722735379e+02  -2.011583105463e+01
  7.746497656820e-01    1.157671705864e-01   1.268578423109e+02  -2.011583105463e+01
  4.132997752669e-01    7.150366523138e-02   1.274592531410e+02  -3.264163886135e+01
  3.751358755713e-01    1.203866074910e-01   1.365070418885e+02  -3.264163886135e+01
  4.339663566664e-03   -9.794746138511e-05   1.275765480856e+02  -3.264163886135e+01
  9.154815157203e-01    1.115309376481e-01   1.261718567538e+02  -8.240729495630e+00
  7.725580357604e-01    1.153034666689e-01   1.267435285024e+02  -8.240729495630e+00
  7.994481668466e-01    1.359923995742e-02   1.181573142916e+02  -8.240729495630e+00
  7.733176061998e-01    1.163974263812e-01   1.268268202415e+02  -6.430216156682e+00
  9.142937459485e-01    1.104963136719e-01   1.260882775651e+02  -6.430216156682e+00
  8.822205842370e-01    2.018621936212e-01   1.336182335018e+02  -6.430216156682e+00
  6.270543922088e-01    3.747994853287e-02   1.234834488687e+02   3.379213843346e+00
  9.124177864913e-01    1.097615066528e-01   1.261136114740e+02   3.379213843346e+00
  9.146149041604e-01    1.318274983304e-02   1.181356636099e+02   3.379213843346e+00
  9.135705383230e-01    1.112251234430e-01   1.261196913070e+02   5.574457274708e+00
  6.256314216911e-01    3.613407410866e-02   1.234781271244e+02   5.574457274708e+00
  5.566084067737e-01    8.591636862165e-02   1.329527038262e+02   5.574457274708e+00
  7.976193529089e-01    1.249369123642e-02   1.180345454585e+02  -2.075383753285e+01
  7.726511204744e-01    1.154529326119e-01   1.268689332852e+02  -2.075383753285e+01
  4.327494059775e-01    6.128854411745e-03   1.180652012830e+02  -2.075383753285e+01
  4.156432885426e-01    7.137433804782e-02   1.275297795494e+02  -1.997123371914e+01
  7.722538533954e-01    1.161051995885e-01   1.267828474580e+02  -1.997123371914e+01
  7.029598002838e-01    1.979886930979e-01   1.351555882891e+02  -1.997123371914e+01
  4.992061157281e-03   -1.425017467473e-03   1.180687506173e+02  -3.415345968327e+01
  4.290492759850e-01    7.089895085577e-03   1.179752922817e+02  -3.415345968327e+01
  4.136703720630e-01    6.976287205972e-02   1.275457980991e+02  -3.415345968327e+01
  6.260112551834e-01    3.691542934243e-02   1.234998503920e+02   1.406146560059e+01
  6.289071147660e-01   -2.631180549789e-02   1.127624293943e+02   1.406146560059e+01
  6.410914975351e-03   -5.205731835801e-04   1.166834227159e+02   1.406146560059e+01
  5.080216031413e-03    1.452895192813e-03   1.178876849741e+02  -3.394844137789e+01
  4.101186883592e-01   -5.582387902795e-02   1.085517049285e+02  -3.394844137789e+01
  4.289902842527e-01    5.599440941760e-03   1.180301279105e+02  -3.394844137789e+01
  2.190533408369e-01    7.276474437751e-02   1.542262072333e+02  -2.552578210485e+00
  3.965879258264e-01    1.061953482914e-02   1.543407279343e+02  -2.552578210485e+00
  2.046779109386e-01    5.559889394420e-03   1.555626128643e+02  -2.552578210485e+00
  3.965741379789e-01    9.180299077251e-03   1.543425825979e+02   1.844083573900e+00
  2.149074974204e-01   -6.077243349380e-02   1.542901901460e+02   1.844083573900e+00
  2.046451632281e-01    5.954162195385e-03   1.555611450262e+02   1.844083573900e+00
  2.589319387148e-03   -8.491400557625e-04   1.167244185622e+02   1.566035943910e+01
  1.348231671214e-03    8.909800952940e-04   1.331735592880e+02   1.566035943910e+01
  6.295163400639e-01    3.741741756932e-02   1.234855118516e+02   1.566035943910e+01
  3.831670317609e-01    5.471766328076e-02   9.476432799671e+01  -1.278344844869e+01
  3.189365137261e-03   -3.432013025276e-05   1.002415005153e+02  -1.278344844869e+01
 -6.017783436901e-04   -1.235659253762e-05   9.425388146197e+01  -1.278344844869e+01
  9.140686799014e-01    1.464350041680e-03   7.860320885250e+01  -1.960163858095e+00
  7.764099673121e-01    1.486979727962e-02   7.835802519477e+01  -1.960163858095e+00
  9.733320398251e-01    9.210396304157e-03   7.106676645976e+01  -1.960163858095e+00
  8.461437680784e-01    7.887081430499e-02   1.102413971690e+02   7.102935772093e+00
  7.363253061683e-01    8.744968616698e-02   1.098266069581e+02   7.102935772093e+00
  7.643692943329e-01   -6.575943594745e-03   1.184317652045e+02   7.102935772093e+00
  8.444045677629e-01    7.855048194583e-02   1.102880100952e+02  -7.264752236371e+00
  4.949757572593e-01    2.210180277833e-02   1.128870457930e+02  -7.264752236371e+00
  4.545512628745e-01    5.422381094307e-02   1.027161503780e+02  -7.264752236371e+00
  3.939046510849e-01    5.608646717061e-02   1.090940251526e+02   3.227144989678e+01
  3.966313802835e-03    2.255275485561e-03   1.090899188589e+02   3.227144989678e+01
  4.224469518638e-01   -3.359971963002e-03   1.185411552707e+02   3.227144989678e+01
  4.230196069308e-01   -4.810292712434e-03   1.184256739541e+02   1.921435013347e+01
  7.379009520637e-01    8.799796892989e-02   1.097189089199e+02   1.921435013347e+01
  3.943222410408e-01    5.702094265297e-02   1.091615791012e+02   1.921435013347e+01
  3.961810537738e-01    5.707749875370e-02   1.090816385300e+02   1.867240182346e+01
  7.358535989796e-01    8.829435353094e-02   1.097898894415e+02   1.867240182346e+01
  6.675385430209e-01    1.626941408069e-01   1.014997638003e+02   1.867240182346e+01
  5.482686130229e-03   -4.111010463579e-05   1.089146017268e+02   3.057610006723e+01
  3.930034469067e-01    5.722539285114e-02   1.091508156810e+02   3.057610006723e+01
  3.558519888482e-01    1.022072242891e-01   1.002691343379e+02   3.057610006723e+01
  8.452097716043e-01    7.780602569487e-02   1.103185637250e+02   5.080373556655e+00
  8.282612917420e-01    1.552833975840e-01   1.026550687736e+02   5.080373556655e+00
  7.368453166629e-01    8.854307537628e-02   1.097478088063e+02   5.080373556655e+00
  1.166477532769e-03    1.813114985750e-04   1.399501755395e+02  -1.238029293314e+01
  4.492383342894e-01   -6.406539993390e-02   1.343847529285e+02  -1.238029293314e+01
  3.523318817054e-01   -6.831377483507e-02   1.411599768862e+02  -1.238029293314e+01
  4.645264978099e-01    1.750839162660e-01   8.871867422627e+01   7.283760816844e+00
  5.663659321905e-01    1.960272200724e-01   9.437083397302e+01   7.283760816844e+00
  6.641531917393e-01    2.085247129476e-01   9.051260059336e+01   7.283760816844e+00
  8.301711714024e-01    1.551975729253e-01   1.027093805871e+02   7.920198019874e+00
  6.685324672294e-01    1.624658273093e-01   1.016223228372e+02   7.920198019874e+00
  7.347656868251e-01    8.899675302280e-02   1.096973303833e+02   7.920198019874e+00
  3.563301572550e-01    1.032471624984e-01   1.003013703108e+02   1.654244207873e+01
  6.671317189092e-01    1.629923401001e-01   1.015811866163e+02   1.654244207873e+01
  5.677031046076e-01    1.958824960373e-01   9.436234238201e+01   1.654244207873e+01
  3.547858666515e-01    1.029874353554e-01   1.003654294005e+02   1.783415620305e+01
  3.941554236101e-01    5.691351784485e-02   1.090636031752e+02   1.783415620305e+01
  6.692073829965e-01    1.630617633726e-01   1.015168918451e+02   1.783415620305e+01
  7.635555333541e-01    2.102685270375e-01   9.607873456524e+01   8.138710905426e+00
  5.686413656310e-01    1.958185538849e-01   9.446736375246e+01   8.138710905426e+00
  6.661712783841e-01    1.632746056945e-01   1.015074783853e+02   8.138710905426e+00
  2.851918381358e-03   -5.661508423288e-04   1.088939570826e+02   2.681790148968e+01
  3.581302011893e-01    1.028307139978e-01   1.002749107964e+02   2.681790148968e+01
  3.561404837594e-04    8.830241672716e-04   1.003636978908e+02   2.681790148968e+01
  8.297634833806e-01    1.543780139062e-01   1.027749030986e+02   5.735404895644e+00
  7.615372178047e-01    2.101362490787e-01   9.602564736995e+01   5.735404895644e+00
  6.684970100097e-01    1.631329815605e-01   1.015583301705e+02   5.735404895644e+00
  8.413549448907e-01    7.935256417040e-02   1.102594068895e+02  -4.190211340058e+00
  4.588739813167e-01    5.372290774713e-02   1.027649129425e+02  -4.190211340058e+00
  8.325514924388e-01    1.531016157707e-01   1.027909585283e+02  -4.190211340058e+00
  1.107520963951e-03   -1.992311279159e-04   1.262126535295e+02  -1.628463778185e+01
  2.091784610658e-03    5.766462059717e-04   1.168634089527e+02  -1.628463778185e+01
  4.905155430008e-01   -2.654543778917e-02   1.243288797467e+02  -1.628463778185e+01
  2.946907576455e-01    1.165276410568e-01   9.300618541128e+01   1.573972351944e+01
  3.546715652296e-01    1.030300543762e-01   1.002817649831e+02   1.573972351944e+01
  5.690896787398e-01    1.962163446031e-01   9.437895972000e+01   1.573972351944e+01
  3.558616425175e-01    1.042058095486e-01   1.003662207473e+02   2.496037697839e+01
 -2.077252083343e-04    1.239294522610e-03   9.269446188774e+01   2.496037697839e+01
  1.598106152362e-03    1.018739844398e-04   1.002733323283e+02   2.496037697839e+01
  1.700081555531e-03    2.194738545311e-03   9.269253250762e+01   2.479915207337e+01
  3.537391934212e-01    1.035559860551e-01   1.003617866803e+02   2.479915207337e+01
  2.948995763819e-01    1.160745836109e-01   9.295550848312e+01   2.479915207337e+01
  2.842241933657e-01   -4.986201203155e-02   1.449224827621e+02  -9.462794082053e+00
 -5.547058443348e-05   -3.769199573607e-05   1.453183244424e+02  -9.462794082053e+00
  9.158222923521e-04   -9.001818099201e-05   1.437388222576e+02  -9.462794082053e+00
  2.432265441617e-01    1.046511388760e-01   8.711630724118e+01   1.677543435832e+01
 -1.650549955092e-04    1.593638645340e-04   8.711029453991e+01   1.677543435832e+01
  2.363800455820e-03    1.218948675640e-03   9.254105296886e+01   1.677543435832e+01
  2.410139069823e-01    1.033817351246e-01   8.716809592588e+01   1.349841592421e+01
 -6.018189178434e-04   -5.512566323515e-04   8.320564685520e+01   1.349841592421e+01
  1.042567266396e-03    8.328240013113e-04   8.705859321093e+01   1.349841592421e+01
  3.160409285665e-01    4.193280554527e-02   8.963117541405e+01  -1.052170118041e+01
  7.534117789202e-04    1.771530995627e-04   8.994046395409e+01  -1.052170118041e+01
 -2.326092374167e-04   -4.505180933370e-04   8.484671137189e+01  -1.052170118041e+01
  2.417305258805e-01    1.039225484094e-01   8.710928124990e+01   2.089706641389e+01
  4.117074637286e-03    2.159409395824e-03   9.256270386410e+01   2.089706641389e+01
  2.935350398199e-01    1.160719863246e-01   9.299832801587e+01   2.089706641389e+01
  5.575153161991e-01   -4.673685355441e-02   8.488942408623e+01   8.307591178012e+00
  5.503989350628e-01   -2.165457710588e-02   8.146022632281e+01   8.307591178012e+00
  4.930105202345e-03   -2.436344096263e-04   8.489836026214e+01   8.307591178012e+00
  2.007035721457e-01    5.742839824760e-02   8.379225773535e+01   7.529759988401e+00
  2.402633428065e-01    1.037344526867e-01   8.712749334617e+01   7.529759988401e+00
  3.886046031152e-01    1.023791291542e-01   8.499789783404e+01   7.529759988401e+00
  4.651838613135e-01    1.756597576557e-01   8.864562501584e+01   1.214546236489e+01
  2.405480569448e-01    1.033251620920e-01   8.718621933992e+01   1.214546236489e+01
  2.944651540000e-01    1.167065507468e-01   9.293263317129e+01   1.214546236489e+01
  5.513340432605e-04    1.786762982293e-03   8.314199109751e+01   1.906607130842e+00
  1.893074173283e-01    8.402417508956e-04   8.252470460544e+01   1.906607130842e+00
  3.387522095626e-04   -7.441240919646e-04   8.212995459933e+01   1.906607130842e+00
  1.501577896235e-03    2.201539352322e-03   8.315978337066e+01   5.578181499906e+00
  2.002518978785e-01    5.667092325147e-02   8.378103732973e+01   5.578181499906e+00
  1.883538563593e-01    6.515951352281e-04   8.251425753863e+01   5.578181499906e+00
  3.636618096032e-01   -1.355768363040e-03   8.368906043660e+01   1.951332409332e+00
  1.884199901853e-01   -7.147616596780e-04   8.255661182804e+01   1.951332409332e+00
  2.001015552150e-01    5.778873035681e-02   8.374934996092e+01   1.951332409332e+00
  5.628620298259e-04    1.044603497722e-03   8.210806691391e+01  -2.786672102637e+00
  1.889000309316e-01   -1.037559223569e-03   8.255015868679e+01  -2.786672102637e+00
  2.032591889974e-01   -5.958954338075e-02   8.344529860018e+01  -2.786672102637e+00
  3.875094825276e-01    1.022763291119e-01   8.498310970579e+01   8.683700966525e+00
  2.415138229330e-01    1.039418972751e-01   8.714778461281e+01   8.683700966525e+00
  4.635799457305e-01    1.748706824924e-01   8.868606804973e+01   8.683700966525e+00
  2.009669819875e-01    5.788549952464e-02   8.376801015256e+01   1.093436104448e+01
  4.335335224759e-04   -9.818891569239e-06   8.321357356011e+01   1.093436104448e+01
  2.396268395327e-01    1.028373151444e-01   8.716010805101e+01   1.093436104448e+01
  2.960670777062e-01    1.170812216472e-01   9.294931249741e+01   1.344871259678e+01
  5.672057779335e-01    1.958125146956e-01   9.443066444183e+01   1.344871259678e+01
  4.638895744365e-01    1.753747143318e-01   8.863057277181e+01   1.344871259678e+01
  6.327139266566e-01   -2.767755226403e-02   1.127755473506e+02   1.574127482083e+01
  1.452731786339e-03   -9.758150069544e-04   1.004760184824e+02   1.574127482083e+01
  2.319620788701e-03    6.309353138639e-04   1.166365743353e+02   1.574127482083e+01
  8.313597913146e-01    1.536799096003e-01   1.027725155830e+02  -5.822970122609e+00
  4.595536570824e-01    5.286458811603e-02   1.027624581582e+02  -5.822970122609e+00
  6.762496926684e-01    1.331857023148e-01   9.702765636614e+01  -5.822970122609e+00
  5.591587812233e-01   -4.774450013262e-02   8.490057307960e+01   8.568011354503e+00
  2.868828696604e-03    1.203994867504e-03   8.492954241342e+01   8.568011354503e+00
  4.191908821443e-01   -5.769388507489e-02   9.017448330729e+01   8.568011354503e+00
  3.791106203285e-01    5.511279466540e-02   9.476240937319e+01  -7.583389454699e+00
  3.165099720019e-01    4.253660099095e-02   8.963563950104e+01  -7.583389454699e+00
  6.125571438774e-01    1.162168005986e-01   9.267871433614e+01  -7.583389454699e+00
  3.810975809306e-01    5.493121550706e-02   9.475558350311e+01  -1.421388993276e+01
  4.507623034954e-01    5.310293150220e-02   1.026960433188e+02  -1.421388993276e+01
  5.649628375637e-03   -1.360096616030e-04   1.002546800214e+02  -1.421388993276e+01
  6.785524872859e-01    1.332298221351e-01   9.708314676192e+01  -3.282168491447e+00
  6.113110017677e-01    1.163772908905e-01   9.266788628966e+01  -3.282168491447e+00
  7.224635268987e-01    1.796613738653e-01   9.191431550277e+01  -3.282168491447e+00
  6.114992305810e-01    1.164941085868e-01   9.265908539045e+01  -7.987679198121e+00
  6.782649523119e-01    1.325820769786e-01   9.708717041061e+01  -7.987679198121e+00
  3.805249825872e-01    5.490978091793e-02   9.479309618472e+01  -7.987679198121e+00
  6.309178296429e-01    1.117281310819e-01   8.939921565598e+01  -3.968056018392e+00
  7.223526930261e-01    1.790643822781e-01   9.192866216918e+01  -3.968056018392e+00
  6.112946230723e-01    1.166199206327e-01   9.265854616157e+01  -3.968056018392e+00
  6.810603147974e-01    1.332129280783e-01   9.712308320231e+01  -2.121787125164e+00
  7.203851939497e-01    1.798318340421e-01   9.187211597001e+01  -2.121787125164e+00
  7.636820133819e-01    2.090544691493e-01   9.613270843868e+01  -2.121787125164e+00
  6.105457899519e-01    1.161666725163e-01   9.266409977736e+01  -7.300439188684e+00
  3.189066205220e-01    4.271227784833e-02   8.966241508912e+01  -7.300439188684e+00
  6.322407823538e-01    1.116422168821e-01   8.940911006394e+01  -7.300439188684e+00
  3.790689711570e-01    5.503796270870e-02   9.477195312782e+01  -7.699334399350e+00
  6.797517906163e-01    1.325459202320e-01   9.708860499833e+01  -7.699334399350e+00
  4.533468674050e-01    5.320742094431e-02   1.026900402561e+02  -7.699334399350e+00
  4.865633767888e-01    3.628155749062e-02   8.465237039011e+01  -8.604780874728e+00
  3.156045653990e-01    4.246291437564e-02   8.962984658256e+01  -8.604780874728e+00
  8.576689357879e-04   -9.156363723689e-04   8.486515165722e+01  -8.604780874728e+00
  4.530134368849e-01    1.690366171038e-02   7.911100630542e+01  -7.542945405539e+00
  4.754649935088e-01    1.781243378232e-02   8.171847363063e+01  -7.542945405539e+00
  1.244491936509e-03   -4.472934488465e-04   7.861105129086e+01  -7.542945405539e+00
  7.759619878930e-01    1.522790803316e-02   7.839651453323e+01  -4.631181420783e+00
  4.768429949853e-01    1.840598245698e-02   8.174530325069e+01  -4.631181420783e+00
  4.530050522275e-01    1.722399469533e-02   7.911249805745e+01  -4.631181420783e+00
  4.844798208705e-01    3.474179778961e-02   8.467181247037e+01  -5.424132552010e+00
  6.920695188123e-01    5.601339081387e-02   8.472659854594e+01  -5.424132552010e+00
  6.298506822173e-01    1.115117845780e-01   8.937026692025e+01  -5.424132552010e+00
  8.960156802179e-01   -4.609136020075e-03   2.513175752743e+01  -5.793197595790e+00
  2.204769742729e-02   -6.960798646092e-04   1.867396740094e+01  -5.793197595790e+00
  1.078983788354e+00    6.204235182140e-03   1.914061184850e+01  -5.793197595790e+00
  7.264534210703e-01    1.392328522456e-01   8.792803030651e+01  -3.504180541635e+00
  7.207194528728e-01    1.789392715614e-01   9.191301944480e+01  -3.504180541635e+00
  6.323660734971e-01    1.121371393439e-01   8.941983376006e+01  -3.504180541635e+00
  8.251855898453e-01   -6.174935217785e-03   7.875311245003e+01   4.512413042544e+00
  5.520547051475e-01   -2.176916970213e-02   8.150999974372e+01   4.512413042544e+00
  7.481380576802e-01   -6.351021009124e-02   8.463304284674e+01   4.512413042544e+00
  4.834760831951e-01    3.544365214682e-02   8.462933484472e+01  -7.160012070315e+00
  6.319753632276e-01    1.109406010889e-01   8.940106664829e+01  -7.160012070315e+00
  3.186716543329e-01    4.340527573155e-02   8.964196805490e+01  -7.160012070315e+00
  2.883834450131e-04   -2.753241868597e-04   7.861311690244e+01  -7.923678470565e+00
  4.764528384107e-01    1.772433220837e-02   8.171282584528e+01  -7.923678470565e+00
  1.198138858736e-03   -1.040373584694e-04   8.121477371423e+01  -7.923678470565e+00
  8.027890410058e-03    6.933112405550e-04   7.348766356195e+01  -6.105315692899e+00
  9.849389584573e-01    1.014327224123e-02   7.116465714575e+01  -6.105315692899e+00
  4.520927298646e-01    1.736353968788e-02   7.915214647224e+01  -6.105315692899e+00
  5.793908661212e-01    1.328610532029e-01   8.678197269030e+01   3.673947157295e+00
  4.643924541854e-01    1.749882867328e-01   8.867768682951e+01   3.673947157295e+00
  6.638346725179e-01    2.082421075456e-01   9.055276659903e+01   3.673947157295e+00
  7.607673863440e-01    2.095100577038e-01   9.608203875235e+01   1.830680068057e+00
  7.223613339851e-01    1.797165703552e-01   9.192980565070e+01   1.830680068057e+00
  6.646886194372e-01    2.083403663537e-01   9.056116952498e+01   1.830680068057e+00
  3.628960270880e-01   -1.839607812516e-03   8.372378776251e+01   1.784492203328e+00
  3.869721204789e-01    1.015955664986e-01   8.499706447282e+01   1.784492203328e+00
  5.440011800409e-01   -4.284930701930e-03   8.527281427770e+01   1.784492203328e+00
  3.881504051405e-01    1.019658852849e-01   8.504320079719e+01   5.203249118987e+00
  4.627339027408e-01    1.749587479188e-01   8.864444279601e+01   5.203249118987e+00
  5.806285053303e-01    1.327354371945e-01   8.681071468004e+01   5.203249118987e+00
  5.426093685207e-01   -4.122849892498e-03   8.524635833589e+01   1.317066188327e+00
  3.883382366522e-01    1.016434053361e-01   8.502280120477e+01   1.317066188327e+00
  5.801786588220e-01    1.325270773954e-01   8.683278200089e+01   1.317066188327e+00
  3.875607226586e-01    1.014922485215e-01   8.502213923576e+01   3.241744657347e+00
  3.624774309527e-01   -1.401438201335e-03   8.367834497673e+01   3.241744657347e+00
  2.012479617916e-01    5.801973703015e-02   8.376401564403e+01   3.241744657347e+00
  6.617387161519e-01    2.073934389120e-01   9.050981724605e+01   1.304523474549e+00
  7.276823534958e-01    1.393587989630e-01   8.797458009277e+01   1.304523474549e+00
  5.824532399554e-01    1.335834969662e-01   8.688170287501e+01   1.304523474549e+00
  6.623329941383e-01    2.084946565651e-01   9.046577245590e+01   5.386692061776e+00
  5.685401569213e-01    1.960322281622e-01   9.441564672161e+01   5.386692061776e+00
  7.633104680495e-01    2.099234657518e-01   9.613169974236e+01   5.386692061776e+00
  7.250855813932e-01    1.375135574280e-01   8.792738768608e+01  -3.413806033023e+00
  6.940784113197e-01    5.563266096399e-02   8.475496215610e+01  -3.413806033023e+00
  7.949968060425e-01    4.262398281780e-02   8.427238855214e+01  -3.413806033023e+00
  6.644309878747e-01    2.076609640784e-01   9.055599716244e+01  -1.285088187323e-01
  7.221716184266e-01    1.799303928661e-01   9.192472258179e+01  -1.285088187323e-01
  7.248333799886e-01    1.387312752413e-01   8.790443594942e+01  -1.285088187323e-01
  7.163260548305e-01   -7.364691133176e-02   8.618658346878e+01  -3.344025146525e-01
  5.451718662760e-01   -4.388237927391e-03   8.532089451718e+01  -3.344025146525e-01
  7.029679592745e-01    6.011979689721e-02   8.620959867037e+01  -3.344025146525e-01
  5.437794849420e-01   -3.277158172615e-03   8.529526786241e+01   6.093053109264e-01
  5.796165913931e-01    1.316671280773e-01   8.682600436913e+01   6.093053109264e-01
  7.039955078375e-01    5.969272127051e-02   8.623583154457e+01   6.093053109264e-01
  7.964845563107e-01    4.278753703668e-02   8.429712961739e+01  -3.982462240633e-01
  7.056665943941e-01    6.081880224566e-02   8.625136062947e+01  -3.982462240633e-01
  7.235867707220e-01    1.382348572171e-01   8.790856493689e+01  -3.982462240633e-01
  7.979461838511e-01    4.419305372613e-02   8.428833743740e+01  -1.339546297187e+00
  8.337778420410e-01   -8.752502666079e-03   8.411937106408e+01  -1.339546297187e+00
  7.048876253600e-01    5.882155592505e-02   8.625725355597e+01  -1.339546297187e+00
  9.004532058401e-01    7.383811153958e-03   8.164078289196e+01  -9.667053367838e-01
  8.343012512495e-01   -7.461556721819e-03   8.412257375643e+01  -9.667053367838e-01
  7.965750603004e-01    4.280649180386e-02   8.426296127737e+01  -9.667053367838e-01
  7.022228481148e-01    5.939335269295e-02   8.618075801103e+01  -7.936208490487e-01
  5.825302364099e-01    1.324009371359e-01   8.688096727798e+01  -7.936208490487e-01
  7.274495123431e-01    1.401649503432e-01   8.796622723036e+01  -7.936208490487e-01
  6.306607388755e-01    1.127443290194e-01   8.937191012780e+01  -3.036105613890e+00
  6.917889411958e-01    5.536394430416e-02   8.471559742819e+01  -3.036105613890e+00
  7.280012733171e-01    1.384382906128e-01   8.795568831725e+01  -3.036105613890e+00
  3.628411920751e-01   -2.217494301911e-03   8.372143906738e+01  -2.275532713626e+00
  5.440636864180e-01   -4.400181518397e-03   8.527577833940e+01  -2.275532713626e+00
  3.942407311404e-01   -1.071130712193e-01   8.486031481208e+01  -2.275532713626e+00
  9.895524154199e-01    2.395055447617e-03   2.997374808811e+01   5.070211645225e+00
  2.876480424595e-02    1.183792777789e-03   3.048986618630e+01   5.070211645225e+00
  9.940053810277e-01    2.846739116679e-03   3.787331536942e+01   5.070211645225e+00
  6.799343581423e-01    1.331422677329e-01   9.710933528609e+01  -3.093787874393e-01
  7.646772203083e-01    2.092264387250e-01   9.615138457456e+01  -3.093787874393e-01
  8.265918007898e-01    1.543409999096e-01   1.027141840008e+02  -3.093787874393e-01
  7.137991823704e-01    7.058870601119e-03  -1.048485955784e-02   6.952489387418e+00
  9.548267302227e-04   -9.457371402940e-05   1.805885169967e-02   6.952489387418e+00
  3.656988922633e-03    1.667090277342e-04   5.054905950674e+00   6.952489387418e+00
  1.886268624239e-01   -3.710587616346e-04   8.256315841342e+01  -2.296468792551e+00
  3.636054499700e-01   -2.572015232530e-03   8.369138382692e+01  -2.296468792551e+00
  2.034419578556e-01   -6.097214595815e-02   8.344350161662e+01  -2.296468792551e+00
  3.105649793497e-01   -1.227296188945e-01   9.246886581519e+01  -2.323835631652e+01
  2.371015181933e-03   -2.080146763968e-04   9.974844492978e+01  -2.323835631652e+01
  1.853260015276e-04   -6.665679613406e-04   9.253625189093e+01  -2.323835631652e+01
  4.551858883361e-01    1.777792002353e-02   7.914644681709e+01  -4.577783712897e+00
  9.781351787052e-01    9.705619106984e-03   7.112371221967e+01  -4.577783712897e+00
  7.739170916520e-01    1.506145840333e-02   7.834357543139e+01  -4.577783712897e+00
  2.167274759928e-03    6.643147441717e-04   1.084556030612e+02  -2.741597202461e+01
  1.076598070954e-03   -1.160950238988e-03   9.989422560473e+01  -2.741597202461e+01
  3.684493443964e-01   -1.026849242177e-01   9.987415311265e+01  -2.741597202461e+01
 -3.541549773863e-04   -3.400567845688e-04   8.994700266611e+01  -1.263738257512e+01
  3.797477086166e-01    5.442348962055e-02   9.476055288314e+01  -1.263738257512e+01
  9.461142212321e-04    1.232372201007e-04   9.425767834480e+01  -1.263738257512e+01
  3.088375357271e-01   -1.220045147967e-01   9.246140972977e+01  -2.783419964849e+01
  3.655005924574e-01   -1.032551472525e-01   9.995566882779e+01  -2.783419964849e+01
  4.129559856660e-03   -9.104357382147e-04   9.977358752054e+01  -2.783419964849e+01
  4.169644275437e-03    1.985910946577e-04   1.084797231738e+02  -3.186497299012e+01
  3.666247690106e-01   -1.022175612724e-01   9.986560234474e+01  -3.186497299012e+01
  4.097155465824e-01   -5.750660973443e-02   1.086395165788e+02  -3.186497299012e+01
  1.525373218000e-03   -5.657119971229e-04   9.246170690045e+01  -2.053961430163e+01
 -7.300830839308e-04   -3.753848501585e-04   8.664443770145e+01  -2.053961430163e+01
  3.079384588473e-01   -1.228260920558e-01   9.254535971440e+01  -2.053961430163e+01
  9.706798289456e-01   -2.102693754614e-02   5.352468234305e+01  -1.062693258470e+00
  8.412585659478e-01   -2.089051484231e-02   5.401344859639e+01  -1.062693258470e+00
  7.578532759120e-01   -1.328467983255e-02   4.788664292218e+01  -1.062693258470e+00
  2.046529413484e-01   -6.165743523483e-02   8.343120049003e+01  -1.422947267484e+01
  2.452778693720e-01   -1.025535728880e-01   8.708473387514e+01  -1.422947267484e+01
  2.932720608902e-03   -2.518453898727e-03   8.655916430152e+01  -1.422947267484e+01
  6.532825098058e-04   -8.367162097454e-04   8.338342605289e+01  -6.160306885396e+00
 -2.566078514755e-04    1.235862798693e-03   8.209099550504e+01  -6.160306885396e+00
  2.044134310024e-01   -5.988498151802e-02   8.345590425459e+01  -6.160306885396e+00
  3.073092427291e-01   -1.223799223511e-01   9.248454588671e+01  -1.282729858007e+01
  2.461052639938e-01   -1.032291964022e-01   8.709435300585e+01  -1.282729858007e+01
  4.798713742054e-01   -1.816390415221e-01   8.849972895180e+01  -1.282729858007e+01
  3.061859811911e-01   -1.221484244276e-01   9.253972895496e+01  -1.916103193444e+01
  7.128983396977e-04   -1.229123004979e-03   8.664812766389e+01  -1.916103193444e+01
  2.465554939968e-01   -1.032550689236e-01   8.705757262398e+01  -1.916103193444e+01
  3.948063304815e-01   -1.079067359885e-01   8.484058563964e+01  -9.428855964997e+00
  4.782981283382e-01   -1.809334971149e-01   8.853711632071e+01  -9.428855964997e+00
  2.471298046897e-01   -1.038734850398e-01   8.705086462133e+01  -9.428855964997e+00
  3.662250210174e-01   -1.033008742442e-01   9.988023858122e+01  -1.639030435161e+01
  3.075707270535e-01   -1.221680441347e-01   9.255316597270e+01  -1.639030435161e+01
  5.919827033759e-01   -2.039511918153e-01   9.410402698963e+01  -1.639030435161e+01
  2.458008511267e-01   -1.035374729471e-01   8.703596009668e+01  -7.945518587394e+00
  2.038815153224e-01   -6.052092008832e-02   8.348964724705e+01  -7.945518587394e+00
  3.959376956666e-01   -1.080780610144e-01   8.485374900196e+01  -7.945518587394e+00
  1.634268618522e-03   -1.747287613021e-03   8.653996011845e+01  -9.926875788515e+00
 -1.209699287721e-04    3.494996507967e-04   8.340569074828e+01  -9.926875788515e+00
  2.058353605096e-01   -6.214221902720e-02   8.343699154839e+01  -9.926875788515e+00
  4.983389158046e-01   -7.339346805176e-02   9.540713406036e+01   1.355284679013e+01
  6.929931213169e-03    2.360892497014e-04   1.005021610222e+02   1.355284679013e+01
  5.742484101418e-01   -6.672128076736e-02   1.030513100265e+02   1.355284679013e+01
  5.900267628195e-01   -2.035191519058e-01   9.415526579231e+01  -1.400533080817e+01
  3.088650590747e-01   -1.226374263989e-01   9.250393876884e+01  -1.400533080817e+01
  4.785783439734e-01   -1.814060690888e-01   8.848425995545e+01  -1.400533080817e+01
  7.702668004670e-01   -8.969908813936e-02   1.092853848027e+02  -2.061275692360e+01
  7.976112611685e-01    1.169317610893e-02   1.180658304858e+02  -2.061275692360e+01
  4.326954063205e-01    6.656580122989e-03   1.179410344626e+02  -2.061275692360e+01
  7.699273630876e-01   -9.032512025730e-02   1.093706850072e+02  -1.967808487178e+01
  4.118877879951e-01   -5.725473017636e-02   1.085729843441e+02  -1.967808487178e+01
  6.966660922486e-01   -1.683346591496e-01   1.011796909151e+02  -1.967808487178e+01
  8.018165054306e-01    1.116906688043e-02   1.179803973006e+02  -6.024082354463e+00
  9.183832096414e-01   -8.451311806165e-02   1.099795980031e+02  -6.024082354463e+00
  9.143651896344e-01    1.262511312300e-02   1.181425733042e+02  -6.024082354463e+00
  6.310024891830e-01   -2.664308955158e-02   1.127821705056e+02   3.431074348171e+00
  9.145059109715e-01    1.102050898603e-02   1.180925241223e+02   3.431074348171e+00
  9.178763718833e-01   -8.257348913411e-02   1.100816807149e+02   3.431074348171e+00
  9.165642910148e-01    1.211097373369e-02   1.181144444636e+02   5.693639974271e+00
  6.288734991115e-01   -2.766125884248e-02   1.127577860840e+02   5.693639974271e+00
  6.252167990495e-01    3.852462414275e-02   1.235087572185e+02   5.693639974271e+00
  8.019739631085e-01    1.318098651039e-02   1.181214485076e+02  -6.122623895485e+00
  9.142976975104e-01    1.161137910384e-02   1.180773167479e+02  -6.122623895485e+00
  9.132595118241e-01    1.117157508763e-01   1.262174806270e+02  -6.122623895485e+00
  9.206942715557e-01   -8.417743572837e-02   1.100247328276e+02  -8.350240550941e+00
  7.992138479466e-01    1.059955934310e-02   1.179451083519e+02  -8.350240550941e+00
  7.703652799341e-01   -8.946815937894e-02   1.094114628944e+02  -8.350240550941e+00
  4.302225127346e-01    6.522515507266e-03   1.179327732270e+02  -2.006614921202e+01
  4.098052510855e-01   -5.732531732957e-02   1.086507485143e+02  -2.006614921202e+01
  7.722418644815e-01   -8.991734021905e-02   1.092975800094e+02  -2.006614921202e+01
  8.915863037793e-01   -1.664718184785e-01   1.026918761536e+02  -6.775388667206e+00
  6.976175711798e-01   -1.688555496020e-01   1.012360364133e+02  -6.775388667206e+00
  8.082299792094e-01   -2.247712730681e-01   9.597542596222e+01  -6.775388667206e+00
  6.982652018702e-01   -1.687230065031e-01   1.011964920404e+02  -1.879957118105e+01
  4.100905147688e-01   -5.706441170922e-02   1.085555736109e+02  -1.879957118105e+01
  3.660967905705e-01   -1.032556138124e-01   9.996171723091e+01  -1.879957118105e+01
  9.161018976865e-01   -8.476838588658e-02   1.100468704764e+02   2.867529562124e+00
  8.941905983663e-01   -1.652132573480e-01   1.027074518545e+02   2.867529562124e+00
  5.824720017803e-01   -6.771052642910e-02   1.031056975430e+02   2.867529562124e+00
  9.197199269658e-01   -8.316052940013e-02   1.101049254555e+02  -6.323856076883e+00
  7.709259625187e-01   -9.052925032507e-02   1.093316813147e+02  -6.323856076883e+00
  8.901626509906e-01   -1.673679816996e-01   1.025724891558e+02  -6.323856076883e+00
  5.913973664938e-01   -2.034617172922e-01   9.419574902732e+01  -9.008305871889e+00
  8.102449670283e-01   -2.248851090636e-01   9.602810335622e+01  -9.008305871889e+00
  6.952855561269e-01   -1.689997727626e-01   1.011854398870e+02  -9.008305871889e+00
  9.189332846157e-01   -8.392461281338e-02   1.100777237403e+02   5.702233662140e+00
  5.783546707708e-01   -6.825412206669e-02   1.030560794368e+02   5.702233662140e+00
  6.297261081903e-01   -2.552231326327e-02   1.127854779281e+02   5.702233662140e+00
  8.931628689224e-01   -1.658290553668e-01   1.026880149130e+02   4.544806980876e+00
  7.603632168575e-01   -1.522192331023e-01   9.730079889770e+01   4.544806980876e+00
  5.829003001293e-01   -6.678092486340e-02   1.031067307272e+02   4.544806980876e+00
  8.920528470371e-01   -1.672760911393e-01   1.026263314136e+02  -8.984911244236e+00
  7.688872549965e-01   -9.098793773403e-02   1.092806843661e+02  -8.984911244236e+00
  6.976041619819e-01   -1.681854793059e-01   1.013000842361e+02  -8.984911244236e+00
  3.678805637926e-01   -1.035810877756e-01   9.989727520864e+01  -1.754885028718e+01
  5.906168695180e-01   -2.036136081123e-01   9.408803903763e+01  -1.754885028718e+01
  6.961212697718e-01   -1.686641299884e-01   1.012601864477e+02  -1.754885028718e+01
  4.208260620811e-01   -5.796153104071e-02   9.018663399232e+01   1.111391369407e+01
  1.637598111377e-03    5.062366027640e-04   9.020168643894e+01   1.111391369407e+01
  4.973352610807e-01   -7.318691921868e-02   9.541731704223e+01   1.111391369407e+01
  6.950171305141e-01   -2.217890310574e-01   9.046905063651e+01  -7.984686663714e+00
  5.891868459885e-01   -2.036707372527e-01   9.410113132368e+01  -7.984686663714e+00
  4.792535870933e-01   -1.812348627999e-01   8.856491973876e+01  -7.984686663714e+00
  2.364319257668e-03    1.458623589976e-03   1.178691813282e+02  -3.008587883537e+01
  1.335101442469e-03   -1.114610649381e-03   1.086089542801e+02  -3.008587883537e+01
  4.123369387966e-01   -5.598069012040e-02   1.085562049759e+02  -3.008587883537e+01
  5.426572657130e-01   -4.542156324070e-03   8.524833877943e+01  -1.927996418241e+00
  5.951349108511e-01   -1.431427587652e-01   8.677028727839e+01  -1.927996418241e+00
  3.956148364350e-01   -1.071725571870e-01   8.488767884525e+01  -1.927996418241e+00
  2.045475766927e-01   -6.113479574885e-02   8.346394732118e+01  -3.689436698229e+00
  3.624445143343e-01   -2.571448617167e-03   8.367891819068e+01  -3.689436698229e+00
  3.947640317841e-01   -1.070760426730e-01   8.488164183872e+01  -3.689436698229e+00
  6.931922916777e-01   -2.217653991039e-01   9.042263269089e+01  -6.208904376884e+00
  8.099276793993e-01   -2.245344370252e-01   9.607988178264e+01  -6.208904376884e+00
  5.913463674906e-01   -2.036666803655e-01   9.414619196903e+01  -6.208904376884e+00
  4.791861126835e-01   -1.811635235516e-01   8.852500353775e+01  -4.401491810329e+00
  5.944148560147e-01   -1.434931847509e-01   8.672082375181e+01  -4.401491810329e+00
  6.946616012434e-01   -2.215031679459e-01   9.050718778009e+01  -4.401491810329e+00
  7.700498081782e-01   -1.560784209071e-01   8.805156150976e+01  -1.907904670122e+00
  6.926609327529e-01   -2.206936221301e-01   9.046694576908e+01  -1.907904670122e+00
  5.973787091887e-01   -1.442143626645e-01   8.681830065662e+01  -1.907904670122e+00
  6.955106167456e-01   -2.216235448962e-01   9.051505246746e+01  -2.596887688217e+00
  7.790043966816e-01   -1.988897553883e-01   9.208104928557e+01  -2.596887688217e+00
  8.074378595538e-01   -2.241305338580e-01   9.603246688040e+01  -2.596887688217e+00
  7.697447844486e-01   -1.567826699031e-01   8.803892859459e+01   1.195344581475e-01
  5.975282422136e-01   -1.430872145736e-01   8.682052852829e+01   1.195344581475e-01
  7.156387662391e-01   -7.297257545251e-02   8.615743949582e+01   1.195344581475e-01
  4.775231288250e-01   -1.810976296253e-01   8.849302617311e+01  -5.764748422808e+00
  3.953572521936e-01   -1.074958150389e-01   8.490593011735e+01  -5.764748422808e+00
  5.956586352615e-01   -1.433864958306e-01   8.674952941279e+01  -5.764748422808e+00
  5.568040684712e-01   -4.714280640561e-02   8.487993757190e+01   4.557887734346e+00
  7.501773866479e-01   -6.439412995743e-02   8.465525542397e+01   4.557887734346e+00
  5.501716274732e-01   -2.125690309414e-02   8.148312805935e+01   4.557887734346e+00
  9.931189100788e-01    8.846035546527e-03   7.117181018712e+01  -5.999205076980e+00
  5.409496793780e-03    1.381287776148e-03   7.339735229651e+01  -5.999205076980e+00
  9.797472232539e-03   -1.104245675250e-03   6.535274090300e+01  -5.999205076980e+00
  7.674973715821e-01   -1.541109647018e-01   8.800365006864e+01   3.036088859956e+00
  8.294476954470e-01   -5.153062885436e-02   8.444665337126e+01   3.036088859956e+00
  7.511143487668e-01   -6.499079135433e-02   8.467912358596e+01   3.036088859956e+00
  7.659550299411e-01   -1.546583072675e-01   8.797922703906e+01  -1.179922000919e-01
  7.189551856246e-01   -7.460527331556e-02   8.622488850774e+01  -1.179922000919e-01
  8.307105300836e-01   -5.201683704432e-02   8.447125580832e+01  -1.179922000919e-01
  8.319252773607e-01   -5.123760777363e-02   8.448396442465e+01  -5.285734736088e-02
  8.336742100009e-01   -7.892343538642e-03   8.412318398746e+01  -5.285734736088e-02
  9.014862952818e-01    7.908548106348e-03   8.164093292377e+01  -5.285734736088e-02
  7.787750811221e-01   -1.990776080983e-01   9.207498857175e+01  -5.827362965636e-01
  6.953310048650e-01   -2.209931582831e-01   9.051162674268e+01  -5.827362965636e-01
  7.672432987079e-01   -1.554416298111e-01   8.798442274884e+01  -5.827362965636e-01
  8.274204625197e-01   -7.066696338648e-03   7.877563344289e+01   1.310247244647e+00
  8.317938572809e-01   -5.078006915932e-02   8.449946056516e+01   1.310247244647e+00
  9.026202737963e-01    7.454980631774e-03   8.163742139051e+01   1.310247244647e+00
  8.321383561840e-01   -5.355407434491e-02   8.447197275314e+01   6.296168279363e-01
  7.182966988851e-01   -7.250068212500e-02   8.622631846080e+01   6.296168279363e-01
  8.337410843231e-01   -6.175289842873e-03   8.412656557449e+01   6.296168279363e-01
  5.946589395961e-01   -1.422740553969e-01   8.676551037481e+01  -1.147197299343e+00
  5.437230543338e-01   -5.427620493673e-03   8.529453940267e+01  -1.147197299343e+00
  7.173895016954e-01   -7.329311299807e-02   8.621374708782e+01  -1.147197299343e+00
  7.039168296136e-01   -1.329305943026e-01   8.970129855331e+01   2.525205620701e+00
  7.705429148462e-01   -1.550466123213e-01   8.803609334638e+01   2.525205620701e+00
  7.487927570843e-01   -6.497870083319e-02   8.464289018110e+01   2.525205620701e+00
  7.790305488000e-01   -1.982939572514e-01   9.208033929743e+01   3.184959060207e+00
  7.043642540034e-01   -1.318275849660e-01   8.972777758844e+01   3.184959060207e+00
  6.953456509384e-01   -1.372167163999e-01   9.304680005637e+01   3.184959060207e+00
  7.774074196831e-01   -1.981420588197e-01   9.206516771961e+01   2.882722982316e+00
  7.688245213881e-01   -1.558646540221e-01   8.800621543055e+01   2.882722982316e+00
  7.057712152867e-01   -1.322749679683e-01   8.974771252784e+01   2.882722982316e+00
  7.623448379197e-01   -1.516733095650e-01   9.735690936100e+01   6.984389833793e+00
  6.955382149596e-01   -1.371197646058e-01   9.304855325438e+01   6.984389833793e+00
  4.980198053353e-01   -7.347841233702e-02   9.544081820021e+01   6.984389833793e+00
  6.954384273620e-01   -1.370054276518e-01   9.305704032879e+01   2.446493604674e+00
  7.625265561449e-01   -1.522939020101e-01   9.735341941821e+01   2.446493604674e+00
  7.790194689386e-01   -1.988629238550e-01   9.206513223246e+01   2.446493604674e+00
  4.207283733733e-01   -5.793475115769e-02   9.018864458172e+01   6.821242254279e+00
  4.970898565396e-01   -7.369916844613e-02   9.541454465377e+01   6.821242254279e+00
  6.964870997912e-01   -1.368503823228e-01   9.306893985524e+01   6.821242254279e+00
  7.638972348341e-01   -1.516310685976e-01   9.735861508885e+01   6.574266951500e+00
  4.962567078195e-01   -7.360470028336e-02   9.542099135531e+01   6.574266951500e+00
  5.766603689755e-01   -6.701731098795e-02   1.030399790043e+02   6.574266951500e+00
  6.947128433836e-01   -1.367874050969e-01   9.305502551725e+01   6.740632071848e+00
  7.056786068248e-01   -1.317184074210e-01   8.973626202890e+01   6.740632071848e+00
  4.227416311430e-01   -5.812168372097e-02   9.021260202373e+01   6.740632071848e+00
  7.769768915275e-01   -1.990289658442e-01   9.202446906744e+01   1.173923411776e+00
  7.649955969088e-01   -1.522734824941e-01   9.739158563251e+01   1.173923411776e+00
  8.103703934404e-01   -2.236878152402e-01   9.608193449742e+01   1.173923411776e+00
  5.581471607545e-01   -4.633226231601e-02   8.490750710689e+01   5.198982714889e+00
  7.032492624026e-01   -1.316212330962e-01   8.970661204580e+01   5.198982714889e+00
  7.490613078630e-01   -6.575982229114e-02   8.464328123599e+01   5.198982714889e+00
  5.257638855904e-01   -7.757602501614e-03   7.858766152688e+01   7.677987441570e+00
  2.255481446171e-03    3.995604632844e-04   7.826214090474e+01   7.677987441570e+00
  5.503884864432e-01   -2.121002650267e-02   8.150214578860e+01   7.677987441570e+00
  5.254813960807e-01   -7.736342823451e-03   7.855687880926e+01   4.265079512164e+00
  8.257878615673e-01   -6.724443103995e-03   7.873476748264e+01   4.265079512164e+00
  7.243822287117e-01   -9.841391543950e-03   7.375882869066e+01   4.265079512164e+00
  2.206229296479e-03   -4.108648036284e-04   8.486848499664e+01   7.882198048071e+00
  5.526638025042e-01   -2.153838653581e-02   8.148460903835e+01   7.882198048071e+00
  4.770561193455e-04    4.061348195094e-04   7.824888954238e+01   7.882198048071e+00
  7.095877786235e-01    6.885790591303e-03   4.901751410851e-03   2.338511343281e+00
  8.407518851142e-01    8.185266441254e-03   5.510104099643e+00   2.338511343281e+00
  9.513339067108e-01    2.374093523022e-03   5.628571620080e-02   2.338511343281e+00
 -9.221658339772e-04   -1.106211018241e-03   1.446538593099e+02   9.299665706408e+00
  3.718075100590e-01    6.339996947439e-02   1.433777169998e+02   9.299665706408e+00
  1.481223408208e-03    6.207781603367e-04   1.428211019131e+02   9.299665706408e+00
  8.339879022783e-01   -1.084011425127e-02   6.560927595287e+01  -6.361380544414e+00
  9.857508366493e-01    8.072102387398e-03   7.115383998327e+01  -6.361380544414e+00
  1.452717679659e-02   -1.280142111955e-03   6.535342393631e+01  -6.361380544414e+00
  5.564724417223e-01   -4.694121388941e-02   8.486958838443e+01   6.650283443283e+00
  4.219757203976e-01   -5.876384689121e-02   9.018801895128e+01   6.650283443283e+00
  7.058030326788e-01   -1.310570643215e-01   8.973248097582e+01   6.650283443283e+00
  9.851847905474e-01    1.957218566859e-03   2.996251898816e+01   1.113085219869e-01
  9.044649020072e-01   -4.593432393450e-03   2.508617110095e+01   1.113085219869e-01
  8.673008436654e-01    4.551878482887e-03   2.409219699906e+01   1.113085219869e-01
 -6.171276392127e-04    2.154191091087e-04   9.015345193970e+01   1.248035163688e+01
  3.454259196359e-03   -5.866119847936e-05   1.004422398861e+02   1.248035163688e+01
  5.006052467176e-01   -7.298932151084e-02   9.543155506422e+01   1.248035163688e+01
  9.356052450597e-01   -4.451470824687e-03   6.658165070940e+01   6.647643179365e+00
  1.609654142085e-02   -1.268518464311e-03   7.300260922149e+01   6.647643179365e+00
  7.178482487233e-01   -1.010746398926e-02   7.371138398085e+01   6.647643179365e+00
  8.112713214310e-01   -2.238617422320e-01   9.609947833621e+01  -6.955699057093e-01
  7.639940290522e-01   -1.521900162062e-01   9.737904931133e+01  -6.955699057093e-01
  8.884930194011e-01   -1.664653000334e-01   1.026319649146e+02  -6.955699057093e-01
  8.345756542885e-01   -7.444544206153e-03   8.415759284805e+01  -2.876891648584e-01
  7.167083914652e-01   -7.125400515404e-02   8.620485291504e+01  -2.876891648584e-01
  7.032089796247e-01    5.773134047134e-02   8.622794401365e+01  -2.876891648584e-01
  4.077826588459e-03   -1.059915758917e-03   1.004965536007e+02   1.307003231321e+01
  6.302229029615e-01   -2.765578764395e-02   1.127639318273e+02   1.307003231321e+01
  5.762199170251e-01   -6.605597532733e-02   1.030581613356e+02   1.307003231321e+01
  9.750042349224e-01    8.793387291430e-03   7.102868674469e+01   1.728911747134e+00
  7.351026083114e-01   -9.881507454165e-03   7.373959504705e+01   1.728911747134e+00
  9.148256086841e-01    1.761801943742e-03   7.865958774631e+01   1.728911747134e+00
  8.434609239988e-01    7.726032330864e-02   1.102913398063e+02  -5.145406304489e+00
  8.354787525926e-01   -6.514850002698e-03   1.185742311722e+02  -5.145406304489e+00
  4.961961416867e-01    2.315746439224e-02   1.128881209082e+02  -5.145406304489e+00
  8.789828488288e-03    3.855955358145e-04   5.045806591442e+00   6.377737278671e+00
  8.431389380180e-01    8.136140295724e-03   5.473197196289e+00   6.377737278671e+00
  7.091675436809e-01    6.988626288896e-03  -2.358642649790e-02   6.377737278671e+00
  9.124629518373e-01    1.899726383595e-03   7.863610692064e+01   1.175529340443e+00
  8.276425525337e-01   -7.299274611294e-03   7.876656955745e+01   1.175529340443e+00
  9.019204105176e-01    7.318452094102e-03   8.163280528841e+01   1.175529340443e+00
  1.093154487131e+00    7.889981160250e-03   1.913522381137e+01   4.867231912341e+00
  9.011600043679e-01    1.400497417487e-02   1.142177881482e+01   4.867231912341e+00
  3.468360813762e-02   -6.695946331522e-04   1.764983747255e+01   4.867231912341e+00
  9.175371690133e-01    1.697092509113e-03   7.866824705113e+01   1.371092377090e+00
  7.309353932177e-01   -9.796556353759e-03   7.375429389731e+01   1.371092377090e+00
  8.224634860980e-01   -6.862848214991e-03   7.876715841235e+01   1.371092377090e+00
  7.244998445343e-01   -9.611571499427e-03   7.363367213215e+01   1.465108946708e+00
  9.819709116840e-01    7.849864086705e-03   7.101477908300e+01   1.465108946708e+00
  9.286359096389e-01   -4.553640475063e-03   6.654047588296e+01   1.465108946708e+00
  9.009263384492e-01    7.594836871500e-03   8.163229124135e+01  -2.693332398296e+00
  7.963106180433e-01    4.276754002248e-02   8.426394306848e+01  -2.693332398296e+00
  6.914574994060e-01    5.507063195707e-02   8.475554832911e+01  -2.693332398296e+00
  7.770225123251e-01    1.475207317308e-02   7.838699291614e+01  -1.982836201396e+00
  9.136151337869e-01    1.517310375723e-03   7.863566680676e+01  -1.982836201396e+00
  9.002313377330e-01    7.977246243303e-03   8.165625382937e+01  -1.982836201396e+00
  6.905471673022e-01    5.430086554599e-02   8.476831587013e+01  -4.253059437631e+00
  4.810690421378e-01    1.891156284308e-02   8.176749623684e+01  -4.253059437631e+00
  9.029594208244e-01    8.465439617199e-03   8.163823970953e+01  -4.253059437631e+00
  8.991331308740e-04   -5.917293000900e-04   8.118008572515e+01  -8.109825928345e+00
  4.869957124217e-01    3.501365064186e-02   8.464835689094e+01  -8.109825928345e+00
  1.121327919406e-03    1.999855749493e-04   8.485041918473e+01  -8.109825928345e+00
  4.846246502544e-01    3.491123325768e-02   8.463954787424e+01  -8.153543951048e+00
  2.593604581903e-03   -7.308782616630e-04   8.119621904908e+01  -8.153543951048e+00
  4.755974047987e-01    1.821507592679e-02   8.172815260601e+01  -8.153543951048e+00
  8.253791804065e-01   -6.093544612314e-03   7.876250596633e+01   2.219985601948e+00
  7.477118186469e-01   -6.376353659594e-02   8.462810966045e+01   2.219985601948e+00
  8.327923910882e-01   -5.159936068400e-02   8.450213539367e+01   2.219985601948e+00
  5.251778471549e-01   -7.657582294716e-03   7.857699426441e+01   4.518019332172e+00
  5.502824955902e-01   -2.154999310244e-02   8.152283898006e+01   4.518019332172e+00
  8.270322561348e-01   -6.730146675308e-03   7.875178162060e+01   4.518019332172e+00
  8.407025874614e-01    7.192313355490e-03   5.533230400132e+00   7.329090711210e-01
  9.055623910736e-01    1.478956618990e-02   1.175574513511e+01   7.329090711210e-01
  9.523796394240e-01    1.228725163152e-02   7.263944246891e+00   7.329090711210e-01
  1.346857773781e-02    6.680466371113e-04   5.862510241376e+01   6.303135109909e+00
  9.642844026525e-01   -1.695816950456e-02   5.323549866198e+01   6.303135109909e+00
  6.452093832157e-04    5.697222099984e-04   5.215826853969e+01   6.303135109909e+00
  2.599785266177e-02   -4.428877227690e-04   5.923886527406e+01  -5.096836237674e+00
  1.089551275104e+00   -1.177548627512e-02   5.961507983540e+01  -5.096836237674e+00
  8.353792198951e-01   -1.021727664092e-02   6.582127588069e+01  -5.096836237674e+00
  1.080772631090e+00   -1.198187607015e-02   5.963903491788e+01   5.031860462947e+00
  2.757368834017e-02    5.426692722238e-04   5.902824550296e+01   5.031860462947e+00
  9.332777311749e-01   -3.753712980577e-03   6.687655236772e+01   5.031860462947e+00
  8.600878743663e-01    6.663618731041e-04   3.413555114143e+01  -1.322490083424e+00
  1.001376129143e+00    3.332677269088e-03   3.761431851179e+01  -1.322490083424e+00
  8.581041814324e-01    1.006722228780e-02   4.124166888746e+01  -1.322490083424e+00
  8.678682618193e-01    4.835039098735e-03   2.410547058446e+01   6.307784865276e+00
 -3.073640191193e-04   -1.001233375950e-04   2.402733862112e+01   6.307784865276e+00
  1.041737977089e-02    4.447884165273e-04   3.019417689770e+01   6.307784865276e+00
  7.631316691156e-01   -1.333392653371e-02   4.779333827907e+01  -1.724881287674e+00
  9.982198428284e-01   -1.325348216049e-02   4.545411099497e+01  -1.724881287674e+00
  9.642847550272e-01   -2.081278262738e-02   5.355176300085e+01  -1.724881287674e+00
  9.928009764296e-01    2.710180077901e-03   3.724150371382e+01   4.895626925449e+00
  3.211032053225e-02   -1.575731529269e-03   4.530906150117e+01   4.895626925449e+00
  1.007244728801e+00   -1.260972300729e-02   4.541881773824e+01   4.895626925449e+00
  8.539902467287e-01    5.764821232338e-04   3.405465330147e+01  -1.400015082412e+00
  8.920140977625e-01   -4.184661302512e-03   2.505957506508e+01  -1.400015082412e+00
  9.936395036163e-01    1.295848552224e-03   2.993597126810e+01  -1.400015082412e+00
  1.009493152581e+00   -1.411470542618e-02   4.559943015675e+01   4.755394177877e+00
  2.936222142617e-02   -2.289929259126e-04   4.562889259457e+01   4.755394177877e+00
  9.555098974606e-01   -1.873134293281e-02   5.369987732215e+01   4.755394177877e+00
  9.616689556266e-01    1.092377247770e-02   7.261815325406e+00  -6.220969774877e+00
  9.553013820848e-03    7.138557883548e-04   1.212531427568e+01  -6.220969774877e+00
  6.150019232701e-03   -9.928656382604e-04   4.528893638283e+00  -6.220969774877e+00
  1.119300889242e-02   -8.362662390786e-04   1.115145406722e+01   6.104542044479e+00
  9.052594112444e-01    1.324318560048e-02   1.169253702094e+01   6.104542044479e+00
  8.420099314138e-01    7.722866663517e-03   5.491909376337e+00   6.104542044479e+00
  5.287709249623e-03   -4.330944307169e-04   1.115795992661e+01   6.444470545535e+00
  8.482086012992e-01    7.910730536372e-03   5.478359146442e+00   6.444470545535e+00
  4.325725453400e-03    4.369587714079e-04   5.086579309339e+00   6.444470545535e+00
  9.458200912090e-01    2.111265884378e-03   5.576672265739e-02   8.313000268580e-01
  8.462963054240e-01    8.326923798625e-03   5.483453267805e+00   8.313000268580e-01
  9.461155297758e-01    1.059978962375e-02   7.248801595982e+00   8.313000268580e-01
 -6.129335291515e-04    2.305810393119e-04   2.385835547746e+01   6.305032547413e+00
  8.664920687637e-01    4.614633585780e-03   2.440141242379e+01   6.305032547413e+00
  1.482027433966e-02    4.644817933818e-05   1.805189496402e+01   6.305032547413e+00
  9.133214989627e-01    1.571484195452e-02   1.175333470668e+01  -6.209584833030e-01
  1.073849074241e+00    7.552539966433e-03   1.924969642769e+01  -6.209584833030e-01
  8.326449970453e-01    2.174502376521e-02   1.400822994937e+01  -6.209584833030e-01
  9.117221010324e-01    1.293078970087e-02   1.156616803898e+01   6.170571031144e+00
  3.460181188942e-03   -7.277555201406e-04   1.126011887463e+01   6.170571031144e+00
  1.511327574599e-02   -4.529029490165e-04   1.762505707906e+01   6.170571031144e+00
  9.163880344951e-01    1.583234596284e-02   1.173919896361e+01  -5.947023170643e-01
  8.310182596995e-01    2.183983337848e-02   1.383370837114e+01  -5.947023170643e-01
  9.449760439020e-01    1.239652489418e-02   7.177258168571e+00  -5.947023170643e-01
  2.938961597307e-03    4.086282101449e-04   1.210324222293e+01  -6.872804537695e+00
  8.310600632816e-01    2.005248622983e-02   1.375018441531e+01  -6.872804537695e+00
  6.719840161140e-03   -7.268292239741e-04   1.840393304197e+01  -6.872804537695e+00
  2.037433133342e-02   -1.334945023523e-03   1.844635712418e+01  -5.737824728984e+00
  8.238616849376e-01    2.029325836734e-02   1.370357100525e+01  -5.737824728984e+00
  1.080705596568e+00    6.780962250647e-03   1.915598911380e+01  -5.737824728984e+00
  9.450208761624e-01   -4.284664307771e-03   6.663646731178e+01   6.518753385402e+00
  1.949302012881e-03    6.302706985603e-04   6.599345414660e+01   6.518753385402e+00
  8.861420195557e-03   -7.702825321174e-04   7.296233110328e+01   6.518753385402e+00
  8.427790452254e-01   -9.832930463370e-03   6.566650461133e+01  -6.966109543044e-01
  9.385169305868e-01   -4.207220177658e-03   6.659661307254e+01  -6.966109543044e-01
  9.737365347321e-01    7.532568017812e-03   7.115944507291e+01  -6.966109543044e-01
  3.361561905893e-03    1.575753776984e-04   5.181784774439e+01  -6.620468493817e+00
  8.505991628340e-01   -1.994064496836e-02   5.374811905791e+01  -6.620468493817e+00
  9.180006484291e-03    1.452344033731e-04   5.902379193290e+01  -6.620468493817e+00
  9.365794559393e-01   -3.823562211999e-03   6.659017431314e+01  -9.668760133081e-01
  8.456323087371e-01   -9.789900663761e-03   6.552500776884e+01  -9.668760133081e-01
  1.073168542459e+00   -1.171449757586e-02   5.956869952164e+01  -9.668760133081e-01
  8.427848477330e-01   -1.105550668216e-02   6.571023655334e+01  -6.400718317635e+00
  2.826929206886e-03   -7.485144825887e-04   6.534875462329e+01  -6.400718317635e+00
  1.050700318681e-02   -2.564219793829e-04   5.929199274401e+01  -6.400718317635e+00
  8.983878959612e-03   -2.976336985561e-04   1.869089317939e+01  -6.858379346752e+00
  9.058327602858e-01   -4.544847879662e-03   2.510305578189e+01  -6.858379346752e+00
  9.995813477737e-04    3.194886816542e-05   2.620049743372e+01  -6.858379346752e+00
  1.405865414453e-03    3.042144570336e-04   6.590360853259e+01   6.510644809274e+00
  9.438237174370e-01   -3.597660160487e-03   6.678266515719e+01   6.510644809274e+00
  1.263113640344e-02    3.532462075303e-04   5.905095343508e+01   6.510644809274e+00
  8.692629567419e-01    4.343710925733e-03   2.418470919458e+01   5.481609660745e-01
  9.008980470403e-01   -4.714473967496e-03   2.487132675285e+01   5.481609660745e-01
  1.073131671863e+00    6.283630958701e-03   1.909232265621e+01   5.481609660745e-01
  3.237033697663e-02    2.603131144155e-05   1.798229239519e+01   4.440356784167e+00
  8.564700888749e-01    4.248760874524e-03   2.458552225399e+01   4.440356784167e+00
  1.094681160844e+00    7.092043119837e-03   1.919504431841e+01   4.440356784167e+00
  8.601538897208e-01    4.646742794370e-03   2.393599368965e+01   4.935833437694e+00
  2.373256853712e-02    1.053019016944e-03   3.024450292406e+01   4.935833437694e+00
  9.934852278892e-01    2.558235799464e-03   2.986253625942e+01   4.935833437694e+00
  8.606303887884e-01    1.124335419380e-03   3.413694467270e+01  -6.766490391451e+00
  8.587196768610e-01    9.349974390702e-03   4.123189794490e+01  -6.766490391451e+00
  1.286553205616e-02   -7.741931951240e-05   3.925561329320e+01  -6.766490391451e+00
  1.006280737859e+00    2.774941735847e-03   3.770689657169e+01   5.921349841192e+00
  1.432519438601e-02    7.056973928742e-04   3.056004591006e+01   5.921349841192e+00
  2.000253365375e-03   -3.115977032360e-04   3.786080310777e+01   5.921349841192e+00
  1.689974841907e-03   -1.482983578844e-04   2.623120372677e+01  -6.852826837505e+00
  9.032053581865e-01   -4.106562546299e-03   2.506734448384e+01  -6.852826837505e+00
  7.723402123464e-03    3.257848085920e-04   3.251200940680e+01  -6.852826837505e+00
  8.472050219911e-01   -2.122689423872e-02   5.405526580967e+01  -1.247144420945e+00
  9.590266303110e-01   -1.973482293341e-02   5.342186552301e+01  -1.247144420945e+00
  1.070771825972e+00   -1.199544626490e-02   5.953484485701e+01  -1.247144420945e+00
  2.708158712035e-02   -1.842286719936e-05   5.902019656880e+01  -5.381302268581e+00
  8.390728596855e-01   -2.001447368930e-02   5.366280494101e+01  -5.381302268581e+00
  1.088111287520e+00   -1.222008785219e-02   5.954601727359e+01  -5.381302268581e+00
  8.256134576399e-03    5.498943225348e-04   5.172699154425e+01  -6.717838063129e+00
  7.494187427580e-01   -1.189685999939e-02   4.796855833933e+01  -6.717838063129e+00
  8.459206363252e-01   -2.063476598861e-02   5.382809068025e+01  -6.717838063129e+00
  7.522041535656e-01   -1.034701072460e-02   4.803398528959e+01  -7.307424702972e+00
  2.364287113186e-03   -1.340869589883e-05   5.171526280568e+01  -7.307424702972e+00
  2.974252339954e-03    6.446667226308e-04   4.632803245351e+01  -7.307424702972e+00
  4.605144586195e-03   -3.223673051363e-04   3.923093630895e+01  -6.850352695379e+00
  8.663961645631e-01    9.505315607485e-03   4.124599018271e+01  -6.850352695379e+00
  5.128819430883e-03    2.675333963773e-04   4.631549007204e+01  -6.850352695379e+00
  8.633107191618e-01    1.081361179619e-02   4.136566141241e+01  -1.195782996415e+00
  9.939035107159e-01    3.319592118086e-03   3.743042531203e+01  -1.195782996415e+00
  1.000459366087e+00   -1.199587669071e-02   4.539347538991e+01  -1.195782996415e+00
  1.569652642098e-02   -1.015270474497e-03   4.524576048609e+01   5.922369701563e+00
  1.005663559942e+00    2.113592414483e-03   3.741480265635e+01   5.922369701563e+00
  1.850330285425e-03    1.505226973322e-05   3.803204518964e+01   5.922369701563e+00
  1.959359713595e-04    1.049367506101e-03   5.199916800757e+01   6.310574231428e+00
  9.648439167810e-01   -1.742988332640e-02   5.350526881047e+01   6.310574231428e+00
  1.344828435352e-02   -3.858662261019e-05   4.566586257548e+01   6.310574231428e+00
  8.577898255506e-01    9.995362362340e-03   4.128789654926e+01  -6.835082501396e+00
  7.438548999084e-01   -1.029445131410e-02   4.804335643537e+01  -6.835082501396e+00
  1.206559783608e-02    8.214416577806e-04   4.633404864311e+01  -6.835082501396e+00
  8.543662116122e-01    1.079172681290e-02   4.132305919821e+01  -2.196734748929e+00
  1.007015042810e+00   -1.274528530388e-02   4.536998416203e+01  -2.196734748929e+00
  7.469255774729e-01   -1.156460251611e-02   4.795757060884e+01  -2.196734748929e+00
  8.662951689016e-01    1.272112914718e-03   3.412452460613e+01  -6.762731735158e+00
  5.811477997332e-03    6.862506265522e-05   3.926469684257e+01  -6.762731735158e+00
  4.533896758294e-03    1.794195059118e-04   3.248453492692e+01  -6.762731735158e+00
  8.944930085095e-01   -4.107335210525e-03   2.505644388722e+01  -6.622386752990e+00
  8.536735813352e-01    8.656949067980e-04   3.407392459103e+01  -6.622386752990e+00
  1.561691679647e-02    4.764977470796e-04   3.250911614682e+01  -6.622386752990e+00
  9.935886629558e-01    3.071569366742e-03   3.777101743615e+01  -1.206208321091e+00
  8.659457275505e-01    2.610925032639e-04   3.404383644597e+01  -1.206208321091e+00
  9.850693894749e-01    1.556006491946e-03   2.996840212714e+01  -1.206208321091e+00
