
  1.778895927209e-03   -2.134503736591e-03   2.228518598467e+02  -1.257602379611e+01
  5.686195968227e-01   -1.942427543254e-03   2.245445441959e+02  -1.257602379611e+01
 -3.046421240216e-04    8.718271809418e-04   2.234754328021e+02  -1.257602379611e+01
  6.871128873635e-01   -9.760474354095e-02   2.062360504706e+02  -2.284222793323e+01
 -5.270614531821e-04   -6.257244302448e-06   2.147576482127e+02  -2.284222793323e+01
  1.936686699827e-03    3.650804977653e-05   2.059320151569e+02  -2.284222793323e+01
  5.681647099438e-01    1.223453355341e-03   2.245608420204e+02  -1.316836082160e+01
  9.250683171309e-01   -1.931082483439e-01   2.242093655749e+02  -1.316836082160e+01
  9.934423118595e-01   -2.477740126263e-03   2.275077909617e+02  -1.316836082160e+01
  9.287680497269e-01   -1.914788221721e-01   2.241536167867e+02  -1.246663506698e+01
  5.651353045374e-01   -4.495107688393e-04   2.246455469450e+02  -1.246663506698e+01
  4.330839783157e-01   -7.678617621411e-02   2.222837829869e+02  -1.246663506698e+01
  1.153582491061e+00   -2.382835181292e-01   2.292753274214e+02  -8.766265271503e+00
  9.938482462446e-01   -2.375367675506e-03   2.276101180696e+02  -8.766265271503e+00
  9.255841508145e-01   -1.947439920374e-01   2.241480116442e+02  -8.766265271503e+00
  1.454007373541e+00    1.508613310418e-02   1.109241120914e+01  -9.654320172824e+00
  1.966177986803e-02   -1.270347677109e-03   6.888279382090e+00  -9.654320172824e+00
  1.067659071970e+00   -1.505074344440e-02  -6.867136459114e-02  -9.654320172824e+00
  4.341336297312e-01   -7.557589458123e-02   2.222682267400e+02  -1.205962926726e+01
  8.873287258028e-01   -2.125447799605e-01   2.199229119885e+02  -1.205962926726e+01
  9.286818347734e-01   -1.926911524816e-01   2.241300788266e+02  -1.205962926726e+01
  1.379487740289e+00    1.325261477132e-02   1.255201469338e+02  -5.476916083364e+00
  7.338094954543e-01    2.944361022599e-02   1.257030480576e+02  -5.476916083364e+00
  1.182042361495e+00    2.221855127408e-02   1.205262616481e+02  -5.476916083364e+00
  5.351875953719e-01   -1.042711220921e-01   2.165647151830e+02  -1.151623113676e+01
  6.876340646353e-01   -9.815324398641e-02   2.062276485338e+02  -1.151623113676e+01
  1.004230583164e+00   -2.388758238170e-01   2.140075083074e+02  -1.151623113676e+01
  1.930600457699e-03    4.358466964492e-04   2.204593296555e+02  -1.647192670574e+01
  5.334923205969e-01   -1.037396511793e-01   2.166001664659e+02  -1.647192670574e+01
  4.326840652650e-01   -7.616728459778e-02   2.223243075584e+02  -1.647192670574e+01
  8.885792648925e-01   -2.127167728959e-01   2.199043744190e+02  -5.952512345278e+00
  1.002440349538e+00   -2.401840331917e-01   2.140157467684e+02  -5.952512345278e+00
  1.091782010322e+00   -3.206443202923e-01   2.222514233989e+02  -5.952512345278e+00
  1.002295182162e+00   -2.390164641944e-01   2.140207203846e+02  -1.235974436122e+01
  8.885291759390e-01   -2.129607606059e-01   2.199121724538e+02  -1.235974436122e+01
  5.372563699627e-01   -1.041356499057e-01   2.165315754556e+02  -1.235974436122e+01
  1.163611098422e+00   -3.633732218636e-01   2.163546773844e+02  -3.840690864952e+00
  1.088778924336e+00   -3.208542337621e-01   2.223193637695e+02  -3.840690864952e+00
  1.006259942395e+00   -2.401598074798e-01   2.139531807815e+02  -3.840690864952e+00
  8.884019662440e-01   -2.130331732379e-01   2.199082487216e+02  -7.548746157766e+00
  1.091935676274e+00   -3.199075040526e-01   2.222515867112e+02  -7.548746157766e+00
  9.268418490849e-01   -1.931347726443e-01   2.241701763459e+02  -7.548746157766e+00
  1.164797154564e+00   -3.636976829076e-01   2.163174901420e+02  -9.793842948529e-01
  1.005022934125e+00   -2.399140606671e-01   2.139861535655e+02  -9.793842948529e-01
  1.248874398714e+00   -2.717297854515e-01   2.061628167967e+02  -9.793842948529e-01
  5.351319184984e-01   -1.046282593332e-01   2.165850029994e+02  -1.183865729003e+01
  8.898614359256e-01   -2.124489136331e-01   2.198839261426e+02  -1.183865729003e+01
  4.315547481061e-01   -7.558734459874e-02   2.223348450408e+02  -1.183865729003e+01
  2.033403139003e-03   -5.756212160341e-04   1.794350311761e+02  -2.516534163624e+01
  1.176804464911e-03    1.029892081184e-03   1.540410221288e+02  -2.516534163624e+01
  7.575051508811e-01    3.600084341507e-02   1.734379743918e+02  -2.516534163624e+01
  1.150610189276e+00   -2.388931081973e-01   2.292653728494e+02  -7.607535810198e+00
  9.287206951237e-01   -1.936292585366e-01   2.241264277723e+02  -7.607535810198e+00
  1.089645733772e+00   -3.199715269741e-01   2.222803628409e+02  -7.607535810198e+00
  1.279778730507e+00   -4.915088387007e-03   2.327141493670e+02  -4.918515609809e+00
  1.147124878488e+00   -2.365645242295e-01   2.292659978606e+02  -4.918515609809e+00
  1.186129363643e+00   -1.046002523477e-01   2.343592515094e+02  -4.918515609809e+00
  1.276758743393e+00   -1.305614224653e-03   2.326639257788e+02  -1.088718704024e+01
  9.966840159962e-01   -1.304831435016e-03   2.275825979249e+02  -1.088718704024e+01
  1.150142597826e+00   -2.382657897992e-01   2.293120626507e+02  -1.088718704024e+01
  1.281377012159e+00   -4.870829194868e-03   2.327600542072e+02  -5.103994597612e+00
  1.185140137613e+00   -1.034206236393e-01   2.343567203171e+02  -5.103994597612e+00
  1.418972438185e+00    1.698145315469e-03   2.366057179444e+02  -5.103994597612e+00
  1.180801262125e+00   -1.000356339385e-01   2.343623443515e+02  -2.810079350397e+00
  1.153566824270e+00   -2.401592230138e-01   2.292448203940e+02  -2.810079350397e+00
  9.566751556594e-01   -2.254462966562e-01   2.318638738430e+02  -2.810079350397e+00
  9.158739681527e-01    1.725085288409e-02   2.344656880003e+02   3.875380944419e-01
  1.183672936615e+00   -1.004639861985e-01   2.342673369999e+02   3.875380944419e-01
  9.520095839072e-01   -2.237559838057e-01   2.319369397035e+02   3.875380944419e-01
  1.182300254714e+00   -9.679287147604e-02   2.343263651493e+02  -1.643764943460e+00
  1.201151876844e+00    1.242505502436e-01   2.342240222343e+02  -1.643764943460e+00
  1.420212857600e+00   -4.393764723771e-03   2.365984256110e+02  -1.643764943460e+00
  1.153534147377e+00   -2.392861888928e-01   2.292262241233e+02   5.331445768092e-01
  1.037342892906e+00   -3.575785669785e-01   2.254665557472e+02   5.331445768092e-01
  9.566223440402e-01   -2.270810053818e-01   2.318737390045e+02   5.331445768092e-01
  8.025530401795e-01   -1.178743047851e-02   1.207870625091e+02   1.024801469981e+01
  1.105044436441e+00   -1.583031320387e-02   1.134245611496e+02   1.024801469981e+01
  1.202603994509e-02   -1.173861953233e-03   1.121497486963e+02   1.024801469981e+01
  7.405190168693e-01   -2.937333027547e-01   2.285584837833e+02   1.071327702208e+01
  1.041423245387e+00   -3.592750911553e-01   2.254742872127e+02   1.071327702208e+01
  8.805531978309e-01   -3.316568790690e-01   2.194817027548e+02   1.071327702208e+01
  1.041870186836e+00   -3.580369376713e-01   2.254116391048e+02  -1.855227241472e+00
  1.148512247081e+00   -2.383265485650e-01   2.293087544913e+02  -1.855227241472e+00
  1.091893051202e+00   -3.211247271790e-01   2.222481039539e+02  -1.855227241472e+00
  3.298005263782e-01   -9.228061229755e-02   2.365753672354e+02   1.183975134528e+01
  6.386415364069e-01   -1.670616688412e-01   2.346386478028e+02   1.183975134528e+01
  3.858936598928e-01   -1.722561907095e-01   2.311618907492e+02   1.183975134528e+01
  6.381398016696e-01   -1.663235488526e-01   2.345679247900e+02   7.730467985729e+00
  9.533166591869e-01   -2.253456619227e-01   2.319593834233e+02   7.730467985729e+00
  7.374961546844e-01   -2.935301549558e-01   2.286735448080e+02   7.730467985729e+00
  7.390363675722e-01   -2.933383059440e-01   2.286096209186e+02   1.316878594741e+01
  3.879505824178e-01   -1.726002704972e-01   2.311291068807e+02   1.316878594741e+01
  6.368862872112e-01   -1.669146593037e-01   2.346630263933e+02   1.316878594741e+01
  6.382521400572e-01   -1.658124548453e-01   2.345942689512e+02   1.594053209043e+00
  9.138490751029e-01    1.860271941272e-02   2.345412562507e+02   1.594053209043e+00
  9.529379910338e-01   -2.250015487091e-01   2.319312138343e+02   1.594053209043e+00
  1.163130263497e+00   -3.647127970914e-01   2.163461682665e+02   7.581087413127e+00
  8.840876151298e-01   -3.316765285627e-01   2.194136943346e+02   7.581087413127e+00
  1.038376980592e+00   -3.592307857834e-01   2.255442576316e+02   7.581087413127e+00
  7.401715474250e-01   -2.935450435913e-01   2.286206235721e+02   4.683616958991e+00
  9.513304006406e-01   -2.256606114410e-01   2.320077049224e+02   4.683616958991e+00
  1.041079716798e+00   -3.588993214101e-01   2.254124254114e+02   4.683616958991e+00
  1.158935251687e+00   -3.640447978928e-01   2.164214425813e+02   1.726176505966e+00
  1.042127715894e+00   -3.590451684219e-01   2.253994693943e+02   1.726176505966e+00
  1.092242017640e+00   -3.206745944496e-01   2.222443799970e+02   1.726176505966e+00
  6.371581981837e-01   -1.655710838949e-01   2.345998961175e+02   4.840186031705e+00
  3.305810337537e-01   -9.328822571215e-02   2.366217872613e+02   4.840186031705e+00
  6.049498254934e-01    1.396889496156e-02   2.367265833514e+02   4.840186031705e+00
  1.255686005325e+00   -2.708091662495e-01   2.060681994730e+02  -8.394914341299e+00
  9.996221337699e-01   -2.397230828591e-01   2.141064446984e+02  -8.394914341299e+00
  6.958532291402e-01   -9.779416510954e-02   2.061101097526e+02  -8.394914341299e+00
  1.441925378532e+00    1.546055457523e-02   1.114478735583e+01  -3.809086968003e+00
  1.073113515354e+00   -1.485137434828e-02   7.528609717706e-03  -3.809086968003e+00
  1.450584985190e+00    3.535761388880e-03   1.365963848505e-01  -3.809086968003e+00
  1.279462420830e+00   -1.457386076639e-01   1.947963114747e+02  -7.898171600736e+00
  7.476297877330e-01   -4.263995140167e-02   1.909056406119e+02  -7.898171600736e+00
  1.274684967525e+00   -1.474017245363e-02   1.821580949718e+02  -7.898171600736e+00
  1.276623303544e+00   -1.488662635382e-01   1.948586406791e+02  -6.087605399393e+00
  1.257320122851e+00   -2.698634785312e-01   2.060251755858e+02  -6.087605399393e+00
  6.950157421649e-01   -9.925127529665e-02   2.061331408293e+02  -6.087605399393e+00
  1.163631574443e+00   -3.652063048069e-01   2.164355609712e+02   1.202524527414e+01
  1.021261918459e+00   -2.795957075231e-01   2.081779953850e+02   1.202524527414e+01
  8.841922186538e-01   -3.313534355456e-01   2.193281628261e+02   1.202524527414e+01
  1.024947633700e+00   -2.794964272873e-01   2.081012529927e+02   8.638126097836e+00
  1.160369453136e+00   -3.649103579357e-01   2.165164631977e+02   8.638126097836e+00
  1.253775829020e+00   -2.719430433892e-01   2.060632936672e+02   8.638126097836e+00
  1.122503872690e+00   -1.637084556275e-01   1.955310466395e+02   1.181798655223e+01
  1.024781322336e+00   -2.784831315992e-01   2.079941019974e+02   1.181798655223e+01
  1.254635895121e+00   -2.731439730088e-01   2.061719230053e+02   1.181798655223e+01
  5.428688412569e-01   -1.695376463897e-01   2.099802160155e+02   2.585960386782e+01
  8.829093067798e-01   -3.315008974164e-01   2.195002274442e+02   2.585960386782e+01
  1.022703661999e+00   -2.791383270075e-01   2.080541322822e+02   2.585960386782e+01
  1.251708263359e+00   -2.730936114319e-01   2.062549663148e+02   7.869965777930e+00
  1.282237599042e+00   -1.466904716509e-01   1.947437174807e+02   7.869965777930e+00
  1.125615617100e+00   -1.631540028629e-01   1.954529168226e+02   7.869965777930e+00
  1.281031114291e+00   -1.476699855921e-01   1.948027915765e+02  -1.089371592768e+01
  6.893284690604e-01   -1.000800018526e-01   2.062404301399e+02  -1.089371592768e+01
  7.449363060806e-01   -4.101909241527e-02   1.909122418194e+02  -1.089371592768e+01
  1.166143445697e+00   -1.671752942718e-02   1.821578367792e+02   1.069147279185e+01
  1.124620311316e+00   -1.614788605861e-01   1.953288817418e+02   1.069147279185e+01
  1.283863215315e+00   -1.483346503205e-01   1.948637905493e+02   1.069147279185e+01
  2.175567253274e-03   -1.240624111694e-03   1.818492558578e+02   4.640899525906e+01
  6.481498066993e-01   -6.136068145017e-03   1.820001553996e+02   4.640899525906e+01
  2.001709278568e-03    2.823088970393e-03   1.675965331263e+02   4.640899525906e+01
  1.127219847947e+00   -1.623191505979e-01   1.954957143885e+02   2.918966842061e+01
  6.456612586330e-01   -8.281454926162e-03   1.820214130105e+02   2.918966842061e+01
  6.077582132204e-01   -1.041748522144e-01   1.962676915267e+02   2.918966842061e+01
  6.489631727869e-01   -8.164939053256e-03   1.820127407127e+02   2.933923114141e+01
  1.124403613949e+00   -1.619117667239e-01   1.955120036626e+02   2.933923114141e+01
  1.163516050044e+00   -1.491193499060e-02   1.819802441141e+02   2.933923114141e+01
  6.078881151711e-01   -1.030849236717e-01   1.963712818856e+02   5.000743701337e+01
  6.446227098294e-01   -1.036730300077e-02   1.818403547157e+02   5.000743701337e+01
  4.706861181434e-03   -2.868362451516e-03   1.963904762116e+02   5.000743701337e+01
  1.124210785727e+00   -1.628008831509e-01   1.953854579148e+02   2.858758433560e+01
  6.101821596367e-01   -1.041318048592e-01   1.963916950381e+02   2.858758433560e+01
  1.023118087265e+00   -2.785389054447e-01   2.081807116283e+02   2.858758433560e+01
  1.122714305435e+00    1.320256194109e-01   1.685342329362e+02   2.922730345782e+01
  6.487181529606e-01   -8.653547543850e-03   1.818338385794e+02   2.922730345782e+01
  1.163587529283e+00   -1.384547341859e-02   1.820267834038e+02   2.922730345782e+01
  1.170069060332e+00   -1.603979839365e-02   1.821053550144e+02   7.195039305033e+00
  1.280380890544e+00   -1.486890622646e-01   1.949329800979e+02   7.195039305033e+00
  1.274244221260e+00   -1.244965495801e-02   1.820848465748e+02   7.195039305033e+00
  7.445181905628e-01   -4.385352402171e-02   1.909318658613e+02  -1.135672133124e+01
  7.535828040798e-01    3.607207090633e-02   1.734157223791e+02  -1.135672133124e+01
  1.277916658857e+00   -1.330565300322e-02   1.821350978286e+02  -1.135672133124e+01
  5.402801199937e-01   -1.690263602280e-01   2.098709749515e+02   2.766673040618e+01
  1.025857676076e+00   -2.792041674662e-01   2.081549625427e+02   2.766673040618e+01
  6.069582059678e-01   -1.038321020718e-01   1.964194698386e+02   2.766673040618e+01
  1.180197505539e-04   -3.991311652967e-04   2.311866108351e+02   2.714893449335e+01
  3.903759577792e-01   -1.736032704867e-01   2.311827450182e+02   2.714893449335e+01
  2.820848876670e-03   -1.635618562454e-03   2.222866565134e+02   2.714893449335e+01
  3.867722661419e-01   -1.716099993994e-01   2.310687890922e+02   1.902439726923e+01
  7.412360013832e-01   -2.945813390744e-01   2.286718480562e+02   1.902439726923e+01
  4.645426250597e-01   -1.969508926666e-01   2.219054795623e+02   1.902439726923e+01
  6.433100173274e-01   -8.733166193844e-02   1.386569690852e+02   1.605861189109e+01
  2.392227665329e-04    1.031947809327e-03   1.305519529221e+02   1.605861189109e+01
  1.910817743567e-03   -3.313269801020e-04   1.387078659199e+02   1.605861189109e+01
  2.512152475243e-03   -3.650413287086e-03   2.375773202593e+02   8.700865910478e+00
  3.132738842179e-01    6.770073058797e-03   2.386610338886e+02   8.700865910478e+00
  3.289952770415e-01   -9.104193773511e-02   2.365954804887e+02   8.700865910478e+00
  1.672258298767e-03   -1.460272106076e-03   2.312735764341e+02   2.201536423602e+01
 -7.641190142794e-04    1.029410738830e-03   2.375133093486e+02   2.201536423602e+01
  3.872881902973e-01   -1.714840436562e-01   2.310950954222e+02   2.201536423602e+01
  7.096635128920e-01    1.379922315086e-01   2.145831876594e+02   1.657946347638e+01
  3.088988957142e-03   -5.792447850522e-04   2.190499644535e+02   1.657946347638e+01
  5.665275509081e-01    9.822323544400e-02   2.199658710488e+02   1.657946347638e+01
  3.882715335528e-01   -1.725569622777e-01   2.311949213615e+02   3.341191856315e+01
  4.639805853524e-01   -1.961835192790e-01   2.218048685094e+02   3.341191856315e+01
  4.894708465639e-03   -2.787318258028e-03   2.222465929035e+02   3.341191856315e+01
  9.492988985268e-04    1.773384957928e-04   2.374978719916e+02   1.727873841730e+01
  3.300864413713e-01   -9.311430018943e-02   2.366141609703e+02   1.727873841730e+01
  3.850647312267e-01   -1.706337314809e-01   2.311096324785e+02   1.727873841730e+01
  3.405435008909e-03    4.018987268996e-04   1.965742147489e+02   4.350405317225e+01
  6.360270942409e-04   -2.693395207784e-03   2.102070336764e+02   4.350405317225e+01
  6.085753400791e-01   -1.061260315958e-01   1.962590738365e+02   4.350405317225e+01
  1.379875799107e-03   -2.511448714279e-03   1.963701602672e+02   4.651086736817e+01
  6.481158153159e-01   -1.037097709564e-02   1.818404776914e+02   4.651086736817e+01
  2.329898612378e-03    1.058111142740e-03   1.820090405194e+02   4.651086736817e+01
  9.548193152313e-01    5.849296022397e-02   1.896442619347e+02   1.941793131602e+01
  7.276901538811e-03    1.016455380920e-03   2.043865662599e+02   1.941793131602e+01
  8.445896469628e-01    1.283378766262e-01   2.040699501658e+02   1.941793131602e+01
  6.843243875276e-04   -1.398613476808e-03   2.220792156627e+02   3.553184595428e+01
  4.682712548143e-01   -1.970205548303e-01   2.219196040544e+02   3.553184595428e+01
  3.983321218497e-03   -5.550458187630e-04   2.105116167468e+02   3.553184595428e+01
  4.148585001669e-03   -3.954316573026e-03   2.102213583423e+02   4.542762301039e+01
  5.403147875466e-01   -1.678169999132e-01   2.099672465197e+02   4.542762301039e+01
  6.053196839489e-01   -1.054631349760e-01   1.962629773651e+02   4.542762301039e+01
  7.445986328398e-01   -4.160187093226e-02   1.909274962009e+02  -2.298126645285e+01
  7.288979004891e-03    9.722857812540e-04   1.795072850030e+02  -2.298126645285e+01
  7.527631501390e-01    3.431890747684e-02   1.734178086876e+02  -2.298126645285e+01
  5.362525300850e-01   -1.034859826278e-01   2.165634656992e+02  -1.784187191812e+01
 -4.159054442663e-04    2.886937905970e-04   2.205071572954e+02  -1.784187191812e+01
  2.060066020029e-03   -8.271133224897e-05   2.147583393072e+02  -1.784187191812e+01
  7.296106986157e-03   -1.876801180337e-03   2.104751350044e+02   4.130370579225e+01
  4.656455046066e-01   -1.959752499424e-01   2.219354773634e+02   4.130370579225e+01
  5.385157714660e-01   -1.688714328935e-01   2.098833913780e+02   4.130370579225e+01
  4.643032754158e-01   -1.964603046646e-01   2.217979660857e+02   2.425853178268e+01
  8.852521094140e-01   -3.321285421509e-01   2.194757665029e+02   2.425853178268e+01
  5.399802304916e-01   -1.689712511957e-01   2.100069865779e+02   2.425853178268e+01
  6.900692301867e-01   -9.737332427662e-02   2.062665743025e+02  -2.296658681597e+01
  7.255303080809e-03    1.511991528998e-03   1.938127794781e+02  -2.296658681597e+01
  7.428380243997e-01   -4.260194096511e-02   1.909113549565e+02  -2.296658681597e+01
  1.169901701487e+00   -1.289892007863e-02   1.819036746479e+02   7.099547024571e+00
  1.274296291029e+00   -1.406635680249e-02   1.821768408590e+02   7.099547024571e+00
  1.287697480770e+00    1.190595108076e-01   1.693127029931e+02   7.099547024571e+00
  4.667388317883e-01   -1.974345457791e-01   2.218812650856e+02   2.047957748004e+01
  7.393128438657e-01   -2.941941646423e-01   2.286943013959e+02   2.047957748004e+01
  8.820348011887e-01   -3.313287209614e-01   2.193901829513e+02   2.047957748004e+01
 -2.314499226255e-04   -4.593772582293e-04   2.059202103653e+02  -2.305427626132e+01
  4.305355562936e-03    1.070475195731e-03   1.938404267439e+02  -2.305427626132e+01
  6.924963308873e-01   -9.661353198085e-02   2.062496912121e+02  -2.305427626132e+01
  3.149477060025e-01    6.555486360692e-03   2.386506222334e+02   2.618778991377e+00
  9.232755828483e-04   -3.008152025710e-03   2.376065023406e+02   2.618778991377e+00
  4.113657698567e-04    1.255240130679e-03   2.389426730664e+02   2.618778991377e+00
  1.209740216603e+00    2.849180214012e-01   2.285288165967e+02   2.221711389933e+00
  1.199054976436e+00    1.289868453988e-01   2.341862630464e+02   2.221711389933e+00
  9.814071032311e-01    2.658582470372e-01   2.314163437406e+02   2.221711389933e+00
  1.201191622163e+00    1.252695175221e-01   2.342070707397e+02   2.458542937051e+00
  1.420162955655e+00    3.863524143846e-03   2.355501633965e+02   2.458542937051e+00
  1.420919208939e+00   -5.152359778734e-03   2.366521998120e+02   2.458542937051e+00
  1.417975368499e+00   -1.209570082985e-03   2.355312873835e+02   8.626431654289e+00
  1.201081289833e+00    2.814893895024e-01   2.286235861733e+02   8.626431654289e+00
  1.279411036392e+00    2.287195057458e-03   2.301954795867e+02   8.626431654289e+00
  1.202410550247e+00    2.811853472872e-01   2.286069361969e+02   2.863227242577e+00
  1.416794511988e+00   -1.240705955106e-04   2.355397689882e+02   2.863227242577e+00
  1.203044904239e+00    1.316320878242e-01   2.341661576715e+02   2.863227242577e+00
  1.276366330935e+00    1.237760123838e-03   2.302135778442e+02   1.176315251523e+01
  1.207519032313e+00    2.834995785281e-01   2.285811867618e+02   1.176315251523e+01
  9.976605064684e-01    1.165605001564e-03   2.247673002930e+02   1.176315251523e+01
  8.314868252223e-03   -4.451294629630e-04   6.914113935635e+00  -1.049212043785e+01
 -2.262291080994e-04    2.428433759177e-04   4.424946139234e-02  -1.049212043785e+01
  1.075780322574e+00   -1.500450519716e-02  -2.846625205495e-02  -1.049212043785e+01
  1.202127221625e+00    1.296918237384e-01   2.341018573596e+02  -8.750414265317e-01
  9.159258983011e-01    2.077256022930e-02   2.344706251394e+02  -8.750414265317e-01
  9.766474893974e-01    2.640851795317e-01   2.314909066354e+02  -8.750414265317e-01
  1.201188508249e+00    1.300196703428e-01   2.341880364717e+02  -2.683408735661e-01
  1.182616028637e+00   -1.009778441965e-01   2.343367876749e+02  -2.683408735661e-01
  9.178182114376e-01    1.908235303681e-02   2.344048824832e+02  -2.683408735661e-01
  6.514232984692e-01    1.968549831256e-01   2.343296749890e+02  -2.635415140881e+00
  9.775234688096e-01    2.652752732455e-01   2.314908606628e+02  -2.635415140881e+00
  9.139479500449e-01    1.946405039601e-02   2.345432640428e+02  -2.635415140881e+00
  7.641482967953e-01    3.225053766205e-01   2.279802228290e+02  -1.490923248076e+01
  6.501988237106e-01    1.979531746017e-01   2.344054093306e+02  -1.490923248076e+01
  3.959171113179e-01    1.833080100160e-01   2.304258795365e+02  -1.490923248076e+01
  9.760407848342e-01    2.660805442502e-01   2.315709503500e+02  -5.880732704565e+00
  7.653953116615e-01    3.229531272922e-01   2.279985829143e+02  -5.880732704565e+00
  1.089176208092e+00    4.022915849865e-01   2.245803204386e+02  -5.880732704565e+00
  7.627113239148e-01    3.228470636467e-01   2.280499606634e+02  -8.705037994939e+00
  9.780177409697e-01    2.658380585221e-01   2.315228428642e+02  -8.705037994939e+00
  6.512367773297e-01    1.972019238030e-01   2.343016853275e+02  -8.705037994939e+00
  1.233700773270e+00    4.065917094200e-01   2.152597776783e+02  -8.916242342363e+00
  1.086500758851e+00    4.026526155058e-01   2.247133292605e+02  -8.916242342363e+00
  9.216504994225e-01    3.604426963899e-01   2.186245276056e+02  -8.916242342363e+00
  9.812881083697e-01    2.673558311629e-01   2.314357702341e+02  -1.303822638327e+00
  1.085516462216e+00    4.011087231684e-01   2.246311523474e+02  -1.303822638327e+00
  1.209770582432e+00    2.840729060274e-01   2.284924435735e+02  -1.303822638327e+00
  6.501677221431e-01    1.964968679224e-01   2.343414504194e+02  -6.123597870923e+00
  6.050431888256e-01    1.609569101259e-02   2.367234747558e+02  -6.123597870923e+00
  3.367631979105e-01    1.115443369743e-01   2.365245330003e+02  -6.123597870923e+00
  6.493184775981e-01    1.967299526675e-01   2.343779469362e+02  -3.453974460149e+00
  9.160042657545e-01    1.926523032378e-02   2.344932303006e+02  -3.453974460149e+00
  6.056819939757e-01    1.532215210244e-02   2.366502242060e+02  -3.453974460149e+00
  9.159138215467e-01    1.893320815065e-02   2.344932669445e+02   2.576399650835e+00
  6.361624839060e-01   -1.657861598047e-01   2.346402565641e+02   2.576399650835e+00
  6.057255984904e-01    1.473428302830e-02   2.366502581936e+02   2.576399650835e+00
  1.204687429476e+00    2.830913271466e-01   2.285604800641e+02   1.005796899471e+00
  1.090086245808e+00    4.016152767195e-01   2.245836817645e+02   1.005796899471e+00
  1.170078894143e+00    3.684302463066e-01   2.209635678996e+02   1.005796899471e+00
  9.933253638978e-01    2.954518744405e-03   2.247342716358e+02   1.380870843946e+01
  1.016232264797e+00    2.271555144043e-01   2.223765300522e+02   1.380870843946e+01
  5.687943900545e-01   -2.161880498233e-03   2.217175677239e+02   1.380870843946e+01
  9.954575238789e-01    2.316015046579e-03   2.248039003526e+02   8.627217676026e+00
  1.210358892235e+00    2.831796515909e-01   2.285213939052e+02   8.627217676026e+00
  1.015005533333e+00    2.297861315509e-01   2.223310825185e+02   8.627217676026e+00
  5.675172272538e-01    1.827124723143e-03   2.217049573016e+02   1.438545070780e+01
  5.649571208084e-01    9.715734624930e-02   2.199775164265e+02   1.438545070780e+01
 -4.762694039453e-04   -2.562333746273e-03   2.218294402361e+02   1.438545070780e+01
  5.676927492613e-01    1.007153966049e-01   2.199262868326e+02   1.162472827224e+01
  5.661734236812e-01   -1.055551448223e-03   2.217876536292e+02   1.162472827224e+01
  1.019537777370e+00    2.260047216809e-01   2.223235147662e+02   1.162472827224e+01
  7.170572115854e-01    1.377507445522e-01   2.145573018544e+02   1.789868383796e+01
  6.422249888318e-03   -4.743513842903e-05   2.045437829308e+02   1.789868383796e+01
 -1.613360429539e-03   -2.095251271121e-04   2.191618576373e+02   1.789868383796e+01
  4.164059552843e-03   -3.966841793289e-04   1.121305777707e+02   1.151690476637e+01
  3.863286853522e-04    3.429983312556e-04   1.203527945317e+02   1.151690476637e+01
  8.069461449633e-01   -1.193364738084e-02   1.207796744577e+02   1.151690476637e+01
  1.018998922970e+00    2.277514782774e-01   2.223066031964e+02   1.144906458984e+01
  9.998123732146e-01    2.529449816487e-01   2.180787109540e+02   1.144906458984e+01
  5.689876241684e-01    9.904562050670e-02   2.199081463458e+02   1.144906458984e+01
  6.935411888123e-01    2.590599941986e-02   1.216426327498e+02  -1.155551124113e+01
 -1.460152037068e-04   -4.885586990854e-04   1.208616968815e+02  -1.155551124113e+01
  3.798531200455e-03    3.284247000253e-04   1.129303099523e+02  -1.155551124113e+01
  1.166874668796e+00    3.681116444411e-01   2.210327235595e+02   2.572909186770e+00
  1.234260294928e+00    4.053275361566e-01   2.152692152629e+02   2.572909186770e+00
  1.124613339474e+00    2.827933340533e-01   2.123733748175e+02   2.572909186770e+00
  1.229528631342e+00    4.059161946762e-01   2.153331420242e+02  -2.715968380463e+00
  1.170490699826e+00    3.680118386173e-01   2.209617267417e+02  -2.715968380463e+00
  1.090211106962e+00    4.025014068289e-01   2.245715848727e+02  -2.715968380463e+00
  1.001007415104e+00    2.534529683911e-01   2.180643165218e+02   1.077222723598e+01
  1.121039260501e+00    2.816870895168e-01   2.124501198354e+02   1.077222723598e+01
  7.105894780241e-01    1.384430967100e-01   2.145314889476e+02   1.077222723598e+01
  1.121013918814e+00    2.828165421202e-01   2.124373284028e+02   4.988819700243e+00
  1.001224944306e+00    2.532254983931e-01   2.180636469326e+02   4.988819700243e+00
  1.169672280722e+00    3.679023188418e-01   2.209650613421e+02   4.988819700243e+00
  7.088065211076e-01    1.387687223462e-01   2.145808090976e+02   1.006367250058e+01
  1.123042411301e+00    2.814822666506e-01   2.124366006195e+02   1.006367250058e+01
  8.452980527243e-01    1.296943913270e-01   2.040748847941e+02   1.006367250058e+01
  1.002206360155e+00    2.530306407659e-01   2.180342765218e+02   1.073075425409e+01
  7.090835975277e-01    1.388421815870e-01   2.145764132859e+02   1.073075425409e+01
  5.662673744558e-01    9.850253054510e-02   2.199768434258e+02   1.073075425409e+01
  1.235336510340e+00    4.055803175794e-01   2.152310741859e+02  -3.343759345642e-01
  1.341690408819e+00    3.080337777628e-01   2.049646533988e+02  -3.343759345642e-01
  1.123467780591e+00    2.826204928473e-01   2.124079875637e+02  -3.343759345642e-01
  1.170080818383e+00    3.673560777131e-01   2.209722540610e+02   6.764749784187e+00
  1.000836063053e+00    2.533983019466e-01   2.180622716223e+02   6.764749784187e+00
  1.016938222962e+00    2.284277170635e-01   2.223572790501e+02   6.764749784187e+00
  1.206659392404e+00    2.835695703409e-01   2.285104590910e+02   7.142808560585e+00
  1.167966246217e+00    3.674430206525e-01   2.210003177635e+02   7.142808560585e+00
  1.018498430849e+00    2.289219236853e-01   2.223159238330e+02   7.142808560585e+00
  7.135809788725e-01    1.384152510213e-01   2.146065418960e+02   2.065370884738e+01
  8.410269276055e-01    1.292150908957e-01   2.040570443470e+02   2.065370884738e+01
  1.160219472122e-02   -6.857506374522e-04   2.044428774131e+02   2.065370884738e+01
  1.089600847669e+00    4.027532792897e-01   2.246445530699e+02  -1.192759494877e+01
  7.656081278509e-01    3.229838738403e-01   2.279337298076e+02  -1.192759494877e+01
  9.180830780779e-01    3.603549828010e-01   2.186899796378e+02  -1.192759494877e+01
  2.242562467748e-02    5.934849167657e-04   1.863534569283e+01  -1.010613213390e+01
  1.460436528779e+00    1.823582347861e-02   1.115544627688e+01  -1.010613213390e+01
  1.258750950039e+00    3.208819079603e-02   2.122254501034e+01  -1.010613213390e+01
  3.134396769084e-01    1.071402062791e-02   2.386693424380e+02  -1.049511044560e+01
  2.064548631295e-03    3.046020156403e-03   2.371782862776e+02  -1.049511044560e+01
  3.355790419044e-01    1.096339627833e-01   2.365019816418e+02  -1.049511044560e+01
  3.150096386428e-01    1.088569186381e-02   2.386574055875e+02  -3.834158007194e+00
  4.312718997516e-04   -1.024267021346e-03   2.389383322353e+02  -3.834158007194e+00
  7.578197154231e-04    2.670317262916e-03   2.372132263443e+02  -3.834158007194e+00
  3.362554747848e-01    1.121654952019e-01   2.365862981383e+02  -2.339667041556e+01
  4.258872804903e-03    4.222804367395e-03   2.314092932323e+02  -2.339667041556e+01
  3.932523842126e-01    1.810926844820e-01   2.303709476202e+02  -2.339667041556e+01
  4.772399961390e-01    2.115239946394e-01   2.211372640247e+02  -3.099798371705e+01
  3.951296372778e-01    1.823070320025e-01   2.304202410015e+02  -3.099798371705e+01
  1.084781639610e-03    2.016282102089e-03   2.312515309118e+02  -3.099798371705e+01
  4.820444166154e-01    2.127369261780e-01   2.212005962580e+02  -2.205982395998e+01
  9.196118679273e-01    3.600877765514e-01   2.185974898998e+02  -2.205982395998e+01
  7.643609642066e-01    3.232701675660e-01   2.280673658753e+02  -2.205982395998e+01
  4.793058898188e-01    2.121691862878e-01   2.212337348812e+02  -2.052467355818e+01
  7.665722150469e-01    3.237464299758e-01   2.280422903793e+02  -2.052467355818e+01
  3.943588610988e-01    1.821539515197e-01   2.303565300895e+02  -2.052467355818e+01
  2.291954273174e-03    2.926971639582e-03   2.314450061009e+02  -1.695004658209e+01
  3.379605007117e-01    1.129518051623e-01   2.365672100057e+02  -1.695004658209e+01
  1.524057464446e-04   -3.697978532954e-04   2.370898927105e+02  -1.695004658209e+01
  6.519985327454e-01    1.982659645284e-01   2.343832000062e+02  -1.293481938799e+01
  3.355039264140e-01    1.103301205667e-01   2.364906404598e+02  -1.293481938799e+01
  3.938081013724e-01    1.827229136632e-01   2.304516264410e+02  -1.293481938799e+01
 -1.104726455830e-03    5.865444995504e-04   2.312552279523e+02  -3.315383944155e+01
  2.988698924391e-03    1.372076259911e-03   2.216530389046e+02  -3.315383944155e+01
  4.796445521850e-01    2.125068100787e-01   2.211229307868e+02  -3.315383944155e+01
  7.549806640739e-01    3.557555138959e-02   1.734198247673e+02  -2.137420324228e+01
  3.838124206526e-03    1.484821518342e-03   1.540726113912e+02  -2.137420324228e+01
  6.918334389350e-01    7.983610933394e-02   1.578998445685e+02  -2.137420324228e+01
  1.456856690058e+00   -2.706628988841e-02   8.159555434855e+01   7.822917060841e+00
  4.355263147155e-02    1.795928454299e-03   9.016663798526e+01   7.822917060841e+00
  1.647805349039e+00   -1.873942788102e-02   9.147217506219e+01   7.822917060841e+00
  5.672710334791e-01   -2.753549663357e-03   2.245848984767e+02  -1.540872684188e+01
  2.559839118937e-03   -1.589441711273e-03   2.228333508160e+02  -1.540872684188e+01
  4.306631534083e-01   -7.520363283713e-02   2.223234820663e+02  -1.540872684188e+01
  5.759284842725e-01    1.857357760801e-01   2.094238641434e+02  -4.360589455341e+01
  1.034428231207e-03    1.541486538393e-03   2.092831148105e+02  -4.360589455341e+01
  3.398807975881e-03   -1.011069643857e-03   1.958136783923e+02  -4.360589455341e+01
  5.726045268150e-01    1.880089895378e-01   2.092756066978e+02  -4.102536173171e+01
 -6.296799467973e-04    1.691878195067e-03   2.215237109979e+02  -4.102536173171e+01
  2.759957708159e-03    3.177546285246e-04   2.094294306542e+02  -4.102536173171e+01
  5.783648522021e-01    8.333195029823e-02   1.457023322440e+02  -1.697778325985e+01
  9.864086798847e-04   -8.044443363146e-04   1.383436711131e+02  -1.697778325985e+01
  4.839851689180e-01    6.537336548965e-02   1.378440893088e+02  -1.697778325985e+01
  4.809400721980e-01    2.115426419237e-01   2.211909284546e+02  -4.134129962616e+01
  2.071025879219e-03    2.932244590453e-03   2.215270710019e+02  -4.134129962616e+01
  5.693694769273e-01    1.870303728083e-01   2.092810996498e+02  -4.134129962616e+01
  1.057554378997e+00    8.447160821058e-02   1.303527103922e+02  -7.270526414566e+00
  7.380745447638e-01    5.448562458817e-02   1.301447959797e+02  -7.270526414566e+00
  7.293833034382e-01    2.795243149705e-02   1.256966753820e+02  -7.270526414566e+00
  6.346457604198e-01    1.079093359639e-01   1.957299939438e+02  -4.649977244188e+01
  2.246020524560e-03    1.841421934564e-03   1.955830828307e+02  -4.649977244188e+01
  3.440894117226e-03   -2.272222636170e-03   1.812830594401e+02  -4.649977244188e+01
  9.201719539845e-01    3.601497224711e-01   2.187072349297e+02  -2.714493305061e+01
  5.737246805972e-01    1.866689940699e-01   2.093863876803e+02  -2.714493305061e+01
  1.071709519219e+00    3.042478761894e-01   2.072477819997e+02  -2.714493305061e+01
  5.709931799152e-01    1.862742995587e-01   2.094136273313e+02  -2.593497122464e+01
  9.224576213727e-01    3.607200637202e-01   2.186835929972e+02  -2.593497122464e+01
  4.802050636275e-01    2.119391387803e-01   2.211050527310e+02  -2.593497122464e+01
  1.388709881399e+00    1.729024965634e-01   1.936721402677e+02   4.514584294208e+00
  8.539629847085e-01    1.307976510941e-01   2.039815370847e+02   4.514584294208e+00
  1.349941169285e+00    3.062315823801e-01   2.048340578086e+02   4.514584294208e+00
  8.544583211858e-01    1.293301546119e-01   2.039652040382e+02   6.988953136929e+00
  1.118171642515e+00    2.824032796806e-01   2.125299582760e+02   6.988953136929e+00
  1.348526568075e+00    3.072067544137e-01   2.048739207896e+02   6.988953136929e+00
  1.346501232065e+00    3.081912169590e-01   2.048645386901e+02  -1.017266476260e+01
  1.231038524898e+00    4.067980189222e-01   2.154275596759e+02  -1.017266476260e+01
  1.073915471465e+00    3.046107057710e-01   2.072916063853e+02  -1.017266476260e+01
  1.073679779072e+00    3.035648473990e-01   2.071864392203e+02  -1.339934447613e+01
  1.176535494836e+00    1.802429519748e-01   1.947335426012e+02  -1.339934447613e+01
  1.347498883814e+00    3.094326968254e-01   2.049723408181e+02  -1.339934447613e+01
  1.074899816859e+00    3.044079509333e-01   2.073510706836e+02  -2.902355827829e+01
  5.713512235594e-01    1.861098496434e-01   2.092813978364e+02  -2.902355827829e+01
  6.314920958833e-01    1.096314644378e-01   1.957368715715e+02  -2.902355827829e+01
  9.216325886209e-01    3.600915217190e-01   2.185398437180e+02  -1.339952281442e+01
  1.070253208045e+00    3.046959818208e-01   2.073676156416e+02  -1.339952281442e+01
  1.234309364641e+00    4.071126118870e-01   2.153479910680e+02  -1.339952281442e+01
  6.308644017014e-01    1.099681068661e-01   1.955873413918e+02  -3.067246163351e+01
  6.563612036051e-01    1.060580017956e-02   1.812670776338e+02  -3.067246163351e+01
  1.181613663877e+00    1.787502112711e-01   1.947023415741e+02  -3.067246163351e+01
  6.306677577710e-01    1.102177792362e-01   1.956035887522e+02  -4.982769515270e+01
  5.726767750936e-01    1.846797037467e-01   2.094323956781e+02  -4.982769515270e+01
  6.623214102785e-03   -1.380328888887e-04   1.957803084332e+02  -4.982769515270e+01
  1.395758051194e+00    1.722013296491e-01   1.936955718860e+02  -1.254463256972e+01
  1.178403436900e+00    1.780355362617e-01   1.945279796180e+02  -1.254463256972e+01
  1.219456063915e+00    2.311893645392e-02   1.814179002748e+02  -1.254463256972e+01
  1.179578509071e+00    1.797120695235e-01   1.946553096101e+02  -9.773954551234e+00
  1.393927556840e+00    1.706146567397e-01   1.935678198492e+02  -9.773954551234e+00
  1.344620592718e+00    3.093927913381e-01   2.050541663000e+02  -9.773954551234e+00
  9.561343528159e-01    5.816735492559e-02   1.896269985285e+02   5.160400298639e+00
  1.391069073945e+00    1.694891338165e-01   1.936068421030e+02   5.160400298639e+00
  1.395136769738e+00    2.233774370213e-02   1.814290395070e+02   5.160400298639e+00
  1.392812675390e+00    1.717083820369e-01   1.936164754363e+02   8.509907709882e+00
  9.539713083875e-01    5.611831133777e-02   1.896186308787e+02   8.509907709882e+00
  8.479662460755e-01    1.315182685805e-01   2.040707480804e+02   8.509907709882e+00
  1.216648793746e+00    2.142112538362e-02   1.812303374099e+02  -3.165240326315e+01
  1.178564273169e+00    1.782662008868e-01   1.947192946939e+02  -3.165240326315e+01
  6.601342620826e-01    1.058090989010e-02   1.812562796407e+02  -3.165240326315e+01
  6.342464204362e-01    1.100331206378e-01   1.957115317684e+02  -3.044869573833e+01
  1.177951049599e+00    1.792556287255e-01   1.945877767134e+02  -3.044869573833e+01
  1.072414584572e+00    3.037143429244e-01   2.073755087641e+02  -3.044869573833e+01
  7.612953100079e-03   -2.163121415602e-03   1.812563280989e+02  -5.210595568478e+01
  6.544879118885e-01    1.203221784201e-02   1.811190680863e+02  -5.210595568478e+01
  6.312257741447e-01    1.075611773194e-01   1.957357221268e+02  -5.210595568478e+01
  9.545536453191e-01    5.730008646117e-02   1.896520608573e+02   2.145601007114e+01
  9.599298447425e-01   -3.912133550689e-02   1.732566459014e+02   2.145601007114e+01
  9.792237915379e-03   -7.949935100723e-04   1.792626759946e+02   2.145601007114e+01
  7.754595076791e-03    2.226772189737e-03   1.809799072382e+02  -5.177833889569e+01
  6.254227338986e-01   -8.401133544588e-02   1.667393585861e+02  -5.177833889569e+01
  6.543902567607e-01    9.758330016678e-03   1.812027523935e+02  -5.177833889569e+01
  3.351630109811e-01    1.112462247627e-01   2.365485677821e+02  -3.895744832858e+00
  6.067881613193e-01    1.614291904924e-02   2.367046087610e+02  -3.895744832858e+00
  3.132505129020e-01    8.476102376533e-03   2.385945267386e+02  -3.895744832858e+00
  6.067671481791e-01    1.395134388780e-02   2.367074182606e+02   2.817625975209e+00
  3.287953352090e-01   -9.294971491986e-02   2.366470121019e+02   2.817625975209e+00
  3.132004435038e-01    9.073409522169e-03   2.385922936733e+02   2.817625975209e+00
  3.970408423899e-03   -1.291913322692e-03   1.793253552504e+02   2.387898544904e+01
  2.036980683015e-03    1.350557826156e-03   2.044178825036e+02   2.387898544904e+01
  9.598886702841e-01    5.805298810668e-02   1.896303001604e+02   2.387898544904e+01
  5.856975178345e-01    8.344239042251e-02   1.457178256517e+02  -1.954009376747e+01
  4.872982002713e-03   -5.744724222768e-05   1.541175235615e+02  -1.954009376747e+01
 -9.173463872761e-04   -1.615132850442e-05   1.449393116386e+02  -1.954009376747e+01
  1.395526079627e+00    2.023363673000e-03   1.208593348172e+02  -2.997663017020e+00
  1.185030497009e+00    2.264048513421e-02   1.204846057928e+02  -2.997663017020e+00
  1.486344401232e+00    1.386963248424e-02   1.092272237941e+02  -2.997663017020e+00
  1.291275327416e+00    1.185458025422e-01   1.693802235756e+02   1.085395300293e+01
  1.123218850022e+00    1.315130674013e-01   1.687161807402e+02   1.085395300293e+01
  1.165907504367e+00   -1.206116115733e-02   1.818522574393e+02   1.085395300293e+01
  1.288652644395e+00    1.180803827239e-01   1.694517789591e+02  -1.107789150700e+01
  7.554298741321e-01    3.300812303825e-02   1.734487579803e+02  -1.107789150700e+01
  6.943312622931e-01    8.227555331569e-02   1.578970387036e+02  -1.107789150700e+01
  6.007385597482e-01    8.455150768339e-02   1.675869623583e+02   4.921495028961e+01
  6.044436179593e-03    3.432453220554e-03   1.675787863179e+02   4.921495028961e+01
  6.444086077393e-01   -6.193197600135e-03   1.819995798053e+02   4.921495028961e+01
  6.452802161293e-01   -8.411370848363e-03   1.818235749270e+02   2.931624208232e+01
  1.125605878265e+00    1.323444942227e-01   1.685517642706e+02   2.931624208232e+01
  6.013749040306e-01    8.597776167398e-02   1.676899221331e+02   2.931624208232e+01
  6.041990694998e-01    8.605351008522e-02   1.675681108667e+02   2.848924052906e+01
  1.122490403790e+00    1.328041159812e-01   1.686599713108e+02   2.848924052906e+01
  1.018192846299e+00    2.466136517102e-01   1.560076284631e+02   2.848924052906e+01
  8.363017245838e-03   -7.480905860588e-05   1.673116168501e+02   4.661313564403e+01
  5.993571116058e-01    8.629037469487e-02   1.676734452516e+02   4.661313564403e+01
  5.424978296926e-01    1.549971822706e-01   1.541299060090e+02   4.661313564403e+01
  1.289866325385e+00    1.169277939346e-01   1.694977615810e+02   7.772426490872e+00
  1.264446676229e+00    2.354388590586e-01   1.577835164892e+02   7.772426490872e+00
  1.123995575882e+00    1.331758855737e-01   1.685961575693e+02   7.772426490872e+00
  1.768963156337e-03    2.863267654776e-04   2.147295839753e+02  -1.886943873289e+01
  6.844703808324e-01   -9.804293611657e-02   2.062504228070e+02  -1.886943873289e+01
  5.366307161557e-01   -1.040409722391e-01   2.165663788969e+02  -1.886943873289e+01
  7.076149146772e-01    2.664641901622e-01   1.365156108790e+02   1.117174468407e+01
  8.635324849205e-01    2.979309852560e-01   1.451326446644e+02   1.117174468407e+01
  1.012951754148e+00    3.179664197648e-01   1.392280802081e+02   1.117174468407e+01
  1.267364116711e+00    2.353062181631e-01   1.578662673505e+02   1.212286674078e+01
  1.019724423441e+00    2.462696915087e-01   1.561943049539e+02   1.212286674078e+01
  1.120822125796e+00    1.338709255416e-01   1.685192253001e+02   1.212286674078e+01
  5.432210330025e-01    1.565749134304e-01   1.541792390407e+02   2.525060571446e+01
  1.017575442527e+00    2.470760194656e-01   1.561315621282e+02   2.525060571446e+01
  8.655682267095e-01    2.977034947025e-01   1.451196496028e+02   2.525060571446e+01
  5.408707764794e-01    1.561908507820e-01   1.542766381593e+02   2.721319162432e+01
  6.011110747483e-01    8.580825344018e-02   1.675406144570e+02   2.721319162432e+01
  1.020734385007e+00    2.471709203097e-01   1.560337344040e+02   2.721319162432e+01
  1.165558245394e+00    3.199446036856e-01   1.477301799255e+02   1.247288895097e+01
  8.670033213137e-01    2.976135505814e-01   1.452794223694e+02   1.247288895097e+01
  1.016113679086e+00    2.475015439142e-01   1.560195567716e+02   1.247288895097e+01
  4.352757881929e-03   -8.693856943236e-04   1.672800913600e+02   4.086216815267e+01
  5.459692020986e-01    1.559418771493e-01   1.541387376221e+02   4.086216815267e+01
  5.390356652773e-04    1.345596706770e-03   1.542794876554e+02   4.086216815267e+01
  1.266755539099e+00    2.340623227545e-01   1.579658961933e+02   8.796301304905e+00
  1.162483526712e+00    3.197438624237e-01   1.476493546888e+02   8.796301304905e+00
  1.019658000194e+00    2.472827663733e-01   1.560969849377e+02   8.796301304905e+00
  1.284001492543e+00    1.193016740406e-01   1.694080959682e+02  -6.376895557316e+00
  7.009397465488e-01    8.150910382192e-02   1.579714494904e+02  -6.376895557316e+00
  1.271029364179e+00    2.321115392065e-01   1.579906796958e+02  -6.376895557316e+00
  1.685601032310e-03   -3.035351971094e-04   1.937970165533e+02  -2.483344992204e+01
  3.201615344024e-03    8.798226450628e-04   1.795310294335e+02  -2.483344992204e+01
  7.480172047092e-01   -4.118184077814e-02   1.909171624894e+02  -2.483344992204e+01
  4.490343960559e-01    1.770234932997e-01   1.430638529319e+02   2.401621277462e+01
  5.406966453572e-01    1.562474306267e-01   1.541493532411e+02   2.401621277462e+01
  8.676757697853e-01    2.982087350634e-01   1.451449654668e+02   2.401621277462e+01
  5.425012837547e-01    1.580424588481e-01   1.542775392276e+02   3.801625163784e+01
 -3.251143247036e-04    1.888550366780e-03   1.425996424054e+02   3.801625163784e+01
  2.436654741709e-03    1.518744368212e-04   1.541421620451e+02   3.801625163784e+01
  2.580664009321e-03    3.339486364778e-03   1.425967203523e+02   3.778454676210e+01
  5.392692949673e-01    1.570564894261e-01   1.542708591478e+02   3.778454676210e+01
  4.493601897235e-01    1.763307169508e-01   1.429868906009e+02   3.778454676210e+01
  4.331704456931e-01   -7.563448408602e-02   2.222927802585e+02  -1.442175179837e+01
 -7.916862544745e-05   -5.626765760869e-05   2.228970293030e+02  -1.442175179837e+01
  1.391263595823e-03   -1.380056895640e-04   2.204928944799e+02  -1.442175179837e+01
  3.703088258128e-01    1.591056461373e-01   1.340946856350e+02   2.552888701192e+01
 -2.561413725626e-04    2.430679041273e-04   1.341028306502e+02   2.552888701192e+01
  3.606757997837e-03    1.848313232406e-03   1.423665135841e+02   2.552888701192e+01
  3.669283319160e-01    1.571799233160e-01   1.341731884758e+02   2.053730987443e+01
 -9.231374100186e-04   -8.374960255051e-04   1.281650465351e+02   2.053730987443e+01
  1.588555192162e-03    1.264380663298e-03   1.340245307426e+02   2.053730987443e+01
  4.831508844904e-01    6.418208493068e-02   1.378354593758e+02  -1.608499603842e+01
  1.156434060344e-03    2.703821408959e-04   1.383157351850e+02  -1.608499603842e+01
 -3.569892180859e-04   -6.872273231847e-04   1.304723199655e+02  -1.608499603842e+01
  3.680309009149e-01    1.580005356258e-01   1.340839932805e+02   3.183279042820e+01
  6.276640064632e-03    3.276089990227e-03   1.423994477248e+02   3.183279042820e+01
  4.472725938402e-01    1.763306939932e-01   1.430518822014e+02   3.183279042820e+01
  8.519278867858e-01   -7.191582681145e-02   1.305267120185e+02   1.269668451819e+01
  8.410261642448e-01   -3.344127480641e-02   1.252469624860e+02   1.269668451819e+01
  7.559761191017e-03   -3.773989614045e-04   1.305405750232e+02   1.269668451819e+01
  3.053003308441e-01    8.739513044368e-02   1.290349347932e+02   1.148780661184e+01
  3.657945582273e-01    1.577185247488e-01   1.341117723166e+02   1.148780661184e+01
  5.912913620281e-01    1.559742349778e-01   1.308460854960e+02   1.148780661184e+01
  7.086152786047e-01    2.673317868879e-01   1.364045775624e+02   1.853279388885e+01
  3.662212895158e-01    1.570972968640e-01   1.342009436790e+02   1.853279388885e+01
  4.486936033218e-01    1.772899438045e-01   1.429520517793e+02   1.853279388885e+01
  8.410751962952e-04    2.715479821797e-03   1.280685298535e+02   2.905162896512e+00
  2.878610998645e-01    1.357901685030e-03   1.271041695185e+02   2.905162896512e+00
  5.137274999186e-04   -1.130306100380e-03   1.265280436711e+02   2.905162896512e+00
  2.287382158184e-03    3.345743663584e-03   1.280954540377e+02   8.495197657281e+00
  3.046156291130e-01    8.624449489030e-02   1.290179060456e+02   8.495197657281e+00
  2.864092231731e-01    1.070872862966e-03   1.270883739604e+02   8.495197657281e+00
  5.530374026394e-01   -1.921400196211e-03   1.288505651734e+02   2.977997980047e+00
  2.865062120215e-01   -1.007248562754e-03   1.271526998709e+02   2.977997980047e+00
  3.043853094662e-01    8.794667711979e-02   1.289697621875e+02   2.977997980047e+00
  8.544891297572e-04    1.589837060514e-03   1.264947196685e+02  -4.236472849643e+00
  2.872403594968e-01   -1.497042039068e-03   1.271429063845e+02  -4.236472849643e+00
  3.091530297784e-01   -9.050550898860e-02   1.285018850717e+02  -4.236472849643e+00
  5.896253758226e-01    1.558202265028e-01   1.308236163853e+02   1.326648503430e+01
  3.676965734301e-01    1.580321306810e-01   1.341426080702e+02   1.326648503430e+01
  7.061667703365e-01    2.661381673052e-01   1.364659988624e+02   1.326648503430e+01
  3.057097286733e-01    8.809051942136e-02   1.289982039310e+02   1.665510403618e+01
  6.524703866193e-04   -1.532127860220e-05   1.281770206980e+02   1.665510403618e+01
  3.648176243485e-01    1.563544011310e-01   1.341611536494e+02   1.665510403618e+01
  4.511305899239e-01    1.778568790428e-01   1.429774211023e+02   2.053630878948e+01
  8.648051676858e-01    2.976047100670e-01   1.452235388827e+02   2.053630878948e+01
  7.066479592928e-01    2.669016318346e-01   1.363816753053e+02   2.053630878948e+01
  9.657774007601e-01   -4.122044521584e-02   1.732769854768e+02   2.402753914910e+01
  2.249160760474e-03   -1.498684907457e-03   1.544790549866e+02   2.402753914910e+01
  3.523513414343e-03    9.657862416698e-04   1.791911779680e+02   2.402753914910e+01
  1.269214629656e+00    2.330055975391e-01   1.579627729405e+02  -8.865544015478e+00
  7.019654430869e-01    8.019074781160e-02   1.579674051475e+02  -8.865544015478e+00
  1.033148098671e+00    2.027952044683e-01   1.491811008790e+02  -8.865544015478e+00
  8.544487940773e-01   -7.345729881709e-02   1.305435181450e+02   1.309074738702e+01
  4.400562072681e-03    1.836637602964e-03   1.305889123334e+02   1.309074738702e+01
  6.410055567001e-01   -8.828398590240e-02   1.386620132158e+02   1.309074738702e+01
  5.795022065942e-01    8.404711846246e-02   1.457147645076e+02  -1.157644188042e+01
  4.838735459725e-01    6.510693114568e-02   1.378423468286e+02  -1.157644188042e+01
  9.360585975405e-01    1.774942135740e-01   1.425142019565e+02  -1.157644188042e+01
  5.825336570725e-01    8.377001524468e-02   1.457045267956e+02  -2.170520368630e+01
  6.885396179014e-01    8.056589926134e-02   1.578661926861e+02  -2.170520368630e+01
  8.639139615126e-03   -2.121114569675e-04   1.541377292014e+02  -2.170520368630e+01
  1.036681363963e+00    2.028588126628e-01   1.492655269229e+02  -4.975163210497e+00
  9.341534489780e-01    1.777431118257e-01   1.424976748998e+02  -4.975163210497e+00
  1.103241858714e+00    2.743066376556e-01   1.413503680664e+02  -4.975163210497e+00
  9.344442523512e-01    1.779143041405e-01   1.424841444211e+02  -1.217870685208e+01
  1.036234732802e+00    2.018823638358e-01   1.492719333308e+02  -1.217870685208e+01
  5.816643487979e-01    8.374200888587e-02   1.457617610703e+02  -1.217870685208e+01
  9.638740776931e-01    1.710900757069e-01   1.374806364666e+02  -6.025679382903e+00
  1.103069017351e+00    2.734052928838e-01   1.413724628404e+02  -6.025679382903e+00
  9.341254669518e-01    1.781079994850e-01   1.424833065858e+02  -6.025679382903e+00
  1.040512623049e+00    2.028291832365e-01   1.493264295999e+02  -3.192729500103e+00
  1.100062689102e+00    2.745700304193e-01   1.412860527889e+02  -3.192729500103e+00
  1.165774757185e+00    3.181080182255e-01   1.478126520881e+02  -3.192729500103e+00
  9.329840472548e-01    1.774228808189e-01   1.424919628215e+02  -1.113332174518e+01
  4.875412258363e-01    6.537169390268e-02   1.378832068189e+02  -1.113332174518e+01
  9.659011516567e-01    1.709503307463e-01   1.374956336879e+02  -1.113332174518e+01
  5.794391570969e-01    8.394343563983e-02   1.457296401827e+02  -1.174871879705e+01
  1.038498397094e+00    2.018193808473e-01   1.492740390490e+02  -1.174871879705e+01
  6.924811355426e-01    8.071412654161e-02   1.578568938025e+02  -1.174871879705e+01
  7.433474361189e-01    5.584072480218e-02   1.301712602902e+02  -1.314518149105e+01
  4.824803067317e-01    6.499177025114e-02   1.378333636234e+02  -1.314518149105e+01
  1.313368334613e-03   -1.397776863449e-03   1.305005409620e+02  -1.314518149105e+01
  6.915396074821e-01    2.579226576393e-02   1.216351631793e+02  -1.151830144813e+01
  7.263736962761e-01    2.744016110709e-02   1.256592334542e+02  -1.151830144813e+01
  1.906288973797e-03   -6.933561483882e-04   1.208696437937e+02  -1.151830144813e+01
  1.184383748432e+00    2.318542989529e-02   1.205439953607e+02  -7.071925667333e+00
  7.284881263028e-01    2.836103757122e-02   1.257006837419e+02  -7.071925667333e+00
  6.915102584120e-01    2.627691851376e-02   1.216372031806e+02  -7.071925667333e+00
  7.401648129693e-01    5.349677007126e-02   1.302011122604e+02  -8.267224354790e+00
  1.056496537973e+00    8.630460424705e-02   1.302884766465e+02  -8.267224354790e+00
  9.622399973807e-01    1.707611106161e-01   1.374361929783e+02  -8.267224354790e+00
  1.369022055227e+00   -7.285706834459e-03   3.859517837642e+01  -8.856387447724e+00
  3.385139141407e-02   -1.089886548329e-03   2.864195057904e+01  -8.856387447724e+00
  1.649601024852e+00    9.121105436514e-03   2.935695823861e+01  -8.856387447724e+00
  1.108410528759e+00    2.133134400095e-01   1.352390799657e+02  -5.305813079522e+00
  1.100573160989e+00    2.732179833325e-01   1.413486767830e+02  -5.305813079522e+00
  9.660927797030e-01    1.717144278537e-01   1.375120317132e+02  -5.305813079522e+00
  1.260167084172e+00   -9.757190118511e-03   1.210863715819e+02   6.884976473156e+00
  8.435558880704e-01   -3.361777634478e-02   1.253232610467e+02   6.884976473156e+00
  1.142332550796e+00   -9.776538809080e-02   1.301379921188e+02   6.884976473156e+00
  7.386210948421e-01    5.456922037524e-02   1.301360715482e+02  -1.092993295658e+01
  9.654935095734e-01    1.698836279938e-01   1.374833320947e+02  -1.092993295658e+01
  4.871775387035e-01    6.642615101708e-02   1.378518380788e+02  -1.092993295658e+01
  4.402247452395e-04   -4.292027157352e-04   1.208729364684e+02  -1.210503172788e+01
  7.278796177130e-01    2.730379123427e-02   1.256501280510e+02  -1.210503172788e+01
  1.840221946272e-03   -1.575457353239e-04   1.248813399302e+02  -1.210503172788e+01
  1.228228976405e-02    1.051310681618e-03   1.129334788511e+02  -9.323231942588e+00
  1.504106215610e+00    1.529819679392e-02   1.093763950370e+02  -9.323231942588e+00
  6.900523831061e-01    2.648334204987e-02   1.216971822056e+02  -9.323231942588e+00
  8.824203944610e-01    2.028856231582e-01   1.335343493172e+02   5.666104155693e+00
  7.074076814723e-01    2.663191073045e-01   1.364533136356e+02   5.666104155693e+00
  1.012463614376e+00    3.175404655827e-01   1.392891385261e+02   5.666104155693e+00
  1.161323763885e+00    3.188037659929e-01   1.477352116031e+02   2.858817307608e+00
  1.103084552130e+00    2.743965493670e-01   1.413741827534e+02   2.858817307608e+00
  1.013789081791e+00    3.176921511658e-01   1.393020138874e+02   2.858817307608e+00
  5.518749525101e-01   -2.664567690907e-03   1.289034085500e+02   2.730527028254e+00
  5.887985289619e-01    1.547940574015e-01   1.308447872142e+02   2.730527028254e+00
  8.277860718676e-01   -6.360782365796e-03   1.312304439114e+02   2.730527028254e+00
  5.905949144852e-01    1.553464390870e-01   1.309148845414e+02   7.979495912447e+00
  7.048834311150e-01    2.662781732268e-01   1.364027619826e+02   7.979495912447e+00
  8.843027767378e-01    2.026883515806e-01   1.335780374832e+02   7.979495912447e+00
  8.256648851065e-01   -6.111765078435e-03   1.311902739358e+02   2.041002928377e+00
  5.908792104009e-01    1.548647357555e-01   1.308838756004e+02   2.041002928377e+00
  8.836117776737e-01    2.023638254971e-01   1.336116031533e+02   2.041002928377e+00
  5.896977175535e-01    1.546254905063e-01   1.308829296230e+02   4.954903868267e+00
  5.512359349755e-01   -1.991306047609e-03   1.288343417956e+02   4.954903868267e+00
  3.061291400836e-01    8.829707532224e-02   1.289919970580e+02   4.954903868267e+00
  1.009279852021e+00    3.162615279126e-01   1.392239179373e+02   2.049331117139e+00
  1.110269401338e+00    2.135121138165e-01   1.353102463013e+02   2.049331117139e+00
  8.870965244543e-01    2.039834239009e-01   1.336861550230e+02   2.049331117139e+00
  1.010182914183e+00    3.179235894069e-01   1.391567716023e+02   8.282364370907e+00
  8.668425986439e-01    2.979356223740e-01   1.452008543902e+02   8.282364370907e+00
  1.165189085119e+00    3.194255701900e-01   1.478106066946e+02   8.282364370907e+00
  1.106309936801e+00    2.106942476719e-01   1.352382248486e+02  -5.190832428273e+00
  1.059569099732e+00    8.572191217549e-02   1.303317426675e+02  -5.190832428273e+00
  1.212636077667e+00    6.569937220894e-02   1.296011495661e+02  -5.190832428273e+00
  1.013389304078e+00    3.166643654025e-01   1.392943004229e+02  -1.402328244574e-01
  1.102789751557e+00    2.747195435832e-01   1.413662932112e+02  -1.402328244574e-01
  1.105919720742e+00    2.125581269852e-01   1.352032813732e+02  -1.402328244574e-01
  1.091405170181e+00   -1.126502824769e-01   1.325843161049e+02  -5.120071098990e-01
  8.295795536124e-01   -6.528537433054e-03   1.313036158132e+02  -5.120071098990e-01
  1.071012981811e+00    9.221976257308e-02   1.326216424388e+02  -5.120071098990e-01
  8.274541197505e-01   -4.837621359358e-03   1.312647111371e+02   9.565072875072e-01
  8.827583030699e-01    2.010688810076e-01   1.336013209538e+02   9.565072875072e-01
  1.072590323437e+00    9.157637960986e-02   1.326614925355e+02   9.565072875072e-01
  1.214918780913e+00    6.594757544636e-02   1.296389190835e+02  -5.770041091066e-01
  1.075163818341e+00    9.329900352659e-02   1.326853920386e+02  -5.770041091066e-01
  1.104003733896e+00    2.117975311773e-01   1.352095379056e+02  -5.770041091066e-01
  1.217143871601e+00    6.808877329980e-02   1.296255248184e+02  -2.038073613808e+00
  1.271440878689e+00   -1.335318734803e-02   1.293696142928e+02  -2.038073613808e+00
  1.073974297156e+00    9.024952425096e-02   1.326943457074e+02  -2.038073613808e+00
  1.374140397104e+00    1.134789735166e-02   1.255381693142e+02  -1.471478691477e+00
  1.272254854590e+00   -1.138337221547e-02   1.293745305494e+02  -1.471478691477e+00
  1.215031072987e+00    6.596230312502e-02   1.295867186428e+02  -1.471478691477e+00
  1.069881899305e+00    9.112890785924e-02   1.325776211228e+02  -1.169955632006e+00
  8.872083192144e-01    2.021838536258e-01   1.336850202936e+02  -1.169955632006e+00
  1.109906013725e+00    2.147359956888e-01   1.352974747415e+02  -1.169955632006e+00
  9.634773314314e-01    1.726409435231e-01   1.374386652986e+02  -4.606202442547e+00
  1.056062386057e+00    8.531397246347e-02   1.302716162536e+02  -4.606202442547e+00
  1.110776136376e+00    2.120989318956e-01   1.352812983652e+02  -4.606202442547e+00
  5.517912026000e-01   -3.230834716612e-03   1.288998150114e+02  -3.475501905961e+00
  8.278817504202e-01   -6.555876488723e-03   1.312349951722e+02  -3.475501905961e+00
  5.998253456547e-01   -1.629172982380e-01   1.306318896734e+02  -3.475501905961e+00
  1.513252365680e+00    3.827355104235e-03   4.605226192067e+01   7.752008183248e+00
  4.418734077657e-02    1.825711900594e-03   4.684016020802e+01   7.752008183248e+00
  1.519498714818e+00    4.511896312585e-03   5.817714597743e+01   7.752008183248e+00
  1.038792790045e+00    2.027284108128e-01   1.493057550153e+02  -4.271845742316e-01
  1.167302436943e+00    3.183610247658e-01   1.478409738427e+02  -4.271845742316e-01
  1.261933098804e+00    2.340149137923e-01   1.578737405489e+02  -4.271845742316e-01
  1.092453754817e+00    1.087365733632e-02  -1.621624221352e-02   1.064063567052e+01
  1.460093432648e-03   -1.451804210212e-04   2.780550394365e-02   1.064063567052e+01
  5.610255812555e-03    2.555446567743e-04   7.753098452267e+00   1.064063567052e+01
  2.868213476031e-01   -4.816929746248e-04   1.271626127549e+02  -3.494468121180e+00
  5.529516310046e-01   -3.776321175269e-03   1.288541443314e+02  -3.494468121180e+00
  3.094308711310e-01   -9.261156291419e-02   1.284992706458e+02  -3.494468121180e+00
  4.731359472056e-01   -1.862848797898e-01   1.422305623212e+02  -3.537380069407e+01
  3.617303554090e-03   -3.102734432031e-04   1.533222572597e+02  -3.537380069407e+01
  2.776654968556e-04   -1.014292327435e-03   1.423448646142e+02  -3.537380069407e+01
  6.947918404665e-01    2.712047045260e-02   1.216884671738e+02  -6.987215209734e+00
  1.493680454329e+00    1.462669349236e-02   1.093138322379e+02  -6.987215209734e+00
  1.181233871860e+00    2.293282517780e-02   1.204627387524e+02  -6.987215209734e+00
  3.308504437493e-03    1.016945509403e-03   1.665908900473e+02  -4.176634930971e+01
  1.636365214363e-03   -1.766398940905e-03   1.535440812366e+02  -4.176634930971e+01
  5.616476068237e-01   -1.555791321459e-01   1.535100343910e+02  -4.176634930971e+01
 -5.333267648696e-04   -5.134757190953e-04   1.383260469932e+02  -1.931736336659e+01
  5.804830300038e-01    8.300453929481e-02   1.457120763945e+02  -1.931736336659e+01
  1.443726300501e-03    1.854801465957e-04   1.449451302245e+02  -1.931736336659e+01
  4.705063217360e-01   -1.851861812253e-01   1.422191958739e+02  -4.240397363403e+01
  5.571469518104e-01   -1.564547784891e-01   1.536341270333e+02  -4.240397363403e+01
  6.294974125481e-03   -1.375550657840e-03   1.533605695723e+02  -4.240397363403e+01
  6.359779720599e-03    3.117794676685e-04   1.666277354367e+02  -4.857216530518e+01
  5.588679715676e-01   -1.548716759117e-01   1.534969489930e+02  -4.857216530518e+01
  6.248001716005e-01   -8.657671931757e-02   1.668733865909e+02  -4.857216530518e+01
  2.324545984003e-03   -8.572283474925e-04   1.422318715890e+02  -3.125287621626e+01
 -1.121312369836e-03   -5.716840431210e-04   1.333846184880e+02  -3.125287621626e+01
  4.691233047637e-01   -1.864377179019e-01   1.423465881369e+02  -3.125287621626e+01
  1.483570146886e+00   -3.185065256238e-02   8.225011423475e+01  -1.623446067207e+00
  1.286488783357e+00   -3.179636883600e-02   8.299641876887e+01  -1.623446067207e+00
  1.157708445632e+00   -2.041546219760e-02   7.362122534986e+01  -1.623446067207e+00
  3.112801615091e-01   -9.364736660016e-02   1.284805716044e+02  -2.165778401734e+01
  3.733942273640e-01   -1.557792108701e-01   1.340371211434e+02  -2.165778401734e+01
  4.469086791303e-03   -3.822314842179e-03   1.332552764114e+02  -2.165778401734e+01
  9.937372187159e-04   -1.270728806315e-03   1.284302038266e+02  -9.360663246383e+00
 -3.925454736018e-04    1.879397858215e-03   1.264689031339e+02  -9.360663246383e+00
  3.109100143811e-01   -9.095215476577e-02   1.285178753973e+02  -9.360663246383e+00
  4.681780110365e-01   -1.857581272468e-01   1.422545341952e+02  -1.956481073099e+01
  3.746527368123e-01   -1.568055850132e-01   1.340517415688e+02  -1.956481073099e+01
  7.309318827402e-01   -2.761811527709e-01   1.361730128472e+02  -1.956481073099e+01
  4.664570822646e-01   -1.854107740852e-01   1.423381274070e+02  -2.917405637457e+01
  1.074678664381e-03   -1.866895557718e-03   1.333901925932e+02  -2.917405637457e+01
  3.753483269943e-01   -1.568437381464e-01   1.339960014334e+02  -2.917405637457e+01
  6.006937458583e-01   -1.641153141994e-01   1.306019131722e+02  -1.439462088461e+01
  7.285304559980e-01   -2.751150584720e-01   1.362297537066e+02  -1.439462088461e+01
  3.762153266787e-01   -1.577812548586e-01   1.339857141705e+02  -1.439462088461e+01
  5.582526398393e-01   -1.565160952452e-01   1.535194928185e+02  -2.500624678851e+01
  4.685701478190e-01   -1.854420578906e-01   1.423587484037e+02  -2.500624678851e+01
  9.025041782234e-01   -3.097282597033e-01   1.447127238602e+02  -2.500624678851e+01
  3.741939512777e-01   -1.572736506986e-01   1.339630848508e+02  -1.211578556862e+01
  3.100974736322e-01   -9.192150477213e-02   1.285693121583e+02  -1.211578556862e+01
  6.024150534812e-01   -1.643724235838e-01   1.306219088459e+02  -1.211578556862e+01
  2.492838361605e-03   -2.652580219663e-03   1.332261668122e+02  -1.509085638831e+01
 -1.879569067815e-04    5.315299566605e-04   1.284638082701e+02  -1.509085638831e+01
  3.130805105678e-01   -9.438172243754e-02   1.284893179872e+02  -1.509085638831e+01
  7.618868712662e-01   -1.118855834875e-01   1.466969634015e+02   2.069504510643e+01
  1.060486366089e-02    3.629312909072e-04   1.545181980297e+02   2.069504510643e+01
  8.773094262152e-01   -1.011205811973e-01   1.584055354763e+02   2.069504510643e+01
  8.995235886588e-01   -3.090828687590e-01   1.447905386362e+02  -2.138219552332e+01
  4.705438686007e-01   -1.861464578499e-01   1.422840403535e+02  -2.138219552332e+01
  7.289672237653e-01   -2.758312693099e-01   1.361494830308e+02  -2.138219552332e+01
  1.174953824464e+00   -1.346244760278e-01   1.678737436802e+02  -3.144144265564e+01
  1.216636283776e+00    2.020024363434e-02   1.812780689699e+02  -3.144144265564e+01
  6.600387502130e-01    1.138461754910e-02   1.810667494707e+02  -3.144144265564e+01
  1.174443511621e+00   -1.355830859632e-01   1.680038156293e+02  -3.002276690004e+01
  6.281090410922e-01   -8.618185826357e-02   1.667721702162e+02  -3.002276690004e+01
  1.062569105821e+00   -2.549264763151e-01   1.555037825968e+02  -3.002276690004e+01
  1.223034962880e+00    1.941686622252e-02   1.811478498656e+02  -9.192536624724e+00
  1.401589233169e+00   -1.267396554011e-01   1.689705071715e+02  -9.192536624724e+00
  1.394759536647e+00    2.148805804603e-02   1.814391401637e+02  -9.192536624724e+00
  9.631331616991e-01   -3.962038340480e-02   1.732866425372e+02   5.225835111606e+00
  1.394972739987e+00    1.904049068266e-02   1.813631930902e+02   5.225835111606e+00
  1.400845935101e+00   -1.237916436913e-01   1.691264379942e+02   5.225835111606e+00
  1.398112330977e+00    2.070021739501e-02   1.813967284281e+02   8.682518349393e+00
  9.598839133700e-01   -4.117631819403e-02   1.732494754778e+02   8.682518349393e+00
  9.533312748961e-01    5.975645656405e-02   1.896656751759e+02   8.682518349393e+00
  1.223302089974e+00    2.248658770979e-02   1.813631276788e+02  -9.333390878658e+00
  1.394646353715e+00    1.994163324062e-02   1.813395409792e+02  -9.333390878658e+00
  1.392378701872e+00    1.724801121402e-01   1.937652398118e+02  -9.333390878658e+00
  1.405122838312e+00   -1.262229767909e-01   1.690393529099e+02  -1.276100485358e+01
  1.219061557845e+00    1.854126445581e-02   1.810940290287e+02  -1.276100485358e+01
  1.175122963212e+00   -1.342726148209e-01   1.680662799329e+02  -1.276100485358e+01
  6.562666874152e-01    1.117151091329e-02   1.810541430104e+02  -3.061672895146e+01
  6.249435186722e-01   -8.630199482296e-02   1.668906014401e+02  -3.061672895146e+01
  1.177965671285e+00   -1.349523324084e-01   1.678923537758e+02  -3.061672895146e+01
  1.361186142724e+00   -2.521576773770e-01   1.578287071799e+02  -1.038828200759e+01
  1.064023290292e+00   -2.557193228760e-01   1.555897664771e+02  -1.038828200759e+01
  1.233776726522e+00   -3.417868522107e-01   1.475627909428e+02  -1.038828200759e+01
  1.065003425447e+00   -2.555146622415e-01   1.555294002740e+02  -2.868396336964e+01
  6.253701436025e-01   -8.589679818014e-02   1.667456084679e+02  -2.868396336964e+01
  5.580592654874e-01   -1.564568198619e-01   1.536433772116e+02  -2.868396336964e+01
  1.398157218893e+00   -1.271484120558e-01   1.690736236900e+02   4.351584736487e+00
  1.365180271183e+00   -2.502323846440e-01   1.578527952694e+02   4.351584736487e+00
  8.898799813550e-01   -1.026250942642e-01   1.584888354817e+02   4.351584736487e+00
  1.403656284675e+00   -1.246793745573e-01   1.691615338859e+02  -9.673834972859e+00
  1.175959141661e+00   -1.358846689415e-01   1.679447439128e+02  -9.673834972859e+00
  1.358996582402e+00   -2.535184599371e-01   1.576470282321e+02  -9.673834972859e+00
  9.016234242144e-01   -3.089953950722e-01   1.448521898752e+02  -1.380420327662e+01
  1.236845639513e+00   -3.419587902039e-01   1.476429850569e+02  -1.380420327662e+01
  1.060469527143e+00   -2.559427448692e-01   1.555127368875e+02  -1.380420327662e+01
  1.402474716278e+00   -1.258632592189e-01   1.691207324173e+02   8.689975494628e+00
  8.835867315182e-01   -1.034576128729e-01   1.584131204608e+02   8.689975494628e+00
  9.611789202030e-01   -3.791034045374e-02   1.732915090497e+02   8.689975494628e+00
  1.363613883876e+00   -2.511839835671e-01   1.578234273257e+02   6.907493020972e+00
  1.161752095215e+00   -2.316475073730e-01   1.495921036319e+02   6.907493020972e+00
  8.905203652785e-01   -1.011975489645e-01   1.584900489822e+02   6.907493020972e+00
  1.361883677688e+00   -2.533763002565e-01   1.577290702512e+02  -1.375225671283e+01
  1.172847863689e+00   -1.365881839716e-01   1.678670034402e+02  -1.375225671283e+01
  1.064015980310e+00   -2.547037211480e-01   1.556871366220e+02  -1.375225671283e+01
  5.607723811818e-01   -1.569388664781e-01   1.535454441972e+02  -2.678317840489e+01
  9.004282876057e-01   -3.092181519591e-01   1.446883623794e+02  -2.678317840489e+01
  1.061741401173e+00   -2.554373359329e-01   1.556262719151e+02  -2.678317840489e+01
  6.435203177413e-01   -8.868838116906e-02   1.386805115280e+02   1.698502684946e+01
  2.522415088973e-03    7.649027149721e-04   1.387139824339e+02   1.698502684946e+01
  7.603627081133e-01   -1.115778001479e-01   1.467125178882e+02   1.698502684946e+01
  1.060025097313e+00   -3.379412180379e-01   1.391540167697e+02  -1.224283455833e+01
  8.982522363692e-01   -3.093130904492e-01   1.447083710086e+02  -1.224283455833e+01
  7.299910498167e-01   -2.755751637596e-01   1.362720344730e+02  -1.224283455833e+01
  3.612122303078e-03    2.229141499483e-03   1.809515885911e+02  -4.587043232205e+01
  2.032293617865e-03   -1.697625848189e-03   1.668247501247e+02  -4.587043232205e+01
  6.288049334387e-01   -8.424516838174e-02   1.667462755561e+02  -4.587043232205e+01
  8.257379333144e-01   -6.775089798405e-03   1.311933275566e+02  -2.971067707722e+00
  9.063791476316e-01   -2.182572106848e-01   1.335120981498e+02  -2.971067707722e+00
  6.019180472762e-01   -1.630050359419e-01   1.306734528395e+02  -2.971067707722e+00
  3.111123714158e-01   -9.285733867835e-02   1.285303036643e+02  -5.629490396055e+00
  5.511858419655e-01   -3.776028083670e-03   1.288352501981e+02  -5.629490396055e+00
  6.006241980669e-01   -1.628495070728e-01   1.306642685938e+02  -5.629490396055e+00
  1.057249893550e+00   -3.379096662028e-01   1.390833323624e+02  -9.541154067982e+00
  1.236366425697e+00   -3.414331878039e-01   1.477215541002e+02  -9.541154067982e+00
  9.015395463293e-01   -3.093028349959e-01   1.447769560126e+02  -9.541154067982e+00
  7.298860820953e-01   -2.754659901223e-01   1.362114308802e+02  -6.777312935288e+00
  9.052917204559e-01   -2.188044344942e-01   1.334369557819e+02  -6.777312935288e+00
  1.059479661257e+00   -3.375114193312e-01   1.392119393774e+02  -6.777312935288e+00
  1.175045279778e+00   -2.389535471831e-01   1.354229342088e+02  -2.975151089668e+00
  1.056443439230e+00   -3.362931665516e-01   1.391509390518e+02  -2.975151089668e+00
  9.098157271095e-01   -2.198997741369e-01   1.335852486990e+02  -2.975151089668e+00
  1.060799119607e+00   -3.376978149020e-01   1.392239960575e+02  -4.035958117959e+00
  1.189686316572e+00   -3.035248216609e-01   1.415985851584e+02  -4.035958117959e+00
  1.232583719129e+00   -3.408262967639e-01   1.476496417283e+02  -4.035958117959e+00
  1.174569874950e+00   -2.400217508170e-01   1.354035479594e+02   1.361235245406e-01
  9.100400162125e-01   -2.181844671420e-01   1.335886991720e+02   1.361235245406e-01
  1.090361829610e+00   -1.116416309408e-01   1.325398824208e+02   1.361235245406e-01
  7.273556493627e-01   -2.753707854076e-01   1.361628218923e+02  -8.834550283495e+00
  6.015264902968e-01   -1.634886961681e-01   1.307011343203e+02  -8.834550283495e+00
  9.071834911788e-01   -2.186348746151e-01   1.334805832324e+02  -8.834550283495e+00
  8.508430098656e-01   -7.254058284728e-02   1.305121687990e+02   6.948679735591e+00
  1.145464847850e+00   -9.912185036396e-02   1.301721512167e+02   6.948679735591e+00
  8.406698237355e-01   -3.283085338992e-02   1.252820301516e+02   6.948679735591e+00
  1.516853994555e+00    1.333121669342e-02   1.093879490284e+02  -9.162933021497e+00
  8.211168723562e-03    2.097999117057e-03   1.127948032712e+02  -9.162933021497e+00
  1.513809006983e-02   -1.685885948708e-03   1.004150007378e+02  -9.162933021497e+00
  1.171154469406e+00   -2.359538981114e-01   1.353497233203e+02   4.613469404226e+00
  1.265542898504e+00   -7.933362023775e-02   1.298626336737e+02   4.613469404226e+00
  1.146911762179e+00   -1.000457963095e-01   1.302088756310e+02   4.613469404226e+00
  1.168780704032e+00   -2.367881156724e-01   1.353124700449e+02  -2.159628261313e-01
  1.095444792854e+00   -1.141293145029e-01   1.326428248860e+02  -2.159628261313e-01
  1.267478778946e+00   -8.007596950196e-02   1.299001906401e+02  -2.159628261313e-01
  1.269337750237e+00   -7.886990136187e-02   1.299195677145e+02  -9.985738098419e-02
  1.271303477281e+00   -1.204115548203e-02   1.293752807538e+02  -9.985738098419e-02
  1.375714742071e+00    1.214451131891e-02   1.255385310231e+02  -9.985738098419e-02
  1.189330722970e+00   -3.038096144827e-01   1.415891719911e+02  -9.525713378578e-01
  1.060518660996e+00   -3.367437997222e-01   1.392190096191e+02  -9.525713378578e-01
  1.170762100544e+00   -2.379875707948e-01   1.353205940603e+02  -9.525713378578e-01
  1.263616830927e+00   -1.113920995380e-02   1.211206519983e+02   1.998775373240e+00
  1.269156604929e+00   -7.817015024522e-02   1.299430376583e+02   1.998775373240e+00
  1.377442335441e+00    1.144141495139e-02   1.255332798741e+02   1.998775373240e+00
  1.269656802203e+00   -8.241891243018e-02   1.299012808866e+02   9.444908259111e-01
  1.094438725733e+00   -1.109144451124e-01   1.326449718485e+02   9.444908259111e-01
  1.271396881184e+00   -9.422033744816e-03   1.293804780705e+02   9.444908259111e-01
  9.056584727325e-01   -2.169494903847e-01   1.335049240454e+02  -1.778296442801e+00
  8.273666627182e-01   -8.109889416753e-03   1.312635731709e+02  -1.778296442801e+00
  1.093037384658e+00   -1.121199215813e-01   1.326256248290e+02  -1.778296442801e+00
  1.075595015272e+00   -2.034911820198e-01   1.379373295720e+02   3.821491209638e+00
  1.175822583784e+00   -2.373761543741e-01   1.353991523046e+02   3.821491209638e+00
  1.143355263629e+00   -1.000324745008e-01   1.301535435409e+02   3.821491209638e+00
  1.189723797408e+00   -3.026206875613e-01   1.415975376456e+02   4.821752494403e+00
  1.076284389735e+00   -2.018066226793e-01   1.379780319774e+02   4.821752494403e+00
  1.062737364929e+00   -2.094947637065e-01   1.430712766366e+02   4.821752494403e+00
  1.187243631647e+00   -3.023927587811e-01   1.415744936889e+02   4.349716470352e+00
  1.173194649060e+00   -2.386251571996e-01   1.353535571683e+02   4.349716470352e+00
  1.078439594566e+00   -2.024900257661e-01   1.380083616498e+02   4.349716470352e+00
  1.164791546621e+00   -2.308250565709e-01   1.496777459770e+02   1.063920006143e+01
  1.063037405688e+00   -2.093446571737e-01   1.430739340105e+02   1.063920006143e+01
  7.614024840390e-01   -1.120188566028e-01   1.467483092162e+02   1.063920006143e+01
  1.062881933400e+00   -2.091776477278e-01   1.430870337686e+02   3.690650807841e+00
  1.165077455543e+00   -2.317594122240e-01   1.496720891774e+02   3.690650807841e+00
  1.189711186472e+00   -3.034790047829e-01   1.415740850673e+02   3.690650807841e+00
  6.433696889053e-01   -8.865615931503e-02   1.386837527930e+02   1.040802165360e+01
  7.599804938190e-01   -1.123495161080e-01   1.467080536717e+02   1.040802165360e+01
  1.064486627706e+00   -2.089380490072e-01   1.431051711261e+02   1.040802165360e+01
  1.167154603470e+00   -2.307513583286e-01   1.496802748634e+02   1.002368742693e+01
  7.587092652237e-01   -1.122192079617e-01   1.467182212979e+02   1.002368742693e+01
  8.809849939656e-01   -1.015588486459e-01   1.583881279360e+02   1.002368742693e+01
  1.061775521789e+00   -2.088476174040e-01   1.430840356996e+02   1.027335558540e+01
  1.078299350655e+00   -2.016307448317e-01   1.379908665931e+02   1.027335558540e+01
  6.464487351665e-01   -8.893754371907e-02   1.387202746653e+02   1.027335558540e+01
  1.186586146069e+00   -3.037355592896e-01   1.415121281242e+02   1.738047298057e+00
  1.168848585261e+00   -2.317236590565e-01   1.497302766482e+02   1.738047298057e+00
  1.237062249441e+00   -3.401492319709e-01   1.477252572557e+02   1.738047298057e+00
  8.529110500596e-01   -7.130904259587e-02   1.305543176219e+02   7.922403903729e+00
  1.074578804974e+00   -2.014950022789e-01   1.379455690369e+02   7.922403903729e+00
  1.143768828464e+00   -1.012224505805e-01   1.301541063381e+02   7.922403903729e+00
  8.031826174604e-01   -1.194045768347e-02   1.208305365302e+02   1.173291121689e+01
  3.467429454479e-03    6.181384535395e-04   1.203249287538e+02   1.173291121689e+01
  8.410247652628e-01   -3.275795273285e-02   1.253114535307e+02   1.173291121689e+01
  8.027171524264e-01   -1.190356975597e-02   1.207835201090e+02   6.510865104633e+00
  1.261111163715e+00   -1.058744231537e-02   1.210593413706e+02   6.510865104633e+00
  1.105715342511e+00   -1.517259835264e-02   1.133940158978e+02   6.510865104633e+00
  3.381142531454e-03   -6.332244498369e-04   1.304944249156e+02   1.204445526418e+01
  8.445057331359e-01   -3.326064223851e-02   1.252845245301e+02   1.204445526418e+01
  7.375492252779e-04    6.265935281860e-04   1.203044158534e+02   1.204445526418e+01
  1.086062233615e+00    1.060980260871e-02   7.437549287198e-03   3.573557377335e+00
  1.286085263465e+00    1.262394169984e-02   8.450281279586e+00   3.573557377335e+00
  1.455496540414e+00    3.754527768596e-03   8.506217649806e-02   3.573557377335e+00
 -1.393035899563e-03   -1.678670576254e-03   2.219106202469e+02   1.417290431195e+01
  5.666488550479e-01    9.611901249025e-02   2.199519895744e+02   1.417290431195e+01
  2.252309434671e-03    9.429778749321e-04   2.191043691125e+02   1.417290431195e+01
  1.274236352458e+00   -1.650096576626e-02   1.008099267468e+02  -9.715940518834e+00
  1.505685779294e+00    1.216030619807e-02   1.093608772594e+02  -9.715940518834e+00
  2.235910271715e-02   -1.959611721794e-03   1.004161197047e+02  -9.715940518834e+00
  8.503369572001e-01   -7.223933503748e-02   1.304962352361e+02   1.014862496184e+01
  6.452691617950e-01   -8.991327847519e-02   1.386825544054e+02   1.014862496184e+01
  1.078489889877e+00   -2.006267833183e-01   1.379851356445e+02   1.014862496184e+01
  1.506696133280e+00    3.147300342215e-03   4.603640745536e+01   1.610795557749e-01
  1.382001969044e+00   -7.258273488968e-03   3.852726872840e+01   1.610795557749e-01
  1.326018507829e+00    6.965469028688e-03   3.699758283165e+01   1.610795557749e-01
 -9.339639050953e-04    3.207839955250e-04   1.386404468802e+02   1.908048999003e+01
  5.276414920047e-03   -8.234469310447e-05   1.544265725830e+02   1.908048999003e+01
  7.653577488203e-01   -1.112722166632e-01   1.467342450734e+02   1.908048999003e+01
  1.428388243596e+00   -6.707004526631e-03   1.023071385094e+02   1.014839443038e+01
  2.458242055293e-02   -1.932511132430e-03   1.122088276234e+02   1.014839443038e+01
  1.095625718452e+00   -1.558491695936e-02   1.133205865062e+02   1.014839443038e+01
  1.238447888635e+00   -3.404059162179e-01   1.477518050665e+02  -1.114721783784e+00
  1.167317074014e+00   -2.316022482592e-01   1.497115164068e+02  -1.114721783784e+00
  1.356482741453e+00   -2.521566102424e-01   1.577378685665e+02  -1.114721783784e+00
  1.272679939490e+00   -1.135858214320e-02   1.294278744392e+02  -4.407492031503e-01
  1.092001806070e+00   -1.090074941492e-01   1.326122996986e+02  -4.407492031503e-01
  1.071389483909e+00    8.858324625627e-02   1.326497562830e+02  -4.407492031503e-01
  6.272122141504e-03   -1.631748937416e-03   1.545102345538e+02   1.996580183617e+01
  9.619700574317e-01   -4.118115858191e-02   1.732591404182e+02   1.996580183617e+01
  8.803039841326e-01   -1.000920078271e-01   1.584156502873e+02   1.996580183617e+01
  1.488917726315e+00    1.323609040713e-02   1.091692840377e+02   2.643031151277e+00
  1.122127356095e+00   -1.525492460671e-02   1.133641984939e+02   2.643031151277e+00
  1.396716746169e+00    2.469615339032e-03   1.209453851999e+02   2.643031151277e+00
  1.287196874530e+00    1.161024482504e-01   1.694565703145e+02  -7.844057550762e+00
  1.274415051575e+00   -1.173348625035e-02   1.821073177355e+02  -7.844057550762e+00
  7.573016602391e-01    3.461925890574e-02   1.734505979467e+02  -7.844057550762e+00
  1.348136645951e-02    5.908507321944e-04   7.739162825622e+00   9.756201634372e+00
  1.289802495603e+00    1.254996321659e-02   8.394184552454e+00   9.756201634372e+00
  1.085373371855e+00    1.076630372251e-02  -3.642344775126e-02   9.756201634372e+00
  1.393083119952e+00    2.703323598356e-03   1.209096268452e+02   1.786507086666e+00
  1.263937703943e+00   -1.148962781377e-02   1.211072500593e+02   1.786507086666e+00
  1.376387215366e+00    1.123208993055e-02   1.255259732742e+02   1.786507086666e+00
  1.671453789106e+00    1.171619116949e-02   2.934894450370e+01   7.445091693187e+00
  1.378622260620e+00    2.143702306470e-02   1.752777801346e+01   7.445091693187e+00
  5.299353749286e-02   -1.021258808022e-03   2.706516435464e+01   7.445091693187e+00
  1.400867780052e+00    2.370297710143e-03   1.209586881063e+02   2.090737487072e+00
  1.115765295965e+00   -1.511772883481e-02   1.133869659476e+02   2.090737487072e+00
  1.256030803055e+00   -1.079418294524e-02   1.211091312695e+02   2.090737487072e+00
  1.105767531342e+00   -1.484285415272e-02   1.132018030493e+02   2.244494725223e+00
  1.499694825764e+00    1.180626453886e-02   1.091490013464e+02   2.244494725223e+00
  1.417722622808e+00   -6.853139485856e-03   1.022447006874e+02   2.244494725223e+00
  1.374846540748e+00    1.168373259247e-02   1.255253663568e+02  -4.097556522319e+00
  1.214640062642e+00    6.589837879936e-02   1.295879035568e+02  -4.097556522319e+00
  1.055534811461e+00    8.486719595960e-02   1.303326144884e+02  -4.097556522319e+00
  1.186017720747e+00    2.246140874940e-02   1.205291672014e+02  -3.034906072045e+00
  1.394835259027e+00    2.109225540034e-03   1.209086246980e+02  -3.034906072045e+00
  1.373855723722e+00    1.226018271005e-02   1.255619756362e+02  -3.034906072045e+00
  1.054149775700e+00    8.368543949214e-02   1.303520316818e+02  -6.492886259895e+00
  7.349449400530e-01    2.914787459811e-02   1.257336889687e+02  -6.492886259895e+00
  1.377959001477e+00    1.302590811280e-02   1.255346174051e+02  -6.492886259895e+00
  1.382684699063e-03   -9.097092353813e-04   1.248282348795e+02  -1.238990535393e+01
  7.440122504382e-01    5.389636455850e-02   1.301652472495e+02  -1.238990535393e+01
  1.716885875053e-03    3.077707590958e-04   1.304776777364e+02  -1.238990535393e+01
  7.403783324534e-01    5.374261086222e-02   1.301517394309e+02  -1.245837904797e+01
  3.982114814662e-03   -1.125184594705e-03   1.248530332410e+02  -1.245837904797e+01
  7.265635929918e-01    2.807073680866e-02   1.256732860466e+02  -1.245837904797e+01
  1.260481639298e+00   -9.637732356455e-03   1.211005003142e+02   3.373716064384e+00
  1.141667735260e+00   -9.815077322029e-02   1.301306855635e+02   3.373716064384e+00
  1.270693929676e+00   -7.943046577665e-02   1.299471315346e+02   3.373716064384e+00
  8.022835990085e-01   -1.178701730437e-02   1.208142880859e+02   6.899971377228e+00
  8.408532993062e-01   -3.328317958770e-02   1.253429099665e+02   6.899971377228e+00
  1.262989279362e+00   -1.060340009371e-02   1.210847181250e+02   6.899971377228e+00
  1.286056279936e+00    1.110525809051e-02   8.486301151378e+00   1.116314342106e+00
  1.385369668383e+00    2.265285828680e-02   1.804234782961e+01   1.116314342106e+00
  1.456272022456e+00    1.886943733626e-02   1.114090842677e+01   1.116314342106e+00
  2.053924951597e-02    1.023411246328e-03   9.006525314557e+01   9.633073398732e+00
  1.473729942328e+00   -2.562615375237e-02   8.180603606061e+01   9.633073398732e+00
  1.011599841123e-03    8.794820968509e-04   8.015062670345e+01   9.633073398732e+00
  3.984071928105e-02   -6.848709336922e-04   9.098633544272e+01  -7.782868360891e+00
  1.664042535045e+00   -1.779808114012e-02   9.157631236311e+01  -7.782868360891e+00
  1.276148300028e+00   -1.555724552234e-02   1.011339785987e+02  -7.782868360891e+00
  1.650593712003e+00   -1.810990386637e-02   9.161333250743e+01   7.684525463611e+00
  4.226119100530e-02    8.364847399534e-04   9.068059806715e+01   7.684525463611e+00
  1.424948605045e+00   -5.628130423202e-03   1.027569868555e+02   7.684525463611e+00
  1.314397258205e+00    1.257393565569e-03   5.245149329699e+01  -2.020676381633e+00
  1.530615340935e+00    5.253843988947e-03   5.778135054695e+01  -2.020676381633e+00
  1.311657216497e+00    1.540448176439e-02   6.336263945067e+01  -2.020676381633e+00
  1.326965848115e+00    7.422882991500e-03   3.701730223936e+01   9.644379429107e+00
 -4.554528469046e-04   -1.504628280587e-04   3.688534559911e+01   9.644379429107e+00
  1.600004071375e-02    6.944325030177e-04   4.638951490830e+01   9.644379429107e+00
  1.165706011934e+00   -2.048741108951e-02   7.347700133495e+01  -2.639698710722e+00
  1.524923764108e+00   -2.027962009680e-02   6.985793851304e+01  -2.639698710722e+00
  1.473804903531e+00   -3.151618588898e-02   8.229275464879e+01  -2.639698710722e+00
  1.517388560984e+00    4.265648008529e-03   5.721069194431e+01   7.480227298137e+00
  4.911204053564e-02   -2.418144811562e-03   6.962527445037e+01   7.480227298137e+00
  1.538799916304e+00   -1.931974763020e-02   6.980234822327e+01   7.480227298137e+00
  1.305069119165e+00    1.096393241577e-03   5.232747207620e+01  -2.153606484120e+00
  1.363038110597e+00   -6.623847731709e-03   3.848751294720e+01  -2.153606484120e+00
  1.519457391441e+00    2.128855281798e-03   4.599443405512e+01  -2.153606484120e+00
  1.542263257938e+00   -2.160552681164e-02   7.007997373439e+01   7.261791469795e+00
  4.504391733546e-02   -3.612824687388e-04   7.011432435952e+01   7.261791469795e+00
  1.460481986381e+00   -2.833704812317e-02   8.251924946955e+01   7.261791469795e+00
  1.470630757326e+00    1.676481052048e-02   1.113567138331e+01  -9.513129197560e+00
  1.459607161072e-02    1.092115795788e-03   1.860906084965e+01  -9.513129197560e+00
  9.502585266320e-03   -1.532188052213e-03   6.922477589656e+00  -9.513129197560e+00
  1.715969191369e-02   -1.274299853832e-03   1.710858286838e+01   9.339120382230e+00
  1.384891524440e+00    2.028644535827e-02   1.794439435961e+01   9.339120382230e+00
  1.288064370145e+00    1.191934543211e-02   8.423978367484e+00   9.339120382230e+00
  8.105929816503e-03   -6.603318411499e-04   1.711866883226e+01   9.858346255954e+00
  1.297561856711e+00    1.220673452437e-02   8.402849496434e+00   9.858346255954e+00
  6.640881091361e-03    6.686065896301e-04   7.801241508242e+00   9.858346255954e+00
  1.447084462566e+00    3.352949066503e-03   8.331944620430e-02   1.269997736192e+00
  1.294496286008e+00    1.284116963784e-02   8.410273410160e+00   1.269997736192e+00
  1.446800578745e+00    1.628097153985e-02   1.111430346197e+01   1.269997736192e+00
 -9.160849407165e-04    3.625568362856e-04   3.662689537602e+01   9.640030665675e+00
  1.324848906081e+00    7.068901773049e-03   3.746878000256e+01   9.640030665675e+00
  2.273235368951e-02    6.979668481034e-05   2.767951238198e+01   9.640030665675e+00
  1.397297865559e+00    2.406067401083e-02   1.803638592292e+01  -9.445536370680e-01
  1.642148864410e+00    1.119206287626e-02   2.952263792451e+01  -9.445536370680e-01
  1.274164558872e+00    3.317303010895e-02   2.149679316402e+01  -9.445536370680e-01
  1.394751914635e+00    1.980132778792e-02   1.774958139277e+01   9.439648954710e+00
  5.332139328267e-03   -1.106850130356e-03   1.727501216937e+01   9.439648954710e+00
  2.308533817395e-02   -6.953771009188e-04   2.702671715066e+01   9.439648954710e+00
  1.401922401004e+00    2.424428143476e-02   1.801608261927e+01  -9.083495772695e-01
  1.271459907367e+00    3.332724663057e-02   2.123125478734e+01  -9.083495772695e-01
  1.444845750428e+00    1.904305781077e-02   1.100999787285e+01  -9.083495772695e-01
  4.471013228700e-03    6.325374322958e-04   1.857619652724e+01  -1.051565857151e+01
  1.271558277207e+00    3.057536757901e-02   2.110229638410e+01  -1.051565857151e+01
  1.029930205012e-02   -1.127837841280e-03   2.822852297918e+01  -1.051565857151e+01
  3.117710960437e-02   -2.069903219645e-03   2.829391739835e+01  -8.771836122346e+00
  1.260673997567e+00    3.094261419540e-02   2.102967746842e+01  -8.771836122346e+00
  1.652459909661e+00    1.000399132702e-02   2.938000876736e+01  -8.771836122346e+00
  1.442836659052e+00   -6.448788355924e-03   1.023907915248e+02   9.952218051520e+00
  3.051279915152e-03    9.649275548333e-04   1.014017221555e+02   9.952218051520e+00
  1.352970507154e-02   -1.176800432396e-03   1.121473020321e+02   9.952218051520e+00
  1.287628892728e+00   -1.494838605683e-02   1.008971578951e+02  -1.054125540507e+00
  1.432804951191e+00   -6.315406782220e-03   1.023306422246e+02  -1.054125540507e+00
  1.487347358716e+00    1.133323223989e-02   1.093698833636e+02  -1.054125540507e+00
  5.142776201326e-03    2.430915517420e-04   7.964707577785e+01  -1.012328947364e+01
  1.300643496209e+00   -3.032836208692e-02   8.258859971321e+01  -1.012328947364e+01
  1.403090674204e-02    2.230260645013e-04   9.065589678024e+01  -1.012328947364e+01
  1.429841254648e+00   -5.727259876185e-03   1.023203248997e+02  -1.470068632693e+00
  1.291731509293e+00   -1.488922572790e-02   1.006813341637e+02  -1.470068632693e+00
  1.638864481055e+00   -1.770402036807e-02   9.150570038111e+01  -1.470068632693e+00
  1.287607547512e+00   -1.684364007979e-02   1.009639145785e+02  -9.778374633232e+00
  4.410504510793e-03   -1.149449609824e-03   1.004089286088e+02  -9.778374633232e+00
  1.608731933910e-02   -3.975390343866e-04   9.106746128136e+01  -9.778374633232e+00
  1.380868461804e-02   -4.688631137464e-04   2.866762818131e+01  -1.047977532516e+01
  1.384151816997e+00   -7.189325938568e-03   3.855172260424e+01  -1.047977532516e+01
  1.549026754362e-03    5.163894129469e-05   4.023963703319e+01  -1.047977532516e+01
  2.166247271299e-03    4.634434723658e-04   1.012645132022e+02   9.940896493364e+00
  1.441102423597e+00   -5.390712014315e-03   1.026137160788e+02   9.940896493364e+00
  1.939016120444e-02    5.453969586990e-04   9.071482294016e+01   9.940896493364e+00
  1.328890034374e+00    6.639729004162e-03   3.713826105326e+01   8.309243219568e-01
  1.376407189323e+00   -7.446590464834e-03   3.819777082056e+01   8.309243219568e-01
  1.640475268996e+00    9.245722950739e-03   2.928287639185e+01   8.309243219568e-01
  4.961997479058e-02    4.522783479729e-05   2.757360595776e+01   6.786276773721e+00
  1.309446897942e+00    6.495288125110e-03   3.775015748856e+01   6.786276773721e+00
  1.673610053050e+00    1.049249814695e-02   2.944107207874e+01   6.786276773721e+00
  1.315117789407e+00    7.125694359122e-03   3.675917198185e+01   7.547053720543e+00
  3.641545879262e-02    1.633683754510e-03   4.646567114862e+01   7.547053720543e+00
  1.519295251253e+00    4.068032212927e-03   4.588282184905e+01   7.547053720543e+00
  1.315248582426e+00    1.943648878491e-03   5.245358212773e+01  -1.034051204686e+01
  1.312597031568e+00    1.430900931499e-02   6.334815083015e+01  -1.034051204686e+01
  1.970538572021e-02   -1.213794199852e-04   6.031372027819e+01  -1.034051204686e+01
  1.538252756752e+00    4.392379014103e-03   5.792284805306e+01   9.051949471775e+00
  2.205123475695e-02    1.090908553503e-03   4.694697558916e+01   9.051949471775e+00
  3.029558278074e-03   -4.833470968424e-04   5.816007730389e+01   9.051949471775e+00
  2.606100502956e-03   -2.335403176117e-04   4.028617127863e+01  -1.047145078795e+01
  1.380148165483e+00   -6.499440594533e-03   3.849848450782e+01  -1.047145078795e+01
  1.183455492082e-02    5.069371410442e-04   4.995247853246e+01  -1.047145078795e+01
  1.295633186414e+00   -3.230414343925e-02   8.305777526287e+01  -1.897460473275e+00
  1.465786608348e+00   -2.988161839231e-02   8.209168461431e+01  -1.897460473275e+00
  1.635568511334e+00   -1.813225002686e-02   9.145077519300e+01  -1.897460473275e+00
  4.140383011169e-02   -3.136392443381e-05   9.065170195426e+01  -8.219987560033e+00
  1.283086991288e+00   -3.044230926727e-02   8.245582164496e+01  -8.219987560033e+00
  1.661992827798e+00   -1.847879468310e-02   9.146935625422e+01  -8.219987560033e+00
  1.264471536762e-02    8.425481252106e-04   7.950811523212e+01  -1.027144122976e+01
  1.144927629202e+00   -1.830614413621e-02   7.374625739339e+01  -1.027144122976e+01
  1.293506630166e+00   -3.139059314721e-02   8.271308189212e+01  -1.027144122976e+01
  1.149228481943e+00   -1.595789666223e-02   7.384381593939e+01  -1.116428899568e+01
  3.634464629126e-03   -1.734547436447e-05   7.949130202883e+01  -1.116428899568e+01
  4.567853216960e-03    9.709978649943e-04   7.119131132715e+01  -1.116428899568e+01
  7.070955668386e-03   -4.824590686622e-04   6.027592541539e+01  -1.047068147676e+01
  1.324326481756e+00    1.452357969773e-02   6.336889831656e+01  -1.047068147676e+01
  7.854317620000e-03    3.945552835217e-04   7.117134901610e+01  -1.047068147676e+01
  1.319659441500e+00    1.653286494066e-02   6.355123428651e+01  -1.822809981543e+00
  1.519152371762e+00    5.210934879254e-03   5.749980056368e+01  -1.822809981543e+00
  1.528434533996e+00   -1.839053309788e-02   6.976305764179e+01  -1.822809981543e+00
  2.399864598957e-02   -1.561263214754e-03   6.952838486545e+01   9.051919076829e+00
  1.537136659059e+00    3.359823444588e-03   5.747603787811e+01   9.051919076829e+00
  2.892826764424e-03    2.619719866845e-05   5.842252096134e+01   9.051919076829e+00
  2.648965850676e-04    1.615459472956e-03   7.990615529064e+01   9.645546857990e+00
  1.474716909218e+00   -2.634679806067e-02   8.222030865201e+01   9.645546857990e+00
  2.066610206898e-02   -6.604323318480e-05   7.017143481300e+01   9.645546857990e+00
  1.311150636842e+00    1.526194665392e-02   6.343197839826e+01  -1.044301899701e+01
  1.136407205135e+00   -1.587666688501e-02   7.385723339021e+01  -1.044301899701e+01
  1.848303044376e-02    1.230551129919e-03   7.120037221398e+01  -1.044301899701e+01
  1.305962205868e+00    1.647728583428e-02   6.348516117494e+01  -3.352331161651e+00
  1.538392811939e+00   -1.951204878320e-02   6.972816349224e+01  -3.352331161651e+00
  1.141033765419e+00   -1.780443949089e-02   7.372650601177e+01  -3.352331161651e+00
  1.323931593362e+00    2.158915865535e-03   5.243442240302e+01  -1.033506116236e+01
  8.904821126946e-03    1.026011530841e-04   6.032698339984e+01  -1.033506116236e+01
  6.954260681554e-03    2.739188287355e-04   4.990879603965e+01  -1.033506116236e+01
  1.366821495180e+00   -6.497764733346e-03   3.848258651165e+01  -1.012220536357e+01
  1.304618708963e+00    1.535074254592e-03   5.235719725910e+01  -1.012220536357e+01
  2.390541278776e-02    7.376452219649e-04   4.994748724517e+01  -1.012220536357e+01
  1.518795580445e+00    4.864885049156e-03   5.802092231064e+01  -1.850151721767e+00
  1.323286515872e+00    6.249840934217e-04   5.231070764823e+01  -1.850151721767e+00
  1.506360746551e+00    2.536655246481e-03   4.604363740228e+01  -1.850151721767e+00
