
  9.814639739520e-04   -1.180297332923e-03   1.224592012792e+02  -6.871711932121e+00
  3.106720177195e-01   -1.077300235412e-03   1.234021953086e+02  -6.871711932121e+00
 -1.689948038955e-04    4.827740731537e-04   1.228086449276e+02  -6.871711932121e+00
  3.760288850787e-01   -5.307070411838e-02   1.133071862650e+02  -1.250046627147e+01
 -2.795810391420e-04   -9.939865326579e-06   1.179882788274e+02  -1.250046627147e+01
  1.055454187799e-03    2.303763997671e-05   1.131355002114e+02  -1.250046627147e+01
  3.104192951536e-01    6.659360017881e-04   1.234111467930e+02  -7.215335802325e+00
  5.059319469392e-01   -1.065683794982e-01   1.232111377245e+02  -7.215335802325e+00
  5.427740017765e-01   -1.391815941197e-03   1.250595931867e+02  -7.215335802325e+00
  5.079546072579e-01   -1.056478281353e-01   1.231805396187e+02  -6.825940552004e+00
  3.087597055522e-01   -2.688651013947e-04   1.234579665204e+02  -6.825940552004e+00
  2.369532437815e-01   -4.230852119225e-02   1.221451840002e+02  -6.825940552004e+00
  6.303677920018e-01   -1.316180046326e-01   1.260007988954e+02  -4.802852306264e+00
  5.429998099445e-01   -1.355629080288e-03   1.251175768075e+02  -4.802852306264e+00
  5.062102058352e-01   -1.074494386851e-01   1.231764499543e+02  -4.802852306264e+00
  7.913257979488e-01    8.149770091715e-03   6.146189081944e+00  -5.252737666279e+00
  1.076050181969e-02   -6.840032440522e-04   3.843169175475e+00  -5.252737666279e+00
  5.804925473886e-01   -8.218563967395e-03  -3.612132587881e-02  -5.252737666279e+00
  2.375310345084e-01   -4.164778172233e-02   1.221367917275e+02  -6.582001223386e+00
  4.855826815615e-01   -1.166701579787e-01   1.208431778764e+02  -6.582001223386e+00
  5.079095340669e-01   -1.063055930859e-01   1.231674092477e+02  -6.582001223386e+00
  7.525100312601e-01    7.192317847180e-03   6.915891375928e+01  -2.982280941501e+00
  4.005290730961e-01    1.588229425189e-02   6.926189774371e+01  -2.982280941501e+00
  6.449772555346e-01    1.224571960684e-02   6.641729815938e+01  -2.982280941501e+00
  2.930577709448e-01   -5.709357280423e-02   1.189889381997e+02  -6.291222758355e+00
  3.763114688160e-01   -5.335505643851e-02   1.133027420730e+02  -6.291222758355e+00
  5.496051915559e-01   -1.304417004900e-01   1.175845619377e+02  -6.291222758355e+00
  1.063398285707e-03    2.372364399874e-04   1.211332825630e+02  -9.009754414119e+00
  2.921262667607e-01   -5.680216781937e-02   1.190083767558e+02  -9.009754414119e+00
  2.367420419091e-01   -4.196880609638e-02   1.221675927630e+02  -9.009754414119e+00
  4.862693618645e-01   -1.167597768866e-01   1.208329582778e+02  -3.226175044768e+00
  5.486339044039e-01   -1.311525546549e-01   1.175892183790e+02  -3.226175044768e+00
  5.970856407484e-01   -1.758441886622e-01   1.221182099406e+02  -3.226175044768e+00
  5.485512956047e-01   -1.305255003436e-01   1.175918232934e+02  -6.740048646282e+00
  4.862427355907e-01   -1.168858417184e-01   1.208372219034e+02  -6.740048646282e+00
  2.941883232315e-01   -5.701516622674e-02   1.189707782349e+02  -6.740048646282e+00
  6.362053230126e-01   -1.981319879481e-01   1.188698527220e+02  -2.058733131831e+00
  5.954399708504e-01   -1.759589897806e-01   1.221552723304e+02  -2.058733131831e+00
  5.507242266799e-01   -1.311381262668e-01   1.175550477423e+02  -2.058733131831e+00
  4.861678098453e-01   -1.169271280011e-01   1.208350606797e+02  -4.102580950048e+00
  5.971701383823e-01   -1.754533016565e-01   1.221183100858e+02  -4.102580950048e+00
  5.069036925371e-01   -1.065621101853e-01   1.231893101914e+02  -4.102580950048e+00
  6.368579517303e-01   -1.983021922195e-01   1.188496734970e+02  -4.991931232994e-01
  5.500499000217e-01   -1.310093677131e-01   1.175729233759e+02  -4.991931232994e-01
  6.829522135143e-01   -1.474900913059e-01   1.132827725728e+02  -4.991931232994e-01
  2.930240042985e-01   -5.728025383277e-02   1.190000787959e+02  -6.469377199941e+00
  4.869681219503e-01   -1.166106119675e-01   1.208217707787e+02  -6.469377199941e+00
  2.361192882199e-01   -4.165928702878e-02   1.221733840469e+02  -6.469377199941e+00
  1.117771018710e-03   -3.122830486542e-04   9.861760849407e+01  -1.374007711149e+01
  6.332621019379e-04    5.577417434738e-04   8.474433756942e+01  -1.374007711149e+01
  4.135927785457e-01    2.013307030247e-02   9.534400895191e+01  -1.374007711149e+01
  6.287329206672e-01   -1.319375527719e-01   1.259944477801e+02  -4.132188017027e+00
  5.079362871685e-01   -1.068352413984e-01   1.231653234759e+02  -4.132188017027e+00
  5.959154165377e-01   -1.754918083143e-01   1.221340154907e+02  -4.132188017027e+00
  6.992298343886e-01   -2.762060493039e-03   1.279760039427e+02  -2.696077132242e+00
  6.268196519432e-01   -1.306693399801e-01   1.259932784664e+02  -2.696077132242e+00
  6.473858950676e-01   -5.786906215130e-02   1.287908621291e+02  -2.696077132242e+00
  6.975578020940e-01   -7.482167352694e-04   1.279462461237e+02  -5.976504161852e+00
  5.445515152310e-01   -7.437148554607e-04   1.251033377050e+02  -5.976504161852e+00
  6.284858236239e-01   -1.316387968508e-01   1.260201535346e+02  -5.976504161852e+00
  7.000979409776e-01   -2.717163716539e-03   1.280030701898e+02  -2.802415564072e+00
  6.468433756804e-01   -5.723191564773e-02   1.287883728351e+02  -2.802415564072e+00
  7.752407289896e-01    9.370997982690e-04   1.301459723383e+02  -2.802415564072e+00
  6.444466974305e-01   -5.535128181917e-02   1.287915024246e+02  -1.508232429730e+00
  6.303479990515e-01   -1.326226986033e-01   1.259828582989e+02  -1.508232429730e+00
  5.217166228931e-01   -1.235268883851e-01   1.273627671870e+02  -1.508232429730e+00
  4.989817771296e-01    9.453591810571e-03   1.287850931377e+02   2.357085379620e-01
  6.460223046682e-01   -5.556565981961e-02   1.287394447230e+02   2.357085379620e-01
  5.191603827964e-01   -1.226100581883e-01   1.274026471627e+02   2.357085379620e-01
  6.452791217484e-01   -5.355455995316e-02   1.287717017466e+02  -9.039280380404e-01
  6.554208077658e-01    6.859028284580e-02   1.287120620362e+02  -9.039280380404e-01
  7.759315095525e-01   -2.432310056291e-03   1.301413261780e+02  -9.039280380404e-01
  6.303328108819e-01   -1.321484355222e-01   1.259726264564e+02   3.379290270509e-01
  5.665601086133e-01   -1.955701278102e-01   1.238603606156e+02   3.379290270509e-01
  5.216932430400e-01   -1.244174905843e-01   1.273683772104e+02   3.379290270509e-01
  4.380030110244e-01   -6.395224695134e-03   6.656677366708e+01   5.592643781865e+00
  6.031362386557e-01   -8.592973694911e-03   6.251565948688e+01   5.592643781865e+00
  6.651743854630e-03   -6.485562213238e-04   6.181838993900e+01   5.592643781865e+00
  4.038003606040e-01   -1.601035097173e-01   1.255254295180e+02   5.903245203512e+00
  5.687828095119e-01   -1.964784475461e-01   1.238647547968e+02   5.903245203512e+00
  4.807253020121e-01   -1.804525764842e-01   1.205682329404e+02   5.903245203512e+00
  5.690403415731e-01   -1.958158374173e-01   1.238305149001e+02  -9.705187213808e-01
  6.275777097607e-01   -1.316289661871e-01   1.260175570186e+02  -9.705187213808e-01
  5.971434729065e-01   -1.761137820394e-01   1.221166379166e+02  -9.705187213808e-01
  1.795091895352e-01   -5.025788718922e-02   1.298766273059e+02   6.471232676409e+00
  3.477723907774e-01   -9.115359784591e-02   1.288437008249e+02   6.471232676409e+00
  2.102658939948e-01   -9.373572040897e-02   1.269271400336e+02   6.471232676409e+00
  3.474973015946e-01   -9.075182954889e-02   1.288053396793e+02   4.260018759197e+00
  5.198717847776e-01   -1.234656229664e-01   1.274148317773e+02   4.260018759197e+00
  4.021480739812e-01   -1.599965215168e-01   1.255879496615e+02   4.260018759197e+00
  4.029859845838e-01   -1.598866884239e-01   1.255532677346e+02   7.211004943535e+00
  2.113852067994e-01   -9.392112000834e-02   1.269093040329e+02   7.211004943535e+00
  3.468174166685e-01   -9.107605183756e-02   1.288569651705e+02   7.211004943535e+00
  3.475542686123e-01   -9.048204609975e-02   1.288195508953e+02   8.960417517626e-01
  4.978672108252e-01    1.017304829428e-02   1.288263214357e+02   8.960417517626e-01
  5.196649282591e-01   -1.232721084101e-01   1.273995953134e+02   8.960417517626e-01
  6.359294502613e-01   -1.988575714251e-01   1.188654760188e+02   4.193232327169e+00
  4.826529442186e-01   -1.804609881683e-01   1.205311945002e+02   4.193232327169e+00
  5.671223401375e-01   -1.964569698727e-01   1.239028698400e+02   4.193232327169e+00
  4.036059570131e-01   -1.600002580349e-01   1.255591325420e+02   2.605581283695e+00
  5.187907554948e-01   -1.236442264261e-01   1.274411356733e+02   2.605581283695e+00
  5.685951910187e-01   -1.962792824981e-01   1.238311503801e+02   2.605581283695e+00
  6.336457563772e-01   -1.984973351730e-01   1.189062947849e+02   9.953527848728e-01
  5.691841537433e-01   -1.963619947942e-01   1.238241150339e+02   9.953527848728e-01
  5.973404325546e-01   -1.758660742689e-01   1.221144664437e+02   9.953527848728e-01
  3.469617879557e-01   -9.034159482110e-02   1.288226639324e+02   2.652052044876e+00
  1.799335428312e-01   -5.080960621887e-02   1.299018409730e+02   2.652052044876e+00
  3.292116125865e-01    7.606693057426e-03   1.299835553673e+02   2.652052044876e+00
  6.866783989251e-01   -1.469890152702e-01   1.132310451632e+02  -4.568336768511e+00
  5.470853931005e-01   -1.309024338768e-01   1.176385803315e+02  -4.568336768511e+00
  3.808086975439e-01   -5.316072377497e-02   1.132383947107e+02  -4.568336768511e+00
  7.847650788320e-01    8.351982916952e-03   6.175198054512e+00  -2.071237712119e+00
  5.834045845961e-01   -8.114385046412e-03   5.049688491181e-03  -2.071237712119e+00
  7.886558808860e-01    1.840402559356e-03   7.533484079487e-02  -2.071237712119e+00
  6.993277574862e-01   -7.836664339450e-02   1.070526243028e+02  -4.312260494945e+00
  4.086406171254e-01   -2.278522502249e-02   1.049020492946e+02  -4.312260494945e+00
  6.963047332963e-01   -6.777689672120e-03   1.001330374965e+02  -4.312260494945e+00
  6.977870456856e-01   -8.008040618850e-02   1.070865730393e+02  -3.312508267631e+00
  6.875695382465e-01   -1.464627876670e-01   1.132077487015e+02  -3.312508267631e+00
  3.803563858131e-01   -5.396495461006e-02   1.132507723007e+02  -3.312508267631e+00
  6.361998973950e-01   -1.991194524496e-01   1.189140340565e+02   6.614623814571e+00
  5.578784520086e-01   -1.516367093036e-01   1.143903808857e+02   6.614623814571e+00
  4.827155109295e-01   -1.802891399245e-01   1.204847402823e+02   6.614623814571e+00
  5.598902499643e-01   -1.515813665627e-01   1.143485651715e+02   4.756782254647e+00
  6.344194708186e-01   -1.989572766984e-01   1.189580930377e+02   4.756782254647e+00
  6.856188214165e-01   -1.476011719844e-01   1.132287107035e+02   4.756782254647e+00
  6.132641232857e-01   -8.807723391577e-02   1.074746842122e+02   6.485866587405e+00
  5.598084373376e-01   -1.510327325850e-01   1.142902801972e+02   6.485866587405e+00
  6.860792609920e-01   -1.482515360739e-01   1.132878227600e+02   6.485866587405e+00
  2.963673479206e-01   -9.197121238944e-02   1.153740630987e+02   1.414077896734e+01
  4.820099625361e-01   -1.803621998520e-01   1.205783802476e+02   1.414077896734e+01
  5.586648971666e-01   -1.513925706984e-01   1.143230490417e+02   1.414077896734e+01
  6.844769099480e-01   -1.482242249264e-01   1.133331085041e+02   4.315736926624e+00
  7.008483539735e-01   -7.888209744305e-02   1.070241078325e+02   4.315736926624e+00
  6.149653240099e-01   -8.777292201867e-02   1.074320484877e+02   4.315736926624e+00
  7.001933948666e-01   -7.942895003648e-02   1.070560169507e+02  -5.947258977509e+00
  3.772397231283e-01   -5.441896784318e-02   1.133093126360e+02  -5.947258977509e+00
  4.071621880862e-01   -2.189893369588e-02   1.049057550016e+02  -5.947258977509e+00
  6.370611597420e-01   -7.689051785703e-03   1.001601607447e+02   5.851776242980e+00
  6.144326395519e-01   -8.686220519741e-02   1.073644515114e+02   5.851776242980e+00
  7.017257482257e-01   -7.977546607805e-02   1.070895556812e+02   5.851776242980e+00
  1.188014487698e-03   -6.763797649893e-04   1.000058818792e+02   2.536456288350e+01
  3.541419823697e-01   -2.590549088991e-03   1.000882577284e+02   2.536456288350e+01
  1.098664510219e-03    1.543884212167e-03   9.220842203699e+01   2.536456288350e+01
  6.158425117814e-01   -8.731798611601e-02   1.074556562119e+02   1.595053982274e+01
  3.527755923663e-01   -3.761432042982e-03   1.000997054707e+02   1.595053982274e+01
  3.319675619519e-01   -5.619183918273e-02   1.078859332345e+02   1.595053982274e+01
  3.545793308455e-01   -3.692472606469e-03   1.000949395008e+02   1.602599583835e+01
  6.143043388585e-01   -8.709840674007e-02   1.074645471622e+02   1.602599583835e+01
  6.356358148855e-01   -6.708717893948e-03   1.000632786047e+02   1.602599583835e+01
  3.320378942812e-01   -5.559527287532e-02   1.079425013760e+02   2.731270704207e+01
  3.522097012830e-01   -4.904952990868e-03   1.000008945567e+02   2.731270704207e+01
  2.568925327549e-03   -1.563212251532e-03   1.079531912955e+02   2.731270704207e+01
  6.142029094383e-01   -8.758608477273e-02   1.073954658548e+02   1.562254693521e+01
  3.332854794901e-01   -5.616115569134e-02   1.079535554871e+02   1.562254693521e+01
  5.588893546894e-01   -1.510595116826e-01   1.143919929931e+02   1.562254693521e+01
  6.133131539832e-01    7.342141159838e-02   9.270869564924e+01   1.596207255954e+01
  3.544521415297e-01   -3.958564320581e-03   9.999714247470e+01   1.596207255954e+01
  6.356745403231e-01   -6.126724133037e-03   1.000887511193e+02   1.596207255954e+01
  6.392081463493e-01   -7.315340417342e-03   1.001315081410e+02   3.930595838382e+00
  6.998177442292e-01   -7.997138729733e-02   1.071273148284e+02   3.930595838382e+00
  6.960639022464e-01   -5.526612781531e-03   1.000933077005e+02   3.930595838382e+00
  4.069414790115e-01   -2.344942365029e-02   1.049163413516e+02  -6.203631424023e+00
  4.114581402681e-01    2.018169785871e-02   9.533181159961e+01  -6.203631424023e+00
  6.980674940979e-01   -5.996852722021e-03   1.001204019254e+02  -6.203631424023e+00
  2.949588023785e-01   -9.170139737949e-02   1.153146351068e+02   1.512065648935e+01
  5.603829955556e-01   -1.514204748207e-01   1.143779417999e+02   1.512065648935e+01
  3.315256412525e-01   -5.600095744319e-02   1.079687506416e+02   1.512065648935e+01
  6.090775620355e-05   -2.173074430597e-04   1.269265353302e+02   1.478649415294e+01
  2.127107109032e-01   -9.446296859068e-02   1.269385132478e+02   1.478649415294e+01
  1.542155239048e-03   -8.867539962478e-04   1.220808011961e+02   1.478649415294e+01
  2.107403424028e-01   -9.338429789804e-02   1.268766133894e+02   1.040057851839e+01
  4.041891712838e-01   -1.605578355508e-01   1.255870134009e+02   1.040057851839e+01
  2.533967523885e-01   -1.070678634793e-01   1.218811215078e+02   1.040057851839e+01
  3.505451882256e-01   -4.741932033715e-02   7.636291374975e+01   8.750562821353e+00
  1.421722046454e-04    5.629705089250e-04   7.194297915285e+01   8.750562821353e+00
  1.036913416003e-03   -1.809465501599e-04   7.638970570108e+01   8.750562821353e+00
  1.369696795561e-03   -1.985685943113e-03   1.304024718935e+02   4.742513388538e+00
  1.704350197113e-01    3.674733462805e-03   1.310132283720e+02   4.742513388538e+00
  1.790727805027e-01   -4.958458446609e-02   1.298875574613e+02   4.742513388538e+00
  9.121254427635e-04   -7.931981002584e-04   1.269735567773e+02   1.198784731514e+01
 -4.215018335691e-04    5.604089777342e-04   1.303678739034e+02   1.198784731514e+01
  2.110195147767e-01   -9.331235324689e-02   1.268910773465e+02   1.198784731514e+01
  3.884740707685e-01    7.552987452638e-02   1.179013868812e+02   9.063924652389e+00
  1.699581544665e-03   -3.138218591957e-04   1.203569643673e+02   9.063924652389e+00
  3.099295669063e-01    5.414026456937e-02   1.208710811224e+02   9.063924652389e+00
  2.115642702945e-01   -9.389580784552e-02   1.269451375266e+02   1.822023440975e+01
  2.530867827242e-01   -1.066544551803e-01   1.218265095770e+02   1.822023440975e+01
  2.671917250372e-03   -1.512121052602e-03   1.220590012801e+02   1.822023440975e+01
  5.115939806829e-04    9.785898284840e-05   1.303595170113e+02   9.420472643301e+00
  1.796713827666e-01   -5.071247831189e-02   1.298976053465e+02   9.420472643301e+00
  2.098088065275e-01   -9.285177962197e-02   1.268989181296e+02   9.420472643301e+00
  1.861537457524e-03    2.223349780091e-04   1.080533393796e+02   2.374280893221e+01
  3.413674587774e-04   -1.470469653522e-03   1.154957874523e+02   2.374280893221e+01
  3.324065012848e-01   -5.725617681032e-02   1.078814143146e+02   2.374280893221e+01
  7.510168637255e-04   -1.371361065342e-03   1.079421537945e+02   2.540549628012e+01
  3.541183127476e-01   -4.904329131033e-03   1.000009581577e+02   2.540549628012e+01
  1.274030145202e-03    5.797137271309e-04   1.000932252576e+02   2.540549628012e+01
  5.218195547200e-01    3.122215236640e-02   1.042148463656e+02   1.061684330516e+01
  4.006185675857e-03    5.628046479047e-04   1.122854686363e+02   1.061684330516e+01
  4.621138116939e-01    6.970972952533e-02   1.121229323936e+02   1.061684330516e+01
  3.694658147081e-04   -7.618504828965e-04   1.219680901500e+02   1.936686858413e+01
  2.554330318369e-01   -1.071047348436e-01   1.218888900939e+02   1.936686858413e+01
  2.177976149115e-03   -2.974700700304e-04   1.156616312617e+02   1.936686858413e+01
  2.258634681589e-03   -2.155040257808e-03   1.155035475875e+02   2.479551268596e+01
  2.949806371951e-01   -9.103952988581e-02   1.153670633574e+02   2.479551268596e+01
  3.306294440376e-01   -5.689714554682e-02   1.078835576922e+02   2.479551268596e+01
  4.069790956459e-01   -2.221950171047e-02   1.049139494777e+02  -1.255319048575e+01
  3.980865804815e-03    5.295628058192e-04   9.865722662693e+01  -1.255319048575e+01
  4.110160643096e-01    1.922293584117e-02   9.533299293689e+01  -1.255319048575e+01
  2.936401263143e-01   -5.666144927701e-02   1.189882575183e+02  -9.769619664235e+00
 -2.273299549871e-04    1.551781938915e-04   1.211594652839e+02  -9.769619664235e+00
  1.131397160207e-03   -4.421623745423e-05   1.179888611657e+02  -9.769619664235e+00
  3.985122172236e-03   -1.015007417483e-03   1.156417066142e+02   2.253684229930e+01
  2.540011299545e-01   -1.065377804872e-01   1.218975775069e+02   2.253684229930e+01
  2.939923262261e-01   -9.161698443248e-02   1.153214178949e+02   2.253684229930e+01
  2.532635276642e-01   -1.068063439783e-01   1.218227222936e+02   1.326088415764e+01
  4.832848284402e-01   -1.807019348649e-01   1.205650387657e+02   1.326088415764e+01
  2.947928261777e-01   -9.166503313643e-02   1.153886695610e+02   1.326088415764e+01
  3.776296298175e-01   -5.293126919856e-02   1.133237024668e+02  -1.255049914447e+01
  3.962111116938e-03    8.307115717244e-04   1.064890425015e+02  -1.255049914447e+01
  4.060273401829e-01   -2.276969898599e-02   1.049052408590e+02  -1.255049914447e+01
  6.391303558140e-01   -5.599560694673e-03   1.000213133296e+02   3.872894488640e+00
  6.960878920834e-01   -6.410003345265e-03   1.001435793475e+02   3.872894488640e+00
  7.029931075455e-01    6.622383736696e-02   9.310816529561e+01   3.872894488640e+00
  2.545921100467e-01   -1.073290414405e-01   1.218679278563e+02   1.120697269197e+01
  4.031436210562e-01   -1.603500101704e-01   1.255992442372e+02   1.120697269197e+01
  4.815295434886e-01   -1.802754100391e-01   1.205185364760e+02   1.120697269197e+01
 -1.230019646260e-04   -2.536073578108e-04   1.131291550330e+02  -1.261571433487e+01
  2.347608899121e-03    5.894238643832e-04   1.065041360832e+02  -1.261571433487e+01
  3.789558358948e-01   -5.251681179508e-02   1.133145263752e+02  -1.261571433487e+01
  1.713468082475e-01    3.557778350813e-03   1.310076499847e+02   1.425640102510e+00
  5.043727726711e-04   -1.636664113094e-03   1.304182239380e+02   1.425640102510e+00
  2.225656420845e-04    6.830157022533e-04   1.311455712304e+02   1.425640102510e+00
  6.608369548704e-01    1.573685805156e-01   1.255876175870e+02   1.186180529310e+00
  6.542680733598e-01    7.121860972359e-02   1.286917122145e+02   1.186180529310e+00
  5.351099497101e-01    1.456314375491e-01   1.271171582876e+02   1.186180529310e+00
  6.554410208405e-01    6.916498416189e-02   1.287022513660e+02   1.356976121015e+00
  7.758967286456e-01    2.160458298358e-03   1.295471881884e+02   1.356976121015e+00
  7.763159947515e-01   -2.850386654415e-03   1.301718434605e+02   1.356976121015e+00
  7.746895811372e-01   -6.448185461775e-04   1.295331043793e+02   4.746926354070e+00
  6.560864407715e-01    1.555574451260e-01   1.256384714708e+02   4.746926354070e+00
  6.990192745284e-01    1.284083942574e-03   1.265694797535e+02   4.746926354070e+00
  6.568100000033e-01    1.553542100059e-01   1.256290360704e+02   1.565568988105e+00
  7.740415836837e-01   -2.362970064531e-05   1.295383989695e+02   1.565568988105e+00
  6.564659638350e-01    7.266392298348e-02   1.286816153348e+02   1.565568988105e+00
  6.973370654690e-01    7.060777424620e-04   1.265784162612e+02   6.461148134835e+00
  6.596414095120e-01    1.566645366820e-01   1.256170718153e+02   6.461148134835e+00
  5.450909412822e-01    6.662880400967e-04   1.235512403779e+02   6.461148134835e+00
  4.556770901788e-03   -2.390310874260e-04   3.857393916078e+00  -5.705085128893e+00
 -9.844496377969e-05    1.302849783659e-04   2.385337112904e-02  -5.705085128893e+00
  5.849756574806e-01   -8.191915960688e-03  -1.488519058003e-02  -5.705085128893e+00
  6.559554387180e-01    7.158622394542e-02   1.286455145308e+02  -4.988054601856e-01
  4.990092742816e-01    1.136510227759e-02   1.287878020112e+02  -4.988054601856e-01
  5.325007871201e-01    1.446710242413e-01   1.271578435792e+02  -4.988054601856e-01
  6.554377544591e-01    7.174953731495e-02   1.286927227432e+02  -1.435090078511e-01
  6.454416637323e-01   -5.583436733966e-02   1.287775172539e+02  -1.435090078511e-01
  5.000452618246e-01    1.044935008728e-02   1.287516858332e+02  -1.435090078511e-01
  3.546730413055e-01    1.073810789434e-01   1.286757824224e+02  -1.464671397026e+00
  5.329759381151e-01    1.453011325417e-01   1.271579680758e+02  -1.464671397026e+00
  4.979200693214e-01    1.066806476605e-02   1.288273557983e+02  -1.464671397026e+00
  4.165890545808e-01    1.757270339173e-01   1.252123375452e+02  -8.157724566707e+00
  3.540123548119e-01    1.079719437881e-01   1.287170040836e+02  -8.157724566707e+00
  2.156953871270e-01    9.972047163376e-02   1.265285299387e+02  -8.157724566707e+00
  5.321699199106e-01    1.457529859733e-01   1.272014227499e+02  -3.261964317113e+00
  4.172694647620e-01    1.759710263250e-01   1.252222127306e+02  -3.261964317113e+00
  5.947246702938e-01    2.199611073125e-01   1.233773287352e+02  -3.261964317113e+00
  4.158071367778e-01    1.759182129915e-01   1.252501623542e+02  -4.793610980326e+00
  5.332460820640e-01    1.456134029099e-01   1.271752649431e+02  -4.793610980326e+00
  3.545753990019e-01    1.075613997149e-01   1.286607031628e+02  -4.793610980326e+00
  6.743506447033e-01    2.216083947604e-01   1.182751564452e+02  -4.926652734130e+00
  5.932673272478e-01    2.201541011734e-01   1.234496707143e+02  -4.926652734130e+00
  5.030361428399e-01    1.960197626881e-01   1.201059881989e+02  -4.926652734130e+00
  5.350472006990e-01    1.464462553159e-01   1.271280044448e+02  -7.636275041632e-01
  5.927337432272e-01    2.193286237689e-01   1.234046998610e+02  -7.636275041632e-01
  6.608613520659e-01    1.569070727196e-01   1.255676845797e+02  -7.636275041632e-01
  3.539924367304e-01    1.071769693602e-01   1.286822667365e+02  -3.350288866779e+00
  3.292623562962e-01    8.770761321440e-03   1.299818488634e+02  -3.350288866779e+00
  1.832652111755e-01    6.071660319618e-02   1.298499494660e+02  -3.350288866779e+00
  3.535262469929e-01    1.073157961385e-01   1.287020563345e+02  -1.891939231919e+00
  4.990405693206e-01    1.055690455686e-02   1.288001513271e+02  -1.891939231919e+00
  3.296128491488e-01    8.342299642874e-03   1.299421073724e+02  -1.891939231919e+00
  4.989917146128e-01    1.035567986215e-02   1.288002149146e+02   1.412682293802e+00
  3.464158289202e-01   -9.047038866895e-02   1.288445968532e+02   1.412682293802e+00
  3.296363540305e-01    8.030970730281e-03   1.299421057696e+02   1.412682293802e+00
  6.580765141274e-01    1.563766825576e-01   1.256047238981e+02   4.988971625138e-01
  5.952353691487e-01    2.195996849097e-01   1.233789193066e+02   4.988971625138e-01
  6.397508672016e-01    2.020310928693e-01   1.214141758502e+02   4.988971625138e-01
  5.427125325528e-01    1.657160439109e-03   1.235300638323e+02   7.568399464977e+00
  5.556881529566e-01    1.253395727991e-01   1.222070261720e+02   7.568399464977e+00
  3.107627485418e-01   -1.180958874651e-03   1.218413770325e+02   7.568399464977e+00
  5.438859281254e-01    1.324802846300e-03   1.235704737822e+02   4.726030878834e+00
  6.611989895998e-01    1.564503658754e-01   1.255849595000e+02   4.726030878834e+00
  5.550127941775e-01    1.267648988893e-01   1.221808747455e+02   4.726030878834e+00
  3.100684234960e-01    1.018198780541e-03   1.218344028271e+02   7.868998820616e+00
  3.090549390618e-01    5.356037622751e-02   1.208774343894e+02   7.868998820616e+00
 -2.666863778324e-04   -1.411634024505e-03   1.218944909241e+02   7.868998820616e+00
  3.105565817582e-01    5.550985334175e-02   1.208491459327e+02   6.363646391537e+00
  3.093253911398e-01   -5.596692341450e-04   1.218801824785e+02   6.363646391537e+00
  5.574942503883e-01    1.246836603198e-01   1.221778698897e+02   6.363646391537e+00
  3.925172007354e-01    7.538630639075e-02   1.178871443808e+02   9.797446114889e+00
  3.515896428516e-03   -3.620116551513e-05   1.123718754122e+02   9.797446114889e+00
 -8.814881610244e-04   -1.066875853022e-04   1.204181817425e+02   9.797446114889e+00
  2.309635132598e-03   -2.209482386161e-04   6.180776716385e+01   6.285879006171e+00
  2.014084492844e-04    1.877119119155e-04   6.633498668281e+01   6.285879006171e+00
  4.404209387420e-01   -6.475601460610e-03   6.656284559963e+01   6.285879006171e+00
  5.572019114541e-01    1.256349044316e-01   1.221682455379e+02   6.243768037296e+00
  5.470366857498e-01    1.388395528181e-01   1.198329999126e+02   6.243768037296e+00
  3.112709256777e-01    5.459700711979e-02   1.208393966184e+02   6.243768037296e+00
  3.789837240422e-01    1.421635443618e-02   6.703042125338e+01  -6.314568906828e+00
 -8.775915051291e-05   -2.687190192374e-04   6.660379451828e+01  -6.314568906828e+00
  2.095402119665e-03    1.835039192686e-04   6.226003377379e+01  -6.314568906828e+00
  6.379997803276e-01    2.018488071778e-01   1.214516498691e+02   1.359208644494e+00
  6.746702289091e-01    2.209242880490e-01   1.182799876666e+02   1.359208644494e+00
  6.153209026874e-01    1.543649429314e-01   1.166915194598e+02   1.359208644494e+00
  6.720810665596e-01    2.212442179819e-01   1.183148910315e+02  -1.542452822083e+00
  6.399827315450e-01    2.018001414363e-01   1.214130025519e+02  -1.542452822083e+00
  5.953063067019e-01    2.200792319832e-01   1.233726049775e+02  -1.542452822083e+00
  5.476926805303e-01    1.391032507115e-01   1.198250804165e+02   5.864265658668e+00
  6.133605715849e-01    1.537744074843e-01   1.167332983791e+02   5.864265658668e+00
  3.889785555058e-01    7.577537528101e-02   1.178730358480e+02   5.864265658668e+00
  6.133522501892e-01    1.543796090197e-01   1.167264418207e+02   2.692055550914e+00
  5.478098254012e-01    1.389862297093e-01   1.198247132472e+02   2.692055550914e+00
  6.395326735037e-01    2.017340592058e-01   1.214147688643e+02   2.692055550914e+00
  3.880033098631e-01    7.595982281113e-02   1.178999791038e+02   5.489952521890e+00
  6.144496879849e-01    1.536533129338e-01   1.167258628575e+02   5.489952521890e+00
  4.625003213319e-01    7.045057884446e-02   1.121254595736e+02   5.489952521890e+00
  5.483449766668e-01    1.388788795096e-01   1.198086231502e+02   5.859023882240e+00
  3.881552271797e-01    7.598689364742e-02   1.178977199370e+02   5.859023882240e+00
  3.097835216142e-01    5.430454833059e-02   1.208771492657e+02   5.859023882240e+00
  6.752642067133e-01    2.210553652470e-01   1.182593346181e+02  -2.247391572364e-01
  7.335331452656e-01    1.670850656084e-01   1.126328023383e+02  -2.247391572364e-01
  6.146950234602e-01    1.542757443610e-01   1.167102299165e+02  -2.247391572364e-01
  6.397553148449e-01    2.014488329130e-01   1.214186718654e+02   3.668207256245e+00
  5.475929504229e-01    1.390747457185e-01   1.198239498942e+02   3.668207256245e+00
  5.560760105994e-01    1.260207144208e-01   1.221958394447e+02   3.668207256245e+00
  6.591648764569e-01    1.566401704936e-01   1.255780683120e+02   3.871009786771e+00
  6.385963547196e-01    2.015002980142e-01   1.214339729599e+02   3.871009786771e+00
  5.569342944533e-01    1.262922645561e-01   1.221731947088e+02   3.871009786771e+00
  3.906137055769e-01    7.575041092924e-02   1.179140523191e+02   1.128834766255e+01
  4.601710851406e-01    7.020354131665e-02   1.121156435729e+02   1.128834766255e+01
  6.358428498174e-03   -3.866035015713e-04   1.123165793310e+02   1.128834766255e+01
  5.949566981115e-01    2.202058103381e-01   1.234122171885e+02  -6.568992729898e+00
  4.173903297975e-01    1.759892029619e-01   1.251870444901e+02  -6.568992729898e+00
  5.010912150336e-01    1.959746476521e-01   1.201416111656e+02  -6.568992729898e+00
  1.229472927096e-02    3.248270890002e-04   1.029191070763e+01  -5.500008650465e+00
  7.949847920534e-01    9.857646824369e-03   6.177819160110e+00  -5.500008650465e+00
  6.849102114721e-01    1.750963392561e-02   1.171952959549e+01  -5.500008650465e+00
  1.705247662617e-01    5.820965408863e-03   1.310177203478e+02  -5.714963685834e+00
  1.124392331063e-03    1.656459991545e-03   1.301869414054e+02  -5.714963685834e+00
  1.826236404847e-01    5.967411631531e-02   1.298377652959e+02  -5.714963685834e+00
  1.713798174663e-01    5.914119506113e-03   1.310113157859e+02  -2.085526009861e+00
  2.338573135363e-04   -5.575413542338e-04   1.311432302877e+02  -2.085526009861e+00
  4.131220052976e-04    1.452622081031e-03   1.302058197235e+02  -2.085526009861e+00
  1.829954790278e-01    6.105083835963e-02   1.298834645810e+02  -1.275026829416e+01
  2.323824119341e-03    2.293111703603e-03   1.270496468824e+02  -1.275026829416e+01
  2.142428751726e-01    9.851882203859e-02   1.264987701618e+02  -1.275026829416e+01
  2.602664177891e-01    1.149329377574e-01   1.214678280044e+02  -1.689870687054e+01
  2.152724765586e-01    9.917768675658e-02   1.265254354072e+02  -1.689870687054e+01
  5.832173552905e-04    1.096850393999e-03   1.269641818127e+02  -1.689870687054e+01
  2.628895864837e-01    1.155850187430e-01   1.215020681690e+02  -1.206764414458e+01
  5.019207931835e-01    1.958310286339e-01   1.200914184733e+02  -1.206764414458e+01
  4.167116289458e-01    1.761403776692e-01   1.252596453662e+02  -1.206764414458e+01
  2.613990949618e-01    1.152787639775e-01   1.215201003444e+02  -1.121666857995e+01
  4.179137097455e-01    1.763960007805e-01   1.252460081176e+02  -1.121666857995e+01
  2.148454089880e-01    9.909596184628e-02   1.264908983632e+02  -1.121666857995e+01
  1.252384204041e-03    1.589691484992e-03   1.270689947433e+02  -9.225702448527e+00
  1.839247460677e-01    6.147703791716e-02   1.298731231117e+02  -9.225702448527e+00
  8.018588956015e-05   -2.012779601805e-04   1.301390607939e+02  -9.225702448527e+00
  3.549917671892e-01    1.081390801536e-01   1.287049278530e+02  -7.068844510735e+00
  1.825797632174e-01    6.005327045411e-02   1.298315678019e+02  -7.068844510735e+00
  2.145475823334e-01    9.940483648209e-02   1.265425243236e+02  -7.068844510735e+00
 -6.096025395825e-04    3.205941893449e-04   1.269662121396e+02  -1.805718864467e+01
  1.630690016487e-03    7.438530524534e-04   1.217393216141e+02  -1.805718864467e+01
  2.615762267123e-01    1.154658005017e-01   1.214600521689e+02  -1.805718864467e+01
  4.122167783635e-01    1.990455849899e-02   9.533414077018e+01  -1.165992901770e+01
  2.080985404197e-03    8.029049716777e-04   8.476169293579e+01  -1.165992901770e+01
  3.773705613780e-01    4.387618701235e-02   8.685555868376e+01  -1.165992901770e+01
  7.937196713044e-01   -1.493765162014e-02   4.499244010870e+01   4.262456286239e+00
  2.394837401926e-02    9.722268213399e-04   4.974973339829e+01   4.262456286239e+00
  8.981738746527e-01   -1.038432424182e-02   5.047086974595e+01   4.262456286239e+00
  3.099347627067e-01   -1.531952931587e-03   1.234244707077e+02  -8.433601679832e+00
  1.407484633065e-03   -8.776568338993e-04   1.224489293455e+02  -8.433601679832e+00
  2.356241183497e-01   -4.144207442972e-02   1.221670777272e+02  -8.433601679832e+00
  3.143129307911e-01    1.006901676517e-01   1.150807969913e+02  -2.377997299763e+01
  5.615807329928e-04    8.402904092186e-04   1.150000905544e+02  -2.377997299763e+01
  1.858629389056e-03   -5.556077852318e-04   1.076525514630e+02  -2.377997299763e+01
  3.124909229895e-01    1.019342525804e-01   1.150002111046e+02  -2.236030061176e+01
 -3.500015817106e-04    9.236401293137e-04   1.216692900734e+02  -2.236030061176e+01
  1.506561081940e-03    1.701247200662e-04   1.150795740110e+02  -2.236030061176e+01
  3.153021008583e-01    4.546502100623e-02   8.019961853744e+01  -9.261711699788e+00
  5.390332561126e-04   -4.433536305544e-04   7.618736151621e+01  -9.261711699788e+00
  2.639252538972e-01    3.550407796155e-02   7.591532762127e+01  -9.261711699788e+00
  2.622922714025e-01    1.149387642601e-01   1.214968184255e+02  -2.254409773016e+01
  1.122446824858e-03    1.596801857308e-03   1.216710672956e+02  -2.254409773016e+01
  3.107279452108e-01    1.014035858347e-01   1.150031808681e+02  -2.254409773016e+01
  5.771786711591e-01    4.545953748676e-02   7.181656181776e+01  -3.965224465311e+00
  4.028106958854e-01    2.937080489378e-02   7.170795313406e+01  -3.965224465311e+00
  3.981091070623e-01    1.507277582607e-02   6.925903487380e+01  -3.965224465311e+00
  3.465485232925e-01    5.810995051488e-02   1.076056776038e+02  -2.538401358425e+01
  1.223754789480e-03    1.003558634937e-03   1.075266668360e+02  -2.538401358425e+01
  1.884031730052e-03   -1.243846835527e-03   9.971547056480e+01  -2.538401358425e+01
  5.022306527014e-01    1.958573025628e-01   1.201510743134e+02  -1.484113554959e+01
  3.131068678150e-01    1.011963159609e-01   1.150602135564e+02  -1.484113554959e+01
  5.852792082836e-01    1.648972561947e-01   1.138916581313e+02  -1.484113554959e+01
  3.116187663815e-01    1.009835920758e-01   1.150750846076e+02  -1.417191357803e+01
  5.034736663913e-01    1.961656049107e-01   1.201381867622e+02  -1.417191357803e+01
  2.618864313394e-01    1.151586406059e-01   1.214501857606e+02  -1.417191357803e+01
  7.589144682839e-01    9.290250907709e-02   1.064448335795e+02   2.446752199436e+00
  4.672516085776e-01    7.106126147800e-02   1.120742210583e+02   2.446752199436e+00
  7.380418272058e-01    1.660917935397e-01   1.125616303805e+02   2.446752199436e+00
  4.675127417312e-01    7.025151260785e-02   1.120654620999e+02   3.792713558755e+00
  6.117854849488e-01    1.541541946666e-01   1.167767651406e+02   3.792713558755e+00
  7.372710627158e-01    1.666344538453e-01   1.125831926941e+02   3.792713558755e+00
  7.361503707175e-01    1.671658195095e-01   1.125784882951e+02  -5.598958506112e+00
  6.728958271221e-01    2.217116985111e-01   1.183663477585e+02  -5.598958506112e+00
  5.864844024647e-01    1.650874108869e-01   1.139153387374e+02  -5.598958506112e+00
  5.863642403258e-01    1.645221934034e-01   1.138581720931e+02  -7.351814757193e+00
  6.426202062746e-01    9.686003032210e-02   1.070506230200e+02  -7.351814757193e+00
  7.366861527443e-01    1.678368278229e-01   1.126371158165e+02  -7.351814757193e+00
  5.870168288739e-01    1.649749382396e-01   1.139478721054e+02  -1.585840368694e+01
  3.118145707101e-01    1.009020779819e-01   1.150031427497e+02  -1.585840368694e+01
  3.448195673157e-01    5.904824913595e-02   1.076092137040e+02  -1.585840368694e+01
  5.030316907391e-01    1.958337108431e-01   1.200600356434e+02  -7.367770488806e+00
  5.844860693551e-01    1.651352824986e-01   1.139567403458e+02  -7.367770488806e+00
  6.746800527784e-01    2.218838981581e-01   1.183230302372e+02  -7.367770488806e+00
  3.444828014332e-01    5.923853478352e-02   1.075277067463e+02  -1.675757257675e+01
  3.585435540842e-01    4.916878102794e-03   9.970268955234e+01  -1.675757257675e+01
  6.453952303707e-01    9.604455177772e-02   1.070338775820e+02  -1.675757257675e+01
  3.443708885417e-01    5.937374291876e-02   1.075366072871e+02  -2.719334332577e+01
  3.125398014501e-01    1.001179759625e-01   1.150854591738e+02  -2.719334332577e+01
  3.617651972767e-03   -8.276686668160e-05   1.076342790166e+02  -2.719334332577e+01
  7.627382937942e-01    9.250300755773e-02   1.064578834006e+02  -6.865597324224e+00
  6.436539732357e-01    9.565844831076e-02   1.069385382902e+02  -6.865597324224e+00
  6.660334539929e-01    1.092601078716e-02   9.976967417717e+01  -6.865597324224e+00
  6.442834721700e-01    9.656851097038e-02   1.070079357514e+02  -5.358832761749e+00
  7.617520910640e-01    9.164227133847e-02   1.063882304981e+02  -5.358832761749e+00
  7.351114364249e-01    1.678149225229e-01   1.126817178756e+02  -5.358832761749e+00
  5.225262670147e-01    3.103513992547e-02   1.042054725013e+02   2.813217857277e+00
  7.601896337843e-01    9.103194199328e-02   1.064092857215e+02   2.813217857277e+00
  7.618940454506e-01    1.060519865413e-02   9.974340899481e+01   2.813217857277e+00
  7.611524100722e-01    9.225266307720e-02   1.064143328210e+02   4.640429939729e+00
  5.213397263914e-01    2.991402755683e-02   1.042010323005e+02   4.640429939729e+00
  4.639707142958e-01    7.145591810493e-02   1.121229781840e+02   4.640429939729e+00
  6.645136342392e-01    1.000611773249e-02   9.966733508706e+01  -1.728612573193e+01
  6.437294906223e-01    9.578357887317e-02   1.070431234605e+02  -1.728612573193e+01
  3.606053426214e-01    4.897218716063e-03   9.969679274127e+01  -1.728612573193e+01
  3.463228090087e-01    5.926423328400e-02   1.075953770665e+02  -1.663634984247e+01
  6.433999699887e-01    9.632699562079e-02   1.069713500531e+02  -1.663634984247e+01
  5.856622454690e-01    1.645985547920e-01   1.139611985724e+02  -1.663634984247e+01
  4.163058114140e-03   -1.188919561887e-03   9.970080532145e+01  -2.845746817554e+01
  3.575218716993e-01    5.699739723001e-03   9.962178679197e+01  -2.845746817554e+01
  3.446811613660e-01    5.792365792978e-02   1.076088254976e+02  -2.845746817554e+01
  5.216593554569e-01    3.056601855755e-02   1.042191027622e+02   1.171613798396e+01
  5.239130402705e-01   -2.206378067489e-02   9.524838982155e+01   1.171613798396e+01
  5.348300748320e-03   -4.331836005985e-04   9.852074947208e+01   1.171613798396e+01
  4.235363190407e-03    1.208478962382e-03   9.954972999306e+01  -2.828905951678e+01
  3.417847476061e-01   -4.669780332037e-02   9.175509101560e+01  -2.828905951678e+01
  3.574740024553e-01    4.457900892082e-03   9.966756708029e+01  -2.828905951678e+01
  1.823950553656e-01    6.055551983294e-02   1.298630113624e+02  -2.124718023468e+00
  3.302110876189e-01    8.796166705489e-03   1.299716033929e+02  -2.124718023468e+00
  1.704197505954e-01    4.601359634256e-03   1.309771153138e+02  -2.124718023468e+00
  3.301997951195e-01    7.596957932748e-03   1.299731525208e+02   1.538029543750e+00
  1.789621372001e-01   -5.062633009229e-02   1.299155417876e+02   1.538029543750e+00
  1.703923678730e-01    4.929980243083e-03   1.309758915238e+02   1.538029543750e+00
  2.156919534909e-03   -7.074448367028e-04   9.855484697214e+01   1.305000823931e+01
  1.131900128228e-03    7.433111149835e-04   1.123023947553e+02   1.305000823931e+01
  5.245885453663e-01    3.098630595169e-02   1.042071321584e+02   1.305000823931e+01
  3.193063803139e-01    4.553291449846e-02   8.020808470143e+01  -1.065287905903e+01
  2.659328454134e-03   -2.747886428020e-05   8.478668906869e+01  -1.065287905903e+01
 -4.997529168853e-04   -1.072940726926e-05   7.978244085833e+01  -1.065287905903e+01
  7.608383213960e-01    1.264695025472e-03   6.659727362284e+01  -1.625959278383e+00
  6.466456354326e-01    1.247008850987e-02   6.639511807991e+01  -1.625959278383e+00
  8.104415098807e-01    7.743439316552e-03   6.021972610400e+01  -1.625959278383e+00
  7.049414060263e-01    6.594579011759e-02   9.314509691888e+01   5.912265770430e+00
  6.135771897939e-01    7.313998964441e-02   9.280809646558e+01   5.912265770430e+00
  6.369512332334e-01   -5.145594797251e-03   9.999319044721e+01   5.912265770430e+00
  7.034889796080e-01    6.567468362824e-02   9.318387457076e+01  -6.052088963429e+00
  4.124764124076e-01    1.851215841812e-02   9.535013078941e+01  -6.052088963429e+00
  3.787201350419e-01    4.519985674818e-02   8.685370444612e+01  -6.052088963429e+00
  3.283219207242e-01    4.689500967553e-02   9.220093361186e+01   2.689761266793e+01
  3.309382038213e-03    1.881021575891e-03   9.219867143453e+01   2.689761266793e+01
  3.520962591458e-01   -2.624617417063e-03   1.000879133060e+02   2.689761266793e+01
  3.525728602424e-01   -3.831437736227e-03   9.999153117491e+01   1.600716334592e+01
  6.148941797173e-01    7.359865828783e-02   9.271829811654e+01   1.600716334592e+01
  3.286704736107e-01    4.767308159981e-02   9.225731951025e+01   1.600716334592e+01
  3.302215486375e-01    4.772279362070e-02   9.219063760913e+01   1.555377360341e+01
  6.131866957465e-01    7.384351279751e-02   9.277751902400e+01   1.555377360341e+01
  5.562851890668e-01    1.357505363269e-01   8.585515950933e+01   1.555377360341e+01
  4.572192524666e-03   -3.130697989278e-05   9.205231014658e+01   2.548681956367e+01
  3.275719639518e-01    4.784360115623e-02   9.224837788510e+01   2.548681956367e+01
  2.966462697010e-01    8.530568358427e-02   8.483263870999e+01   2.548681956367e+01
  7.041608482297e-01    6.505723771108e-02   9.320948237823e+01   4.225659773567e+00
  6.899700987577e-01    1.294942006448e-01   8.680903635852e+01   4.225659773567e+00
  6.140126603257e-01    7.405201812530e-02   9.274236555284e+01   4.225659773567e+00
  9.812820545958e-04    1.486449270101e-04   1.179729829153e+02  -1.032182907063e+01
  3.745852260442e-01   -5.330827833395e-02   1.133151051168e+02  -1.032182907063e+01
  2.938480195297e-01   -5.695858866906e-02   1.189899387092e+02  -1.032182907063e+01
  3.872737628961e-01    1.458978015467e-01   7.518041173543e+01   6.055613211172e+00
  4.720405391580e-01    1.634238032611e-01   7.990141232520e+01   6.055613211172e+00
  5.534144741249e-01    1.735770944158e-01   7.666621559032e+01   6.055613211172e+00
  6.915601372467e-01    1.294224078203e-01   8.685433396691e+01   6.589074758910e+00
  5.571100535275e-01    1.355582380509e-01   8.595740242009e+01   6.589074758910e+00
  6.122808657328e-01    7.443015008090e-02   9.270025932438e+01   6.589074758910e+00
  2.970449575545e-01    8.617338558351e-02   8.485953849645e+01   1.377714685413e+01
  5.559459138063e-01    1.359969224780e-01   8.592311590811e+01   1.377714685413e+01
  4.731553572349e-01    1.633051468735e-01   7.989432686332e+01   1.377714685413e+01
  2.957572499707e-01    8.595437059102e-02   8.491299918292e+01   1.485613919357e+01
  3.285327368271e-01    4.758553763492e-02   9.217558715743e+01   1.485613919357e+01
  5.576770004414e-01    1.360573785030e-01   8.586945572795e+01   1.485613919357e+01
  6.360859346082e-01    1.751493323639e-01   8.131591246980e+01   6.768125643143e+00
  4.739363631845e-01    1.632497035070e-01   7.998196117355e+01   6.768125643143e+00
  5.551443363729e-01    1.362330611568e-01   8.586158172537e+01   6.768125643143e+00
  2.377930397791e-03   -4.702205101481e-04   9.203506330391e+01   2.235879450560e+01
  2.985466972014e-01    8.582681649230e-02   8.483747893313e+01   2.235879450560e+01
  2.977881525689e-04    7.361881103782e-04   8.491191195222e+01   2.235879450560e+01
  6.912186411713e-01    1.287382946198e-01   8.690901744828e+01   4.767116678092e+00
  6.344040611391e-01    1.750394145426e-01   8.127162432558e+01   4.767116678092e+00
  5.570820627793e-01    1.361148642094e-01   8.590401311405e+01   4.767116678092e+00
  7.009471999724e-01    6.634321501323e-02   9.316003846540e+01  -3.493496145699e+00
  3.823208988834e-01    4.478279230234e-02   8.689433308270e+01  -3.493496145699e+00
  6.935385675033e-01    1.276759691915e-01   8.692232683676e+01  -3.493496145699e+00
  9.256010898071e-04   -1.659492396371e-04   1.064804909923e+02  -1.357334004745e+01
  1.744488231367e-03    4.800583857975e-04   9.867020237337e+01  -1.357334004745e+01
  4.088491307924e-01   -2.199306325135e-02   1.049083145884e+02  -1.357334004745e+01
  2.456940390819e-01    9.719708417705e-02   7.876666350675e+01   1.311138492739e+01
  2.956615516273e-01    8.599206475485e-02   8.484316927671e+01   1.311138492739e+01
  4.743124584044e-01    1.635840370675e-01   7.990820800090e+01   1.311138492739e+01
  2.966569816140e-01    8.697205863227e-02   8.491376925647e+01   2.081208982623e+01
 -1.708693888182e-04    1.033502280926e-03   7.850693727620e+01   2.081208982623e+01
  1.332502479377e-03    8.564614775420e-05   8.483641656369e+01   2.081208982623e+01
  1.420761823807e-03    1.831273416310e-03   7.850534632738e+01   2.067396471801e+01
  2.948861563270e-01    8.642927922553e-02   8.491003019033e+01   2.067396471801e+01
  2.458663796667e-01    9.681999942034e-02   7.872432059050e+01   2.067396471801e+01
  2.370050647300e-01   -4.167569754492e-02   1.221501890720e+02  -7.890590535710e+00
 -4.517707953222e-05   -3.283951605964e-05   1.224840275125e+02  -7.890590535710e+00
  7.665904203537e-04   -7.462672871531e-05   1.211518944573e+02  -7.890590535710e+00
  2.028390053112e-01    8.726964144973e-02   7.384739622275e+01   1.398945398741e+01
 -1.368061253881e-04    1.328884828833e-04   7.384172922715e+01   1.398945398741e+01
  1.970848378500e-03    1.018308117857e-03   7.837875436655e+01   1.398945398741e+01
  2.009954280324e-01    8.621001897023e-02   7.389070039062e+01   1.125657362545e+01
 -5.004903337215e-04   -4.594574293997e-04   7.058009132325e+01   1.125657362545e+01
  8.694357138012e-04    6.950434445803e-04   7.379849414044e+01   1.125657362545e+01
  2.634851920569e-01    3.485281829955e-02   7.591066704024e+01  -8.771977631658e+00
  6.276351082144e-04    1.473002355991e-04   7.617229399250e+01  -8.771977631658e+00
 -1.871403013030e-04   -3.745396713709e-04   7.189162389877e+01  -8.771977631658e+00
  2.015909855603e-01    8.666095072029e-02   7.384148256050e+01   1.742151159912e+01
  3.433561496647e-03    1.803631632784e-03   7.839687873698e+01   1.742151159912e+01
  2.447301562706e-01    9.681695910899e-02   7.876012253168e+01   1.742151159912e+01
  4.645734143733e-01   -3.875770732794e-02   7.192086644255e+01   6.920390285879e+00
  4.588272474770e-01   -1.795436803672e-02   6.902588787243e+01   6.920390285879e+00
  4.135421163792e-03   -2.026478913112e-04   7.193705468074e+01   6.920390285879e+00
  1.674142131290e-01    4.787088666794e-02   7.107039060650e+01   6.272644243879e+00
  2.003676059740e-01    8.650244242162e-02   7.385668622624e+01   6.272644243879e+00
  3.240838975249e-01    8.528300831840e-02   7.207250513622e+01   6.272644243879e+00
  3.878223951356e-01    1.463798512598e-01   7.511947248516e+01   1.011658058065e+01
  2.006062979838e-01    8.616135422994e-02   7.390571352817e+01   1.011658058065e+01
  2.455050832714e-01    9.734725540244e-02   7.870527232167e+01   1.011658058065e+01
  4.600419482474e-04    1.490462903778e-03   7.052690305073e+01   1.589431222709e+00
  1.579171634219e-01    6.865469198474e-04   7.001230811976e+01   1.589431222709e+00
  2.828316889374e-04   -6.208588307879e-04   6.968171497317e+01   1.589431222709e+00
  1.252831537995e-03    1.836593690546e-03   7.054182753804e+01   4.650335756527e+00
  1.670366838961e-01    4.723874656320e-02   7.106101587274e+01   4.650335756527e+00
  1.571217859186e-01    5.292308066456e-04   7.000352555483e+01   4.650335756527e+00
  3.033173892833e-01   -1.152210326994e-03   7.097988470364e+01   1.626422496567e+00
  1.571773558639e-01   -6.097628631721e-04   7.003887559257e+01   1.626422496567e+00
  1.669120359737e-01    4.816980807490e-02   7.103457138639e+01   1.626422496567e+00
  4.702320152771e-04    8.704189217451e-04   6.966349617440e+01  -2.324551304494e+00
  1.575770599313e-01   -8.794244537794e-04   7.003350398652e+01  -2.324551304494e+00
  1.695393317561e-01   -4.970545165812e-02   7.078295290943e+01  -2.324551304494e+00
  3.231702810421e-01    8.519678274993e-02   7.206013439352e+01   7.230087846198e+00
  2.014108955043e-01    8.667578606977e-02   7.387364646034e+01   7.230087846198e+00
  3.864859374101e-01    1.457206530557e-01   7.515321920876e+01   7.230087846198e+00
  1.676322114418e-01    4.825176056455e-02   7.105011653647e+01   9.115881157064e+00
  3.633760127174e-04   -7.350189740917e-06   7.058676990656e+01   9.115881157064e+00
  1.998381498468e-01    8.575510614628e-02   7.388396536485e+01   9.115881157064e+00
  2.468415721749e-01    9.766033965129e-02   7.871921543485e+01   1.119935920198e+01
  4.727420267400e-01    1.632451291766e-01   7.995135949153e+01   1.119935920198e+01
  3.867423298305e-01    1.461413773827e-01   7.510688731368e+01   1.119935920198e+01
  5.270861857658e-01   -2.319752816710e-02   9.525925029600e+01   1.311331311837e+01
  1.211300992416e-03   -8.103112133611e-04   8.498392980235e+01   1.311331311837e+01
  1.937528473523e-03    5.244336354976e-04   9.848178298251e+01   1.311331311837e+01
  6.925446958532e-01    1.281550703155e-01   8.690690708811e+01  -4.854200704898e+00
  3.828894641913e-01    4.407000887803e-02   8.689236401924e+01  -4.854200704898e+00
  5.633212237526e-01    1.108881671799e-01   8.210100821782e+01  -4.854200704898e+00
  4.659417031367e-01   -3.959498645918e-02   7.193021333844e+01   7.138705665725e+00
  2.419721488027e-03    1.000465536996e-03   7.196309977375e+01   7.138705665725e+00
  3.492851578026e-01   -4.793738064002e-02   7.636571020775e+01   7.138705665725e+00
  3.159215574588e-01    4.586133359384e-02   8.020646603003e+01  -6.315083276639e+00
  2.638652934048e-01    3.535422871436e-02   7.591430371117e+01  -6.315083276639e+00
  5.103225056098e-01    9.665197824223e-02   7.846131443661e+01  -6.315083276639e+00
  3.175778752598e-01    4.571017272249e-02   8.020075692699e+01  -1.184481334080e+01
  3.755639220878e-01    4.426665183668e-02   8.683697255335e+01  -1.184481334080e+01
  4.712547389270e-03   -1.120904398552e-04   8.479766333907e+01  -1.184481334080e+01
  5.652372686532e-01    1.109252324758e-01   8.214727839841e+01  -2.736224730009e+00
  5.092815289383e-01    9.678458003707e-02   7.845227339160e+01  -2.736224730009e+00
  6.018233814504e-01    1.494421368725e-01   7.782625281547e+01  -2.736224730009e+00
  5.094391219746e-01    9.688325776206e-02   7.844497184757e+01  -6.654301722290e+00
  5.649993367963e-01    1.103838083831e-01   8.215058070751e+01  -6.654301722290e+00
  3.171005511452e-01    4.569154768672e-02   8.023199157096e+01  -6.654301722290e+00
  5.256536522666e-01    9.282772207074e-02   7.571384276715e+01  -3.306340701123e+00
  6.017303627013e-01    1.489430605161e-01   7.783817754467e+01  -3.306340701123e+00
  5.092690663474e-01    9.698776078346e-02   7.844451668568e+01  -3.306340701123e+00
  5.673246951612e-01    1.109114263708e-01   8.218056501504e+01  -1.773878308430e+00
  6.000937352333e-01    1.495837094812e-01   7.779108853986e+01  -1.773878308430e+00
  6.361860463828e-01    1.741345893890e-01   8.136085497837e+01  -1.773878308430e+00
  5.086450578596e-01    9.660913832498e-02   7.844912524679e+01  -6.080204123314e+00
  2.658646424308e-01    3.550128383491e-02   7.593661267482e+01  -6.080204123314e+00
  5.267566935741e-01    9.275839058147e-02   7.572209317394e+01  -6.080204123314e+00
  3.158865280623e-01    4.579704571817e-02   8.021434594369e+01  -6.412696091637e+00
  5.662404031061e-01    1.103554172446e-01   8.215180359548e+01  -6.412696091637e+00
  3.777177732697e-01    4.435581928420e-02   8.683201791953e+01  -6.412696091637e+00
  4.056832547349e-01    3.010842134232e-02   7.172244607305e+01  -7.173454740665e+00
  2.631149987302e-01    3.529350162084e-02   7.590956068872e+01  -7.173454740665e+00
  7.323820674557e-04   -7.609133751579e-04   7.190697806900e+01  -7.173454740665e+00
  3.778445821422e-01    1.414398323963e-02   6.702566681609e+01  -6.289562786835e+00
  3.964703734535e-01    1.480834628749e-02   6.923808202688e+01  -6.289562786835e+00
  1.061344834177e-03   -3.705943149241e-04   6.660847307835e+01  -6.289562786835e+00
  6.462704549099e-01    1.276854082219e-02   6.642705951986e+01  -3.847912696152e+00
  3.976110314898e-01    1.529975721989e-02   6.926035379273e+01  -3.847912696152e+00
  3.778353269194e-01    1.441380831692e-02   6.702697991749e+01  -3.847912696152e+00
  4.039360797067e-01    2.882634473270e-02   7.173858173269e+01  -4.511443193417e+00
  5.765991940202e-01    4.645310710471e-02   7.178142810158e+01  -4.511443193417e+00
  5.247669794357e-01    9.264745315372e-02   7.568976416925e+01  -4.511443193417e+00
  7.461883716779e-01   -3.777306163450e-03   2.130114047355e+01  -4.821053680710e+00
  1.847478738893e-02   -5.779155148686e-04   1.584107087666e+01  -4.821053680710e+00
  8.980117897177e-01    5.207400770796e-03   1.623064789013e+01  -4.821053680710e+00
  6.051915805779e-01    1.156629685451e-01   7.448497698972e+01  -2.919777290924e+00
  6.003707475152e-01    1.488384589956e-01   7.782513277670e+01  -2.919777290924e+00
  5.268585728617e-01    9.316763938600e-02   7.573101630109e+01  -2.919777290924e+00
  6.870731722168e-01   -5.116066517543e-03   6.672461171648e+01   3.747587477058e+00
  4.601913908221e-01   -1.804943976875e-02   6.906735500796e+01   3.747587477058e+00
  6.230987405300e-01   -5.263062181775e-02   7.170449995766e+01   3.747587477058e+00
  4.031028759518e-01    2.940996121082e-02   7.170325587190e+01  -5.960984429402e+00
  5.265356346542e-01    9.217390835658e-02   7.571539701509e+01  -5.960984429402e+00
  2.656702976801e-01    3.607844209816e-02   7.591961502231e+01  -5.960984429402e+00
  2.532307917114e-04   -2.271299150971e-04   6.661017719545e+01  -6.607250072471e+00
  3.973066531020e-01    1.473514657881e-02   6.923347969479e+01  -6.607250072471e+00
  1.007646768646e-03   -8.699769008711e-05   6.882183919001e+01  -6.607250072471e+00
  6.762461395079e-03    5.834252370151e-04   6.226179324596e+01  -5.084205991098e+00
  8.201381209687e-01    8.526824747373e-03   6.030159099512e+01  -5.084205991098e+00
  3.770872860790e-01    1.453278095171e-02   6.706047242170e+01  -5.084205991098e+00
  4.829604279289e-01    1.105445982981e-01   7.354949246399e+01   3.049392577207e+00
  3.871628045694e-01    1.458173691060e-01   7.514623759083e+01   3.049392577207e+00
  5.531493989396e-01    1.733409734517e-01   7.669971303675e+01   3.049392577207e+00
  6.337606602475e-01    1.745146423261e-01   8.131864017290e+01   1.514493493595e+00
  6.017366589266e-01    1.494868398531e-01   7.783913694140e+01   1.514493493595e+00
  5.538560503785e-01    1.734219299107e-01   7.670668320261e+01   1.514493493595e+00
  3.026775188214e-01   -1.553320628455e-03   7.100879527678e+01   1.486264254247e+00
  3.227241669720e-01    8.462681472761e-02   7.207179508943e+01   1.486264254247e+00
  4.535522249848e-01   -3.587257788144e-03   7.228966461802e+01   1.486264254247e+00
  3.237057589475e-01    8.493874912005e-02   7.211029692275e+01   4.326560538406e+00
  3.857799101569e-01    1.457920720588e-01   7.511847497938e+01   4.326560538406e+00
  4.839927401158e-01    1.104412303519e-01   7.357350208016e+01   4.326560538406e+00
  4.523918699850e-01   -3.452702072828e-03   7.226755004361e+01   1.091854450180e+00
  3.238632682928e-01    8.466710617651e-02   7.209330266093e+01   1.091854450180e+00
  4.836181957099e-01    1.102697414724e-01   7.359188589195e+01   1.091854450180e+00
  3.232139053914e-01    8.454393342135e-02   7.209270841747e+01   2.698895878789e+00
  3.023291316165e-01   -1.190177496364e-03   7.097089041803e+01   2.698895878789e+00
  1.678685836202e-01    4.836264849900e-02   7.104685474336e+01   2.698895878789e+00
  5.514019084086e-01    1.726307664271e-01   7.666385095629e+01   1.078008047851e+00
  6.062161194699e-01    1.157663185481e-01   7.452376976890e+01   1.078008047851e+00
  4.855090931200e-01    1.111471230459e-01   7.363264913558e+01   1.078008047851e+00
  5.518968815129e-01    1.735515952346e-01   7.662714382581e+01   4.474258188308e+00
  4.738528385858e-01    1.634281474597e-01   7.993881495898e+01   4.474258188308e+00
  6.358812623943e-01    1.748604635830e-01   8.136011904932e+01   4.474258188308e+00
  6.040548522565e-01    1.142310860257e-01   7.448441949410e+01  -2.837594991845e+00
  5.782627755433e-01    4.613663773927e-02   7.180511956202e+01  -2.837594991845e+00
  6.621346376490e-01    3.535807103983e-02   7.140080922649e+01  -2.837594991845e+00
  5.536424004824e-01    1.728541015644e-01   7.670236720963e+01  -1.142064639976e-01
  6.015798445664e-01    1.496656348738e-01   7.783492732571e+01  -1.142064639976e-01
  6.038457711203e-01    1.152435414555e-01   7.446531394685e+01  -1.142064639976e-01
  5.968157424963e-01   -6.118131817098e-02   7.303252545022e+01  -2.767133436760e-01
  4.545252930435e-01   -3.670555900511e-03   7.232975333070e+01  -2.767133436760e-01
  5.857433691161e-01    4.993998371903e-02   7.305090144825e+01  -2.767133436760e-01
  4.533652365299e-01   -2.744437136198e-03   7.230832337446e+01   5.040378603169e-01
  4.831497502996e-01    1.095496157856e-01   7.358622502074e+01   5.040378603169e-01
  5.865986619182e-01    4.958258866837e-02   7.307282559973e+01   5.040378603169e-01
  6.633698327374e-01    3.549436824737e-02   7.142144300360e+01  -3.326886330109e-01
  5.879830210535e-01    5.051862763657e-02   7.308570603968e+01  -3.326886330109e-01
  6.028113702254e-01    1.148311688794e-01   7.446869777529e+01  -3.326886330109e-01
  6.645847405860e-01    3.666440925713e-02   7.141413716302e+01  -1.112431431166e+00
  6.943337253369e-01   -7.235932788573e-03   7.127233469037e+01  -1.112431431166e+00
  5.873363636410e-01    4.885689104499e-02   7.309062652811e+01  -1.112431431166e+00
  7.496119750454e-01    6.171808368857e-03   6.916889254869e+01  -8.019150707561e-01
  6.947665463742e-01   -6.162198068118e-03   7.127500400154e+01  -8.019150707561e-01
  6.634491449388e-01    3.551344813152e-02   7.139304832533e+01  -8.019150707561e-01
  5.851229990395e-01    4.933130090879e-02   7.302690034792e+01  -6.645362053353e-01
  4.855747454535e-01    1.101613173005e-01   7.363208168957e+01  -6.645362053353e-01
  6.060230610051e-01    1.164387605440e-01   7.451678936463e+01  -6.645362053353e-01
  5.254436460667e-01    9.367302567543e-02   7.569112192936e+01  -2.526872402314e+00
  5.763624531243e-01    4.591277216219e-02   7.177232250630e+01  -2.526872402314e+00
  6.064771751103e-01    1.150018482765e-01   7.450804254358e+01  -2.526872402314e+00
  3.026320050775e-01   -1.870908105057e-03   7.100684347488e+01  -1.893894810597e+00
  4.536039731318e-01   -3.678197107319e-03   7.229212147058e+01  -1.893894810597e+00
  3.287586514617e-01   -8.926517974691e-02   7.195945589153e+01  -1.893894810597e+00
  8.234632027301e-01    1.995998341013e-03   2.539977716889e+01   4.218837818167e+00
  2.410416538952e-02    9.812946102809e-04   2.584717237511e+01   4.218837818167e+00
  8.276215657282e-01    2.338389479988e-03   3.210193592767e+01   4.218837818167e+00
  5.663858945471e-01    1.108512240386e-01   8.216904865923e+01  -2.645039488691e-01
  6.370142848005e-01    1.742797820650e-01   8.137643676679e+01  -2.645039488691e-01
  6.885740275195e-01    1.287063741146e-01   8.685829748055e+01  -2.645039488691e-01
  5.944762635815e-01    5.883053713986e-03  -8.893541254368e-03   5.790098937433e+00
  8.117127167559e-04   -7.934513511898e-05   1.513478455879e-02   5.790098937433e+00
  3.080972490463e-03    1.395066080553e-04   4.294805116313e+00   5.790098937433e+00
  1.573499677479e-01   -3.244228110260e-04   7.004435651696e+01  -1.914565953836e+00
  3.032701307318e-01   -2.164430700644e-03   7.098180304488e+01  -1.914565953836e+00
  1.696917369689e-01   -5.085677948551e-02   7.078140754254e+01  -1.914565953836e+00
  2.589074605419e-01   -1.023974946795e-01   7.832352579843e+01  -1.937640997817e+01
  1.976651527642e-03   -1.751853765031e-04   8.440485052743e+01  -1.937640997817e+01
  1.555801938298e-04   -5.560233858125e-04   7.837963228601e+01  -1.937640997817e+01
  3.796640731487e-01    1.487884060073e-02   6.705560566567e+01  -3.804785978595e+00
  8.144555339599e-01    8.160037568541e-03   6.026740803374e+01  -3.804785978595e+00
  6.445660714566e-01    1.262826622194e-02   6.638288280208e+01  -3.804785978595e+00
  1.806634719942e-03    5.523838259633e-04   9.167597037780e+01  -2.285466201542e+01
  8.989084800417e-04   -9.684738493796e-04   8.452660474943e+01  -2.285466201542e+01
  3.071025820940e-01   -8.572057376392e-02   8.450903169204e+01  -2.285466201542e+01
 -2.899060252246e-04   -2.838095498367e-04   7.617770969947e+01  -1.053131578210e+01
  3.164603860320e-01    4.528610447928e-02   8.020494367427e+01  -1.053131578210e+01
  7.885057082009e-04    1.030593505657e-04   7.978559373787e+01  -1.053131578210e+01
  2.574662968163e-01   -1.017914521622e-01   7.831726722515e+01  -2.320221999461e+01
  3.046447218699e-01   -8.619399713792e-02   8.457709043644e+01  -2.320221999461e+01
  3.443645777550e-03   -7.619318501406e-04   8.442586810803e+01  -2.320221999461e+01
  3.476627314526e-03    1.631781886954e-04   9.169610795757e+01  -2.655787549591e+01
  3.055807640611e-01   -8.532984347867e-02   8.450188729447e+01  -2.655787549591e+01
  3.414498853463e-01   -4.809993053602e-02   9.182837197041e+01  -2.655787549591e+01
  1.271823495081e-03   -4.724860396757e-04   7.831730450712e+01  -1.712769886180e+01
 -6.063904212809e-04   -3.136020393519e-04   7.345670918264e+01  -1.712769886180e+01
  2.567196025967e-01   -1.024768649750e-01   7.838748094091e+01  -1.712769886180e+01
  8.081477926910e-01   -1.754286282169e-02   4.534777500221e+01  -8.835804300761e-01
  7.004248135397e-01   -1.740960562624e-02   4.577505135973e+01  -8.835804300761e-01
  6.312289593512e-01   -1.101822433809e-02   4.059249681546e+01  -8.835804300761e-01
  1.707005898737e-01   -5.143030103186e-02   7.077113416958e+01  -1.186376062588e+01
  2.045251653581e-01   -8.553657156708e-02   7.382435089424e+01  -1.186376062588e+01
  2.445742333448e-03   -2.102605201378e-03   7.338544793888e+01  -1.186376062588e+01
  5.449652952501e-04   -6.981055109610e-04   7.073007506143e+01  -5.138447826331e+00
 -2.133707105909e-04    1.030322356616e-03   6.964917374050e+01  -5.138447826331e+00
  1.705021006358e-01   -4.995260463134e-02   7.079188376621e+01  -5.138447826331e+00
  2.561913663703e-01   -1.021037511981e-01   7.833657194933e+01  -1.068419609578e+01
  2.052156624444e-01   -8.610034810120e-02   7.383237040058e+01  -1.068419609578e+01
  4.000113867770e-01   -1.513927052020e-01   7.500101806730e+01  -1.068419609578e+01
  2.552572753052e-01   -1.019105067813e-01   7.838272495751e+01  -1.597453863712e+01
  5.976043530477e-04   -1.026728124062e-03   7.345982839058e+01  -1.597453863712e+01
  2.055888345225e-01   -8.612199004234e-02   7.380161452785e+01  -1.597453863712e+01
  3.292287150280e-01   -8.992922111548e-02   7.194299087996e+01  -7.850273306127e+00
  3.987007660595e-01   -1.508031471798e-01   7.503222523672e+01  -7.850273306127e+00
  2.060694530710e-01   -8.663804150297e-02   7.379608748680e+01  -7.850273306127e+00
  3.052479289195e-01   -8.623390947468e-02   8.451409617253e+01  -1.365078582534e+01
  2.564110651119e-01   -1.019258336470e-01   7.839386941718e+01  -1.365078582534e+01
  4.933115069317e-01   -1.700578935572e-01   7.968335540305e+01  -1.365078582534e+01
  2.049606805313e-01   -8.635707449042e-02   7.378361762687e+01  -6.618337602099e+00
  1.700588976317e-01   -5.048201869994e-02   7.081993828892e+01  -6.618337602099e+00
  3.301725199364e-01   -9.007285796996e-02   7.195400566349e+01  -6.618337602099e+00
  1.362451706666e-03   -1.458474282901e-03   7.336934460937e+01  -8.280016944629e+00
 -1.001716809209e-04    2.913236465114e-04   7.074872386352e+01  -8.280016944629e+00
  1.716868356498e-01   -5.183550494742e-02   7.077603459659e+01  -8.280016944629e+00
  4.150964706213e-01   -6.106406473090e-02   8.074563323207e+01   1.129043880408e+01
  5.780083312041e-03    1.955469004655e-04   8.500588325187e+01   1.129043880408e+01
  4.782684014935e-01   -5.562345687632e-02   8.713514798157e+01   1.129043880408e+01
  4.916813429543e-01   -1.696951021949e-01   7.972613181243e+01  -1.166066325107e+01
  2.574893746131e-01   -1.023190293458e-01   7.835277502254e+01  -1.166066325107e+01
  3.989323331700e-01   -1.511974840555e-01   7.498808491235e+01  -1.166066325107e+01
  6.417334558792e-01   -7.506437546362e-02   9.236225847924e+01  -1.716764081286e+01
  6.645068979382e-01    9.339886460563e-03   9.969343864434e+01  -1.716764081286e+01
  3.605626254010e-01    5.335579451376e-03   9.959325041525e+01  -1.716764081286e+01
  6.414495810294e-01   -7.558428717313e-02   9.243342060684e+01  -1.638798371487e+01
  3.432604785134e-01   -4.789232140172e-02   9.177282115248e+01  -1.638798371487e+01
  5.804477840947e-01   -1.404830928024e-01   8.559341269738e+01  -1.638798371487e+01
  6.680108730284e-01    8.899841544036e-03   9.962216529337e+01  -5.013643851878e+00
  7.649143450094e-01   -7.070423814456e-02   9.293060369497e+01  -5.013643851878e+00
  7.616848828259e-01    1.014145743312e-02   9.974924279200e+01  -5.013643851878e+00
  5.256543472854e-01   -2.234076332630e-02   9.526481584334e+01   2.858863412560e+00
  7.618025707674e-01    8.805053444441e-03   9.970741134555e+01   2.858863412560e+00
  7.644873758907e-01   -6.908699308388e-02   9.301568919038e+01   2.858863412560e+00
  7.635168993751e-01    9.713535065109e-03   9.972568434834e+01   4.741449094937e+00
  5.238811845273e-01   -2.318780161399e-02   9.524446806081e+01   4.741449094937e+00
  5.209960184169e-01    3.190536698330e-02   1.042265824217e+02   4.741449094937e+00
  6.681375362678e-01    1.057640993827e-02   9.973977465152e+01  -5.097644929733e+00
  7.616303515102e-01    9.296532839940e-03   9.969481913086e+01  -5.097644929733e+00
  7.608864106421e-01    9.265767071601e-02   1.064959114685e+02  -5.097644929733e+00
  7.668372648383e-01   -7.042495959116e-02   9.296823565101e+01  -6.948253622223e+00
  6.658444563713e-01    8.426197595192e-03   9.959273535486e+01  -6.948253622223e+00
  6.418110928922e-01   -7.487065182045e-02   9.246736843233e+01  -6.948253622223e+00
  3.585015793423e-01    5.225162464233e-03   9.958635956762e+01  -1.671257351433e+01
  3.415232026247e-01   -4.794805916784e-02   9.183769965122e+01  -1.671257351433e+01
  6.433797890177e-01   -7.524700279578e-02   9.237243109014e+01  -1.671257351433e+01
  7.425159480177e-01   -1.388432159704e-01   8.684351936606e+01  -5.630287809707e+00
  5.812386624741e-01   -1.409160333208e-01   8.564040631155e+01  -5.630287809707e+00
  6.731307383348e-01   -1.872409679553e-01   8.123318244558e+01  -5.630287809707e+00
  5.817814358766e-01   -1.408073609766e-01   8.560743426810e+01  -1.565752299483e+01
  3.417621968522e-01   -4.773305104411e-02   9.175829434708e+01  -1.565752299483e+01
  3.051411878842e-01   -8.619377928758e-02   8.458210577516e+01  -1.565752299483e+01
  7.630058791962e-01   -7.091272125552e-02   9.298658234328e+01   2.392165991683e+00
  7.446811008464e-01   -1.377961082979e-01   8.685642002986e+01   2.392165991683e+00
  4.851148978123e-01   -5.644706748489e-02   8.718042620369e+01   2.392165991683e+00
  7.660224162644e-01   -6.957606703461e-02   9.303513592328e+01  -5.258724208464e+00
  6.422808915508e-01   -7.575602880283e-02   9.240082298417e+01  -5.258724208464e+00
  7.413331899444e-01   -1.395917460764e-01   8.674390827593e+01  -5.258724208464e+00
  4.928210355345e-01   -1.696465592157e-01   7.975988384692e+01  -7.489169925854e+00
  6.748097114570e-01   -1.873356208489e-01   8.127712847861e+01  -7.489169925854e+00
  5.792960335854e-01   -1.410362977685e-01   8.559818743195e+01  -7.489169925854e+00
  7.653645710249e-01   -7.020959014286e-02   9.301229297580e+01   4.749706085542e+00
  4.816867933082e-01   -5.689952853507e-02   8.713908839680e+01   4.749706085542e+00
  5.245930134100e-01   -2.140811994968e-02   9.526765616379e+01   4.749706085542e+00
  7.438242831116e-01   -1.383063043903e-01   8.684016358019e+01   3.789779333081e+00
  6.331722586978e-01   -1.267317006154e-01   8.233122037306e+01   3.789779333081e+00
  4.854744157298e-01   -5.567515309992e-02   8.718138141818e+01   3.789779333081e+00
  7.429065653697e-01   -1.395149615596e-01   8.678881086077e+01  -7.472658209119e+00
  6.405837106509e-01   -7.613816276842e-02   9.235828867813e+01  -7.472658209119e+00
  5.812258244182e-01   -1.403565915214e-01   8.569384851395e+01  -7.472658209119e+00
  3.066287386670e-01   -8.646810456246e-02   8.452832309393e+01  -1.461296688884e+01
  4.921717854595e-01   -1.697756944578e-01   7.967000310073e+01  -1.461296688884e+01
  5.799935534349e-01   -1.407553312250e-01   8.566059833861e+01  -1.461296688884e+01
  3.506419232917e-01   -4.816081818354e-02   7.637570677630e+01   9.260696782344e+00
  1.373433567119e-03    4.224069689839e-04   7.639281714717e+01   9.260696782344e+00
  4.142616509409e-01   -6.089088568707e-02   8.075412976885e+01   9.260696782344e+00
  5.790079839909e-01   -1.846341528854e-01   7.663258403374e+01  -6.636771040123e+00
  4.909793691862e-01   -1.698211533105e-01   7.968091964413e+01  -6.636771040123e+00
  3.994961892800e-01   -1.510537703279e-01   7.505541623760e+01  -6.636771040123e+00
  1.970809491187e-03    1.214384693963e-03   9.953429112957e+01  -2.507453670243e+01
  1.114037917120e-03   -9.293940581514e-04   9.180395986421e+01  -2.507453670243e+01
  3.436345308936e-01   -4.682959946429e-02   9.175884657729e+01  -2.507453670243e+01
  4.524315208449e-01   -3.795882843176e-03   7.226918759701e+01  -1.598427181074e+00
  4.960221953643e-01   -1.191331050583e-01   7.354134550382e+01  -1.598427181074e+00
  3.299044176142e-01   -8.931523157279e-02   7.198232032630e+01  -1.598427181074e+00
  1.706142309935e-01   -5.099267743267e-02   7.079850495933e+01  -3.071302375472e+00
  3.023014941190e-01   -2.163886047587e-03   7.097135483472e+01  -3.071302375472e+00
  3.291945043724e-01   -8.923752934730e-02   7.197726634840e+01  -3.071302375472e+00
  5.774864947968e-01   -1.846137808557e-01   7.659385599966e+01  -5.156004906293e+00
  6.745448694186e-01   -1.870416752787e-01   8.132035858823e+01  -5.156004906293e+00
  4.927792501960e-01   -1.698180463938e-01   7.971852739655e+01  -5.156004906293e+00
  3.994403832276e-01   -1.509938515044e-01   7.502211710283e+01  -3.652675702879e+00
  4.954204229083e-01   -1.194216695940e-01   7.350005380923e+01  -3.652675702879e+00
  5.787123642870e-01   -1.843950924211e-01   7.666440397104e+01  -3.652675702879e+00
  6.413402859566e-01   -1.296416002756e-01   7.458962524857e+01  -1.577454294917e+00
  5.770437766261e-01   -1.837174697285e-01   7.663077149602e+01  -1.577454294917e+00
  4.978872648061e-01   -1.200229026938e-01   7.358135413458e+01  -1.577454294917e+00
  5.794141594413e-01   -1.844942135649e-01   7.667092011369e+01  -2.149514669915e+00
  6.487173336141e-01   -1.654262713838e-01   7.796759601200e+01  -2.149514669915e+00
  6.724686718645e-01   -1.867038168995e-01   8.128073720005e+01  -2.149514669915e+00
  6.410873498241e-01   -1.302292488434e-01   7.457910156810e+01   1.065344302611e-01
  4.980130217107e-01   -1.190833118660e-01   7.358323862908e+01   1.065344302611e-01
  5.962432672537e-01   -6.061556682803e-02   7.300826859591e+01   1.065344302611e-01
  3.980537034424e-01   -1.509380899006e-01   7.499540860342e+01  -4.792274764213e+00
  3.296892768288e-01   -8.958728428786e-02   7.199754423152e+01  -4.792274764213e+00
  4.964578895861e-01   -1.193342815742e-01   7.352403289683e+01  -4.792274764213e+00
  4.639794490188e-01   -3.909417049550e-02   7.191292483499e+01   3.789515239802e+00
  6.247927482150e-01   -5.336494460878e-02   7.172294904083e+01   3.789515239802e+00
  4.586270831740e-01   -1.762438696699e-02   6.904498439863e+01   3.789515239802e+00
  8.269584863850e-01    7.439223487912e-03   6.030715952496e+01  -4.995142741176e+00
  4.574208831086e-03    1.159198979837e-03   6.218635467272e+01  -4.995142741176e+00
  8.212964783641e-03   -9.215773208242e-04   5.538801711137e+01  -4.995142741176e+00
  6.392161481765e-01   -1.280039581726e-01   7.454971335221e+01   2.524228858188e+00
  6.906617776821e-01   -4.267874082073e-02   7.154608719708e+01   2.524228858188e+00
  6.255652572034e-01   -5.385788392841e-02   7.174282627598e+01   2.524228858188e+00
  6.379366010701e-01   -1.284603842084e-01   7.452931204516e+01  -9.414493411630e-02
  5.989979192712e-01   -6.197446421394e-02   7.306447390129e+01  -9.414493411630e-02
  6.917105663695e-01   -4.308276429267e-02   7.156663412243e+01  -9.414493411630e-02
  6.927148233688e-01   -4.243791917707e-02   7.157712523035e+01  -4.149661716925e-02
  6.942471967809e-01   -6.519773095690e-03   7.127556811992e+01  -4.149661716925e-02
  7.504650241782e-01    6.607642938174e-03   6.916891615225e+01  -4.149661716925e-02
  6.485275217355e-01   -1.655832061434e-01   7.796258164905e+01  -4.751382087110e-01
  5.792654661754e-01   -1.839674001030e-01   7.666804354448e+01  -4.751382087110e-01
  6.390052758171e-01   -1.291109906532e-01   7.453366435955e+01  -4.751382087110e-01
  6.889201406665e-01   -5.853320834425e-03   6.674332700060e+01   1.087388762751e+00
  6.926046808418e-01   -4.205727757554e-02   7.159007452386e+01   1.087388762751e+00
  7.514040378279e-01    6.232262830517e-03   6.916592331792e+01   1.087388762751e+00
  6.928957624457e-01   -4.436173084140e-02   7.156725058984e+01   5.257857085140e-01
  5.984519367618e-01   -6.022384396074e-02   7.306566849640e+01   5.257857085140e-01
  6.943018517922e-01   -5.091352847530e-03   7.127832179613e+01   5.257857085140e-01
  4.956248845918e-01   -1.184056535236e-01   7.353733402032e+01  -9.492345332465e-01
  4.533185991600e-01   -4.537116020783e-03   7.230772327136e+01  -9.492345332465e-01
  5.977007619929e-01   -6.088468652837e-02   7.305521822354e+01  -9.492345332465e-01
  5.862375885015e-01   -1.104241142211e-01   7.596754085901e+01   2.102751077804e+00
  6.417453089610e-01   -1.287832934348e-01   7.457676888527e+01   2.102751077804e+00
  6.236381291459e-01   -5.384744710896e-02   7.171263741400e+01   2.102751077804e+00
  6.487395668581e-01   -1.649291939059e-01   7.796699630666e+01   2.655345916767e+00
  5.866067370696e-01   -1.095064653245e-01   7.598957499493e+01   2.655345916767e+00
  5.790600550239e-01   -1.141021661743e-01   7.877022107556e+01   2.655345916767e+00
  6.473890791491e-01   -1.648023550968e-01   7.795434023047e+01   2.404111367256e+00
  6.403179839557e-01   -1.294645675777e-01   7.455184299087e+01   2.404111367256e+00
  5.877764337823e-01   -1.098782002707e-01   7.600617702899e+01   2.404111367256e+00
  6.348203154061e-01   -1.262748827861e-01   8.237794420823e+01   5.817371627295e+00
  5.792199199949e-01   -1.140218111750e-01   7.877169179214e+01   5.817371627295e+00
  4.148281245767e-01   -6.113410165450e-02   8.077367625489e+01   5.817371627295e+00
  5.791360660509e-01   -1.139250306237e-01   7.877872090646e+01   2.041613145224e+00
  6.349702907588e-01   -1.267938857671e-01   8.237510256591e+01   2.041613145224e+00
  6.487309575212e-01   -1.654050699053e-01   7.795436715857e+01   2.041613145224e+00
  3.505599319431e-01   -4.813714829967e-02   7.637735908489e+01   5.678109904457e+00
  4.140535719333e-01   -6.131901403211e-02   8.075183262526e+01   5.678109904457e+00
  5.800111156878e-01   -1.137968436414e-01   7.878865164600e+01   5.678109904457e+00
  6.361154713214e-01   -1.262417047095e-01   8.237939377661e+01   5.474490462997e+00
  4.133591356367e-01   -6.123765527720e-02   8.075711765647e+01   5.474490462997e+00
  4.802780804447e-01   -5.587245957725e-02   8.712576384015e+01   5.474490462997e+00
  5.785324318107e-01   -1.137432425589e-01   7.877703495065e+01   5.612222034126e+00
  5.877018773878e-01   -1.094179182826e-01   7.599666495830e+01   5.612222034126e+00
  3.522380044031e-01   -4.829364481523e-02   7.639733427400e+01   5.612222034126e+00
  6.470319708160e-01   -1.655430643950e-01   7.792048138472e+01   9.863322915171e-01
  6.370247179984e-01   -1.267771747920e-01   8.240691862569e+01   9.863322915171e-01
  6.749081146041e-01   -1.863345045066e-01   8.132194491981e+01   9.863322915171e-01
  4.650922148351e-01   -3.841872760934e-02   7.193595470847e+01   4.323924093846e+00
  5.856801445472e-01   -1.093342451037e-01   7.597198472687e+01   4.323924093846e+00
  6.238642505955e-01   -5.449792260167e-02   7.171290413200e+01   4.323924093846e+00
  4.383315019546e-01   -6.469691422045e-03   6.659030860311e+01   6.399332022356e+00
  1.906056386475e-03    3.309076577610e-04   6.632008017931e+01   6.399332022356e+00
  4.588163506694e-01   -1.758573634225e-02   6.906082739734e+01   6.399332022356e+00
  4.380973921394e-01   -6.455093033694e-03   6.656495209358e+01   3.542707944256e+00
  6.875749482479e-01   -5.576742908294e-03   6.670913124905e+01   3.542707944256e+00
  6.034598212325e-01   -8.234872101520e-03   6.249860451630e+01   3.542707944256e+00
  1.850471208242e-03   -3.410534400942e-04   7.191216066044e+01   6.570817809986e+00
  4.607298128598e-01   -1.785893470267e-02   6.904624688841e+01   6.570817809986e+00
  4.104899537540e-04    3.361858944432e-04   6.630910594137e+01   6.570817809986e+00
  5.909032819044e-01    5.738449873821e-03   3.675449322068e-03   1.938961406222e+00
  6.998880949241e-01    6.825570345074e-03   4.678177802712e+00   1.938961406222e+00
  7.913604983129e-01    1.965155610997e-03   4.732265212893e-02   1.938961406222e+00
 -7.702136553476e-04   -9.229441146562e-04   1.219394605986e+02   7.753249723175e+00
  3.099825761236e-01    5.298324839144e-02   1.208632453584e+02   7.753249723175e+00
  1.239235133780e-03    5.183159817017e-04   1.203873243341e+02   7.753249723175e+00
  6.945366858224e-01   -9.072789757170e-03   5.559117031768e+01  -5.297878858136e+00
  8.207720767321e-01    6.787550283356e-03   6.029185858932e+01  -5.297878858136e+00
  1.217971438587e-02   -1.066300371546e-03   5.538869844669e+01  -5.297878858136e+00
  4.636997311137e-01   -3.892509644733e-02   7.190443510769e+01   5.534248072125e+00
  3.516019746024e-01   -4.882869647099e-02   7.637692068139e+01   5.534248072125e+00
  5.878057045181e-01   -1.088666767594e-01   7.599351788134e+01   5.534248072125e+00
  8.198091988755e-01    1.636230051860e-03   2.538890036831e+01   9.365321269979e-02
  7.531481524823e-01   -3.758692342921e-03   2.126189771630e+01   9.365321269979e-02
  7.222003443969e-01    3.793765055065e-03   2.041689789034e+01   9.365321269979e-02
 -5.088438854113e-04    1.805315066837e-04   7.635264053638e+01   1.039576049671e+01
  2.879817185110e-03   -5.039731823374e-05   8.495601255455e+01   1.039576049671e+01
  4.169914798384e-01   -6.072741118853e-02   8.076602804931e+01   1.039576049671e+01
  7.793790010021e-01   -3.746253068875e-03   5.641777646362e+01   5.536898321982e+00
  1.352795012115e-02   -1.060168015850e-03   6.185039254665e+01   5.536898321982e+00
  5.980246455352e-01   -8.452083464023e-03   6.245925410679e+01   5.536898321982e+00
  6.756572600198e-01   -1.864811903809e-01   8.133659019439e+01  -5.703535575997e-01
  6.361902434194e-01   -1.267065080169e-01   8.239639734329e+01  -5.703535575997e-01
  7.399372445507e-01   -1.388368112427e-01   8.679345549039e+01  -5.703535575997e-01
  6.949954392418e-01   -6.147465963638e-03   7.130418229973e+01  -2.379197049894e-01
  5.971317186375e-01   -5.918775710476e-02   7.304770037894e+01  -2.379197049894e-01
  5.859424888158e-01    4.795028274623e-02   7.306614983823e+01  -2.379197049894e-01
  3.401568964091e-03   -8.794849408533e-04   8.500106666325e+01   1.088679204584e+01
  5.250068649280e-01   -2.318061514721e-02   9.524959834767e+01   1.088679204584e+01
  4.799125805673e-01   -5.507260986005e-02   8.714097679205e+01   1.088679204584e+01
  8.118097536255e-01    7.391894015216e-03   6.018769627782e+01   1.436545362367e+00
  6.123549977832e-01   -8.266471991271e-03   6.248221346974e+01   1.436545362367e+00
  7.614702838309e-01    1.513822104007e-03   6.664424243219e+01   1.436545362367e+00
  7.027054426179e-01    6.460250369123e-02   9.318673109022e+01  -4.287526904230e+00
  6.961523255152e-01   -5.136177942217e-03   1.001052471869e+02  -4.287526904230e+00
  4.134910772562e-01    1.939073020459e-02   9.535094602860e+01  -4.287526904230e+00
  7.393019444943e-03    3.225600113346e-04   4.287259016393e+00   5.308708468226e+00
  7.018868233267e-01    6.784041034008e-03   4.647076637379e+00   5.308708468226e+00
  5.905787672260e-01    5.824615660448e-03  -1.996798313320e-02   5.308708468226e+00
  7.595138241230e-01    1.623538841100e-03   6.662484627727e+01   9.759946407194e-01
  6.891065005506e-01   -6.048382323051e-03   6.673571739976e+01   9.759946407194e-01
  7.508228316683e-01    6.119423133330e-03   6.916217198627e+01   9.759946407194e-01
  9.097780285188e-01    6.607636503754e-03   1.622553353613e+01   4.049475705088e+00
  7.501073194379e-01    1.162537659642e-02   9.706619684347e+00   4.049475705088e+00
  2.905830574542e-02   -5.600529481980e-04   1.497117410217e+01   4.049475705088e+00
  7.637215449856e-01    1.459268887888e-03   6.665141391378e+01   1.137579273622e+00
  6.088970861122e-01   -8.196390863808e-03   6.249455569954e+01   1.137579273622e+00
  6.848091231547e-01   -5.691768651175e-03   6.673615301982e+01   1.137579273622e+00
  6.035626603219e-01   -8.036436461994e-03   6.239443145295e+01   1.216683371121e+00
  8.175694842288e-01    6.597097814065e-03   6.017569495467e+01   1.216683371121e+00
  7.735352469603e-01   -3.834527230506e-03   5.638359771744e+01   1.216683371121e+00
  7.500107663527e-01    6.345915109155e-03   6.916180040658e+01  -2.237104486113e+00
  6.632268495527e-01    3.548139027765e-02   7.139391327990e+01  -2.237104486113e+00
  5.760892740404e-01    4.566920196785e-02   7.180560102692e+01  -2.237104486113e+00
  6.471444087731e-01    1.237087923911e-02   6.641910353658e+01  -1.644522415503e+00
  7.604657664688e-01    1.308758797888e-03   6.662441836920e+01  -1.644522415503e+00
  7.494211989371e-01    6.663114967199e-03   6.918170997616e+01  -1.644522415503e+00
  5.753316587884e-01    4.503019723882e-02   7.181625778648e+01  -3.532441942240e+00
  4.011328382215e-01    1.571791121226e-02   6.927899214439e+01  -3.532441942240e+00
  7.517018603989e-01    7.067635991227e-03   6.916669727857e+01  -3.532441942240e+00
  7.631360578724e-04   -4.904353373661e-04   6.879303852167e+01  -6.761843864180e+00
  4.060595539346e-01    2.905600447402e-02   7.171914445021e+01  -6.761843864180e+00
  9.413760595134e-04    1.661567072229e-04   7.189466094163e+01  -6.761843864180e+00
  4.040716936743e-01    2.896970500300e-02   7.171178084159e+01  -6.796957126703e+00
  2.186844571615e-03   -6.054907282436e-04   6.880645627027e+01  -6.796957126703e+00
  3.965768443442e-01    1.513892711916e-02   6.924622365489e+01  -6.796957126703e+00
  6.872290706792e-01   -5.047205834711e-03   6.673244788475e+01   1.843485542602e+00
  6.227467708069e-01   -5.284158504868e-02   7.170036434759e+01   1.843485542602e+00
  6.934328001092e-01   -4.273680784508e-02   7.159231294456e+01   1.843485542602e+00
  4.378377489964e-01   -6.388813373381e-03   6.658149343174e+01   3.752530419278e+00
  4.587143099913e-01   -1.786647344279e-02   6.907802231399e+01   3.752530419278e+00
  6.886121199837e-01   -5.579300052022e-03   6.672345258097e+01   3.752530419278e+00
  6.998410427978e-01    5.997914741042e-03   4.697170553244e+00   6.093945061576e-01
  7.537413266661e-01    1.228059133146e-02   9.984183920544e+00   6.093945061576e-01
  7.926641814858e-01    1.020435804338e-02   6.170106635615e+00   6.093945061576e-01
  1.132084846451e-02    5.541837753991e-04   4.969450425241e+01   5.248581500947e+00
  8.029829268190e-01   -1.415672544651e-02   4.510703793661e+01   5.248581500947e+00
  5.637490051783e-04    4.730036476912e-04   4.420859622701e+01   5.248581500947e+00
  2.178356663831e-02   -3.685560348389e-04   5.020429816380e+01  -4.242620230986e+00
  9.071192487201e-01   -9.868605285018e-03   5.052751459648e+01  -4.242620230986e+00
  6.957459706016e-01   -8.551831615509e-03   5.576863692532e+01  -4.242620230986e+00
  8.997961981951e-01   -1.004084666978e-02   5.054761380449e+01   4.188318590332e+00
  2.310829362035e-02    4.508649218393e-04   5.003011507532e+01   4.188318590332e+00
  7.774074813962e-01   -3.164956015097e-03   5.666431758777e+01   4.188318590332e+00
  7.161629475867e-01    5.251564030945e-04   2.893739121820e+01  -1.100456772264e+00
  8.337077525667e-01    2.740105761678e-03   3.188546435501e+01  -1.100456772264e+00
  7.145027942975e-01    8.368347062359e-03   3.494541953371e+01  -1.100456772264e+00
  7.227725083212e-01    4.023532380549e-03   2.042810025776e+01   5.253090876817e+00
 -2.371749312457e-04   -8.375528057249e-05   2.036448770562e+01   5.253090876817e+00
  8.749942866650e-03    3.664721691096e-04   2.560053245806e+01   5.253090876817e+00
  6.356207775333e-01   -1.106013508785e-02   4.051512803156e+01  -1.432969048496e+00
  8.309515534075e-01   -1.099156118515e-02   3.852688518308e+01  -1.432969048496e+00
  8.028471401638e-01   -1.736231524917e-02   4.537053722464e+01  -1.432969048496e+00
  8.266587514113e-01    2.227985810588e-03   3.157448906100e+01   4.073878733423e+00
  2.692669030567e-02   -1.307321756555e-03   3.839765801338e+01   4.073878733423e+00
  8.384366959952e-01   -1.045498000960e-02   3.849668979973e+01   4.073878733423e+00
  7.110854728681e-01    4.560027547873e-04   2.886968799694e+01  -1.159016320770e+00
  7.428186890616e-01   -3.421055424241e-03   2.123913734059e+01  -1.159016320770e+00
  8.268476440763e-01    1.089654902184e-03   2.536788976157e+01  -1.159016320770e+00
  8.403102655448e-01   -1.170790562327e-02   3.864748113026e+01   3.957998053927e+00
  2.460846476699e-02   -1.865289232764e-04   3.866384936091e+01   3.957998053927e+00
  7.955826194976e-01   -1.562692718329e-02   4.549401013867e+01   3.957998053927e+00
  8.004889010678e-01    9.063139790943e-03   6.168147365057e+00  -5.177954200702e+00
  8.023952651776e-03    5.957496578894e-04   1.027766486378e+01  -5.177954200702e+00
  5.170127273428e-03   -8.279514564173e-04   3.862623807287e+00  -5.177954200702e+00
  9.416273377458e-03   -6.996944664387e-04   9.463148386643e+00   5.080991714684e+00
  7.535212893057e-01    1.099050630910e-02   9.931852615419e+00   5.080991714684e+00
  7.009574990190e-01    6.437982809304e-03   4.662456763019e+00   5.080991714684e+00
  4.459727275018e-03   -3.626813959356e-04   9.468585960433e+00   5.364926274698e+00
  7.061558355670e-01    6.594639773826e-03   4.651226177202e+00   5.364926274698e+00
  3.639791241496e-03    3.658239322735e-04   4.321512440915e+00   5.364926274698e+00
  7.867807860534e-01    1.745693084373e-03   4.707755977329e-02   6.898995389718e-01
  7.044969429338e-01    6.944812882280e-03   4.656216636658e+00   6.898995389718e-01
  7.874523085344e-01    8.796585361386e-03   6.157768852314e+00   6.898995389718e-01
 -4.916160374457e-04    1.903437453310e-04   2.022335156146e+01   5.250762838031e+00
  7.216218104223e-01    3.844097340688e-03   2.067535868007e+01   5.250762838031e+00
  1.241824892264e-02    3.818392259548e-05   1.530593152879e+01   5.250762838031e+00
  7.601739411118e-01    1.305017691238e-02   9.982406541676e+00  -5.168593336036e-01
  8.936786212335e-01    6.327185092653e-03   1.632047582688e+01  -5.168593336036e-01
  6.930669946968e-01    1.810802780839e-02   1.186989709070e+01  -5.168593336036e-01
  7.589616002146e-01    1.072926805493e-02   9.826828929948e+00   5.136291285115e+00
  2.924188506874e-03   -6.079104574742e-04   9.553672478974e+00   5.136291285115e+00
  1.268346688247e-02   -3.780360384420e-04   1.495056130583e+01   5.136291285115e+00
  7.627203404002e-01    1.314962273156e-02   9.970615357266e+00  -4.945481844937e-01
  6.917595841044e-01    1.818507102850e-02   1.172502397581e+01  -4.945481844937e-01
  7.865545141212e-01    1.029314718142e-02   6.097897268108e+00  -4.945481844937e-01
  2.484377930270e-03    3.407311514650e-04   1.025924015231e+01  -5.721419030964e+00
  6.918750549241e-01    1.670252731508e-02   1.165552626962e+01  -5.721419030964e+00
  5.649145133823e-03   -6.024692846217e-04   1.561629309129e+01  -5.721419030964e+00
  1.709673099560e-02   -1.107542810008e-03   1.565169444157e+01  -4.774655550406e+00
  6.858055157952e-01    1.690109593224e-02   1.161644740835e+01  -4.774655550406e+00
  8.994122905378e-01    5.685805876581e-03   1.624278458519e+01  -4.774655550406e+00
  7.872626312982e-01   -3.607035363364e-03   5.646360146122e+01   5.430407742750e+00
  1.643614023071e-03    5.266624066505e-04   5.592289391357e+01   5.430407742750e+00
  7.454662588109e-03   -6.435161621720e-04   6.181675521546e+01   5.430407742750e+00
  7.018459733329e-01   -8.232998148252e-03   5.563911771544e+01  -5.823904674447e-01
  7.817225218403e-01   -3.548238907258e-03   5.643043555652e+01  -5.823904674447e-01
  8.107148384771e-01    6.331900976087e-03   6.029588887828e+01  -5.823904674447e-01
  2.831895186458e-03    1.331318501146e-04   4.391745692283e+01  -5.512560814560e+00
  7.083012016250e-01   -1.661419391711e-02   4.555479050238e+01  -5.512560814560e+00
  7.716132303396e-03    1.209748825858e-04   5.002546824626e+01  -5.512560814560e+00
  7.801284188150e-01   -3.225942244478e-03   5.642563366335e+01  -8.058824445901e-01
  7.042588293584e-01   -8.197266240959e-03   5.552175429923e+01  -8.058824445901e-01
  8.935012204969e-01   -9.817277702042e-03   5.048948134595e+01  -8.058824445901e-01
  7.019408012481e-01   -9.249815233582e-03   5.567581066494e+01  -5.330827447246e+00
  2.378135400948e-03   -6.231818885154e-04   5.538461965382e+01  -5.330827447246e+00
  8.821173832168e-03   -2.135951948033e-04   5.024878163955e+01  -5.330827447246e+00
  7.535708106338e-03   -2.473008885907e-04   1.585532096823e+01  -5.711695577638e+00
  7.544094070801e-01   -3.724744777938e-03   2.127675524785e+01  -5.711695577638e+00
  8.531256645097e-04    2.629715217487e-05   2.220624148994e+01  -5.711695577638e+00
  1.195910105442e-03    2.548983714199e-04   5.584775658522e+01   5.423488534867e+00
  7.862472792871e-01   -3.034210029955e-03   5.658583067208e+01   5.423488534867e+00
  1.059645806293e-02    2.936560331064e-04   5.004911695845e+01   5.423488534867e+00
  7.238477835056e-01    3.623782363898e-03   2.049480986797e+01   4.559523855260e-01
  7.502119429807e-01   -3.861422172074e-03   2.108383685209e+01   4.559523855260e-01
  8.931769602204e-01    5.273292157588e-03   1.619121005787e+01   4.559523855260e-01
  2.709790449372e-02    1.894072852556e-05   1.524777684029e+01   3.694739549359e+00
  7.132257364457e-01    3.543486033466e-03   2.082904153492e+01   3.694739549359e+00
  9.110774781734e-01    5.944713708965e-03   1.627579500655e+01   3.694739549359e+00
  7.162910631164e-01    3.869063505290e-03   2.028640912628e+01   4.106180984623e+00
  1.991078250787e-02    8.699942486971e-04   2.564270626547e+01   4.106180984623e+00
  8.267396226515e-01    2.133447765013e-03   2.530633208183e+01   4.106180984623e+00
  7.166423568482e-01    9.067138856973e-04   2.893821461676e+01  -5.633809614161e+00
  7.150409226402e-01    7.774201037558e-03   3.493756611527e+01  -5.633809614161e+00
  1.079937824258e-02   -6.288214838347e-05   3.326999435899e+01  -5.633809614161e+00
  8.379140200362e-01    2.280244528598e-03   3.196291136942e+01   4.930316768503e+00
  1.201350258481e-02    5.853521639542e-04   2.590576848912e+01   4.930316768503e+00
  1.710542808887e-03   -2.577067639027e-04   3.209229014171e+01   4.930316768503e+00
  1.429531343220e-03   -1.222966805319e-04   2.223225037132e+01  -5.707077991269e+00
  7.522143368563e-01   -3.361200959037e-03   2.124619093706e+01  -5.707077991269e+00
  6.495092391128e-03    2.678839298261e-04   2.755638787592e+01  -5.707077991269e+00
  7.053512089507e-01   -1.769075697297e-02   4.581025948665e+01  -1.038059796531e+00
  7.984676719401e-01   -1.646940984284e-02   4.526176286884e+01  -1.038059796531e+00
  8.914355798801e-01   -1.005424119154e-02   5.046023049382e+01  -1.038059796531e+00
  2.270461241248e-02   -1.447101442540e-05   5.002236901014e+01  -4.479127556331e+00
  6.986348376616e-01   -1.667855926854e-02   4.548383846188e+01  -4.479127556331e+00
  9.058923809971e-01   -1.024001947774e-02   5.046973358404e+01  -4.479127556331e+00
  6.946475357026e-03    4.596137022813e-04   4.384174495199e+01  -5.593155912103e+00
  6.242202840684e-01   -9.863536438925e-03   4.066037366160e+01  -5.593155912103e+00
  7.043548622926e-01   -1.719327760359e-02   4.562106119673e+01  -5.593155912103e+00
  6.265872163722e-01   -8.570121582704e-03   4.071516523849e+01  -6.086806213443e+00
  1.992075322579e-03   -1.169314370722e-05   4.383177051004e+01  -6.086806213443e+00
  2.510476819458e-03    5.383263022585e-04   3.925391043473e+01  -6.086806213443e+00
  3.868976601566e-03   -2.692591261984e-04   3.324949471812e+01  -5.704353652886e+00
  7.214911114961e-01    7.908954569201e-03   3.494944144669e+01  -5.704353652886e+00
  4.321366395125e-03    2.257214519459e-04   3.924357517016e+01  -5.704353652886e+00
  7.188083485899e-01    8.991494215971e-03   3.504872948512e+01  -9.952197756396e-01
  8.275241254576e-01    2.731978821484e-03   3.173177636227e+01  -9.952197756396e-01
  8.327913789529e-01   -9.943292255794e-03   3.847549519996e+01  -9.952197756396e-01
  1.318320938756e-02   -8.422901897706e-04   3.834488335796e+01   4.931431967032e+00
  8.374265102660e-01    1.732225840893e-03   3.171908136863e+01   4.931431967032e+00
  1.570298685961e-03    1.195666801365e-05   3.223525387388e+01   4.931431967032e+00
  1.978083358493e-04    8.703043489472e-04   4.407590950143e+01   5.254676647963e+00
  8.034302601223e-01   -1.454478821215e-02   4.533192523706e+01   5.254676647963e+00
  1.128413752934e-02   -2.910835646672e-05   3.869462136843e+01   5.254676647963e+00
  7.142812176397e-01    8.317813181111e-03   3.498437676417e+01  -5.692098118879e+00
  6.195928687075e-01   -8.524906793544e-03   4.072331090525e+01  -5.692098118879e+00
  1.014351655556e-02    6.882832421460e-04   3.925893550417e+01  -5.692098118879e+00
  7.113993191679e-01    8.978778233511e-03   3.501343165879e+01  -1.825300827531e+00
  8.382437524516e-01   -1.057008811462e-02   3.845630685092e+01  -1.825300827531e+00
  6.221480689394e-01   -9.582872049251e-03   4.065209779023e+01  -1.825300827531e+00
  7.214001311699e-01    1.031163515018e-03   2.892774115060e+01  -5.631271305721e+00
  4.883316821872e-03    5.767716184669e-05   3.327768882575e+01  -5.631271305721e+00
  3.821013238998e-03    1.477692293757e-04   2.753387165502e+01  -5.631271305721e+00
  7.449105296575e-01   -3.360062947831e-03   2.123673230459e+01  -5.513086959888e+00
  7.108264273844e-01    6.961095140405e-04   2.888548532867e+01  -5.513086959888e+00
  1.311655012901e-02    3.910631259574e-04   2.755415332090e+01  -5.513086959888e+00
  8.272478577058e-01    2.522114778699e-03   3.201663030855e+01  -1.001864509451e+00
  7.210211192340e-01    1.917226601155e-04   2.886093427619e+01  -1.001864509451e+00
  8.197364145393e-01    1.301865381271e-03   2.539553319002e+01  -1.001864509451e+00
