
 -1.845138383955e-03    2.254418986147e-03  -2.234399729633e+02   1.273249790867e+01
 -5.754926904549e-01    2.077569665772e-03  -2.252012940499e+02   1.273249790867e+01
  3.230703916140e-04   -9.305578194152e-04  -2.240924036089e+02   1.273249790867e+01
 -6.998879434297e-01    9.673707192754e-02  -2.062755027001e+02   2.326590542832e+01
  4.815630813934e-04    5.714008638257e-05  -2.150151317091e+02   2.326590542832e+01
 -1.932860077063e-03   -6.124445191826e-05  -2.059320064390e+02   2.326590542832e+01
 -5.749966511695e-01   -1.236058907199e-03  -2.252141267555e+02   1.349032715076e+01
 -9.404909435218e-01    2.037580637572e-01  -2.248771265348e+02   1.349032715076e+01
 -1.005451160915e+00    2.804684527698e-03  -2.284236563602e+02   1.349032715076e+01
 -9.442420597475e-01    2.018750008818e-01  -2.248192109019e+02   1.274223252329e+01
 -5.718941225715e-01    6.137644232477e-04  -2.253052201154e+02   1.274223252329e+01
 -4.406226223260e-01    8.038441094217e-02  -2.228557120235e+02   1.274223252329e+01
 -1.168646789287e+00    2.527354915678e-01  -2.301377922441e+02   8.981393886476e+00
 -1.005886521929e+00    2.848660644849e-03  -2.285435241452e+02   8.981393886476e+00
 -9.409933653353e-01    2.053309422420e-01  -2.248064540356e+02   8.981393886476e+00
 -1.447752695291e+00   -1.476495870195e-02  -1.131590998462e+01   9.600203150943e+00
 -1.950469879419e-02    1.181829486259e-03  -7.181970320369e+00   9.600203150943e+00
 -1.056480272439e+00    1.492454522122e-02   5.465324174641e-02   9.600203150943e+00
 -4.417123273027e-01    7.916128264454e-02  -2.228401685368e+02   1.216468675577e+01
 -9.043213741521e-01    2.194044444038e-01  -2.204171151869e+02   1.216468675577e+01
 -9.441770169715e-01    2.030713889596e-01  -2.247937544735e+02   1.216468675577e+01
 -1.389322538753e+00   -1.295752166200e-02  -1.253652906723e+02   5.508142997031e+00
 -7.372956741860e-01   -2.818228964160e-02  -1.255517859614e+02   5.508142997031e+00
 -1.190386290566e+00   -2.304502620563e-02  -1.204298511274e+02   5.508142997031e+00
 -5.464609989617e-01    1.064840771564e-01  -2.169177593277e+02   1.166383578683e+01
 -7.004256410464e-01    9.717009092300e-02  -2.062682335648e+02   1.166383578683e+01
 -1.023887571136e+00    2.412431900807e-01  -2.143091460794e+02   1.166383578683e+01
 -1.995307618497e-03   -4.358436413931e-04  -2.209377404551e+02   1.674308234825e+01
 -5.446984238391e-01    1.059361992966e-01  -2.169544178805e+02   1.674308234825e+01
 -4.402682633216e-01    7.974869894352e-02  -2.228978836617e+02   1.674308234825e+01
 -9.056200273821e-01    2.195468591835e-01  -2.203978118894e+02   5.828385570388e+00
 -1.022141489397e+00    2.425348513503e-01  -2.143186612851e+02   5.828385570388e+00
 -1.109959493133e+00    3.298763190265e-01  -2.228001362434e+02   5.828385570388e+00
 -1.021962971141e+00    2.414421894539e-01  -2.143225841842e+02   1.242290200279e+01
 -9.055733033804e-01    2.197348141891e-01  -2.204059610389e+02   1.242290200279e+01
 -5.485521212543e-01    1.063100153701e-01  -2.168840848438e+02   1.242290200279e+01
 -1.181527097446e+00    3.646559159563e-01  -2.167290412918e+02   3.574030722670e+00
 -1.106877566121e+00    3.300910942858e-01  -2.228684611040e+02   3.574030722670e+00
 -1.026038901401e+00    2.424996800035e-01  -2.142555941047e+02   3.574030722670e+00
 -9.054024308664e-01    2.198205047185e-01  -2.204018798936e+02   7.480477255085e+00
 -1.110118669398e+00    3.292269419098e-01  -2.228002068564e+02   7.480477255085e+00
 -9.423103464434e-01    2.036403993891e-01  -2.248342384199e+02   7.480477255085e+00
 -1.182763606115e+00    3.649249400316e-01  -2.166924456530e+02   7.048476426434e-01
 -1.024800075151e+00    2.422975901333e-01  -2.142875626083e+02   7.048476426434e-01
 -1.269042202857e+00    2.672304327113e-01  -2.063434295202e+02   7.048476426434e-01
 -5.463779462053e-01    1.067774278750e-01  -2.169391170299e+02   1.200633350954e+01
 -9.068956699886e-01    2.192491184829e-01  -2.203771755943e+02   1.200633350954e+01
 -4.390812600760e-01    7.921688181213e-02  -2.229087081171e+02   1.200633350954e+01
 -2.107719110326e-03    5.656586565995e-04  -1.789891093312e+02   2.537267099287e+01
 -1.091821398620e-03   -1.004057777220e-03  -1.535162690813e+02   2.537267099287e+01
 -7.637485574378e-01   -4.034003498403e-02  -1.729926819818e+02   2.537267099287e+01
 -1.165552576861e+00    2.532420998301e-01  -2.301209701292e+02   7.513093839900e+00
 -9.442641640646e-01    2.041659543071e-01  -2.247892586795e+02   7.513093839900e+00
 -1.107769689648e+00    3.293177817211e-01  -2.228291300842e+02   7.513093839900e+00
 -1.295360940666e+00    5.596584700995e-03  -2.342133079907e+02   5.045638762542e+00
 -1.161951242537e+00    2.509310519452e-01  -2.301087848104e+02   5.045638762542e+00
 -1.195243512657e+00    1.115786545668e-01  -2.353584938245e+02   5.045638762542e+00
 -1.292119442251e+00    1.605780711656e-03  -2.341434309928e+02   1.124723294661e+01
 -1.008767854362e+00    1.552421283817e-03  -2.285215722538e+02   1.124723294661e+01
 -1.165149289349e+00    2.529607059960e-01  -2.301693699487e+02   1.124723294661e+01
 -1.296927135652e+00    5.384096444771e-03  -2.342762040344e+02   5.275076019535e+00
 -1.194230800333e+00    1.104396669320e-01  -2.353471406585e+02   5.275076019535e+00
 -1.435908612156e+00   -1.799734352160e-03  -2.384820557810e+02   5.275076019535e+00
 -1.189620423181e+00    1.067595361584e-01  -2.353538015989e+02   2.622574578126e+00
 -1.168538684008e+00    2.544845863161e-01  -2.300969289038e+02   2.622574578126e+00
 -9.603006981519e-01    2.309738884303e-01  -2.324648679283e+02   2.622574578126e+00
 -9.153924877300e-01   -1.807794844095e-02  -2.350841948049e+02  -5.882206473408e-01
 -1.192581500630e+00    1.070301515708e-01  -2.352564249334e+02  -5.882206473408e-01
 -9.555170121204e-01    2.293174582521e-01  -2.325382330512e+02  -5.882206473408e-01
 -1.191248316225e+00    1.032722617903e-01  -2.353155658276e+02   1.708118357315e+00
 -1.209093930212e+00   -1.320602797500e-01  -2.351769718821e+02   1.708118357315e+00
 -1.437276634295e+00    4.705332286104e-03  -2.384688311831e+02   1.708118357315e+00
 -1.168530233177e+00    2.536178256613e-01  -2.300777733128e+02  -9.207979886415e-01
 -1.048320118867e+00    3.636549829997e-01  -2.259810481004e+02  -9.207979886415e-01
 -9.602908218173e-01    2.326113574594e-01  -2.324761558822e+02  -9.207979886415e-01
 -8.063985839980e-01    1.146558705944e-02  -1.207310348449e+02  -1.033031096056e+01
 -1.113580863748e+00    1.535662002111e-02  -1.134435750207e+02  -1.033031096056e+01
 -1.246748984881e-02    1.239839469457e-03  -1.122601154060e+02  -1.033031096056e+01
 -7.427764420113e-01    2.941452928167e-01  -2.289795817371e+02  -1.125656253365e+01
 -1.052393592463e+00    3.652218291918e-01  -2.259904206314e+02  -1.125656253365e+01
 -8.878543152761e-01    3.295564979447e-01  -2.198627618307e+02  -1.125656253365e+01
 -1.052958841440e+00    3.640836341615e-01  -2.259267535488e+02   1.527050009507e+00
 -1.163353847378e+00    2.526785228017e-01  -2.301604142542e+02   1.527050009507e+00
 -1.110047119892e+00    3.304198557971e-01  -2.227986032783e+02   1.527050009507e+00
 -3.280620301603e-01    9.196347842211e-02  -2.368596838153e+02  -1.199699827676e+01
 -6.367277806530e-01    1.679483527758e-01  -2.350670227901e+02  -1.199699827676e+01
 -3.856480537102e-01    1.711380498407e-01  -2.314774515088e+02  -1.199699827676e+01
 -6.362102967228e-01    1.672125697383e-01  -2.349976496416e+02  -8.122010346373e+00
 -9.568205949823e-01    2.308212905491e-01  -2.325605427571e+02  -8.122010346373e+00
 -7.397147586227e-01    2.939737958465e-01  -2.290932061293e+02  -8.122010346373e+00
 -7.412419270607e-01    2.937362589166e-01  -2.290305310925e+02  -1.345897009831e+01
 -3.876909994811e-01    1.714646653566e-01  -2.314450376106e+02  -1.345897009831e+01
 -6.349854321838e-01    1.678228831420e-01  -2.350910880701e+02  -1.345897009831e+01
 -6.362897460454e-01    1.667751903826e-01  -2.350230289821e+02  -1.817451694397e+00
 -9.132784502469e-01   -1.928753990494e-02  -2.351603088725e+02  -1.817451694397e+00
 -9.564348173598e-01    2.304265123673e-01  -2.325331654396e+02  -1.817451694397e+00
 -1.180923673913e+00    3.659592380130e-01  -2.167230058036e+02  -8.100036628355e+00
 -8.914018583290e-01    3.295586047063e-01  -2.197950922835e+02  -8.100036628355e+00
 -1.049344620121e+00    3.651985522981e-01  -2.260602352349e+02  -8.100036628355e+00
 -7.423896559506e-01    2.939530831999e-01  -2.290406457073e+02  -5.127128440838e+00
 -9.548461979748e-01    2.311945454269e-01  -2.326084953078e+02  -5.127128440838e+00
 -1.052044696348e+00    3.648911961902e-01  -2.259293688355e+02  -5.127128440838e+00
 -1.176750534988e+00    3.653214868422e-01  -2.167963527754e+02  -2.172251429307e+00
 -1.053244264057e+00    3.650637322311e-01  -2.259163095799e+02  -2.172251429307e+00
 -1.110453496561e+00    3.299528446553e-01  -2.227934947902e+02  -2.172251429307e+00
 -6.352259516706e-01    1.664582378651e-01  -2.350288118272e+02  -4.954923192595e+00
 -3.288342659161e-01    9.299527905195e-02  -2.369055636735e+02  -4.954923192595e+00
 -6.014410847609e-01   -1.419656934931e-02  -2.371579973380e+02  -4.954923192595e+00
 -1.275977608430e+00    2.663140003043e-01  -2.062475776462e+02   8.359399587395e+00
 -1.019214363106e+00    2.420850440354e-01  -2.144090761970e+02   8.359399587395e+00
 -7.087934556254e-01    9.682014169632e-02  -2.061483884121e+02   8.359399587395e+00
 -1.435961753964e+00   -1.510989046857e-02  -1.137179560200e+01   3.814063630401e+00
 -1.061516491473e+00    1.475668546457e-02  -1.849655307397e-02   3.814063630401e+00
 -1.439544261722e+00   -2.890286836178e-03  -1.430963028238e-01   3.814063630401e+00
 -1.297127516032e+00    1.372956791770e-01  -1.947666538195e+02   7.971646492763e+00
 -7.575431621658e-01    3.900205650840e-02  -1.906534889857e+02   7.971646492763e+00
 -1.288832276838e+00    4.406848951974e-03  -1.819538689352e+02   7.971646492763e+00
 -1.294344453229e+00    1.405031841473e-01  -1.948283669351e+02   6.059060123670e+00
 -1.277613483980e+00    2.652782520792e-01  -2.062057966194e+02   6.059060123670e+00
 -7.079928325279e-01    9.836180175744e-02  -2.061695913658e+02   6.059060123670e+00
 -1.181402434129e+00    3.663963399091e-01  -2.168110496954e+02  -1.254370995286e+01
 -1.032447957868e+00    2.738351297937e-01  -2.084729779963e+02  -1.254370995286e+01
 -8.915509148996e-01    3.292684811455e-01  -2.197107170587e+02  -1.254370995286e+01
 -1.036162452263e+00    2.737269716376e-01  -2.083964691436e+02  -9.055700423152e+00
 -1.178116923962e+00    3.660921791780e-01  -2.168916752632e+02  -9.055700423152e+00
 -1.273908366944e+00    2.674026424588e-01  -2.062457958613e+02  -9.055700423152e+00
 -1.135429430109e+00    1.545128064702e-01  -1.956990325730e+02  -1.220875710298e+01
 -1.036067850957e+00    2.727414421604e-01  -2.082901528369e+02  -1.220875710298e+01
 -1.274700789749e+00    2.685715997830e-01  -2.063535938710e+02  -1.220875710298e+01
 -5.470952910464e-01    1.661374148527e-01  -2.103028419957e+02  -2.627527458067e+01
 -8.902144246697e-01    3.293547468859e-01  -2.198817309468e+02  -2.627527458067e+01
 -1.033893415303e+00    2.734179515663e-01  -2.083506479447e+02  -2.627527458067e+01
 -1.271712875394e+00    2.685221585170e-01  -2.064368254650e+02  -8.105269794680e+00
 -1.299974524743e+00    1.382227560977e-01  -1.947153635058e+02  -8.105269794680e+00
 -1.138589655487e+00    1.539412914904e-01  -1.956205774635e+02  -8.105269794680e+00
 -1.298787715990e+00    1.393090963436e-01  -1.947717807707e+02   1.099579389660e+01
 -7.021638876189e-01    9.921328353996e-02  -2.062774190922e+02   1.099579389660e+01
 -7.547634862130e-01    3.735513031493e-02  -1.906612138437e+02   1.099579389660e+01
 -1.179206618604e+00    5.001793421435e-03  -1.821776483772e+02  -1.091824784784e+01
 -1.137673310626e+00    1.522831863567e-01  -1.954965232029e+02  -1.091824784784e+01
 -1.301530750897e+00    1.398457099033e-01  -1.948354369765e+02  -1.091824784784e+01
 -2.192185887541e-03    1.242667177875e-03  -1.819822341858e+02  -4.699585700004e+01
 -6.555135628346e-01   -8.169992428615e-05  -1.821340514010e+02  -4.699585700004e+01
 -2.059186480301e-03   -2.867335238433e-03  -1.675411742872e+02  -4.699585700004e+01
 -1.140208629023e+00    1.531016294282e-01  -1.956655892660e+02  -2.956593396826e+01
 -6.529500675151e-01    2.072629325143e-03  -1.821541895536e+02  -2.956593396826e+01
 -6.138606541240e-01    9.942615443355e-02  -1.965216017803e+02  -2.956593396826e+01
 -6.562854281402e-01    1.912042993212e-03  -1.821453054273e+02  -2.967516752446e+01
 -1.137366604580e+00    1.527143016031e-01  -1.956819381267e+02  -2.967516752446e+01
 -1.176628549181e+00    3.227728337293e-03  -1.819995266381e+02  -2.967516752446e+01
 -6.139866446064e-01    9.831239380605e-02  -1.966257828152e+02  -5.049551350760e+01
 -6.519096268889e-01    4.217850920420e-03  -1.819724808984e+02  -5.049551350760e+01
 -4.728102986363e-03    2.868059882938e-03  -1.966505359278e+02  -5.049551350760e+01
 -1.137203066055e+00    1.536321798500e-01  -1.955546897820e+02  -2.896845278072e+01
 -6.162585750044e-01    9.932152181452e-02  -1.966459370472e+02  -2.896845278072e+01
 -1.034297182753e+00    2.727651252586e-01  -2.084767880312e+02  -2.896845278072e+01
 -1.135067229130e+00   -1.443928678456e-01  -1.684016391697e+02  -2.954143919380e+01
 -6.560934519311e-01    2.406627369207e-03  -1.819643153486e+02  -2.954143919380e+01
 -1.176697885940e+00    2.151052063714e-03  -1.820466437101e+02  -2.954143919380e+01
 -1.183199706694e+00    4.287509398495e-03  -1.821248116952e+02  -7.290108391373e+00
 -1.297959858388e+00    1.402236198612e-01  -1.949050392422e+02  -7.290108391373e+00
 -1.288385823899e+00    2.090441510055e-03  -1.818823872117e+02  -7.290108391373e+00
 -7.544047192225e-01    4.024151762114e-02  -1.906796103645e+02   1.148951396486e+01
 -7.598946636033e-01   -4.048895390529e-02  -1.729700153358e+02   1.148951396486e+01
 -1.292078779611e+00    2.977581039966e-03  -1.819301841965e+02   1.148951396486e+01
 -5.445260934117e-01    1.656991788262e-01  -2.101943276716e+02  -2.804113330306e+01
 -1.037039740419e+00    2.734171055557e-01  -2.084509694158e+02  -2.804113330306e+01
 -6.130134723566e-01    9.904711323923e-02  -1.966740436037e+02  -2.804113330306e+01
 -9.010680070223e-05    3.964592504500e-04  -2.314002192033e+02  -2.707838622847e+01
 -3.901429646717e-01    1.724241012259e-01  -2.314985203565e+02  -2.707838622847e+01
 -2.857062491661e-03    1.596714999349e-03  -2.225715282889e+02  -2.707838622847e+01
 -3.864893739693e-01    1.704956310969e-01  -2.313861004961e+02  -1.930532777803e+01
 -7.434783513474e-01    2.949288742040e-01  -2.290914428763e+02  -1.930532777803e+01
 -4.664682689000e-01    1.948437695239e-01  -2.222466728889e+02  -1.930532777803e+01
 -6.422395556103e-01    8.637857291801e-02  -1.383821039603e+02  -1.603291817986e+01
 -2.755719595744e-04   -1.042961055026e-03  -1.304578746809e+02  -1.603291817986e+01
 -1.870356532383e-03    3.361864743106e-04  -1.383977334457e+02  -1.603291817986e+01
 -2.513876869231e-03    3.619905411898e-03  -2.377142741961e+02  -8.701089224917e+00
 -3.110163537598e-01   -6.795635730594e-03  -2.389354096605e+02  -8.701089224917e+00
 -3.272779490062e-01    9.073923544026e-02  -2.368794812307e+02  -8.701089224917e+00
 -1.677725467361e-03    1.439156272894e-03  -2.314839942701e+02  -2.193620199793e+01
  8.064009425713e-04   -1.027550684034e-03  -2.376525114016e+02  -2.193620199793e+01
 -3.869884806695e-01    1.703386693622e-01  -2.314137845424e+02  -2.193620199793e+01
 -7.239406457327e-01   -1.408918480110e-01  -2.148553201842e+02  -1.682393468572e+01
 -3.178096863154e-03    5.689952578334e-04  -2.194392532508e+02  -1.682393468572e+01
 -5.763134392060e-01   -1.031401968984e-01  -2.204232246788e+02  -1.682393468572e+01
 -3.880436348139e-01    1.714046257492e-01  -2.315103700184e+02  -3.350853882452e+01
 -4.658755295967e-01    1.941138985757e-01  -2.221479940194e+02  -3.350853882452e+01
 -4.925391187579e-03    2.728307690583e-03  -2.225320173229e+02  -3.350853882452e+01
 -9.000734826524e-04   -1.919643791331e-04  -2.376377391402e+02  -1.730774894884e+01
 -3.284006831166e-01    9.280089794548e-02  -2.368970323291e+02  -1.730774894884e+01
 -3.847750126439e-01    1.695133184095e-01  -2.314274285880e+02  -1.730774894884e+01
 -3.446758818091e-03   -4.296052656411e-04  -1.968337896055e+02  -4.377909169686e+01
 -5.893187101741e-04    2.714062219065e-03  -2.105213090474e+02  -4.377909169686e+01
 -6.146214446536e-01    1.013825439520e-01  -1.965146565922e+02  -4.377909169686e+01
 -1.366978081629e-03    2.533499286115e-03  -1.966305820897e+02  -4.697743264254e+01
 -6.554375592460e-01    4.200456399168e-03  -1.819726821320e+02  -4.697743264254e+01
 -2.361760132097e-03   -1.083280346164e-03  -1.821437929283e+02  -4.697743264254e+01
 -9.674418899533e-01   -5.328111166306e-02  -1.893861482821e+02  -1.971276783305e+01
 -7.555916960598e-03   -1.090003735390e-03  -2.043109145584e+02  -1.971276783305e+01
 -8.601586047380e-01   -1.267407270447e-01  -2.040650099306e+02  -1.971276783305e+01
 -6.550074695443e-04    1.394470930087e-03  -2.223673805266e+02  -3.555907472144e+01
 -4.702260260893e-01    1.949007371237e-01  -2.222613379748e+02  -3.555907472144e+01
 -4.035856511006e-03    5.117122824523e-04  -2.108239338558e+02  -3.555907472144e+01
 -4.121603994675e-03    3.951961801367e-03  -2.105352711515e+02  -4.574615313049e+01
 -5.445855528432e-01    1.644656120717e-01  -2.102900549810e+02  -4.574615313049e+01
 -6.113472595870e-01    1.007389468787e-01  -1.965185772721e+02  -4.574615313049e+01
 -7.544266236540e-01    3.796235887437e-02  -1.906753642761e+02   2.321519370722e+01
 -7.324166244033e-03   -9.720591024831e-04  -1.790636359288e+02   2.321519370722e+01
 -7.591045062313e-01   -3.870584903274e-02  -1.729722467153e+02   2.321519370722e+01
 -5.475217000743e-01    1.056618905150e-01  -2.169169757350e+02   1.821564782231e+01
  4.326211955109e-04   -2.737045336394e-04  -2.209863973485e+02   1.821564782231e+01
 -2.119821060653e-03    7.595335190249e-05  -2.150174135553e+02   1.821564782231e+01
 -7.358673156896e-03    1.808955130365e-03  -2.107873210395e+02  -4.153017331177e+01
 -4.675956302764e-01    1.938794325709e-01  -2.222773949330e+02  -4.153017331177e+01
 -5.427231036188e-01    1.655441855518e-01  -2.102070872851e+02  -4.153017331177e+01
 -4.662051999965e-01    1.944007629225e-01  -2.221407468534e+02  -2.461027994754e+01
 -8.925399705503e-01    3.299629699535e-01  -2.198572518971e+02  -2.461027994754e+01
 -5.442064063421e-01    1.655917665300e-01  -2.103296542839e+02  -2.461027994754e+01
 -7.027804851998e-01    9.640039463953e-02  -2.063049309167e+02   2.324859811650e+01
 -7.293047405937e-03   -1.568448313303e-03  -1.935652619349e+02   2.324859811650e+01
 -7.527317611747e-01    3.900631069820e-02  -1.906598575196e+02   2.324859811650e+01
 -1.183143378511e+00    1.114035354124e-03  -1.819209188778e+02  -7.150222224794e+00
 -1.288401348404e+00    3.725944525332e-03  -1.819753911606e+02  -7.150222224794e+00
 -1.298525895938e+00   -1.304198118611e-01  -1.689968192825e+02  -7.150222224794e+00
 -4.686510468957e-01    1.953077374263e-01  -2.222225963192e+02  -2.087470188779e+01
 -7.415764267813e-01    2.945680602657e-01  -2.291137434449e+02  -2.087470188779e+01
 -8.893078589672e-01    3.292402510861e-01  -2.197727927990e+02  -2.087470188779e+01
  2.117900144253e-04    4.861335069179e-04  -2.059208330120e+02   2.347542845223e+01
 -4.302824746935e-03   -1.120930982111e-03  -1.935930731140e+02   2.347542845223e+01
 -7.052190948453e-01    9.563591903208e-02  -2.062884168663e+02   2.347542845223e+01
 -3.126863061686e-01   -6.581685415645e-03  -2.389260424444e+02  -2.596782777708e+00
 -9.307523904614e-04    2.986843343059e-03  -2.377419626908e+02  -2.596782777708e+00
 -3.987248763679e-04   -1.247781776297e-03  -2.390620218624e+02  -2.596782777708e+00
 -1.223959491148e+00   -3.028101140272e-01  -2.293237667979e+02  -2.019600659861e+00
 -1.206917446209e+00   -1.371869067794e-01  -2.351419034538e+02  -2.019600659861e+00
 -9.845719380298e-01   -2.728097563320e-01  -2.319967051038e+02  -2.019600659861e+00
 -1.209125036053e+00   -1.332431235520e-01  -2.351558665580e+02  -2.611291124586e+00
 -1.437159590893e+00   -4.325358702960e-03  -2.372262997978e+02  -2.611291124586e+00
 -1.437973445182e+00    5.504782392172e-03  -2.385324687120e+02  -2.611291124586e+00
 -1.434847546215e+00    1.080247709718e-03  -2.371747799688e+02  -9.017941498802e+00
 -1.215033797106e+00   -2.998494068515e-01  -2.294125730202e+02  -9.017941498802e+00
 -1.294900233170e+00   -2.591455957402e-03  -2.314023111694e+02  -9.017941498802e+00
 -1.216354412495e+00   -2.992422753724e-01  -2.293923820817e+02  -2.913369947468e+00
 -1.433631670963e+00   -2.503793871613e-04  -2.371895647481e+02  -2.913369947468e+00
 -1.211101748496e+00   -1.398677346514e-01  -2.351286531433e+02  -2.913369947468e+00
 -1.291665897429e+00   -1.500951576820e-03  -2.314134817084e+02  -1.219575809295e+01
 -1.221856207678e+00   -3.019272735801e-01  -2.293831348102e+02  -1.219575809295e+01
 -1.009802075075e+00   -1.398182631783e-03  -2.255406760855e+02  -1.219575809295e+01
 -8.280307449947e-03    4.076174531899e-04  -7.209539084327e+00   1.038434911723e+01
  7.882900262868e-05   -2.197261543436e-04  -4.124356225956e-02   1.038434911723e+01
 -1.064831445634e+00    1.486649078804e-02   2.163043724396e-02   1.038434911723e+01
 -1.210102619475e+00   -1.377566925094e-01  -2.350557085328e+02   1.060596499046e+00
 -9.154394411634e-01   -2.154003774035e-02  -2.350892904573e+02   1.060596499046e+00
 -9.796766295809e-01   -2.710806217587e-01  -2.320715770381e+02   1.060596499046e+00
 -1.209110623656e+00   -1.379578770472e-01  -2.351436287717e+02   2.468897020955e-01
 -1.191482963867e+00    1.074535662866e-01  -2.353274747370e+02   2.468897020955e-01
 -9.173739067428e-01   -1.989356143198e-02  -2.350216246704e+02   2.468897020955e-01
 -6.491197690693e-01   -1.982104301303e-01  -2.347583890917e+02   2.882878783671e+00
 -9.805349798212e-01   -2.721187648451e-01  -2.320729398287e+02   2.882878783671e+00
 -9.133696023140e-01   -2.036357496594e-02  -2.351617974538e+02   2.882878783671e+00
 -7.659504571813e-01   -3.229201705942e-01  -2.284116263750e+02   1.520429159209e+01
 -6.479498437331e-01   -1.992439647764e-01  -2.348335103922e+02   1.520429159209e+01
 -3.955474968011e-01   -1.821362128356e-01  -2.307554336768e+02   1.520429159209e+01
 -9.790725849158e-01   -2.730330028539e-01  -2.321514761499e+02   6.370651939954e+00
 -7.672061112445e-01   -3.233711476245e-01  -2.284291712049e+02   6.370651939954e+00
 -1.099884391085e+00   -4.091865714943e-01  -2.250848247778e+02   6.370651939954e+00
 -7.645244539605e-01   -3.233045968380e-01  -2.284799420371e+02   9.131315838792e+00
 -9.810391616547e-01   -2.727293871663e-01  -2.321040120779e+02   9.131315838792e+00
 -6.489637640551e-01   -1.984823794160e-01  -2.347315978839e+02   9.131315838792e+00
 -1.251760126900e+00   -4.077115553369e-01  -2.156398512016e+02   9.496283754607e+00
 -1.097217009073e+00   -4.095158264365e-01  -2.252167639832e+02   9.496283754607e+00
 -9.286110118722e-01   -3.577195277186e-01  -2.190375324146e+02   9.496283754607e+00
 -9.844672779669e-01   -2.742985382284e-01  -2.320178789043e+02   1.744131618757e+00
 -1.096254146529e+00   -4.081010226286e-01  -2.251328581365e+02   1.744131618757e+00
 -1.224058316031e+00   -3.019514954222e-01  -2.292866747869e+02   1.744131618757e+00
 -6.478933343304e-01   -1.977748148461e-01  -2.347704926852e+02   6.249418018383e+00
 -6.015340167824e-01   -1.636874291975e-02  -2.371547931586e+02   6.249418018383e+00
 -3.347796530362e-01   -1.111934370302e-01  -2.368148095454e+02   6.249418018383e+00
 -6.470163417750e-01   -1.981079430030e-01  -2.348061984311e+02   3.543388879983e+00
 -9.154260530833e-01   -2.014183053482e-02  -2.351124417833e+02   3.543388879983e+00
 -6.021906303221e-01   -1.553542374243e-02  -2.370828884178e+02   3.543388879983e+00
 -9.153386441043e-01   -1.963987942513e-02  -2.351128564134e+02  -2.642508238630e+00
 -6.342023435593e-01    1.667712462827e-01  -2.350687039606e+02  -2.642508238630e+00
 -6.022323555289e-01   -1.502350358946e-02  -2.370827470680e+02  -2.642508238630e+00
 -1.218848736689e+00   -3.009958594207e-01  -2.293547671847e+02  -6.010061279828e-01
 -1.100922535793e+00   -4.085718661137e-01  -2.250861186847e+02  -6.010061279828e-01
 -1.188710389373e+00   -3.793977473842e-01  -2.214786878336e+02  -6.010061279828e-01
 -1.005352281438e+00   -3.333715090417e-03  -2.254830959162e+02  -1.417208272506e+01
 -1.032578784067e+00   -2.399730215596e-01  -2.229762472229e+02  -1.417208272506e+01
 -5.756219174370e-01    2.208665673200e-03  -2.221809531114e+02  -1.417208272506e+01
 -1.007566146350e+00   -2.804284192912e-03  -2.255718969969e+02  -8.839722381459e+00
 -1.224778808181e+00   -3.012816766368e-01  -2.293269162313e+02  -8.839722381459e+00
 -1.031313036425e+00   -2.425643684474e-01  -2.229207347695e+02  -8.839722381459e+00
 -5.743748226371e-01   -1.995255364876e-03  -2.221703972799e+02  -1.463298508303e+01
 -5.745794081630e-01   -1.020666953981e-01  -2.204346073055e+02  -1.463298508303e+01
  5.428005341685e-04    2.688211271781e-03  -2.222747289303e+02  -1.463298508303e+01
 -5.774234561678e-01   -1.057201756526e-01  -2.203820579175e+02  -1.187731984927e+01
 -5.729233347991e-01    9.597864597517e-04  -2.222566530455e+02  -1.187731984927e+01
 -1.035925774757e+00   -2.385935787249e-01  -2.229209716589e+02  -1.187731984927e+01
 -7.314187665407e-01   -1.405521344347e-01  -2.148287566948e+02  -1.825529370930e+01
 -6.535793079362e-03    1.305676515285e-04  -2.044740297962e+02  -1.825529370930e+01
  1.650486607530e-03    1.526529442044e-04  -2.195529843364e+02  -1.825529370930e+01
 -4.358760379945e-03    4.319247940214e-04  -1.122392535144e+02  -1.157401877991e+01
 -2.722510830464e-04   -3.457863850667e-04  -1.203400054909e+02  -1.157401877991e+01
 -8.108494079429e-01    1.162224815621e-02  -1.207252062469e+02  -1.157401877991e+01
 -1.035406979185e+00   -2.403441009749e-01  -2.229014240794e+02  -1.151421312464e+01
 -1.018533057612e+00   -2.614222413518e-01  -2.185113756858e+02  -1.151421312464e+01
 -5.787826936259e-01   -1.040246422342e-01  -2.203641860452e+02  -1.151421312464e+01
 -7.001193389067e-01   -2.645244293520e-02  -1.215682406248e+02   1.166612536804e+01
  2.220502023681e-04    5.015732993403e-04  -1.207830080447e+02   1.166612536804e+01
 -3.866562900186e-03   -3.551412164948e-04  -1.131509196219e+02   1.166612536804e+01
 -1.185462921144e+00   -3.790113547404e-01  -2.215463766557e+02  -2.230547614560e+00
 -1.252450943181e+00   -4.064874664305e-01  -2.156463857726e+02  -2.230547614560e+00
 -1.145821316260e+00   -2.854262696604e-01  -2.126394660227e+02  -2.230547614560e+00
 -1.247623258182e+00   -4.070674674154e-01  -2.157109265060e+02   3.232229938008e+00
 -1.189185720277e+00   -3.789596142314e-01  -2.214752698093e+02   3.232229938008e+00
 -1.101069404785e+00   -4.094266662817e-01  -2.250760867046e+02   3.232229938008e+00
 -1.019772287272e+00   -2.618254178076e-01  -2.184968343370e+02  -1.075486488730e+01
 -1.142131808804e+00   -2.844223430200e-01  -2.127155365931e+02  -1.075486488730e+01
 -7.248770531411e-01   -1.413397931998e-01  -2.148022059115e+02  -1.075486488730e+01
 -1.142155687765e+00   -2.854668988418e-01  -2.127039038905e+02  -4.790656185678e+00
 -1.019978782142e+00   -2.616552681627e-01  -2.184958561722e+02  -4.790656185678e+00
 -1.188333988846e+00   -3.787950716009e-01  -2.214785415556e+02  -4.790656185678e+00
 -7.230607689096e-01   -1.417243099667e-01  -2.148517978119e+02  -1.013749285488e+01
 -1.144113595288e+00   -2.841396474287e-01  -2.127017277352e+02  -1.013749285488e+01
 -8.608721034343e-01   -1.281128693979e-01  -2.040687175538e+02  -1.013749285488e+01
 -1.020958823372e+00   -2.614462939320e-01  -2.184660426558e+02  -1.085320098037e+01
 -7.233521346597e-01   -1.416934020088e-01  -2.148488925998e+02  -1.085320098037e+01
 -5.760194411902e-01   -1.035137462740e-01  -2.204349268243e+02  -1.085320098037e+01
 -1.253586980818e+00   -4.066829547027e-01  -2.156091688669e+02   6.799396149397e-01
 -1.362562364882e+00   -3.022944920904e-01  -2.051594071487e+02   6.799396149397e-01
 -1.144662697245e+00   -2.852969156998e-01  -2.126726067242e+02   6.799396149397e-01
 -1.188741672986e+00   -3.783537395254e-01  -2.214854663197e+02  -6.639164249928e+00
 -1.019549679311e+00   -2.617790029304e-01  -2.184945896492e+02  -6.639164249928e+00
 -1.033320516268e+00   -2.411719520600e-01  -2.229520001736e+02  -6.639164249928e+00
 -1.220934632361e+00   -3.014894277286e-01  -2.293091165401e+02  -6.983383009154e+00
 -1.186568810221e+00   -3.784713391932e-01  -2.215135941981e+02  -6.983383009154e+00
 -1.034950956282e+00   -2.416870751789e-01  -2.229096730421e+02  -6.983383009154e+00
 -7.278934372382e-01   -1.412357426042e-01  -2.148782908614e+02  -2.093769036908e+01
 -8.565833666931e-01   -1.277477228861e-01  -2.040497923672e+02  -2.093769036908e+01
 -1.184921039959e-02    7.911294732874e-04  -2.043707430413e+02  -2.093769036908e+01
 -1.100316809765e+00   -4.095930258602e-01  -2.251482383232e+02   1.251634777037e+01
 -7.674563939547e-01   -3.234112833505e-01  -2.283654477586e+02   1.251634777037e+01
 -9.250356250264e-01   -3.576511546182e-01  -2.191024428637e+02   1.251634777037e+01
 -2.252264727099e-02   -6.020789896704e-04  -1.882562588377e+01   1.005947560743e+01
 -1.455352615229e+00   -1.782097830286e-02  -1.135409439940e+01   1.005947560743e+01
 -1.251216359754e+00   -3.235413465293e-02  -2.142013942128e+01   1.005947560743e+01
 -3.111783781599e-01   -1.071630750133e-02  -2.389434326725e+02   1.047624593811e+01
 -2.058126715304e-03   -3.019209227786e-03  -2.373279037370e+02   1.047624593811e+01
 -3.336255831846e-01   -1.092673734618e-01  -2.367929802078e+02   1.047624593811e+01
 -3.127436491151e-01   -1.088550765599e-02  -2.389325912889e+02   3.813414361972e+00
 -4.213541491484e-04    1.019333863426e-03  -2.390578644548e+02   3.813414361972e+00
 -7.587386473430e-04   -2.650366151007e-03  -2.373612599977e+02   3.813414361972e+00
 -3.343284343449e-01   -1.117762536324e-01  -2.368751682853e+02   2.341878245541e+01
 -4.279838825661e-03   -4.155172920611e-03  -2.316325780772e+02   2.341878245541e+01
 -3.928793879538e-01   -1.799648012714e-01  -2.307018182607e+02   2.341878245541e+01
 -4.789314850852e-01   -2.089723931366e-01  -2.215132744803e+02   3.106948469283e+01
 -3.948105419790e-01   -1.811548709218e-01  -2.307493323625e+02   3.106948469283e+01
 -1.016116378767e-03   -1.999166491143e-03  -2.314791849079e+02   3.106948469283e+01
 -4.837768993489e-01   -2.101140534249e-01  -2.215744563667e+02   2.246969603740e+01
 -9.265323091022e-01   -3.573987357911e-01  -2.190117478397e+02   2.246969603740e+01
 -7.662196656976e-01   -3.236570411231e-01  -2.284972500481e+02   2.246969603740e+01
 -4.810550399438e-01   -2.095713283459e-01  -2.216072002890e+02   2.080968268356e+01
 -7.684060101386e-01   -3.241016869366e-01  -2.284725467584e+02   2.080968268356e+01
 -3.939812515257e-01   -1.810163933478e-01  -2.306872164954e+02   2.080968268356e+01
 -2.317922202837e-03   -2.882243266035e-03  -2.316671265501e+02   1.687490783240e+01
 -3.360335983770e-01   -1.125434094853e-01  -2.368567665811e+02   1.687490783240e+01
 -1.285555879515e-04    3.676345253678e-04  -2.372418320715e+02   1.687490783240e+01
 -6.497386139724e-01   -1.995298802541e-01  -2.348116692075e+02   1.311822371503e+01
 -3.335258900514e-01   -1.099624646336e-01  -2.367814736139e+02   1.311822371503e+01
 -3.934512290407e-01   -1.815770412734e-01  -2.307807465299e+02   1.311822371503e+01
  1.168404914515e-03   -5.939139412638e-04  -2.314828546603e+02   3.308826128813e+01
 -3.002402091066e-03   -1.339281620155e-03  -2.219603860709e+02   3.308826128813e+01
 -4.813293054290e-01   -2.099320660526e-01  -2.214994012051e+02   3.308826128813e+01
 -7.612410007813e-01   -3.993997651176e-02  -1.729746195036e+02   2.146023112443e+01
 -3.709150929925e-03   -1.437463347121e-03  -1.535490748055e+02   2.146023112443e+01
 -6.944441807549e-01   -8.312407718351e-02  -1.574147714603e+02   2.146023112443e+01
 -1.456717447116e+00    2.868681249794e-02  -8.178665318029e+01  -7.833848056219e+00
 -4.440195759307e-02   -1.735900960151e-03  -9.057111106598e+01  -7.833848056219e+00
 -1.652155280101e+00    2.002664722515e-02  -9.191492675661e+01  -7.833848056219e+00
 -5.741213600931e-01    2.981564478280e-03  -2.252429457980e+02   1.570387783156e+01
 -2.624528305222e-03    1.668066231685e-03  -2.234206408019e+02   1.570387783156e+01
 -4.381185280990e-01    7.876955864086e-02  -2.228964170979e+02   1.570387783156e+01
 -5.797321440443e-01   -1.815608958460e-01  -2.098193629597e+02   4.375055079097e+01
 -1.015576254400e-03   -1.543303087728e-03  -2.096516016308e+02   4.375055079097e+01
 -3.445502176145e-03    1.051803420425e-03  -1.961776937234e+02   4.375055079097e+01
 -5.763243665388e-01   -1.838790493934e-01  -2.096733165033e+02   4.106250387203e+01
  6.879257898456e-04   -1.704938116933e-03  -2.218350050450e+02   4.106250387203e+01
 -2.777888379815e-03   -2.918820458218e-04  -2.097955181575e+02   4.106250387203e+01
 -5.785699450905e-01   -8.410015876382e-02  -1.452777904032e+02   1.702318244632e+01
 -9.462967521072e-04    8.479611445312e-04  -1.380108497563e+02   1.702318244632e+01
 -4.842908078084e-01   -6.466887848909e-02  -1.375382361573e+02   1.702318244632e+01
 -4.827086913163e-01   -2.089548454005e-01  -2.215646283246e+02   4.148086050771e+01
 -2.015539678795e-03   -2.921362028405e-03  -2.218380273261e+02   4.148086050771e+01
 -5.730931333589e-01   -1.829231484446e-01  -2.096784082325e+02   4.148086050771e+01
 -1.064980422447e+00   -8.031558814665e-02  -1.301628598727e+02   7.341494222608e+00
 -7.413708259553e-01   -5.215393715003e-02  -1.299826211046e+02   7.341494222608e+00
 -7.328203099754e-01   -2.671618674516e-02  -1.255504587724e+02   7.341494222608e+00
 -6.403819978236e-01   -1.022913415431e-01  -1.960814546890e+02   4.686203850882e+01
 -2.240871064979e-03   -1.841477118870e-03  -1.959460988495e+02   4.686203850882e+01
 -3.506690117107e-03    2.320116790246e-03  -1.815526299830e+02   4.686203850882e+01
 -9.271319738789e-01   -3.573983936508e-01  -2.191201287287e+02   2.757947117268e+01
 -5.774949842505e-01   -1.824787050163e-01  -2.097808016392e+02   2.757947117268e+01
 -1.082577308408e+00   -2.973171780903e-01  -2.076012664150e+02   2.757947117268e+01
 -5.747684013906e-01   -1.821020040493e-01  -2.098080726296e+02   2.628077340813e+01
 -9.293953851658e-01   -3.579488969644e-01  -2.190965834504e+02   2.628077340813e+01
 -4.819294771908e-01   -2.093842477901e-01  -2.214802912810e+02   2.628077340813e+01
 -1.407571734686e+00   -1.624529989739e-01  -1.936730070212e+02  -4.414404136661e+00
 -8.697845926529e-01   -1.292947668250e-01  -2.039722521677e+02  -4.414404136661e+00
 -1.370923905881e+00   -3.003985827240e-01  -2.050289028099e+02  -4.414404136661e+00
 -8.702044960202e-01   -1.277424908884e-01  -2.039574001527e+02  -6.875023264422e+00
 -1.139161966912e+00   -2.850548219343e-01  -2.127954900971e+02  -6.875023264422e+00
 -1.369513364394e+00   -3.014679458269e-01  -2.050674861190e+02  -6.875023264422e+00
 -1.367337896817e+00   -3.024116909991e-01  -2.050617274348e+02   1.065161983829e+01
 -1.249064269486e+00   -4.078428310830e-01  -2.158055698097e+02   1.065161983829e+01
 -1.084815261139e+00   -2.976212489767e-01  -2.076434702016e+02   1.065161983829e+01
 -1.084645837603e+00   -2.966124344293e-01  -2.075393953194e+02   1.383647673973e+01
 -1.189239403106e+00   -1.693421524524e-01  -1.949787357838e+02   1.383647673973e+01
 -1.368271616073e+00   -3.036096767947e-01  -2.051684736705e+02   1.383647673973e+01
 -1.085758860286e+00   -2.973968781696e-01  -2.077037875726e+02   2.940113172447e+01
 -5.751299818314e-01   -1.820068934752e-01  -2.096770174755e+02   2.940113172447e+01
 -6.371503990730e-01   -1.040122059153e-01  -1.960867262216e+02   2.940113172447e+01
 -9.286340137985e-01   -3.574096167631e-01  -2.189542748712e+02   1.396468967980e+01
 -1.081128614602e+00   -2.977155672368e-01  -2.077191234331e+02   1.396468967980e+01
 -1.252351529098e+00   -4.081658737573e-01  -2.157264108237e+02   1.396468967980e+01
 -6.365670442192e-01   -1.044092607361e-01  -1.959371910078e+02   3.105713874746e+01
 -6.634297723814e-01   -3.521955840999e-03  -1.815041687555e+02   3.105713874746e+01
 -1.194374791632e+00   -1.678291109415e-01  -1.949496807787e+02   3.105713874746e+01
 -6.363303849687e-01   -1.046501893844e-01  -1.959540426749e+02   5.016108405118e+01
 -5.764757168546e-01   -1.805337591915e-01  -2.098279255188e+02   5.016108405118e+01
 -6.681027112803e-03    2.036016053761e-04  -1.961438487532e+02   5.016108405118e+01
 -1.414483148515e+00   -1.616074249134e-01  -1.936991000443e+02   1.281468652320e+01
 -1.191241856029e+00   -1.671460195532e-01  -1.947727644906e+02   1.281468652320e+01
 -1.232405044600e+00   -9.406660493403e-03  -1.815312993333e+02   1.281468652320e+01
 -1.192328330637e+00   -1.687941062173e-01  -1.949001785954e+02   1.006540778487e+01
 -1.412745195041e+00   -1.600522200940e-01  -1.935711464166e+02   1.006540778487e+01
 -1.365338214415e+00   -3.035675972802e-01  -2.052503551327e+02   1.006540778487e+01
 -9.687008047328e-01   -5.287600509728e-02  -1.893690640057e+02  -5.177949038350e+00
 -1.409844592621e+00   -1.589489268861e-01  -1.936084424429e+02  -5.177949038350e+00
 -1.409668428571e+00   -9.502019563824e-03  -1.812785775568e+02  -5.177949038350e+00
 -1.411696318639e+00   -1.612646340107e-01  -1.936162208885e+02  -8.551958022662e+00
 -9.664704916454e-01   -5.078717861022e-02  -1.893619516219e+02  -8.551958022662e+00
 -8.636795918892e-01   -1.300340771738e-01  -2.040626024225e+02  -8.551958022662e+00
 -1.229675396517e+00   -7.754039445255e-03  -1.813429115889e+02   3.200035188500e+01
 -1.191295483799e+00   -1.673678213905e-01  -1.949667113007e+02   3.200035188500e+01
 -6.672459228590e-01   -3.447577377543e-03  -1.814932863495e+02   3.200035188500e+01
 -6.399219066595e-01   -1.043910415948e-01  -1.960612398479e+02   3.084387780578e+01
 -1.190720250766e+00   -1.683958080781e-01  -1.948345345153e+02   3.084387780578e+01
 -1.083272973764e+00   -2.967159906126e-01  -2.077282465804e+02   3.084387780578e+01
 -7.717272427799e-03    2.248217948388e-03  -1.815252265855e+02   5.262498306616e+01
 -6.615520572497e-01   -4.998107060794e-03  -1.813545111532e+02   5.262498306616e+01
 -6.369371194542e-01   -1.019722079618e-01  -1.960874148868e+02   5.262498306616e+01
 -9.670547212933e-01   -5.203610242886e-02  -1.893939282129e+02  -2.165432506758e+01
 -9.668615685170e-01    4.536755559610e-02  -1.728296181896e+02  -2.165432506758e+01
 -9.847088826647e-03    7.961680308867e-04  -1.787856673101e+02  -2.165432506758e+01
 -7.818936960773e-03   -2.187747373826e-03  -1.812459230519e+02   5.238103104063e+01
 -6.333117871253e-01    9.162467226359e-02  -1.667853315149e+02   5.238103104063e+01
 -6.614983022522e-01   -2.701111569242e-03  -1.814390620920e+02   5.238103104063e+01
 -3.331948932939e-01   -1.109057696215e-01  -2.368383831073e+02   3.920378135039e+00
 -6.032611295372e-01   -1.641404101568e-02  -2.371364220660e+02   3.920378135039e+00
 -3.109728410988e-01   -8.475725368448e-03  -2.388699338977e+02   3.920378135039e+00
 -6.032405255323e-01   -1.417814403340e-02  -2.371393832638e+02  -2.830396959164e+00
 -3.270631538190e-01    9.266705508956e-02  -2.369302326857e+02  -2.830396959164e+00
 -3.109224541905e-01   -9.101361715569e-03  -2.388676436073e+02  -2.830396959164e+00
 -3.901610005700e-03    1.322571853854e-03  -1.788481369678e+02  -2.419332227269e+01
 -2.193788668113e-03   -1.413046786448e-03  -2.043411931188e+02  -2.419332227269e+01
 -9.725383656124e-01   -5.287208334872e-02  -1.893712549185e+02  -2.419332227269e+01
 -5.859591842003e-01   -8.427238042372e-02  -1.452934989162e+02   1.955031268187e+01
 -4.888877181906e-03    2.753461814014e-05  -1.535983759111e+02   1.955031268187e+01
  9.238429222611e-04    3.190992094135e-05  -1.445048031433e+02   1.955031268187e+01
 -1.402227342902e+00   -3.295428841863e-03  -1.207616326556e+02   2.968847216904e+00
 -1.193704160554e+00   -2.341537602866e-02  -1.203924496577e+02   2.968847216904e+00
 -1.492474199652e+00   -1.499739975053e-02  -1.093972345100e+02   2.968847216904e+00
 -1.302095582292e+00   -1.299229855167e-01  -1.690654523679e+02  -1.085158391041e+01
 -1.135486957212e+00   -1.438684257450e-01  -1.685854675132e+02  -1.085158391041e+01
 -1.179125001523e+00    2.982772098609e-04  -1.818687124746e+02  -1.085158391041e+01
 -1.299279188275e+00   -1.293142418498e-01  -1.691352923298e+02   1.121454693874e+01
 -7.618316367138e-01   -3.742067154828e-02  -1.730052451953e+02   1.121454693874e+01
 -6.968433179207e-01   -8.552316429156e-02  -1.574093807097e+02   1.121454693874e+01
 -6.083205178587e-01   -9.135815366716e-02  -1.675169183968e+02  -4.984330064256e+01
 -6.156981457563e-03   -3.517665187457e-03  -1.675228437520e+02  -4.984330064256e+01
 -6.517225397332e-01    5.117118759797e-07  -1.821333523245e+02  -4.984330064256e+01
 -6.526108347946e-01    2.206158604502e-03  -1.819540229414e+02  -2.959124751351e+01
 -1.137999111978e+00   -1.447412304260e-01  -1.684195017240e+02  -2.959124751351e+01
 -6.089694889749e-01   -9.279372384068e-02  -1.676217679752e+02  -2.959124751351e+01
 -6.118904969672e-01   -9.293555806994e-02  -1.674975043264e+02  -2.875002539291e+01
 -1.134805664800e+00   -1.451581326103e-01  -1.685295847032e+02  -2.875002539291e+01
 -1.029983804653e+00   -2.582336930054e-01  -1.557193016617e+02  -2.875002539291e+01
 -8.467674098416e-03    1.166440329235e-06  -1.672502688939e+02  -4.730312180090e+01
 -6.069639674133e-01   -9.310677735766e-02  -1.676053561970e+02  -4.730312180090e+01
 -5.506350427133e-01   -1.620368549937e-01  -1.538322426831e+02  -4.730312180090e+01
 -1.300580931458e+00   -1.282495366007e-01  -1.691856015353e+02  -7.710489063740e+00
 -1.272410555733e+00   -2.458924595676e-01  -1.574197027502e+02  -7.710489063740e+00
 -1.136365276239e+00   -1.455791501317e-01  -1.684627810712e+02  -7.710489063740e+00
 -1.876152731162e-03   -2.295590448455e-04  -2.149870954149e+02   1.918399661784e+01
 -6.972335316160e-01    9.716649379932e-02  -2.062904629190e+02   1.918399661784e+01
 -5.479344249064e-01    1.061780206972e-01  -2.169203440165e+02   1.918399661784e+01
 -7.214843737083e-01   -2.726994570001e-01  -1.358976022418e+02  -1.092189822672e+01
 -8.756857336616e-01   -3.072879871567e-01  -1.446772735047e+02  -1.092189822672e+01
 -1.025180771174e+00   -3.214792838184e-01  -1.387431810399e+02  -1.092189822672e+01
 -1.275333163474e+00   -2.457663916163e-01  -1.575040564923e+02  -1.200031181737e+01
 -1.031438937027e+00   -2.578554358290e-01  -1.559100111522e+02  -1.200031181737e+01
 -1.133168324947e+00   -1.462665153423e-01  -1.683845016975e+02  -1.200031181737e+01
 -5.513997265410e-01   -1.636819223521e-01  -1.538814124261e+02  -2.541372936725e+01
 -1.029343076559e+00   -2.586533654782e-01  -1.558464601357e+02  -2.541372936725e+01
 -8.777652447718e-01   -3.071012740318e-01  -1.446642740576e+02  -2.541372936725e+01
 -5.489930884944e-01   -1.632199836727e-01  -1.539819367260e+02  -2.744941459743e+01
 -6.087562382100e-01   -9.265972651774e-02  -1.674695577242e+02  -2.744941459743e+01
 -1.032578927310e+00   -2.588174054394e-01  -1.557459222289e+02  -2.744941459743e+01
 -1.173657075740e+00   -3.274451960616e-01  -1.473221768132e+02  -1.225402025621e+01
 -8.791924491433e-01   -3.069621968987e-01  -1.448286378769e+02  -1.225402025621e+01
 -1.027842997725e+00   -2.591132932321e-01  -1.557305188443e+02  -1.225402025621e+01
 -4.391777086065e-03    8.432043422762e-04  -1.672184532531e+02  -4.160087725582e+01
 -5.541720105950e-01   -1.630316923902e-01  -1.538412136547e+02  -4.160087725582e+01
 -5.716839557980e-04   -1.369307488707e-03  -1.539572322216e+02  -4.160087725582e+01
 -1.274642418969e+00   -2.444713472233e-01  -1.576068171911e+02  -8.598839415648e+00
 -1.170528341890e+00   -3.272376016982e-01  -1.472394363798e+02  -8.598839415648e+00
 -1.031441630929e+00   -2.589059972276e-01  -1.558096785713e+02  -8.598839415648e+00
 -1.294572089586e+00   -1.305606357840e-01  -1.690915371538e+02   6.533174079323e+00
 -7.034396241492e-01   -8.476134019534e-02  -1.574845353578e+02   6.533174079323e+00
 -1.278839848494e+00   -2.425229847109e-01  -1.576304115314e+02   6.533174079323e+00
 -1.734492333301e-03    3.086420811498e-04  -1.935498193661e+02   2.516081133733e+01
 -3.184025231373e-03   -8.866611412450e-04  -1.790878058951e+02   2.516081133733e+01
 -7.578844129955e-01    3.756151658693e-02  -1.906650624671e+02   2.516081133733e+01
 -4.571313332995e-01   -1.832163117369e-01  -1.425235161495e+02  -2.423053210581e+01
 -5.488132677124e-01   -1.633297706660e-01  -1.538510255905e+02  -2.423053210581e+01
 -8.799420296160e-01   -3.076360585506e-01  -1.446901560439e+02  -2.423053210581e+01
 -5.507102041643e-01   -1.651382022721e-01  -1.539848487109e+02  -3.879387728713e+01
  2.751659595316e-04   -1.923382839237e-03  -1.419933317919e+02  -3.879387728713e+01
 -2.471673874962e-03   -1.747264460369e-04  -1.538148088597e+02  -3.879387728713e+01
 -2.693091079660e-03   -3.430940530570e-03  -1.419903113577e+02  -3.847307880143e+01
 -5.474047190319e-01   -1.641085264446e-01  -1.539775616439e+02  -3.847307880143e+01
 -4.574151600674e-01   -1.825259500278e-01  -1.424434826014e+02  -3.847307880143e+01
 -4.407258589460e-01    7.919031377321e-02  -2.228648538350e+02   1.467274113629e+01
  1.057119539017e-04    6.851192999767e-05  -2.234867885424e+02   1.467274113629e+01
 -1.449033725322e-03    1.342634543508e-04  -2.209735743378e+02   1.467274113629e+01
 -3.788611010406e-01   -1.639558581679e-01  -1.333304047962e+02  -2.617759661607e+01
  2.323024198770e-04   -2.467843801076e-04  -1.332426795322e+02  -2.617759661607e+01
 -3.644584702657e-03   -1.936896891437e-03  -1.417514882477e+02  -2.617759661607e+01
 -3.754735173123e-01   -1.619461498148e-01  -1.334130340854e+02  -2.108356902413e+01
  9.018375409606e-04    8.646943732062e-04  -1.271098693426e+02  -2.108356902413e+01
 -1.618198621094e-03   -1.314469161684e-03  -1.331598461777e+02  -2.108356902413e+01
 -4.835221720783e-01   -6.345539822220e-02  -1.375295222783e+02   1.609811668216e+01
 -1.131159347687e-03   -2.711680400484e-04  -1.379842620947e+02   1.609811668216e+01
  3.270109585748e-04    6.912081632127e-04  -1.303149940744e+02   1.609811668216e+01
 -3.765308304944e-01   -1.627990952860e-01  -1.333192228344e+02  -3.244971087159e+01
 -6.374725010718e-03   -3.422935107652e-03  -1.417855863809e+02  -3.244971087159e+01
 -4.553413588003e-01   -1.825024263272e-01  -1.425113068513e+02  -3.244971087159e+01
 -8.538200193879e-01    6.885096523924e-02  -1.304070396333e+02  -1.270628094919e+01
 -8.436569297804e-01    3.141527229289e-02  -1.251981774357e+02  -1.270628094919e+01
 -7.527985799105e-03    3.498283704024e-04  -1.304496220679e+02  -1.270628094919e+01
 -3.139450234108e-01   -8.955485417171e-02  -1.281303620272e+02  -1.160018802074e+01
 -3.742587290777e-01   -1.624812218062e-01  -1.333474682476e+02  -1.160018802074e+01
 -6.068892280601e-01   -1.586920946080e-01  -1.301044854698e+02  -1.160018802074e+01
 -7.225128212074e-01   -2.736421592001e-01  -1.357829205861e+02  -1.869188587603e+01
 -3.747358185597e-01   -1.618369785435e-01  -1.334401801446e+02  -1.869188587603e+01
 -4.567652112525e-01   -1.835239158628e-01  -1.424078877851e+02  -1.869188587603e+01
 -8.525956749546e-04   -2.805272482837e-03  -1.270085186115e+02  -2.959525300455e+00
 -2.966003083753e-01   -9.440698653153e-04  -1.261563957895e+02  -2.959525300455e+00
 -5.376238229801e-04    1.171209393176e-03  -1.254259374048e+02  -2.959525300455e+00
 -2.335786137889e-03   -3.457599742230e-03  -1.270372927686e+02  -8.673698845554e+00
 -3.132253419139e-01   -8.836200794337e-02  -1.281126110805e+02  -8.673698845554e+00
 -2.951148946844e-01   -6.493235386241e-04  -1.261393686947e+02  -8.673698845554e+00
 -5.693662292703e-01    2.756120339206e-03  -1.280744044986e+02  -3.006934476208e+00
 -2.952354093005e-01    1.486024514581e-03  -1.262061448367e+02  -3.006934476208e+00
 -3.130006632271e-01   -9.009705134614e-02  -1.280627243227e+02  -3.006934476208e+00
 -8.907769956759e-04   -1.626792389186e-03  -1.253919753803e+02   4.367024910979e+00
 -2.959663050853e-01    1.997636226835e-03  -1.261960046317e+02   4.367024910979e+00
 -3.180519106926e-01    9.376595409230e-02  -1.276167373208e+02   4.367024910979e+00
 -6.051764024184e-01   -1.585194209399e-01  -1.300811185046e+02  -1.328483059429e+01
 -3.762158626265e-01   -1.628150794390e-01  -1.333794575652e+02  -1.328483059429e+01
 -7.200479208874e-01   -2.723763211746e-01  -1.358466632992e+02  -1.328483059429e+01
 -3.143124610176e-01   -9.026750185325e-02  -1.280915983906e+02  -1.698862519006e+01
 -7.154189651690e-04    9.784797396941e-06  -1.271228815675e+02  -1.698862519006e+01
 -3.733066479394e-01   -1.610802914775e-01  -1.333997824546e+02  -1.698862519006e+01
 -4.592698700326e-01   -1.841246268055e-01  -1.424340805685e+02  -2.062274827503e+01
 -8.770225982232e-01   -3.069531001613e-01  -1.447714799161e+02  -2.062274827503e+01
 -7.204809460995e-01   -2.731789774203e-01  -1.357592901171e+02  -2.062274827503e+01
 -9.725614518186e-01    4.738995212535e-02  -1.728482826998e+02  -2.419623096289e+01
 -2.102619206123e-03    1.451014893816e-03  -1.539523248338e+02  -2.419623096289e+01
 -3.656561918031e-03   -9.534015459224e-04  -1.787137987349e+02  -2.419623096289e+01
 -1.276989329556e+00   -2.433528309703e-01  -1.576006523742e+02   9.060273022325e+00
 -7.045395114608e-01   -8.348625272975e-02  -1.574822065498e+02   9.060273022325e+00
 -1.035686972755e+00   -2.066031645314e-01  -1.487577388666e+02   9.060273022325e+00
 -8.562905495559e-01    7.037625837011e-02  -1.304253057272e+02  -1.312546027629e+01
 -4.422088646740e-03   -1.845162831568e-03  -1.304948687357e+02  -1.312546027629e+01
 -6.399550317890e-01    8.732772084064e-02  -1.383874919804e+02  -1.312546027629e+01
 -5.797231134635e-01   -8.487011093263e-02  -1.452908502821e+02   1.164776716448e+01
 -4.841802150747e-01   -6.436395312247e-02  -1.375358736283e+02   1.164776716448e+01
 -9.375267429837e-01   -1.776603589492e-01  -1.421388263598e+02   1.164776716448e+01
 -5.827848953545e-01   -8.459124202271e-02  -1.452797741378e+02   2.182651369595e+01
 -6.910531332649e-01   -8.379851033054e-02  -1.573793297141e+02   2.182651369595e+01
 -8.635753274342e-03    1.857001735768e-04  -1.536181816113e+02   2.182651369595e+01
 -1.039140843455e+00   -2.066883960222e-01  -1.488446464870e+02   5.200965159104e+00
 -9.356146704864e-01   -1.778866038780e-01  -1.421221035791e+02   5.200965159104e+00
 -1.108792855140e+00   -2.750885488325e-01  -1.409517758765e+02   5.200965159104e+00
 -9.358915331811e-01   -1.781001721374e-01  -1.421090447416e+02   1.233925062448e+01
 -1.038738149760e+00   -2.056356131498e-01  -1.488495312965e+02   1.233925062448e+01
 -5.818847688383e-01   -8.453597217716e-02  -1.453373645567e+02   1.233925062448e+01
 -9.668480196902e-01   -1.686118347636e-01  -1.371622019749e+02   6.235141804258e+00
 -1.108636015172e+00   -2.741239905464e-01  -1.409729197861e+02   6.235141804258e+00
 -9.356062964410e-01   -1.782860523643e-01  -1.421081675557e+02   6.235141804258e+00
 -1.042973578252e+00   -2.066790847475e-01  -1.489062652475e+02   3.480029444930e+00
 -1.105634836898e+00   -2.753348990221e-01  -1.408863768607e+02   3.480029444930e+00
 -1.173736303024e+00   -3.254960779762e-01  -1.474048799461e+02   3.480029444930e+00
 -9.344493204465e-01   -1.775575691096e-01  -1.421160911753e+02   1.126253804574e+01
 -4.878321861253e-01   -6.465031775562e-02  -1.375771521365e+02   1.126253804574e+01
 -9.688514914205e-01   -1.685234912926e-01  -1.371779723028e+02   1.126253804574e+01
 -5.796556376639e-01   -8.470430662165e-02  -1.453042778526e+02   1.184801757336e+01
 -1.041054641119e+00   -2.056193320806e-01  -1.488520897255e+02   1.184801757336e+01
 -6.950421542653e-01   -8.401399212115e-02  -1.573708351386e+02   1.184801757336e+01
 -7.466008359958e-01   -5.350323507320e-02  -1.300096378438e+02   1.320285621894e+01
 -4.828483105774e-01   -6.426404682141e-02  -1.375277923991e+02   1.320285621894e+01
 -1.361124085576e-03    1.399148085445e-03  -1.303430166182e+02   1.320285621894e+01
 -6.978491597793e-01   -2.626914345726e-02  -1.215563211688e+02   1.159877528766e+01
 -7.297907784304e-01   -2.631583079385e-02  -1.255087422474e+02   1.159877528766e+01
 -1.964114541740e-03    6.385080067156e-04  -1.207930947806e+02   1.159877528766e+01
 -1.192854873336e+00   -2.397604958379e-02  -1.204484747001e+02   7.076306188008e+00
 -7.318425500624e-01   -2.715937994992e-02  -1.255476064899e+02   7.076306188008e+00
 -6.978972584857e-01   -2.678926741707e-02  -1.215599994256e+02   7.076306188008e+00
 -7.433671673062e-01   -5.111444557465e-02  -1.300387262798e+02   8.365987775173e+00
 -1.063897689699e+00   -8.211300603861e-02  -1.300978549915e+02   8.365987775173e+00
 -9.652396144514e-01   -1.682740145998e-01  -1.371189423077e+02   8.365987775173e+00
 -1.371229247292e+00    5.893155094353e-03  -3.884685626111e+01   8.831542767239e+00
 -3.332548847324e-02    9.610123984246e-04  -2.905226604825e+01   8.831542767239e+00
 -1.644633427216e+00   -1.101202174848e-02  -2.976637095412e+01   8.831542767239e+00
 -1.119056331651e+00   -2.096368041718e-01  -1.348684857315e+02   5.570233036134e+00
 -1.106142786965e+00   -2.739144437345e-01  -1.409485345468e+02   5.570233036134e+00
 -9.690337330901e-01   -1.692374874437e-01  -1.371942675024e+02   5.570233036134e+00
 -1.265218288140e+00    8.049743446773e-03  -1.210054962276e+02  -6.911163040516e+00
 -8.461405612612e-01    3.158275205025e-02  -1.252734969193e+02  -6.911163040516e+00
 -1.148333570252e+00    9.326721174484e-02  -1.299916527555e+02  -6.911163040516e+00
 -7.418850892193e-01   -5.218365432837e-02  -1.299743380014e+02   1.099291975856e+01
 -9.684546215984e-01   -1.674286810956e-01  -1.371657037628e+02   1.099291975856e+01
 -4.874972535281e-01   -6.572805185327e-02  -1.375463659142e+02   1.099291975856e+01
 -4.852261921483e-04    3.798130253424e-04  -1.207956478420e+02   1.216240250342e+01
 -7.313582188029e-01   -2.618808773559e-02  -1.255024062868e+02   1.216240250342e+01
 -1.825317602052e-03    1.656420014945e-04  -1.247831370072e+02   1.216240250342e+01
 -1.245450554394e-02   -1.111797283694e-03  -1.131544080569e+02   9.364511638480e+00
 -1.510192973653e+00   -1.643213009740e-02  -1.095498457562e+02   9.364511638480e+00
 -6.968049124521e-01   -2.703981584907e-02  -1.216246258161e+02   9.364511638480e+00
 -9.003623508022e-01   -2.034506403435e-01  -1.329713534152e+02  -5.359777402473e+00
 -7.212938276751e-01   -2.725452375608e-01  -1.358332289968e+02  -5.359777402473e+00
 -1.024699628645e+00   -3.210203895229e-01  -1.388061678476e+02  -5.359777402473e+00
 -1.169276158318e+00   -3.261970916083e-01  -1.473273925971e+02  -2.502432060455e+00
 -1.108636367804e+00   -2.751439889277e-01  -1.409749335655e+02  -2.502432060455e+00
 -1.025901599689e+00   -3.211599106437e-01  -1.388189058884e+02  -2.502432060455e+00
 -5.681522614247e-01    3.472775796620e-03  -1.281284864674e+02  -2.714404236605e+00
 -6.043853164137e-01   -1.574071556491e-01  -1.301032624668e+02  -2.714404236605e+00
 -8.488285953168e-01    7.353072158667e-03  -1.306420150176e+02  -2.714404236605e+00
 -6.062037440004e-01   -1.580441768733e-01  -1.301758645872e+02  -7.809829157048e+00
 -7.187091819262e-01   -2.724799125436e-01  -1.357811036080e+02  -7.809829157048e+00
 -9.022976403202e-01   -2.032854151284e-01  -1.330165574500e+02  -7.809829157048e+00
 -8.466713067589e-01    7.112555354181e-03  -1.306001295625e+02  -1.875765708560e+00
 -6.065085957346e-01   -1.574921823495e-01  -1.301438886906e+02  -1.875765708560e+00
 -9.016232787419e-01   -2.030013552374e-01  -1.330509853860e+02  -1.875765708560e+00
 -6.052839268010e-01   -1.573067995202e-01  -1.301424856922e+02  -4.950056041123e+00
 -5.675116135619e-01    2.825317444048e-03  -1.280571196985e+02  -4.950056041123e+00
 -3.147950349312e-01   -9.046326268417e-02  -1.280861544340e+02  -4.950056041123e+00
 -1.021409977879e+00   -3.196340559390e-01  -1.387385173785e+02  -1.728738930975e+00
 -1.121015901215e+00   -2.097963032609e-01  -1.349396394088e+02  -1.728738930975e+00
 -9.050481843862e-01   -2.045841101520e-01  -1.331269509177e+02  -1.728738930975e+00
 -1.022339531757e+00   -3.214183592767e-01  -1.386702049905e+02  -7.976505910346e+00
 -8.790668296946e-01   -3.073090578309e-01  -1.447471938353e+02  -7.976505910346e+00
 -1.173258344373e+00   -3.268775118473e-01  -1.474056970777e+02  -7.976505910346e+00
 -1.117017803664e+00   -2.069786406301e-01  -1.348669949535e+02   5.309958864898e+00
 -1.066920414848e+00   -8.153661482435e-02  -1.301418300468e+02   5.309958864898e+00
 -1.225501793554e+00   -6.243127023726e-02  -1.293672499633e+02   5.309958864898e+00
 -1.025537586433e+00   -3.200696666581e-01  -1.388100764469e+02   4.588629153060e-01
 -1.108371543222e+00   -2.754903490715e-01  -1.409676392507e+02   4.588629153060e-01
 -1.116655534087e+00   -2.088158265949e-01  -1.348311316723e+02   4.588629153060e-01
 -1.110172871233e+00    1.115806609552e-01  -1.321667255111e+02   5.002000301830e-01
 -8.505866614316e-01    7.458461156969e-03  -1.307168485973e+02   5.002000301830e-01
 -1.089869932754e+00   -9.008786033017e-02  -1.321904430634e+02   5.002000301830e-01
 -8.484473149501e-01    5.728848439994e-03  -1.306763913163e+02  -8.127829317399e-01
 -9.007397979499e-01   -2.015916839469e-01  -1.330403753989e+02  -8.127829317399e-01
 -1.091410105277e+00   -8.939049546011e-02  -1.322319046060e+02  -8.127829317399e-01
 -1.227722968083e+00   -6.268803008682e-02  -1.294055062725e+02   7.443993419474e-01
 -1.093852895304e+00   -9.109791396325e-02  -1.322549374137e+02   7.443993419474e-01
 -1.114810585033e+00   -2.080762733149e-01  -1.348376086355e+02   7.443993419474e-01
 -1.229984370037e+00   -6.486020146744e-02  -1.293918102169e+02   2.074460530661e+00
 -1.286367342205e+00    1.324176424681e-02  -1.291210512569e+02   2.074460530661e+00
 -1.092664745490e+00   -8.804092329737e-02  -1.322642393000e+02   2.074460530661e+00
 -1.384105815461e+00   -1.117983961077e-02  -1.253847142644e+02   1.491108279796e+00
 -1.287099367276e+00    1.126311170668e-02  -1.291260663702e+02   1.491108279796e+00
 -1.227984243015e+00   -6.278903389784e-02  -1.293531301619e+02   1.491108279796e+00
 -1.088703523701e+00   -8.888543521524e-02  -1.321461309247e+02   1.405647689282e+00
 -9.051970589976e-01   -2.027410587155e-01  -1.331259223077e+02   1.405647689282e+00
 -1.120694028681e+00   -2.110678447988e-01  -1.349267351566e+02   1.405647689282e+00
 -9.664874990002e-01   -1.701698872293e-01  -1.371214488922e+02   4.777879122175e+00
 -1.063479654780e+00   -8.111478087435e-02  -1.300814272770e+02   4.777879122175e+00
 -1.121407309526e+00   -2.084281235920e-01  -1.349111280413e+02   4.777879122175e+00
 -5.680687564650e-01    4.109102557136e-03  -1.281249276018e+02   3.480571460617e+00
 -8.489223354524e-01    7.429464358518e-03  -1.306464159794e+02   3.480571460617e+00
 -6.157455195409e-01    1.672344224541e-01  -1.299156324439e+02   3.480571460617e+00
 -1.506739400568e+00   -3.052693555210e-03  -4.621571745297e+01  -7.726215911301e+00
 -4.341724592332e-02   -1.733644444699e-03  -4.706093297257e+01  -7.726215911301e+00
 -1.517203023176e+00   -3.548171042244e-03  -5.846980649969e+01  -7.726215911301e+00
 -1.041246353179e+00   -2.065350008086e-01  -1.488836510398e+02   6.923677682534e-01
 -1.175224391716e+00   -3.258080368483e-01  -1.474346311145e+02   6.923677682534e-01
 -1.269683121871e+00   -2.443704106396e-01  -1.575109830168e+02   6.923677682534e-01
 -1.084936107849e+00   -1.047051469451e-02   1.567933802999e-02  -1.056680118979e+01
 -1.513585703267e-03    1.436273780136e-04  -2.729500849461e-02  -1.056680118979e+01
 -5.616925943564e-03   -2.533104014844e-04  -7.893098849654e+00  -1.056680118979e+01
 -2.955572748972e-01    9.654863234538e-04  -1.262166639608e+02   3.580809178654e+00
 -5.692771353191e-01    4.628579868333e-03  -1.280777743577e+02   3.580809178654e+00
 -3.183384103480e-01    9.590805372986e-02  -1.276132149084e+02   3.580809178654e+00
 -4.819951225231e-01    1.937217997371e-01  -1.417670278452e+02   3.620226986301e+01
 -3.655972644815e-03    3.575375630500e-04  -1.531040078301e+02   3.620226986301e+01
 -3.124113383685e-04    1.041051230353e-03  -1.418208155511e+02   3.620226986301e+01
 -7.014780211485e-01   -2.766126540860e-02  -1.216154878797e+02   7.012983423512e+00
 -1.499870581764e+00   -1.576752712894e-02  -1.094868844288e+02   7.012983423512e+00
 -1.189831564245e+00   -2.370609429248e-02  -1.203687208868e+02   7.012983423512e+00
 -3.332794542847e-03   -1.004892353184e-03  -1.666481749198e+02   4.254474853787e+01
 -1.692419984132e-03    1.813835656333e-03  -1.533322151242e+02   4.254474853787e+01
 -5.701425184693e-01    1.634451514939e-01  -1.533131198952e+02   4.254474853787e+01
  5.562439016544e-04    5.478805443791e-04  -1.379928473081e+02   1.932544666623e+01
 -5.806963910456e-01   -8.376734833887e-02  -1.452875512536e+02   1.932544666623e+01
 -1.456548137856e-03   -2.018133414130e-04  -1.445104768646e+02   1.932544666623e+01
 -4.793016641937e-01    1.925650492996e-01  -1.417553195822e+02   4.318708771385e+01
 -5.656055206099e-01    1.642933194417e-01  -1.534403915459e+02   4.318708771385e+01
 -6.394301960115e-03    1.472713261618e-03  -1.531431611183e+02   4.318708771385e+01
 -6.439071647761e-03   -2.599740602004e-04  -1.666852867803e+02   4.930616011155e+01
 -5.673085259083e-01    1.626962801658e-01  -1.533000030965e+02   4.930616011155e+01
 -6.327269347602e-01    9.422602172124e-02  -1.669208702135e+02   4.930616011155e+01
 -2.364304426537e-03    9.008982174948e-04  -1.417018981306e+02   3.205877102945e+01
  1.084264939897e-03    5.865543908710e-04  -1.325666607726e+02   3.205877102945e+01
 -4.779765807637e-01    1.938431198172e-01  -1.418886259560e+02   3.205877102945e+01
 -1.482738478983e+00    3.345161115969e-02  -8.242874803070e+01   1.623194536546e+00
 -1.282090558531e+00    3.237585817250e-02  -8.323963091604e+01   1.623194536546e+00
 -1.161127292301e+00    1.961945469864e-02  -7.367086740210e+01   1.623194536546e+00
 -3.201953804971e-01    9.701571182965e-02  -1.275938258305e+02   2.217501008479e+01
 -3.820940498329e-01    1.612725194541e-01  -1.333326082345e+02   2.217501008479e+01
 -4.548977663242e-03    3.982529051586e-03  -1.324310814682e+02   2.217501008479e+01
 -1.021867864075e-03    1.318074094633e-03  -1.274159576638e+02   9.675936191094e+00
  3.889088756515e-04   -1.933079774569e-03  -1.253642908705e+02   9.675936191094e+00
 -3.198516775050e-01    9.424252401836e-02  -1.276342627085e+02   9.675936191094e+00
 -4.769278923113e-01    1.931452377699e-01  -1.417909149091e+02   1.977258703963e+01
 -3.833892028417e-01    1.623356683759e-01  -1.333476893994e+02   1.977258703963e+01
 -7.452990751733e-01    2.840584017625e-01  -1.356060975329e+02   1.977258703963e+01
 -4.752364346835e-01    1.927626789673e-01  -1.418791995018e+02   2.981326864526e+01
 -1.169159205248e-03    1.940122190547e-03  -1.325727343385e+02   2.981326864526e+01
 -3.840373321892e-01    1.623811786178e-01  -1.332890001935e+02   2.981326864526e+01
 -6.165881854235e-01    1.685226769721e-01  -1.298845932961e+02   1.446434830420e+01
 -7.428816507705e-01    2.829210861117e-01  -1.356652291675e+02   1.446434830420e+01
 -3.849706944896e-01    1.633627371860e-01  -1.332790593708e+02   1.446434830420e+01
 -5.667166919625e-01    1.644066815688e-01  -1.533217463314e+02   2.523088269147e+01
 -4.773672326617e-01    1.927829210199e-01  -1.418991677854e+02   2.523088269147e+01
 -9.152776683317e-01    3.208030584736e-01  -1.443342108309e+02   2.523088269147e+01
 -3.828909286290e-01    1.628198245097e-01  -1.332554301364e+02   1.226164077813e+01
 -3.190363758300e-01    9.522472400402e-02  -1.276861724207e+02   1.226164077813e+01
 -6.183565712977e-01    1.688081608597e-01  -1.299054253817e+02   1.226164077813e+01
 -2.522485692782e-03    2.759052311807e-03  -1.324002644084e+02   1.556346065716e+01
  1.688486603993e-04   -5.461127312363e-04  -1.274522519491e+02   1.556346065716e+01
 -3.220369194317e-01    9.779008039691e-02  -1.276034386353e+02   1.556346065716e+01
 -7.608024850910e-01    1.131344433528e-01  -1.462992419854e+02  -2.080065328555e+01
 -1.055532459086e-02   -3.479720674672e-04  -1.539964118431e+02  -2.080065328555e+01
 -8.790487362291e-01    1.057352313343e-01  -1.579466501040e+02  -2.080065328555e+01
 -9.122492395520e-01    3.200680478061e-01  -1.444150052350e+02   2.148191315252e+01
 -4.793644227703e-01    1.935640087432e-01  -1.418212760827e+02   2.148191315252e+01
 -7.432659417059e-01    2.836715554237e-01  -1.355818022258e+02   2.148191315252e+01
 -1.187436511208e+00    1.488643547684e-01  -1.678392122314e+02   3.176158466678e+01
 -1.229663449605e+00   -6.522410030536e-03  -1.813911635187e+02   3.176158466678e+01
 -6.672272227420e-01   -4.260858618397e-03  -1.813017378316e+02   3.176158466678e+01
 -1.186878207178e+00    1.498070750327e-01  -1.679713952834e+02   3.028617869635e+01
 -6.360958868193e-01    9.389147574231e-02  -1.668167017812e+02   3.028617869635e+01
 -1.074644793065e+00    2.682567464023e-01  -1.553075192502e+02   3.028617869635e+01
 -1.236211646176e+00   -5.633744321160e-03  -1.812585682195e+02   9.253971152388e+00
 -1.412072823516e+00    1.405548045224e-01  -1.687178523495e+02   9.253971152388e+00
 -1.409258689070e+00   -8.642987156321e-03  -1.812914208660e+02   9.253971152388e+00
 -9.700459999296e-01    4.590741644629e-02  -1.728604116060e+02  -5.324049439101e+00
 -1.409488068080e+00   -6.172189200426e-03  -1.812120375757e+02  -5.324049439101e+00
 -1.411151668750e+00    1.375154709234e-01  -1.688746820495e+02  -5.324049439101e+00
 -1.412660846757e+00   -7.867502515614e-03  -1.812454494949e+02  -8.779303361037e+00
 -9.667743571031e-01    4.745963257416e-02  -1.728225573448e+02  -8.779303361037e+00
 -9.658718608877e-01   -5.450342865958e-02  -1.894078650238e+02  -8.779303361037e+00
 -1.236323614355e+00   -8.732892153285e-03  -1.814761495119e+02   9.452837935927e+00
 -1.409204178601e+00   -7.078838682234e-03  -1.811907470473e+02   9.452837935927e+00
 -1.411013602982e+00   -1.619090342768e-01  -1.937692962599e+02   9.452837935927e+00
 -1.415589876885e+00    1.400577786201e-01  -1.687876577881e+02   1.274315692753e+01
 -1.232223753484e+00   -4.787375950177e-03  -1.812039753481e+02   1.274315692753e+01
 -1.187493742720e+00    1.485012666703e-01  -1.680332356096e+02   1.274315692753e+01
 -6.634137099433e-01   -4.095527279611e-03  -1.812889845862e+02   3.088155483226e+01
 -6.328321524261e-01    9.393548634775e-02  -1.669378587535e+02   3.088155483226e+01
 -1.190486930808e+00    1.492252489756e-01  -1.678580943682e+02   3.088155483226e+01
 -1.368563194126e+00    2.646639306747e-01  -1.575354472513e+02   1.016519869872e+01
 -1.076092391898e+00    2.690617842867e-01  -1.553944175081e+02   1.016519869872e+01
 -1.241511540549e+00    3.509470777812e-01  -1.472150154305e+02   1.016519869872e+01
 -1.077135576257e+00    2.688759062352e-01  -1.553335913715e+02   2.893226719984e+01
 -6.333115588565e-01    9.357317196364e-02  -1.667897907522e+02   2.893226719984e+01
 -5.665110918301e-01    1.642861747953e-01  -1.534495855734e+02   2.893226719984e+01
 -1.408332034332e+00    1.408484361421e-01  -1.688195477299e+02  -4.528657952855e+00
 -1.372469535337e+00    2.627517953290e-01  -1.575580996517e+02  -4.528657952855e+00
 -8.915949882197e-01    1.072747349770e-01  -1.580288346847e+02  -4.528657952855e+00
 -1.413994514223e+00    1.384513733681e-01  -1.689123580727e+02   9.595986002835e+00
 -1.188446142429e+00    1.501694427919e-01  -1.679090818730e+02   9.595986002835e+00
 -1.366455437823e+00    2.660791786914e-01  -1.573489025312e+02   9.595986002835e+00
 -9.143134629983e-01    3.199762376127e-01  -1.444780006404e+02   1.356004321969e+01
 -1.244637461825e+00    3.511293643869e-01  -1.472971498285e+02   1.356004321969e+01
 -1.072484979030e+00    2.692699746488e-01  -1.553156050082e+02   1.356004321969e+01
 -1.412701051993e+00    1.395397522641e-01  -1.688667963664e+02  -8.821477570719e+00
 -8.853126258434e-01    1.080975822042e-01  -1.579523867573e+02  -8.821477570719e+00
 -9.681162054272e-01    4.418752962547e-02  -1.728665429193e+02  -8.821477570719e+00
 -1.370880771251e+00    2.636369852463e-01  -1.575265496725e+02  -7.126191690828e+00
 -1.163248462140e+00    2.366117852231e-01  -1.492119578143e+02  -7.126191690828e+00
 -8.923166995699e-01    1.058932316343e-01  -1.580322151554e+02  -7.126191690828e+00
 -1.369347815919e+00    2.659449084190e-01  -1.574325097062e+02   1.360572852716e+01
 -1.185315660684e+00    1.508606989909e-01  -1.678300689362e+02   1.360572852716e+01
 -1.076011181012e+00    2.679975160142e-01  -1.554950024009e+02   1.360572852716e+01
 -5.692979164142e-01    1.648613837807e-01  -1.533482628854e+02   2.696338855679e+01
 -9.131334039353e-01    3.202583479245e-01  -1.443093131007e+02   2.696338855679e+01
 -1.073790798903e+00    2.687202248978e-01  -1.554333869131e+02   2.696338855679e+01
 -6.423682423875e-01    8.775798841846e-02  -1.384059889558e+02  -1.700784494850e+01
 -2.453383107839e-03   -8.126838578337e-04  -1.384020217709e+02  -1.700784494850e+01
 -7.592336484422e-01    1.127821315946e-01  -1.463148714720e+02  -1.700784494850e+01
 -1.072295566175e+00    3.429516508817e-01  -1.387166706703e+02   1.198211116440e+01
 -9.109046365611e-01    3.203042571155e-01  -1.443293860302e+02   1.198211116440e+01
 -7.443370161594e-01    2.833818991478e-01  -1.357087825317e+02   1.198211116440e+01
 -3.624369024258e-03   -2.228059933731e-03  -1.812177034992e+02   4.650723052462e+01
 -2.082746072686e-03    1.732445045496e-03  -1.668857997021e+02   4.650723052462e+01
 -6.367436403355e-01    9.189367926108e-02  -1.667921350431e+02   4.650723052462e+01
 -8.467442410951e-01    7.635060336172e-03  -1.306030005685e+02   2.814239569318e+00
 -9.246401679504e-01    2.205968185998e-01  -1.329769517573e+02   2.814239569318e+00
 -6.178817736902e-01    1.673404007249e-01  -1.299588039476e+02   2.814239569318e+00
 -3.200700322650e-01    9.617022092767e-02  -1.276456256415e+02   5.670019599690e+00
 -5.674593711825e-01    4.625030311077e-03  -1.280578121613e+02   5.670019599690e+00
 -6.165485447576e-01    1.672378290460e-01  -1.299493390941e+02   5.670019599690e+00
 -1.069444380585e+00    3.428937056789e-01  -1.386443420460e+02   9.211220355477e+00
 -1.244127254347e+00    3.505434366485e-01  -1.473790719976e+02   9.211220355477e+00
 -9.142636872435e-01    3.203161356298e-01  -1.443996880951e+02   9.211220355477e+00
 -7.442451159290e-01    2.832709370629e-01  -1.356457410406e+02   6.463189427305e+00
 -9.234796089545e-01    2.210701763469e-01  -1.328990784510e+02   6.463189427305e+00
 -1.071762059064e+00    3.424823597075e-01  -1.387767473527e+02   6.463189427305e+00
 -1.185061105372e+00    2.355529450258e-01  -1.350840863528e+02   2.623826716158e+00
 -1.068609085887e+00    3.411518792440e-01  -1.387128119998e+02   2.623826716158e+00
 -9.280213706447e-01    2.222024866897e-01  -1.330515905092e+02   2.623826716158e+00
 -1.072947230272e+00    3.426508280966e-01  -1.387886315496e+02   3.636132235431e+00
 -1.194333003186e+00    3.050021596511e-01  -1.412429121870e+02   3.636132235431e+00
 -1.240222155951e+00    3.498757868707e-01  -1.473039503338e+02   3.636132235431e+00
 -1.184636224952e+00    2.366691553801e-01  -1.350650179327e+02  -4.031042175487e-01
 -9.282738047740e-01    2.204459572408e-01  -1.330547993017e+02  -4.031042175487e-01
 -1.109096359952e+00    1.104463779487e-01  -1.321217235712e+02  -4.031042175487e-01
 -7.416511189519e-01    2.831440207134e-01  -1.355955243804e+02   8.671440165141e+00
 -6.174747477702e-01    1.678895653404e-01  -1.299877495158e+02   8.671440165141e+00
 -9.254242745761e-01    2.209396345074e-01  -1.329442477418e+02   8.671440165141e+00
 -8.527183970731e-01    6.944736684301e-02  -1.303926002445e+02  -7.017692353826e+00
 -1.151371192982e+00    9.458731917138e-02  -1.300246330546e+02  -7.017692353826e+00
 -8.433105728970e-01    3.082295222364e-02  -1.252330390683e+02  -7.017692353826e+00
 -1.521617782167e+00   -1.435707944915e-02  -1.095565951103e+02   9.190889555818e+00
 -8.742322721350e-03   -2.197421832831e-03  -1.130183177726e+02   9.190889555818e+00
 -1.444238159082e-02    1.711489141387e-03  -1.007576979308e+02   9.190889555818e+00
 -1.181126618338e+00    2.325270603258e-01  -1.350107917547e+02  -4.736189345503e+00
 -1.276516641738e+00    7.554121744922e-02  -1.296562634152e+02  -4.736189345503e+00
 -1.152709878594e+00    9.543128269100e-02  -1.300601661611e+02  -4.736189345503e+00
 -1.178858873582e+00    2.333760781476e-01  -1.349728996466e+02   1.721842786927e-02
 -1.114069908446e+00    1.129678127431e-01  -1.322258095106e+02   1.721842786927e-02
 -1.278408205672e+00    7.628300789389e-02  -1.296943424771e+02   1.721842786927e-02
 -1.280227393661e+00    7.517528152569e-02  -1.297135825003e+02  -7.570443615089e-03
 -1.286120381548e+00    1.191723250181e-02  -1.291278903732e+02  -7.570443615089e-03
 -1.385677850872e+00   -1.199578155507e-02  -1.253840451011e+02  -7.570443615089e-03
 -1.194008933927e+00    3.053023601317e-01  -1.412342814408e+02   5.932578084985e-01
 -1.072702244792e+00    3.416404979167e-01  -1.387821741858e+02   5.932578084985e-01
 -1.180759901602e+00    2.345495407483e-01  -1.349800152575e+02   5.932578084985e-01
 -1.268441566924e+00    9.315123717613e-03  -1.210403021108e+02  -2.004688436863e+00
 -1.279942688981e+00    7.447996248646e-02  -1.297383799994e+02  -2.004688436863e+00
 -1.387414023024e+00   -1.135109091317e-02  -1.253778486764e+02  -2.004688436863e+00
 -1.280591859798e+00    7.865230604612e-02  -1.296953629695e+02  -1.040950637012e+00
 -1.113071171953e+00    1.097541496626e-01  -1.322281799461e+02  -1.040950637012e+00
 -1.286255264479e+00    9.281662222699e-03  -1.291325689087e+02  -1.040950637012e+00
 -9.238812566480e-01    2.191710195545e-01  -1.329691340964e+02   1.624724805669e+00
 -8.483672893827e-01    9.079136818706e-03  -1.306754019839e+02   1.624724805669e+00
 -1.111767318594e+00    1.109900546709e-01  -1.322094401263e+02   1.624724805669e+00
 -1.077026227990e+00    2.007686028303e-01  -1.376530270364e+02  -4.017208869491e+00
 -1.185695566267e+00    2.339879972501e-01  -1.350611234087e+02  -4.017208869491e+00
 -1.149223733892e+00    9.539073996901e-02  -1.300045160714e+02  -4.017208869491e+00
 -1.194385080524e+00    3.040636150059e-01  -1.412415190452e+02  -5.071239852419e+00
 -1.077671810332e+00    1.990817185258e-01  -1.376925293785e+02  -5.071239852419e+00
 -1.062655029301e+00    2.099677337352e-01  -1.427331331924e+02  -5.071239852419e+00
 -1.191909295089e+00    3.038121412039e-01  -1.412177558461e+02  -4.652406790164e+00
 -1.183093580167e+00    2.352400861415e-01  -1.350150091384e+02  -4.652406790164e+00
 -1.079792893033e+00    1.997637858821e-01  -1.377236364416e+02  -4.652406790164e+00
 -1.166223334559e+00    2.357213477422e-01  -1.492984196856e+02  -1.082605170368e+01
 -1.062922355579e+00    2.098284641506e-01  -1.427360251505e+02  -1.082605170368e+01
 -7.602919542567e-01    1.132477956767e-01  -1.463511587749e+02  -1.082605170368e+01
 -1.062780334671e+00    2.096162818173e-01  -1.427483736434e+02  -3.958660011489e+00
 -1.166460504510e+00    2.367356380226e-01  -1.492947023678e+02  -3.958660011489e+00
 -1.194351685766e+00    3.049867500633e-01  -1.412192826794e+02  -3.958660011489e+00
 -6.422244942800e-01    8.767640351965e-02  -1.384082824106e+02  -1.048940825532e+01
 -7.588741305560e-01    1.136167611003e-01  -1.463114833615e+02  -1.048940825532e+01
 -1.064380281543e+00    2.093944325575e-01  -1.427668013986e+02  -1.048940825532e+01
 -1.168641151664e+00    2.357031893985e-01  -1.493013725774e+02  -1.014674172821e+01
 -7.575918889621e-01    1.134039534783e-01  -1.463199399352e+02  -1.014674172821e+01
 -8.827816616940e-01    1.062561632394e-01  -1.579298564039e+02  -1.014674172821e+01
 -1.061665349687e+00    2.092693539201e-01  -1.427449916956e+02  -1.041832036040e+01
 -1.079655323800e+00    1.989611824914e-01  -1.377062227571e+02  -1.041832036040e+01
 -6.452949286844e-01    8.798265611619e-02  -1.384453913566e+02  -1.041832036040e+01
 -1.191253796901e+00    3.052269475328e-01  -1.411561735603e+02  -2.063318605242e+00
 -1.170234752301e+00    2.367241321197e-01  -1.493536682636e+02  -2.063318605242e+00
 -1.244705462674e+00    3.491984592600e-01  -1.473795227901e+02  -2.063318605242e+00
 -8.546850594942e-01    6.817851846572e-02  -1.304351312256e+02  -8.024018519257e+00
 -1.075983508657e+00    1.987504363332e-01  -1.376608458845e+02  -8.024018519257e+00
 -1.149631488349e+00    9.659908197493e-02  -1.300050721965e+02  -8.024018519257e+00
 -8.069042966268e-01    1.155844510617e-02  -1.207749596483e+02  -1.176234076134e+01
 -3.451024951844e-03   -5.724604090480e-04  -1.203137434264e+02  -1.176234076134e+01
 -8.435751772488e-01    3.075785346983e-02  -1.252607059562e+02  -1.176234076134e+01
 -8.066176658140e-01    1.155303284962e-02  -1.207284741762e+02  -6.520709045655e+00
 -1.266052242490e+00    8.936244730641e-03  -1.209727333577e+02  -6.520709045655e+00
 -1.113974731100e+00    1.469588404463e-02  -1.134104918125e+02  -6.520709045655e+00
 -3.376745104894e-03    6.016855200756e-04  -1.304059030644e+02  -1.208099464918e+01
 -8.470964432057e-01    3.125486725153e-02  -1.252344631621e+02  -1.208099464918e+01
 -7.371430198608e-04   -5.887560158601e-04  -1.202948087332e+02  -1.208099464918e+01
 -1.078100779111e+00   -1.020135000075e-02  -6.429673987436e-03  -3.546588877707e+00
 -1.279539749642e+00   -1.207366801273e-02  -8.595831006833e+00  -3.546588877707e+00
 -1.444700697792e+00   -3.151420213940e-03  -9.200060731928e-02  -3.546588877707e+00
  1.486468577042e-03    1.748423277900e-03  -2.223605116337e+02  -1.441512483805e+01
 -5.763076736758e-01   -1.009422028915e-01  -2.204075024754e+02  -1.441512483805e+01
 -2.330514341662e-03   -9.787478895876e-04  -2.194989147065e+02  -1.441512483805e+01
 -1.276397917667e+00    1.715286681076e-02  -1.011119825092e+02   9.751584025407e+00
 -1.509835864265e+00   -1.310207333351e-02  -1.095262339476e+02   9.751584025407e+00
 -2.175869073458e-02    1.958015178442e-03  -1.007587121266e+02   9.751584025407e+00
 -8.521961088235e-01    6.910665772370e-02  -1.303777438506e+02  -1.021500253719e+01
 -6.441692383327e-01    8.898753663548e-02  -1.384084844894e+02  -1.021500253719e+01
 -1.079844901988e+00    1.979225143169e-01  -1.377002373383e+02  -1.021500253719e+01
 -1.499542778589e+00   -2.444393631565e-03  -4.618767896535e+01  -2.105818757441e-01
 -1.383602748515e+00    5.853595551381e-03  -3.876426746239e+01  -2.105818757441e-01
 -1.323412031499e+00   -7.016519144922e-03  -3.723937367173e+01  -2.105818757441e-01
  9.620590898274e-04   -3.683124216753e-04  -1.383275435393e+02  -1.905442062872e+01
 -5.298028535887e-03    1.256622810555e-04  -1.539051702108e+02  -1.905442062872e+01
 -7.642604918350e-01    1.124994367147e-01  -1.463368836988e+02  -1.905442062872e+01
 -1.437325093310e+00    7.370223506320e-03  -1.026031321219e+02  -1.021472637668e+01
 -2.506097797695e-02    1.973466674732e-03  -1.123199988704e+02  -1.021472637668e+01
 -1.104475912632e+00    1.507078573306e-02  -1.133422485666e+02  -1.021472637668e+01
 -1.246038744466e+00    3.495102954508e-01  -1.474077596263e+02   8.105300435413e-01
 -1.168707766635e+00    2.365654518921e-01  -1.493326047514e+02   8.105300435413e-01
 -1.363730038535e+00    2.646108864894e-01  -1.574404519530e+02   8.105300435413e-01
 -1.287492481962e+00    1.122960532959e-02  -1.291803599358e+02   4.289987756304e-01
 -1.110694857821e+00    1.078652189015e-01  -1.321944741930e+02   4.289987756304e-01
 -1.090196407895e+00   -8.638208480679e-02  -1.322182901302e+02   4.289987756304e-01
 -6.079237134516e-03    1.556662033927e-03  -1.539847428162e+02  -2.002121985584e+01
 -9.687402317500e-01    4.738692084337e-02  -1.728309349015e+02  -2.002121985584e+01
 -8.821443131872e-01    1.047806617091e-01  -1.579589990718e+02  -2.002121985584e+01
 -1.494876416479e+00   -1.433067415798e-02  -1.093368852796e+02  -2.626360710291e+00
 -1.130114401645e+00    1.466735055260e-02  -1.133818212484e+02  -2.626360710291e+00
 -1.403246151070e+00   -3.788422846043e-03  -1.208483800906e+02  -2.626360710291e+00
 -1.297901109525e+00   -1.273790381592e-01  -1.691419581223e+02   7.955387007844e+00
 -1.288519767311e+00    1.371244700356e-03  -1.819024375859e+02   7.955387007844e+00
 -7.636624206455e-01   -3.903961396586e-02  -1.730058338915e+02   7.955387007844e+00
 -1.346521720333e-02   -5.862604491192e-04  -7.879162067603e+00  -9.703865821130e+00
 -1.282938661941e+00   -1.198719941033e-02  -8.536394605977e+00  -9.703865821130e+00
 -1.077736986493e+00   -1.036411872520e-02   3.539854055095e-02  -9.703865821130e+00
 -1.399765226400e+00   -3.890903369691e-03  -1.208118931765e+02  -1.828014606175e+00
 -1.268863914608e+00    9.694696964912e-03  -1.210243573129e+02  -1.828014606175e+00
 -1.386287999100e+00   -1.114970524648e-02  -1.253719259109e+02  -1.828014606175e+00
 -1.665321807094e+00   -1.349367069048e-02  -2.975316408925e+01  -7.398209818899e+00
 -1.370543866470e+00   -2.100381431115e-02  -1.778197760551e+01  -7.398209818899e+00
 -5.355969225999e-02    1.044833271806e-03  -2.748344520793e+01  -7.398209818899e+00
 -1.407330150341e+00   -3.688957319120e-03  -1.208611134062e+02  -2.100481070540e+00
 -1.123770003215e+00    1.456963271874e-02  -1.134034206918e+02  -2.100481070540e+00
 -1.260982624195e+00    9.165575926481e-03  -1.210211768657e+02  -2.100481070540e+00
 -1.114745883805e+00    1.423638923213e-02  -1.132232801359e+02  -2.204060317931e+00
 -1.504799258620e+00   -1.280893764400e-02  -1.093099559652e+02  -2.204060317931e+00
 -1.426610363113e+00    7.584401274695e-03  -1.025382558158e+02  -2.204060317931e+00
 -1.384917125869e+00   -1.144521556203e-02  -1.253708143214e+02   4.175274809102e+00
 -1.227515521604e+00   -6.274729548159e-02  -1.293559970335e+02   4.175274809102e+00
 -1.063068496499e+00   -8.066826237716e-02  -1.301426386261e+02   4.175274809102e+00
 -1.194386923128e+00   -2.323070595591e-02  -1.204351643919e+02   2.991167679495e+00
 -1.401533809747e+00   -3.355977766933e-03  -1.208128119371e+02   2.991167679495e+00
 -1.383517207088e+00   -1.205610717596e-02  -1.254071273099e+02   2.991167679495e+00
 -1.061652864922e+00   -7.952172404315e-02  -1.301627330164e+02   6.499080230289e+00
 -7.383106265358e-01   -2.786335191773e-02  -1.255858753669e+02   6.499080230289e+00
 -1.387995857545e+00   -1.271635914535e-02  -1.253790485146e+02   6.499080230289e+00
 -1.385282761468e-03    8.727346022996e-04  -1.247307270624e+02   1.244376169583e+01
 -7.472957964364e-01   -5.160837754576e-02  -1.300030355858e+02   1.244376169583e+01
 -1.726062468941e-03   -2.946651273341e-04  -1.303216760907e+02   1.244376169583e+01
 -7.436716495003e-01   -5.143662370894e-02  -1.299896505141e+02   1.249881039475e+01
 -3.974767334470e-03    1.070384033695e-03  -1.247548244505e+02   1.249881039475e+01
 -7.300288866468e-01   -2.685154201066e-02  -1.255268653918e+02   1.249881039475e+01
 -1.265416709793e+00    7.902064124524e-03  -1.210208103363e+02  -3.454715517753e+00
 -1.147749184351e+00    9.366120814271e-02  -1.299830665199e+02  -3.454715517753e+00
 -1.281410012782e+00    7.568701405270e-02  -1.297424351451e+02  -3.454715517753e+00
 -8.060070778368e-01    1.141555860998e-02  -1.207587352500e+02  -6.894347192556e+00
 -8.434042000400e-01    3.124550027532e-02  -1.252929563544e+02  -6.894347192556e+00
 -1.268046997884e+00    8.908868138697e-03  -1.210018082841e+02  -6.894347192556e+00
 -1.279260201140e+00   -1.056121391383e-02  -8.627231410242e+00  -1.133113382089e+00
 -1.377103453686e+00   -2.215588538512e-02  -1.827562806113e+01  -1.133113382089e+00
 -1.451148877845e+00   -1.844636971635e-02  -1.134025651808e+01  -1.133113382089e+00
 -2.111148521824e-02   -9.959361033286e-04  -9.047109477064e+01  -9.633290071320e+00
 -1.473774049792e+00    2.728771192290e-02  -8.199507371400e+01  -9.633290071320e+00
 -9.719430440577e-04   -8.312541065322e-04  -8.038603123456e+01  -9.633290071320e+00
 -3.964798621899e-02    6.270367579947e-04  -9.147900682944e+01   7.809612015109e+00
 -1.669036036117e+00    1.904942366007e-02  -9.201696661148e+01   7.809612015109e+00
 -1.279610450333e+00    1.615114921780e-02  -1.014411983901e+02   7.809612015109e+00
 -1.655752199075e+00    1.940019003423e-02  -9.205291069089e+01  -7.707258925921e+00
 -4.203228079239e-02   -7.926259401700e-04  -9.108906225373e+01  -7.707258925921e+00
 -1.433138976354e+00    6.350979864437e-03  -1.030613448691e+02  -7.707258925921e+00
 -1.314766060194e+00    3.423663651158e-05  -5.264290407722e+01   2.017886981335e+00
 -1.528894474553e+00   -4.279484731819e-03  -5.807123290098e+01   2.017886981335e+00
 -1.310395887446e+00   -1.517900278060e-02  -6.358819531193e+01   2.017886981335e+00
 -1.324251140525e+00   -7.338640687607e-03  -3.726264878324e+01  -9.625269441580e+00
  4.709037212069e-04    1.603318234315e-04  -3.719513940868e+01  -9.625269441580e+00
 -1.582684582135e-02   -6.094572387025e-04  -4.660426000802e+01  -9.625269441580e+00
 -1.169424176076e+00    1.971751911719e-02  -7.353629225184e+01   2.609545271216e+00
 -1.527472489593e+00    1.999401111596e-02  -7.002273380217e+01   2.609545271216e+00
 -1.473053716545e+00    3.313996771196e-02  -8.246544279923e+01   2.609545271216e+00
 -1.516644354244e+00   -3.497358936913e-03  -5.750360706454e+01  -7.480622640066e+00
 -4.944921493500e-02    2.343566998004e-03  -6.981998009460e+01  -7.480622640066e+00
 -1.540797227718e+00    1.891890653430e-02  -6.997210508350e+01  -7.480622640066e+00
 -1.305492359360e+00    3.918812414743e-05  -5.251946244985e+01   2.058167372826e+00
 -1.364481692016e+00    5.270884889594e-03  -3.871749131698e+01   2.058167372826e+00
 -1.513079354321e+00   -1.478824175553e-03  -4.615657262750e+01   2.058167372826e+00
 -1.544122319712e+00    2.126164470277e-02  -7.024417550066e+01  -7.286769381793e+00
 -4.461048529095e-02    2.863761906495e-04  -7.030606997252e+01  -7.286769381793e+00
 -1.459424432539e+00    2.994577928788e-02  -8.269190679229e+01  -7.286769381793e+00
 -1.464921567331e+00   -1.642310160846e-02  -1.134441465995e+01   9.476493448897e+00
 -1.483664782488e-02   -1.090472046657e-03  -1.879939392172e+01   9.476493448897e+00
 -9.126986748279e-03    1.459037354914e-03  -7.222342324078e+00   9.476493448897e+00
 -1.715480147892e-02    1.326544487087e-03  -1.734959565992e+01  -9.283733723715e+00
 -1.376799052977e+00   -1.978716620413e-02  -1.818549484146e+01  -9.283733723715e+00
 -1.281307342508e+00   -1.134366835402e-02  -8.558884294928e+00  -9.283733723715e+00
 -8.151069966448e-03    6.880759700735e-04  -1.735876047228e+01  -9.806987843702e+00
 -1.290774016425e+00   -1.162495505372e-02  -8.540214228802e+00  -9.806987843702e+00
 -6.619571827428e-03   -6.749979218432e-04  -7.943586371162e+00  -9.806987843702e+00
 -1.436260050032e+00   -2.746345658063e-03  -9.592641523381e-02  -1.263920668408e+00
 -1.288232442958e+00   -1.229290965904e-02  -8.552734068441e+00  -1.263920668408e+00
 -1.441184357399e+00   -1.589929021489e-02  -1.133246785858e+01  -1.263920668408e+00
  9.597376365116e-04   -3.116386691861e-04  -3.693369329004e+01  -9.621471875592e+00
 -1.322196838440e+00   -7.085683776612e-03  -3.772222647826e+01  -9.621471875592e+00
 -2.255370739684e-02   -7.172903725168e-05  -2.809816451639e+01  -9.621471875592e+00
 -1.388535741913e+00   -2.358511317505e-02  -1.828164992035e+01   9.658091613541e-01
 -1.634956305215e+00   -1.300938786203e-02  -2.993218617828e+01   9.658091613541e-01
 -1.264809703434e+00   -3.350491008642e-02  -2.170648079551e+01   9.658091613541e-01
 -1.386888298780e+00   -1.932991988826e-02  -1.799916615700e+01  -9.385521525311e+00
 -5.246949976898e-03    1.153694390380e-03  -1.751621013013e+01  -9.385521525311e+00
 -2.346698276319e-02    6.854928491956e-04  -2.744880356810e+01  -9.385521525311e+00
 -1.393451920843e+00   -2.375849345337e-02  -1.825487645744e+01   9.073053575410e-01
 -1.263415514180e+00   -3.360545676614e-02  -2.143604735565e+01   9.073053575410e-01
 -1.440521167880e+00   -1.857526216947e-02  -1.120090084860e+01   9.073053575410e-01
 -4.711172726519e-03   -5.990556330474e-04  -1.876241902424e+01   1.044847507464e+01
 -1.263558828735e+00   -3.098370968115e-02  -2.131312999157e+01   1.044847507464e+01
 -1.030094999311e-02    1.035010671289e-03  -2.864188702000e+01   1.044847507464e+01
 -3.131894696310e-02    1.908917169829e-03  -2.870483471009e+01   8.744372253568e+00
 -1.251851656491e+00   -3.134187105567e-02  -2.124582919337e+01   8.744372253568e+00
 -1.646191668776e+00   -1.187294531860e-02  -2.978817410398e+01   8.744372253568e+00
 -1.451567981128e+00    7.120296267375e-03  -1.026880269272e+02  -1.001454212733e+01
 -2.738258480657e-03   -9.696688080532e-04  -1.017070121320e+02  -1.001454212733e+01
 -1.385807466066e-02    1.186166435642e-03  -1.122582988206e+02  -1.001454212733e+01
 -1.289964674511e+00    1.566060723416e-02  -1.012013054825e+02   1.116230656967e+00
 -1.441621581224e+00    7.095921770487e-03  -1.026237359490e+02   1.116230656967e+00
 -1.491239283624e+00   -1.226860515094e-02  -1.095310089988e+02   1.116230656967e+00
 -5.237022923750e-03   -2.464336595682e-04  -7.977386983319e+01   1.009479961581e+01
 -1.297138599726e+00    3.096267634842e-02  -8.284546236463e+01   1.009479961581e+01
 -1.424939993329e-02   -2.233747404105e-04  -9.115790608003e+01   1.009479961581e+01
 -1.438739970368e+00    6.508137492482e-03  -1.026175126330e+02   1.511413135834e+00
 -1.295529636617e+00    1.556316266336e-02  -1.009850668192e+02   1.511413135834e+00
 -1.644738885443e+00    1.896568095907e-02  -9.194730551097e+01   1.511413135834e+00
 -1.290377285549e+00    1.741249601833e-02  -1.012706049925e+02   9.801916995738e+00
 -4.020346327542e-03    1.134465386853e-03  -1.007506031337e+02   9.801916995738e+00
 -1.615982350055e-02    3.592280936766e-04  -9.156148759897e+01   9.801916995738e+00
 -1.355617613099e-02    4.028756128797e-04  -2.907923749652e+01   1.049235025495e+01
 -1.385817349283e+00    5.795240910743e-03  -3.879878688475e+01   1.049235025495e+01
 -1.520843206164e-03   -3.352793797344e-05  -4.047298550521e+01   1.049235025495e+01
 -2.164488987740e-03   -4.846340965704e-04  -1.015667529396e+02  -9.996736219532e+00
 -1.449253706841e+00    6.101550755894e-03  -1.029154536010e+02  -9.996736219532e+00
 -1.917664623363e-02   -5.149023567126e-04  -9.112532626825e+01  -9.996736219532e+00
 -1.326967263844e+00   -6.744899657631e-03  -3.738681313601e+01  -8.631522741239e-01
 -1.378869720619e+00    6.037534435462e-03  -3.844315906489e+01  -8.631522741239e-01
 -1.636604175383e+00   -1.111970029549e-02  -2.969630495657e+01  -8.631522741239e-01
 -4.925806639060e-02   -4.249155081061e-06  -2.798985118994e+01  -6.773258553135e+00
 -1.307107495214e+00   -6.598001945044e-03  -3.800586857358e+01  -6.773258553135e+00
 -1.668477418139e+00   -1.230100366213e-02  -2.984505403180e+01  -6.773258553135e+00
 -1.312554441577e+00   -7.091416198193e-03  -3.699776560178e+01  -7.516032782591e+00
 -3.608687635700e-02   -1.492453328477e-03  -4.668422078032e+01  -7.516032782591e+00
 -1.512613684212e+00   -3.340600195521e-03  -4.603982694624e+01  -7.516032782591e+00
 -1.315589416369e+00   -7.256309619103e-04  -5.264431698918e+01   1.034154092846e+01
 -1.311426503810e+00   -1.408510134545e-02  -6.357227478639e+01   1.034154092846e+01
 -1.972832962758e-02    1.070110034873e-04  -6.053693202899e+01   1.034154092846e+01
 -1.536163910589e+00   -3.483791437063e-03  -5.821389461359e+01  -9.037342805067e+00
 -2.150024590080e-02   -1.026656153228e-03  -4.716945792132e+01  -9.037342805067e+00
 -3.323912716299e-03    4.446884471738e-04  -5.844495842303e+01  -9.037342805067e+00
 -2.561483140419e-03    2.020924734402e-04  -4.052434661849e+01   1.048359264029e+01
 -1.381768844466e+00    5.200889106204e-03  -3.873514225896e+01   1.048359264029e+01
 -1.187700592099e-02   -4.538326859123e-04  -5.014601862884e+01   1.048359264029e+01
 -1.290797121331e+00    3.291769133358e-02  -8.331547104648e+01   1.940222535072e+00
 -1.464945968231e+00    3.147753131951e-02  -8.227559473772e+01   1.940222535072e+00
 -1.639269503024e+00    1.941289493540e-02  -9.190341833164e+01   1.940222535072e+00
 -4.174956669874e-02   -3.885572834441e-06  -9.114632969434e+01   8.233324963161e+00
 -1.279066790168e+00    3.109140478250e-02  -8.272422133117e+01   8.233324963161e+00
 -1.666094244083e+00    1.972851643740e-02  -9.191500077309e+01   8.233324963161e+00
 -1.272620190551e-02   -8.505213972008e-04  -7.963420663013e+01   1.024647246402e+01
 -1.147832527646e+00    1.745470219412e-02  -7.379542669047e+01   1.024647246402e+01
 -1.289817328063e+00    3.202430731203e-02  -8.295753244522e+01   1.024647246402e+01
 -1.152029852067e+00    1.499869052997e-02  -7.390744934343e+01   1.119118379593e+01
 -3.607766183039e-03    2.767489870035e-05  -7.961026578065e+01   1.119118379593e+01
 -4.555805169213e-03   -1.045486288376e-03  -7.136133530673e+01   1.119118379593e+01
 -7.021642128980e-03    5.408333221905e-04  -6.049949922758e+01   1.046368854760e+01
 -1.323297264735e+00   -1.443292787985e-02  -6.359779154350e+01   1.046368854760e+01
 -7.926826540475e-03   -4.779914276940e-04  -7.134570627739e+01   1.046368854760e+01
 -1.318007425462e+00   -1.637551738184e-02  -6.378196925517e+01   1.845755753118e+00
 -1.517830105210e+00   -4.361920188203e-03  -5.779047026851e+01   1.845755753118e+00
 -1.530418957275e+00    1.794302649995e-02  -6.993578206445e+01   1.845755753118e+00
 -2.431880385789e-02    1.499778029523e-03  -6.972480359033e+01  -9.046438764555e+00
 -1.536046074478e+00   -2.570362294681e-03  -5.776739914676e+01  -9.046438764555e+00
 -2.652163762135e-03   -4.832800668696e-06  -5.870688900526e+01  -9.046438764555e+00
 -5.572695901260e-04   -1.539276153646e-03  -8.014518552911e+01  -9.639725002043e+00
 -1.474016181022e+00    2.797908567868e-02  -8.240050580227e+01  -9.639725002043e+00
 -2.035616084769e-02    1.597651781916e-05  -7.035873869783e+01  -9.639725002043e+00
 -1.310117869982e+00   -1.522754448753e-02  -6.366637621057e+01   1.046258485820e+01
 -1.139403393648e+00    1.492743607481e-02  -7.392734169754e+01   1.046258485820e+01
 -1.853298328608e-02   -1.370263387008e-03  -7.137098101985e+01   1.046258485820e+01
 -1.304594039358e+00   -1.644650951516e-02  -6.372183660066e+01   3.364589251276e+00
 -1.540650916226e+00    1.919232045198e-02  -6.989709079483e+01   3.364589251276e+00
 -1.144378656100e+00    1.692773726793e-02  -7.379530029034e+01   3.364589251276e+00
 -1.324236340557e+00   -1.004817717953e-03  -5.262564617300e+01   1.033731622974e+01
 -8.925029122700e-03   -1.106030946192e-04  -6.055377768413e+01   1.033731622974e+01
 -6.977852835002e-03   -2.764090445883e-04  -5.011167848254e+01   1.033731622974e+01
 -1.368374533611e+00    5.199641994883e-03  -3.871394121620e+01   1.011308156401e+01
 -1.304889750076e+00   -4.177976094995e-04  -5.254707380667e+01   1.011308156401e+01
 -2.403639247947e-02   -6.747166902331e-04  -5.014437238795e+01   1.011308156401e+01
 -1.516760553889e+00   -3.837524383187e-03  -5.831263176722e+01   1.805300103656e+00
 -1.323876389155e+00    5.814666425916e-04  -5.250493453585e+01   1.805300103656e+00
 -1.500078479808e+00   -1.819964253946e-03  -4.620986875680e+01   1.805300103656e+00
