
 -1.850136625281e-03    2.259478573102e-03  -2.242574567244e+02   1.275356861929e+01
 -5.764425154285e-01    2.082295400948e-03  -2.260275839967e+02   1.275356861929e+01
  3.239583324483e-04   -9.324222534017e-04  -2.249139100589e+02   1.275356861929e+01
 -7.010704454129e-01    9.688872540606e-02  -2.070494687261e+02   2.330520116897e+01
  4.812452805766e-04    5.741053592833e-05  -2.158088356361e+02   2.330520116897e+01
 -1.936272556217e-03   -6.140712770769e-05  -2.067048043339e+02   2.330520116897e+01
 -5.759457206565e-01   -1.236922759453e-03  -2.260406373937e+02   1.351315912282e+01
 -9.420423087052e-01    2.041265209023e-01  -2.256984682198e+02   1.351315912282e+01
 -1.007108497407e+00    2.810843460369e-03  -2.292609095938e+02   1.351315912282e+01
 -9.457995470036e-01    2.022389869644e-01  -2.256404666397e+02   1.276310303229e+01
 -5.728381170240e-01    6.170356973127e-04  -2.261318553593e+02   1.276310303229e+01
 -4.413745798760e-01    8.053300264003e-02  -2.236710448453e+02   1.276310303229e+01
 -1.170558965165e+00    2.531796383636e-01  -2.309709142051e+02   8.996442522998e+00
 -1.007545032015e+00    2.856193731989e-03  -2.293810656842e+02   8.996442522998e+00
 -9.425449144497e-01    2.057003884893e-01  -2.256276063451e+02   8.996442522998e+00
 -1.450034689047e+00   -1.478197082285e-02  -1.136974264355e+01   9.615380981240e+00
 -1.956626928825e-02    1.184978082896e-03  -7.219160099753e+00   9.615380981240e+00
 -1.058262879054e+00    1.496107572269e-02   5.494141566655e-02   9.615380981240e+00
 -4.424665852941e-01    7.930807707617e-02  -2.236555045702e+02   1.218359463325e+01
 -9.058224645119e-01    2.197753037224e-01  -2.212255622336e+02   1.218359463325e+01
 -9.457340987879e-01    2.034366837982e-01  -2.256149307217e+02   1.218359463325e+01
 -1.391423240210e+00   -1.298664310446e-02  -1.259383991841e+02   5.514353701057e+00
 -7.386328035520e-01   -2.823196340975e-02  -1.261266270254e+02   5.514353701057e+00
 -1.192280682329e+00   -2.310230177729e-02  -1.209818213186e+02   5.514353701057e+00
 -5.473937848018e-01    1.066609615371e-01  -2.177167387018e+02   1.168211730237e+01
 -7.016072117503e-01    9.732211269310e-02  -2.070421910984e+02   1.168211730237e+01
 -1.025580028490e+00    2.416289927628e-01  -2.151018010052e+02   1.168211730237e+01
 -2.000317956454e-03   -4.364267396517e-04  -2.217467224686e+02   1.677125138871e+01
 -5.456285078379e-01    1.061122754567e-01  -2.177534576186e+02   1.677125138871e+01
 -4.410203876473e-01    7.989606115887e-02  -2.237133383989e+02   1.677125138871e+01
 -9.071229250845e-01    2.199176698993e-01  -2.212062191287e+02   5.836759051672e+00
 -1.023830675524e+00    2.429225673159e-01  -2.151113333344e+02   5.836759051672e+00
 -1.111777723184e+00    3.304198320215e-01  -2.236127477933e+02   5.836759051672e+00
 -1.023652179069e+00    2.418283439600e-01  -2.151152734980e+02   1.244203580465e+01
 -9.070762081832e-01    2.201057567813e-01  -2.212143699154e+02   1.244203580465e+01
 -5.494884787186e-01    1.064866264487e-01  -2.176829970957e+02   1.244203580465e+01
 -1.183460551172e+00    3.652348952587e-01  -2.175249142084e+02   3.578932851586e+00
 -1.108691015393e+00    3.306348035956e-01  -2.236811872464e+02   3.578932851586e+00
 -1.027734104228e+00    2.428873708697e-01  -2.150481584326e+02   3.578932851586e+00
 -9.069049102263e-01    2.201917490398e-01  -2.212102857455e+02   7.491372632292e+00
 -1.111937205706e+00    3.297695679541e-01  -2.236128297784e+02   7.491372632292e+00
 -9.438644419894e-01    2.040066228079e-01  -2.256554872413e+02   7.491372632292e+00
 -1.184699067221e+00    3.655044218652e-01  -2.174882553103e+02   7.054731464816e-01
 -1.026493348737e+00    2.426849039339e-01  -2.150801895740e+02   7.054731464816e-01
 -1.271116324559e+00    2.676469097166e-01  -2.071171322967e+02   7.054731464816e-01
 -5.473104676069e-01    1.069545947708e-01  -2.177381239910e+02   1.202521251221e+01
 -9.084009762563e-01    2.196196257536e-01  -2.211855367004e+02   1.202521251221e+01
 -4.398312563586e-01    7.936379781640e-02  -2.237241878908e+02   1.202521251221e+01
 -2.111531028906e-03    5.664765097675e-04  -1.797058291498e+02   2.541521446430e+01
 -1.094762969309e-03   -1.005519884868e-03  -1.541790237000e+02   2.541521446430e+01
 -7.650294762878e-01   -4.039981779090e-02  -1.736968363420e+02   2.541521446430e+01
 -1.167459498691e+00    2.536864551796e-01  -2.309540140982e+02   7.524343412809e+00
 -9.458212996781e-01    2.045330818033e-01  -2.256104287330e+02   7.524343412809e+00
 -1.109584544791e+00    3.298606637503e-01  -2.236418010920e+02   7.524343412809e+00
 -1.297496314536e+00    5.607824469305e-03  -2.350652292276e+02   5.054494647986e+00
 -1.163852687981e+00    2.513717875841e-01  -2.309417800601e+02   5.054494647986e+00
 -1.197201958335e+00    1.117879606801e-01  -2.362021931217e+02   5.054494647986e+00
 -1.294249625681e+00    1.609386824084e-03  -2.349951871463e+02   1.126632009810e+01
 -1.010431303643e+00    1.556651498323e-03  -2.293591340671e+02   1.126632009810e+01
 -1.167055830066e+00    2.534065310960e-01  -2.310025059497e+02   1.126632009810e+01
 -1.299065299317e+00    5.394175240215e-03  -2.351282859621e+02   5.284284956869e+00
 -1.196187362048e+00    1.106478200267e-01  -2.361907738731e+02   5.284284956869e+00
 -1.438275866970e+00   -1.802408429723e-03  -2.393437861086e+02   5.284284956869e+00
 -1.191569688103e+00    1.069608625467e-01  -2.361974513885e+02   2.626533409937e+00
 -1.170450606319e+00    2.549301043659e-01  -2.309299345366e+02   2.626533409937e+00
 -9.618816601287e-01    2.313618330201e-01  -2.332942422252e+02   2.626533409937e+00
 -9.168987948691e-01   -1.808353457212e-02  -2.359191610907e+02  -5.894876513770e-01
 -1.194535481006e+00    1.072313990579e-01  -2.360999018911e+02  -5.894876513770e-01
 -9.570903993067e-01    2.297030420364e-01  -2.333677392633e+02  -5.894876513770e-01
 -1.193200356688e+00    1.034675992677e-01  -2.361591493991e+02   1.711305440643e+00
 -1.211070114703e+00   -1.322556651866e-01  -2.360206244417e+02   1.711305440643e+00
 -1.439645963472e+00    4.713817962435e-03  -2.393305424534e+02   1.711305440643e+00
 -1.170441987661e+00    2.540619952871e-01  -2.309107348478e+02  -9.228111846861e-01
 -1.050041430605e+00    3.642449554843e-01  -2.267965440942e+02  -9.228111846861e-01
 -9.618719164602e-01    2.330018238835e-01  -2.333055677043e+02  -9.228111846861e-01
 -8.078379160317e-01    1.149259963251e-02  -1.212844525425e+02  -1.034665493211e+01
 -1.115401538275e+00    1.539950039691e-02  -1.139624577466e+02  -1.034665493211e+01
 -1.250918336771e-02    1.242187528747e-03  -1.127705103685e+02  -1.034665493211e+01
 -7.440111330524e-01    2.946275271456e-01  -2.297962889072e+02  -1.127477523253e+01
 -1.054121498718e+00    3.658141177457e-01  -2.268059312921e+02  -1.127477523253e+01
 -8.893251757337e-01    3.300888173573e-01  -2.206611700916e+02  -1.127477523253e+01
 -1.054687523395e+00    3.646740247321e-01  -2.267421641279e+02   1.528941925461e+00
 -1.165257250627e+00    2.531216333488e-01  -2.309935005623e+02   1.528941925461e+00
 -1.111865541892e+00    3.309644218982e-01  -2.236112272027e+02   1.528941925461e+00
 -3.286127304317e-01    9.212186779375e-02  -2.376892904997e+02  -1.201701887793e+01
 -6.377877512681e-01    1.682326008294e-01  -2.358959818449e+02  -1.201701887793e+01
 -3.862965236243e-01    1.714247301961e-01  -2.322963962685e+02  -1.201701887793e+01
 -6.372694335324e-01    1.674957026618e-01  -2.358264993315e+02  -8.135403552134e+00
 -9.583960650998e-01    2.312089645255e-01  -2.333900755804e+02  -8.135403552134e+00
 -7.409443467484e-01    2.944556523891e-01  -2.299101027738e+02  -8.135403552134e+00
 -7.424740997296e-01    2.942179094114e-01  -2.298473219342e+02  -1.348102166986e+01
 -3.883429323448e-01    1.717518909657e-01  -2.322639200929e+02  -1.348102166986e+01
 -6.360424655373e-01    1.681069046379e-01  -2.359200961504e+02  -1.348102166986e+01
 -6.373489733687e-01    1.670574838342e-01  -2.358519108282e+02  -1.820625412132e+00
 -9.147812665457e-01   -1.929488994567e-02  -2.359953977134e+02  -1.820625412132e+00
 -9.580097163976e-01    2.308136848720e-01  -2.333626630986e+02  -1.820625412132e+00
 -1.182856434533e+00    3.665404096242e-01  -2.175188584689e+02  -8.112984641045e+00
 -8.928784771879e-01    3.300908362151e-01  -2.205933826780e+02  -8.112984641045e+00
 -1.051067538673e+00    3.657908446464e-01  -2.268758658868e+02  -8.112984641045e+00
 -7.436236346727e-01    2.944348408490e-01  -2.298574474832e+02  -5.135418444891e+00
 -9.564184159216e-01    2.315828515002e-01  -2.334381154013e+02  -5.135418444891e+00
 -1.053772093382e+00    3.654831187675e-01  -2.267447815087e+02  -5.135418444891e+00
 -1.178676579740e+00    3.659015992445e-01  -2.175923312817e+02  -2.176248959230e+00
 -1.054973435599e+00    3.656558642481e-01  -2.267317087632e+02  -2.176248959230e+00
 -1.112272607121e+00    3.304963763621e-01  -2.236061119187e+02  -2.176248959230e+00
 -6.362834058066e-01    1.667401517430e-01  -2.358577138924e+02  -4.963405152831e+00
 -3.293863002318e-01    9.315520177402e-02  -2.377352389136e+02  -4.963405152831e+00
 -6.024399827485e-01   -1.420282441405e-02  -2.379912642419e+02  -4.963405152831e+00
 -1.278062588883e+00    2.667290254976e-01  -2.070211174992e+02   8.372240460573e+00
 -1.020898955305e+00    2.424719372571e-01  -2.152018992635e+02   8.372240460573e+00
 -7.099887173989e-01    9.697172133371e-02  -2.069221437307e+02   8.372240460573e+00
 -1.438218899459e+00   -1.512832955217e-02  -1.142575384444e+01   3.817982227450e+00
 -1.063302756400e+00    1.479326884237e-02  -1.833734048338e-02   3.817982227450e+00
 -1.441711616449e+00   -2.896722048181e-03  -1.434018265747e-01   3.817982227450e+00
 -1.299245763614e+00    1.375063992067e-01  -1.955159379620e+02   7.984477989590e+00
 -7.588071607043e-01    3.906165293795e-02  -1.913942129403e+02   7.984477989590e+00
 -1.290936485350e+00    4.413637634182e-03  -1.826765606428e+02   7.984477989590e+00
 -1.296458234904e+00    1.407188631721e-01  -1.955777729643e+02   6.068478496489e+00
 -1.279701130406e+00    2.656916529856e-01  -2.069792594451e+02   6.068478496489e+00
 -7.091868064242e-01    9.851582175341e-02  -2.069433974654e+02   6.068478496489e+00
 -1.183335934988e+00    3.669781016394e-01  -2.176070522320e+02  -1.256373861635e+01
 -1.034152714360e+00    2.742725871686e-01  -2.092485876202e+02  -1.256373861635e+01
 -8.930278686245e-01    3.298003920388e-01  -2.205088676853e+02  -1.256373861635e+01
 -1.037873118362e+00    2.741641646738e-01  -2.091719457575e+02  -9.070034852899e+00
 -1.180045131368e+00    3.666734603224e-01  -2.176878153015e+02  -9.070034852899e+00
 -1.275990077090e+00    2.678193814389e-01  -2.070193252130e+02  -9.070034852899e+00
 -1.137299504999e+00    1.547570585015e-01  -1.964491385448e+02  -1.222807074510e+01
 -1.037778498043e+00    2.731771107793e-01  -2.090654478807e+02  -1.222807074510e+01
 -1.276783695390e+00    2.689902109593e-01  -2.071273117404e+02  -1.222807074510e+01
 -5.480121125719e-01    1.664104257767e-01  -2.110806815953e+02  -2.631780843044e+01
 -8.916891970979e-01    3.298868869095e-01  -2.206801751493e+02  -2.631780843044e+01
 -1.035600727704e+00    2.738548324519e-01  -2.091260448558e+02  -2.631780843044e+01
 -1.273791044907e+00    2.689407146603e-01  -2.072106863370e+02  -8.117864615820e+00
 -1.302097081735e+00    1.384347395874e-01  -1.954645585534e+02  -8.117864615820e+00
 -1.140464637171e+00    1.541845348721e-01  -1.963705455182e+02  -8.117864615820e+00
 -1.300908715539e+00    1.395229742301e-01  -1.955210850498e+02   1.101317331829e+01
 -7.033483172098e-01    9.936855285192e-02  -2.070514101268e+02   1.101317331829e+01
 -7.560228092888e-01    3.741218234986e-02  -1.914019411898e+02   1.101317331829e+01
 -1.181144521427e+00    5.008758028049e-03  -1.829008469158e+02  -1.093533141372e+01
 -1.139546948803e+00    1.525237319885e-01  -1.962462751081e+02  -1.093533141372e+01
 -1.303655785515e+00    1.400603767480e-01  -1.955848448171e+02  -1.093533141372e+01
 -2.195988318760e-03    1.244741446646e-03  -1.827051392140e+02  -4.707470180434e+01
 -6.566133880862e-01   -8.250586086103e-05  -1.828572353651e+02  -4.707470180434e+01
 -2.063038469500e-03   -2.872124666596e-03  -1.682362890784e+02  -4.707470180434e+01
 -1.142086814812e+00    1.533437516567e-01  -1.964156425958e+02  -2.961379468052e+01
 -6.540450093932e-01    2.075692290467e-03  -1.828774034085e+02  -2.961379468052e+01
 -6.148896076685e-01    9.958909328098e-02  -1.972727174818e+02  -2.961379468052e+01
 -6.573859424720e-01    1.914773781957e-03  -1.828685026835e+02  -2.972260421214e+01
 -1.139239981373e+00    1.529557989806e-01  -1.964320213314e+02  -2.972260421214e+01
 -1.178562451290e+00    3.231625045416e-03  -1.827224071619e+02  -2.972260421214e+01
 -6.150157910825e-01    9.847365203661e-02  -1.973770896538e+02  -5.057992089550e+01
 -6.530031072533e-01    4.224280848850e-03  -1.826953607329e+02  -5.057992089550e+01
 -4.736616098123e-03    2.872866090199e-03  -1.974016569534e+02  -5.057992089550e+01
 -1.139076295624e+00    1.538749768127e-01  -1.963045422589e+02  -2.901507886746e+01
 -6.172914520038e-01    9.948443145318e-02  -1.973972718991e+02  -2.901507886746e+01
 -1.036005032056e+00    2.732010074047e-01  -2.092524089212e+02  -2.901507886746e+01
 -1.136935084963e+00   -1.446197514188e-01  -1.690975220892e+02  -2.958849929776e+01
 -6.571936251506e-01    2.409713902194e-03  -1.826871849448e+02  -2.958849929776e+01
 -1.178631904824e+00    2.153410773429e-03  -1.827696124917e+02  -2.958849929776e+01
 -1.185143799617e+00    4.293289804188e-03  -1.828479166487e+02  -7.301250363880e+00
 -1.300079287860e+00    1.404389154508e-01  -1.956545683322e+02  -7.301250363880e+00
 -1.290489039793e+00    2.093609535753e-03  -1.826049474746e+02  -7.301250363880e+00
 -7.556635107465e-01    4.030296484948e-02  -1.914203838423e+02   1.150777947081e+01
 -7.611665936858e-01   -4.054911464518e-02  -1.736741168002e+02   1.150777947081e+01
 -1.294188261561e+00    2.982241711335e-03  -1.826528293860e+02   1.150777947081e+01
 -5.454386688055e-01    1.659714223152e-01  -2.109719819237e+02  -2.808666797881e+01
 -1.038752259698e+00    2.738540819009e-01  -2.092265427397e+02  -2.808666797881e+01
 -6.140408665292e-01    9.920961825490e-02  -1.974254298490e+02  -2.808666797881e+01
 -9.030154925110e-05    3.972106164166e-04  -2.322182625323e+02  -2.712388394105e+01
 -3.907991869117e-01    1.727132375621e-01  -2.323174921106e+02  -2.712388394105e+01
 -2.862020920720e-03    1.599445565321e-03  -2.233725138456e+02  -2.712388394105e+01
 -3.871393519211e-01    1.707813995432e-01  -2.322048888451e+02  -1.933696162344e+01
 -7.447142156748e-01    2.954124125146e-01  -2.299083335164e+02  -1.933696162344e+01
 -4.672516268460e-01    1.951663408396e-01  -2.230476852452e+02  -1.933696162344e+01
 -6.433674836101e-01    8.649423897185e-02  -1.390060611335e+02  -1.606105628212e+01
 -2.797423455207e-04   -1.044266577530e-03  -1.310562368206e+02  -1.606105628212e+01
 -1.873699862093e-03    3.366244028368e-04  -1.390234700869e+02  -1.606105628212e+01
 -2.518339246820e-03    3.626031197620e-03  -2.385443243636e+02  -8.716158447013e+00
 -3.115365951331e-01   -6.797756255267e-03  -2.397691002995e+02  -8.716158447013e+00
 -3.278272422532e-01    9.089554006000e-02  -2.377091230939e+02  -8.716158447013e+00
 -1.680593601957e-03    1.441561668409e-03  -2.323021914100e+02  -2.197305337483e+01
  8.076563959627e-04   -1.029066837458e-03  -2.384824596849e+02  -2.197305337483e+01
 -3.876393630983e-01    1.706244383856e-01  -2.322325985668e+02  -2.197305337483e+01
 -7.251497388073e-01   -1.411161869359e-01  -2.156514216417e+02  -1.685148888874e+01
 -3.185881497445e-03    5.695369444878e-04  -2.202462531160e+02  -1.685148888874e+01
 -5.772817216891e-01   -1.033256266637e-01  -2.212353627046e+02  -1.685148888874e+01
 -3.886962235199e-01    1.716919285780e-01  -2.323293764708e+02  -3.356467048583e+01
 -4.666579849360e-01    1.944353837667e-01  -2.229488310182e+02  -3.356467048583e+01
 -4.933944056074e-03    2.733031504885e-03  -2.233329195894e+02  -3.356467048583e+01
 -9.017878679753e-04   -1.919629849605e-04  -2.384676490610e+02  -1.733717005782e+01
 -3.289518813182e-01    9.296057510510e-02  -2.377267081332e+02  -1.733717005782e+01
 -3.854220742343e-01    1.697975808976e-01  -2.322462794372e+02  -1.733717005782e+01
 -3.452762063795e-03   -4.303116588907e-04  -1.975852563899e+02  -4.385238719986e+01
 -5.906370711749e-04    2.718706428804e-03  -2.112990793056e+02  -4.385238719986e+01
 -6.156519862721e-01    1.015489844220e-01  -1.972657483750e+02  -4.385238719986e+01
 -1.369594940855e-03    2.537732232519e-03  -1.973816652124e+02  -4.705623462605e+01
 -6.565372649238e-01    4.206821913193e-03  -1.826955618675e+02  -4.705623462605e+01
 -2.365854037047e-03   -1.085092321193e-03  -1.828669989860e+02  -4.705623462605e+01
 -9.690181420809e-01   -5.335919502291e-02  -1.901251933478e+02  -1.974509439261e+01
 -7.571618950490e-03   -1.091707120171e-03  -2.050813421695e+02  -1.974509439261e+01
 -8.615657042835e-01   -1.269317213149e-01  -2.048358641771e+02  -1.974509439261e+01
 -6.562166639647e-04    1.396914759044e-03  -2.231679866303e+02  -3.561861176651e+01
 -4.710159832382e-01    1.952236335238e-01  -2.230623796271e+02  -3.561861176651e+01
 -4.042911040997e-03    5.126790012746e-04  -2.116022754337e+02  -3.561861176651e+01
 -4.129127692499e-03    3.958771590222e-03  -2.113130652868e+02  -4.582253174325e+01
 -5.454981352162e-01    1.647358605386e-01  -2.110678854979e+02  -4.582253174325e+01
 -6.123720722782e-01    1.009042584730e-01  -1.972696783401e+02  -4.582253174325e+01
 -7.556857390571e-01    3.802032747260e-02  -1.914161186345e+02   2.325425891559e+01
 -7.338299470584e-03   -9.735169405408e-04  -1.797804659746e+02   2.325425891559e+01
 -7.603756251588e-01   -3.876327778710e-02  -1.736763643785e+02   2.325425891559e+01
 -5.484573833122e-01    1.058375194702e-01  -2.177159377750e+02   1.824674892231e+01
  4.326642356429e-04   -2.739748144312e-04  -2.217954721119e+02   1.824674892231e+01
 -2.124059114763e-03    7.603722388401e-05  -2.158111262017e+02   1.824674892231e+01
 -7.371548366408e-03    1.812199769298e-03  -2.115655864372e+02  -4.159951832534e+01
 -4.683810078740e-01    1.942005065189e-01  -2.230784733484e+02  -4.159951832534e+01
 -5.436325726667e-01    1.658162126991e-01  -2.109847568877e+02  -4.159951832534e+01
 -4.669882237277e-01    1.947226448582e-01  -2.229415779167e+02  -2.465033765377e+01
 -8.940187025005e-01    3.304961616161e-01  -2.206556492514e+02  -2.465033765377e+01
 -5.451183134674e-01    1.658638616700e-01  -2.111075442080e+02  -2.465033765377e+01
 -7.039663002373e-01    9.655121874208e-02  -2.070789518268e+02   2.328752358426e+01
 -7.306736055103e-03   -1.570925495653e-03  -1.943117640451e+02   2.328752358426e+01
 -7.539880622376e-01    3.906594208938e-02  -1.914005939399e+02   2.328752358426e+01
 -1.185087340917e+00    1.114524490087e-03  -1.826436611470e+02  -7.160991751167e+00
 -1.290504624600e+00    3.731867042045e-03  -1.826981203914e+02  -7.160991751167e+00
 -1.300645475844e+00   -1.306155775773e-01  -1.696927153810e+02  -7.160991751167e+00
 -4.694381032418e-01    1.956310840196e-01  -2.230235619434e+02  -2.090862373940e+01
 -7.428090775288e-01    2.950509728737e-01  -2.299306785219e+02  -2.090862373940e+01
 -8.907812308821e-01    3.297722279694e-01  -2.205710465815e+02  -2.090862373940e+01
  2.117159559391e-04    4.869371965631e-04  -2.066936132395e+02   2.351505831252e+01
 -4.310664564790e-03   -1.122719010806e-03  -1.943396228952e+02   2.351505831252e+01
 -7.064099232066e-01    9.578560744506e-02  -2.070624025637e+02   2.351505831252e+01
 -3.132094063308e-01   -6.583397362975e-03  -2.397596994389e+02  -2.601801134782e+00
 -9.324711246665e-04    2.991833839656e-03  -2.385720776177e+02  -2.601801134782e+00
 -3.993729994880e-04   -1.249810623022e-03  -2.398949513457e+02  -2.601801134782e+00
 -1.225946951367e+00   -3.033018725395e-01  -2.301564030764e+02  -2.022718234403e+00
 -1.208889928058e+00   -1.373914024702e-01  -2.359854674736e+02  -2.022718234403e+00
 -9.861801805467e-01   -2.732194931131e-01  -2.328255943871e+02  -2.022718234403e+00
 -1.211100886229e+00   -1.334404781677e-01  -2.359994385509e+02  -2.615146752372e+00
 -1.439528796324e+00   -4.332958246901e-03  -2.380860971054e+02  -2.615146752372e+00
 -1.440344206448e+00    5.514385672427e-03  -2.393943363322e+02  -2.615146752372e+00
 -1.437213168862e+00    1.082036032025e-03  -2.380344845042e+02  -9.032692860154e+00
 -1.217007034991e+00   -3.003387808353e-01  -2.302453139916e+02  -9.032692860154e+00
 -1.297035046703e+00   -2.596662118347e-03  -2.322500878544e+02  -9.032692860154e+00
 -1.218330039576e+00   -2.997294512382e-01  -2.302251116022e+02  -2.917993671756e+00
 -1.435995087283e+00   -2.513514995067e-04  -2.380492603053e+02  -2.917993671756e+00
 -1.213080913177e+00   -1.400762143599e-01  -2.359722063667e+02  -2.917993671756e+00
 -1.293795440767e+00   -1.503864244969e-03  -2.322612139172e+02  -1.221577776237e+01
 -1.223840552148e+00   -3.024215790139e-01  -2.302159134052e+02  -1.221577776237e+01
 -1.011467338052e+00   -1.402513484901e-03  -2.263740740099e+02  -1.221577776237e+01
 -8.307812602695e-03    4.088009404976e-04  -7.246762006580e+00   1.040195709986e+01
  7.549169417839e-05   -2.204753514739e-04  -4.138255855258e-02   1.040195709986e+01
 -1.066641186079e+00    1.490290506505e-02   2.176582202259e-02   1.040195709986e+01
 -1.212080059473e+00   -1.379614242798e-01  -2.358991255221e+02   1.062287139149e+00
 -9.169457588009e-01   -2.155070654776e-02  -2.359242675117e+02   1.062287139149e+00
 -9.812772562683e-01   -2.714881701696e-01  -2.329006017920e+02   1.062287139149e+00
 -1.211086587326e+00   -1.381625987630e-01  -2.359872157475e+02   2.472094700278e-01
 -1.193435349440e+00    1.076551305881e-01  -2.361710866900e+02   2.472094700278e-01
 -9.188831870663e-01   -1.990176684101e-02  -2.358564652788e+02   2.472094700278e-01
 -6.501915910092e-01   -1.985107381531e-01  -2.355870356229e+02   2.886946667232e+00
 -9.821369554702e-01   -2.725278240727e-01  -2.329019676272e+02   2.886946667232e+00
 -9.148725686619e-01   -2.037255649506e-02  -2.359968901112e+02   2.886946667232e+00
 -7.672061317869e-01   -3.234196240570e-01  -2.292277659551e+02   1.522798329623e+01
 -6.490196905999e-01   -1.995461348802e-01  -2.356622942066e+02   1.522798329623e+01
 -3.962029459643e-01   -1.824242436129e-01  -2.315735161252e+02   1.522798329623e+01
 -9.806720813831e-01   -2.734434102606e-01  -2.329806321882e+02   6.380139574794e+00
 -7.684637087066e-01   -3.238710340211e-01  -2.292453325351e+02   6.380139574794e+00
 -1.101665203280e+00   -4.098115279966e-01  -2.258993652644e+02   6.380139574794e+00
 -7.657776910554e-01   -3.238045129774e-01  -2.292961962279e+02   9.145484756038e+00
 -9.826418679434e-01   -2.731392232281e-01  -2.329330809452e+02   9.145484756038e+00
 -6.500353909903e-01   -1.987833435965e-01  -2.355602103501e+02   9.145484756038e+00
 -1.253770821589e+00   -4.083307758118e-01  -2.164345146442e+02   9.510646435058e+00
 -1.098993370874e+00   -4.101412546521e-01  -2.260315233213e+02   9.510646435058e+00
 -9.301235908417e-01   -3.582735853585e-01  -2.198350498085e+02   9.510646435058e+00
 -9.860754866501e-01   -2.747106965526e-01  -2.328468226199e+02   1.747258058183e+00
 -1.098029107746e+00   -4.087242442268e-01  -2.259474760332e+02   1.747258058183e+00
 -1.226045794035e+00   -3.024417490336e-01  -2.301192359527e+02   1.747258058183e+00
 -6.489631609955e-01   -1.980746658567e-01  -2.355991707750e+02   6.258745434533e+00
 -6.025330252521e-01   -1.637838558718e-02  -2.379880541446e+02   6.258745434533e+00
 -3.353373148519e-01   -1.113657384729e-01  -2.376444962607e+02   6.258745434533e+00
 -6.480847270996e-01   -1.984081781363e-01  -2.356349353799e+02   3.548669138669e+00
 -9.169323661621e-01   -2.015040684100e-02  -2.359474397910e+02   3.548669138669e+00
 -6.031907512543e-01   -1.554385029485e-02  -2.379160333722e+02   3.548669138669e+00
 -9.168448196366e-01   -1.964775341285e-02  -2.359478545405e+02  -2.647206124461e+00
 -6.352581379035e-01    1.670535372402e-01  -2.358976721033e+02  -2.647206124461e+00
 -6.032325413044e-01   -1.503098320798e-02  -2.379158919175e+02  -2.647206124461e+00
 -1.220827978037e+00   -3.014852800074e-01  -2.301874359520e+02  -6.015390884185e-01
 -1.102704777104e+00   -4.091954530183e-01  -2.259006610424e+02  -6.015390884185e-01
 -1.190627975832e+00   -3.799911402634e-01  -2.222899310974e+02  -6.015390884185e-01
 -1.007009499431e+00   -3.340519499913e-03  -2.263162309170e+02  -1.419568937161e+01
 -1.034263762488e+00   -2.403839364283e-01  -2.237956376128e+02  -1.419568937161e+01
 -5.765723634456e-01    2.210750771894e-03  -2.230030663121e+02  -1.419568937161e+01
 -1.009227646478e+00   -2.811916276249e-03  -2.264052977068e+02  -8.854233861863e+00
 -1.226767765687e+00   -3.017736948588e-01  -2.301596347091e+02  -8.854233861863e+00
 -1.032994950908e+00   -2.429773693803e-01  -2.237399360757e+02  -8.854233861863e+00
 -5.753223002689e-01   -1.999926215016e-03  -2.229923321700e+02  -1.465741471166e+01
 -5.755451499751e-01   -1.022514113172e-01  -2.212467955140e+02  -1.465741471166e+01
  5.431634983661e-04    2.692759806219e-03  -2.230940259618e+02  -1.465741471166e+01
 -5.783926762149e-01   -1.059102961190e-01  -2.211940595736e+02  -1.189644625409e+01
 -5.738694641485e-01    9.589733104528e-04  -2.230788751658e+02  -1.189644625409e+01
 -1.037615926163e+00   -2.390011956440e-01  -2.237402706916e+02  -1.189644625409e+01
 -7.326415264433e-01   -1.407758393488e-01  -2.156247874446e+02  -1.828577751203e+01
 -6.547524260260e-03    1.309954063238e-04  -2.052447287549e+02  -1.828577751203e+01
  1.652075591717e-03    1.525198093807e-04  -2.203601860963e+02  -1.828577751203e+01
 -4.373921704156e-03    4.328276853034e-04  -1.127496189794e+02  -1.159474886208e+01
 -2.749763178149e-04   -3.465757270821e-04  -1.208925042696e+02  -1.159474886208e+01
 -8.123041002807e-01    1.164925781058e-02  -1.212785752821e+02  -1.159474886208e+01
 -1.037095775525e+00   -2.407537734339e-01  -2.237206427931e+02  -1.153162510698e+01
 -1.020193868630e+00   -2.618441542032e-01  -2.193175119994e+02  -1.153162510698e+01
 -5.797546798096e-01   -1.042121515718e-01  -2.211761980911e+02  -1.153162510698e+01
 -7.013984121736e-01   -2.651317810901e-02  -1.221231231095e+02   1.168742070232e+01
  2.217059696396e-04    5.028121452281e-04  -1.213362139534e+02   1.168742070232e+01
 -3.880781626961e-03   -3.562144942177e-04  -1.136640675539e+02   1.168742070232e+01
 -1.187375446001e+00   -3.796036713065e-01  -2.223577122952e+02  -2.233456075618e+00
 -1.254462364254e+00   -4.071045878610e-01  -2.164410700639e+02  -2.233456075618e+00
 -1.147672434987e+00   -2.858637959677e-01  -2.134300206145e+02  -2.233456075618e+00
 -1.249627345000e+00   -4.076856099440e-01  -2.165057101212e+02   3.237573091174e+00
 -1.191104061974e+00   -3.795518760221e-01  -2.222865047171e+02   3.237573091174e+00
 -1.102851930691e+00   -4.100520044736e-01  -2.258906225579e+02   3.237573091174e+00
 -1.021434720635e+00   -2.622475595244e-01  -2.193029237087e+02  -1.077066497083e+01
 -1.143977678314e+00   -2.848583929589e-01  -2.135062306959e+02  -1.077066497083e+01
 -7.260868622890e-01   -1.415649279825e-01  -2.155982172696e+02  -1.077066497083e+01
 -1.144001328912e+00   -2.859044536973e-01  -2.134945657717e+02  -4.797259152406e+00
 -1.021641567315e+00   -2.620772459373e-01  -2.193019585618e+02  -4.797259152406e+00
 -1.190250840188e+00   -3.793872075575e-01  -2.222897660922e+02  -4.797259152406e+00
 -7.242678714824e-01   -1.419500271982e-01  -2.156479008287e+02  -1.015277116895e+01
 -1.145962564036e+00   -2.845752471140e-01  -2.134923862337e+02  -1.015277116895e+01
 -8.622803993314e-01   -1.283059566478e-01  -2.048395731197e+02  -1.015277116895e+01
 -1.022623356941e+00   -2.618682592674e-01  -2.192720829335e+02  -1.086954598217e+01
 -7.245593193651e-01   -1.419187834473e-01  -2.156449810097e+02  -1.086954598217e+01
 -5.769871793409e-01   -1.037002891658e-01  -2.212470898735e+02  -1.086954598217e+01
 -1.255600243506e+00   -4.073005621134e-01  -2.164037909058e+02   6.812727968145e-01
 -1.364740875797e+00   -3.027475442130e-01  -2.059317286134e+02   6.812727968145e-01
 -1.146512020659e+00   -2.857340830920e-01  -2.134632242052e+02   6.812727968145e-01
 -1.190659243284e+00   -3.789451931945e-01  -2.222967104380e+02  -6.648485111415e+00
 -1.021211717303e+00   -2.622012751470e-01  -2.193006843914e+02  -6.648485111415e+00
 -1.035006052697e+00   -2.415826670699e-01  -2.237712990401e+02  -6.648485111415e+00
 -1.222917192595e+00   -3.019805901463e-01  -2.301417477515e+02  -6.993593559991e+00
 -1.188483082649e+00   -3.790630685722e-01  -2.223248831688e+02  -6.993593559991e+00
 -1.036638923363e+00   -2.420985664078e-01  -2.237289000278e+02  -6.993593559991e+00
 -7.291090097818e-01   -1.414603476771e-01  -2.156744195779e+02  -2.097162958627e+01
 -8.579850185180e-01   -1.279404094113e-01  -2.048206321396e+02  -2.097162958627e+01
 -1.187125652442e-02    7.925545770705e-04  -2.051412617428e+02  -2.097162958627e+01
 -1.102098189636e+00   -4.102184379936e-01  -2.259628790508e+02   1.253579500961e+01
 -7.687145397637e-01   -3.239114518620e-01  -2.291815114855e+02   1.253579500961e+01
 -9.265424653489e-01   -3.582052828943e-01  -2.199000738309e+02   1.253579500961e+01
 -2.258673616239e-02   -6.034630607038e-04  -1.891034407060e+01   1.007545772668e+01
 -1.457652021567e+00   -1.784405839431e-02  -1.140817424941e+01   1.007545772668e+01
 -1.253245402048e+00   -3.240498480439e-02  -2.151658542636e+01   1.007545772668e+01
 -3.116988170080e-01   -1.072489394714e-02  -2.397771356579e+02   1.049272661714e+01
 -2.061631875595e-03   -3.024171837338e-03  -2.381574990515e+02   1.049272661714e+01
 -3.341813110905e-01   -1.094367209674e-01  -2.376226369681e+02   1.049272661714e+01
 -3.132667528622e-01   -1.089433096615e-02  -2.397662580059e+02   3.819119532536e+00
 -4.220967537644e-04    1.021024577445e-03  -2.398907883175e+02   3.819119532536e+00
 -7.600250381885e-04   -2.654741243256e-03  -2.381909290808e+02   3.819119532536e+00
 -3.348852876191e-01   -1.119497576444e-01  -2.377049741101e+02   2.345657647058e+01
 -4.287145327238e-03   -4.162192435644e-03  -2.324512804351e+02   2.345657647058e+01
 -3.935304295736e-01   -1.802493751357e-01  -2.315198148606e+02   2.345657647058e+01
 -4.797231461817e-01   -2.093057447701e-01  -2.223134979636e+02   3.112003964917e+01
 -3.954647283569e-01   -1.814414283022e-01  -2.315674195109e+02   3.112003964917e+01
 -1.018169752771e-03   -2.002669072002e-03  -2.322976071272e+02   3.112003964917e+01
 -4.845764543542e-01   -2.104491053999e-01  -2.223747856058e+02   2.250494504714e+01
 -9.280417891060e-01   -3.579526133815e-01  -2.198092234598e+02   2.250494504714e+01
 -7.674756532740e-01   -3.241576560141e-01  -2.293135375940e+02   2.250494504714e+01
 -4.818500269737e-01   -2.099055403178e-01  -2.224075926218e+02   2.084270080514e+01
 -7.696656592132e-01   -3.246030079033e-01  -2.292887846954e+02   2.084270080514e+01
 -3.946341849592e-01   -1.813027139064e-01  -2.315051916480e+02   2.084270080514e+01
 -2.321856528356e-03   -2.887106185248e-03  -2.324859042943e+02   1.690217142045e+01
 -3.365933500427e-01   -1.127182124096e-01  -2.376865276533e+02   1.690217142045e+01
 -1.288349895339e-04    3.682388524172e-04  -2.380712842596e+02   1.690217142045e+01
 -6.508114523147e-01   -1.998324884905e-01  -2.356404072840e+02   1.313886932569e+01
 -3.340814994721e-01   -1.101329531287e-01  -2.376111154001e+02   1.313886932569e+01
 -3.941031540405e-01   -1.818641823563e-01  -2.315988802875e+02   1.313886932569e+01
  1.170127746850e-03   -5.950104692693e-04  -2.323012922873e+02   3.314226480001e+01
 -3.007510891750e-03   -1.341559356701e-03  -2.227607462963e+02   3.314226480001e+01
 -4.821250805139e-01   -2.102670689470e-01  -2.222995918712e+02   3.314226480001e+01
 -7.625166179560e-01   -3.999921501538e-02  -1.736787462284e+02   2.149665167411e+01
 -3.717752681506e-03   -1.439551271013e-03  -1.542118824775e+02   2.149665167411e+01
 -6.956147725366e-01   -8.324491162347e-02  -1.580855542309e+02   2.149665167411e+01
 -1.459062183039e+00    2.873003275655e-02  -8.215832514095e+01  -7.845883461814e+00
 -4.452312996024e-02   -1.738340550618e-03  -9.098632050381e+01  -7.845883461814e+00
 -1.654728777620e+00    2.006705610878e-02  -9.233437402735e+01  -7.845883461814e+00
 -5.750691024984e-01    2.988591869670e-03  -2.260693638547e+02   1.573059468424e+01
 -2.631126499131e-03    1.671810563317e-03  -2.242380522815e+02   1.573059468424e+01
 -4.388664948755e-01    7.891549291678e-02  -2.237118803686e+02   1.573059468424e+01
 -5.806899895520e-01   -1.818512350887e-01  -2.105969431256e+02   4.382255944360e+01
 -1.017379886723e-03   -1.545878268303e-03  -2.104285033873e+02   4.382255944360e+01
 -3.451476567918e-03    1.053394621193e-03  -1.969287423916e+02   4.382255944360e+01
 -5.772765792254e-01   -1.841731740481e-01  -2.104506240795e+02   4.112991302934e+01
  6.888187320858e-04   -1.707841823201e-03  -2.226351318535e+02   4.112991302934e+01
 -2.782589055209e-03   -2.924061492601e-04  -2.105726844398e+02   4.112991302934e+01
 -5.795825038255e-01   -8.421903468326e-02  -1.459207300848e+02   1.705367520923e+01
 -9.511116027069e-04    8.491530250764e-04  -1.386351918851e+02   1.705367520923e+01
 -4.851713894471e-01   -6.475951239292e-02  -1.381602575232e+02   1.705367520923e+01
 -4.835065137642e-01   -2.092881342234e-01  -2.223649505657e+02   4.154873960210e+01
 -2.019306151332e-03   -2.926351247952e-03  -2.226381544844e+02   4.154873960210e+01
 -5.740397571248e-01   -1.832156180594e-01  -2.104557317649e+02   4.154873960210e+01
 -1.066737729544e+00   -8.042648210516e-02  -1.307576501643e+02   7.350963219424e+00
 -7.427065582411e-01   -5.222828237134e-02  -1.305777144003e+02   7.350963219424e+00
 -7.341489403797e-01   -2.676332869488e-02  -1.261252896718e+02   7.350963219424e+00
 -6.414375455291e-01   -1.024531691842e-01  -1.968324915535e+02   4.693920195944e+01
 -2.244790190891e-03   -1.844554325001e-03  -1.966967123365e+02   4.693920195944e+01
 -3.512898155527e-03    2.323852532847e-03  -1.822755789247e+02   4.693920195944e+01
 -9.286422497149e-01   -3.579523093133e-01  -2.199177939008e+02   2.762274808158e+01
 -5.784486219488e-01   -1.827702904778e-01  -2.105583082188e+02   2.762274808158e+01
 -1.084332490213e+00   -2.977757440586e-01  -2.083759795490e+02   2.762274808158e+01
 -5.757174904945e-01   -1.823930603502e-01  -2.105856305336e+02   2.632248991370e+01
 -9.309094580351e-01   -3.585036864238e-01  -2.198942033052e+02   2.632248991370e+01
 -4.827261220999e-01   -2.097181538378e-01  -2.222804635571e+02   2.632248991370e+01
 -1.409817467115e+00   -1.626927206032e-01  -1.944210455697e+02  -4.421168891901e+00
 -8.712072115654e-01   -1.294897057989e-01  -2.047429572291e+02  -4.421168891901e+00
 -1.373115235190e+00   -3.008487488246e-01  -2.058009988751e+02  -4.421168891901e+00
 -8.716277259285e-01   -1.279351046139e-01  -2.047280658138e+02  -6.885362114978e+00
 -1.141002920486e+00   -2.854915550081e-01  -2.135863030589e+02  -6.885362114978e+00
 -1.371702440376e+00   -3.019196792474e-01  -2.058396522294e+02  -6.885362114978e+00
 -1.369523811222e+00   -3.028649370230e-01  -2.058338784984e+02   1.066772933406e+01
 -1.251070552559e+00   -4.084621872789e-01  -2.166005128201e+02   1.066772933406e+01
 -1.086573604151e+00   -2.980800730291e-01  -2.084182558240e+02   1.066772933406e+01
 -1.086404104017e+00   -2.970697527469e-01  -2.083140053963e+02   1.385764223046e+01
 -1.191160269926e+00   -1.696001811584e-01  -1.957282504092e+02   1.385764223046e+01
 -1.370458897147e+00   -3.040647915574e-01  -2.059408092329e+02   1.385764223046e+01
 -1.087519198562e+00   -2.978557313189e-01  -2.084786800592e+02   2.944769015762e+01
 -5.760798731601e-01   -1.822976148144e-01  -2.104543473106e+02   2.944769015762e+01
 -6.382001174254e-01   -1.041768851678e-01  -1.968377627389e+02   2.944769015762e+01
 -9.301468068410e-01   -3.579633847134e-01  -2.197516565989e+02   1.398621475122e+01
 -1.082881177224e+00   -2.981747010663e-01  -2.084940399344e+02   1.398621475122e+01
 -1.254363052727e+00   -4.087856590163e-01  -2.165212191994e+02   1.398621475122e+01
 -6.376158918626e-01   -1.045743105629e-01  -1.966879644976e+02   3.110625919545e+01
 -6.645209512163e-01   -3.525323177320e-03  -1.822269836148e+02   3.110625919545e+01
 -1.196304342620e+00   -1.680848771893e-01  -1.956991518301e+02   3.110625919545e+01
 -6.373788927309e-01   -1.048157566767e-01  -1.967048394608e+02   5.024334757142e+01
 -5.774279260328e-01   -1.808222887723e-01  -2.106055278421e+02   5.024334757142e+01
 -6.692587916258e-03    2.037368947768e-04  -1.968948282472e+02   5.024334757142e+01
 -1.416739397413e+00   -1.618459057655e-01  -1.944471732432e+02   1.283415120131e+01
 -1.193165848807e+00   -1.674004039251e-01  -1.955219217343e+02   1.283415120131e+01
 -1.234390007159e+00   -9.417151717152e-03  -1.822540591519e+02   1.283415120131e+01
 -1.194253892838e+00   -1.690511330532e-01  -1.956495558670e+02   1.008049469479e+01
 -1.414998734458e+00   -1.602881538982e-01  -1.943189949374e+02   1.008049469479e+01
 -1.367520913952e+00   -3.040227154754e-01  -2.060228303572e+02   1.008049469479e+01
 -9.702775806738e-01   -5.295346621049e-02  -1.901080874396e+02  -5.185990693555e+00
 -1.412093725252e+00   -1.591834034653e-01  -1.943563547569e+02  -5.185990693555e+00
 -1.411914305088e+00   -9.513818817371e-03  -1.820006939660e+02  -5.185990693555e+00
 -1.413948444146e+00   -1.615026137366e-01  -1.943641579343e+02  -8.564992785629e+00
 -9.680437232432e-01   -5.086150850243e-02  -1.901009497486e+02  -8.564992785629e+00
 -8.650924751276e-01   -1.302300539476e-01  -2.048334626128e+02  -8.564992785629e+00
 -1.231656224646e+00   -7.761667360433e-03  -1.820653376691e+02   3.205043909426e+01
 -1.193219856846e+00   -1.676228599456e-01  -1.957162130537e+02   3.205043909426e+01
 -6.683434908533e-01   -3.450758519480e-03  -1.822160818710e+02   3.205043909426e+01
 -6.409762337310e-01   -1.045562693986e-01  -1.968122298136e+02   3.089229897943e+01
 -1.192643786792e+00   -1.686522492694e-01  -1.955837984561e+02   3.089229897943e+01
 -1.085029149425e+00   -2.971737553988e-01  -2.085031839257e+02   3.089229897943e+01
 -7.730789370150e-03    2.251840243668e-03  -1.822481206344e+02   5.271122300851e+01
 -6.626401135108e-01   -5.003637942756e-03  -1.820770510838e+02   5.271122300851e+01
 -6.379867005871e-01   -1.021334620970e-01  -1.968384653049e+02   5.271122300851e+01
 -9.686299331573e-01   -5.211226550336e-02  -1.901329834104e+02  -2.168990933439e+01
 -9.684360630488e-01    4.543371004650e-02  -1.735339877858e+02  -2.168990933439e+01
 -9.865637369918e-03    7.973499300924e-04  -1.795024652075e+02  -2.168990933439e+01
 -7.832634019402e-03   -2.191192879161e-03  -1.819682912339e+02   5.246685370974e+01
 -6.343551681572e-01    9.177317401518e-02  -1.674796553463e+02   5.246685370974e+01
 -6.625862794641e-01   -2.702894653750e-03  -1.821617673405e+02   5.246685370974e+01
 -3.337498823682e-01   -1.110776460585e-01  -2.376681188847e+02   3.926265723698e+00
 -6.042630434294e-01   -1.642370704774e-02  -2.379696403870e+02   3.926265723698e+00
 -3.114929822402e-01   -8.480709551380e-03  -2.397035163930e+02   3.926265723698e+00
 -6.042424623797e-01   -1.418433265050e-02  -2.379726064578e+02  -2.835653232881e+00
 -3.276121776986e-01    9.282640095914e-02  -2.377599599786e+02  -2.835653232881e+00
 -3.114424801428e-01   -9.107207466638e-03  -2.397012224938e+02  -2.835653232881e+00
 -3.908773179128e-03    1.324547816229e-03  -1.795650255094e+02  -2.423275597331e+01
 -2.198889824209e-03   -1.415209698614e-03  -2.051116731431e+02  -2.423275597331e+01
 -9.741244543882e-01   -5.294958868580e-02  -1.901102730235e+02  -2.423275597331e+01
 -5.869843566021e-01   -8.439160628402e-02  -1.459364702778e+02   1.958449937825e+01
 -4.897756333632e-03    2.749715067277e-05  -1.542612650084e+02   1.958449937825e+01
  9.248367185145e-04    3.195933275113e-05  -1.451464044981e+02   1.958449937825e+01
 -1.404346291532e+00   -3.301801465788e-03  -1.213135643644e+02   2.971973596397e+00
 -1.195603505550e+00   -2.347341882635e-02  -1.209443658371e+02   2.971973596397e+00
 -1.494825059182e+00   -1.503137354337e-02  -1.098965583170e+02   2.971973596397e+00
 -1.304220740593e+00   -1.301178279998e-01  -1.697614680483e+02  -1.086841398281e+01
 -1.137355267146e+00   -1.440941099033e-01  -1.692816790839e+02  -1.086841398281e+01
 -1.181062714037e+00    2.973349915486e-04  -1.825913622958e+02  -1.086841398281e+01
 -1.301400193043e+00   -1.295079499743e-01  -1.698314261805e+02   1.123234774430e+01
 -7.631070801081e-01   -3.747627363419e-02  -1.737094260899e+02   1.123234774430e+01
 -6.980182322008e-01   -8.564744241035e-02  -1.580801461469e+02   1.123234774430e+01
 -6.093387383146e-01   -9.150711089662e-02  -1.682117554464e+02  -4.992639921945e+01
 -6.168056328820e-03   -3.523579222782e-03  -1.682179239964e+02  -4.992639921945e+01
 -6.528156552536e-01   -2.080479289236e-07  -1.828565336173e+02  -4.992639921945e+01
 -6.537051586614e-01    2.208832154373e-03  -1.826768725311e+02  -2.963902938096e+01
 -1.139871935637e+00   -1.449686358387e-01  -1.691154183582e+02  -2.963902938096e+01
 -6.099889102726e-01   -9.294489474273e-02  -1.683168002932e+02  -2.963902938096e+01
 -6.129148183981e-01   -9.308722000091e-02  -1.681923187351e+02  -2.879588788906e+01
 -1.136673174237e+00   -1.453859570446e-01  -1.692257003135e+02  -2.879588788906e+01
 -1.031681552062e+00   -2.586361232808e-01  -1.563899822594e+02  -2.879588788906e+01
 -8.482591599256e-03    8.751888047748e-07  -1.679448353182e+02  -4.738186385238e+01
 -6.079799354606e-01   -9.325854190897e-02  -1.683003663718e+02  -4.738186385238e+01
 -5.515587552846e-01   -1.622999768193e-01  -1.545006279410e+02  -4.738186385238e+01
 -1.302703687942e+00   -1.284415539470e-01  -1.698818303363e+02  -7.721976628871e+00
 -1.274487477122e+00   -2.462569852444e-01  -1.580912982294e+02  -7.721976628871e+00
 -1.138234875717e+00   -1.458076654954e-01  -1.691587794839e+02  -7.721976628871e+00
 -1.881422361652e-03   -2.296918288746e-04  -2.157807481358e+02   1.921636814259e+01
 -6.984105960190e-01    9.731874421522e-02  -2.070644620268e+02   1.921636814259e+01
 -5.488696126122e-01    1.063541599033e-01  -2.177193239070e+02   1.921636814259e+01
 -7.226771014114e-01   -2.731193477165e-01  -1.365289676100e+02  -1.093871535500e+01
 -8.771316406291e-01   -3.077632850546e-01  -1.453260038456e+02  -1.093871535500e+01
 -1.026850943280e+00   -3.219485526984e-01  -1.393755148819e+02  -1.093871535500e+01
 -1.277414654483e+00   -2.461305509872e-01  -1.581757977414e+02  -1.201886364273e+01
 -1.033138811562e+00   -2.582568524897e-01  -1.565810256131e+02  -1.201886364273e+01
 -1.135032940841e+00   -1.464963241900e-01  -1.690803623681e+02  -1.201886364273e+01
 -5.523244718370e-01   -1.639476676011e-01  -1.545498972626e+02  -2.545409095141e+01
 -1.031039831182e+00   -2.590562227644e-01  -1.565173681291e+02  -2.545409095141e+01
 -8.792145465766e-01   -3.075765216518e-01  -1.453129780013e+02  -2.545409095141e+01
 -5.499138780350e-01   -1.634847898927e-01  -1.546505950454e+02  -2.749350383209e+01
 -6.097752498149e-01   -9.281098663186e-02  -1.681643205372e+02  -2.749350383209e+01
 -1.034281084620e+00   -2.592207753696e-01  -1.564166525703e+02  -2.749350383209e+01
 -1.175572104599e+00   -3.279261521483e-01  -1.479724173463e+02  -1.227290425145e+01
 -8.806440188183e-01   -3.074369481085e-01  -1.454776267111e+02  -1.227290425145e+01
 -1.029537078883e+00   -2.595169277291e-01  -1.564012240237e+02  -1.227290425145e+01
 -4.399529902726e-03    8.444073595839e-04  -1.679129532468e+02  -4.167043902437e+01
 -5.551019353541e-01   -1.632966086053e-01  -1.545096224456e+02  -4.167043902437e+01
 -5.727188048920e-04   -1.371597959512e-03  -1.546261911911e+02  -4.167043902437e+01
 -1.276722891829e+00   -2.448333355876e-01  -1.582787361579e+02  -8.611701480111e+00
 -1.172438419968e+00   -3.277183512061e-01  -1.478895333690e+02  -8.611701480111e+00
 -1.033141381544e+00   -2.593091135983e-01  -1.564805235367e+02  -8.611701480111e+00
 -1.296685215802e+00   -1.307563345353e-01  -1.697875966359e+02   6.543736511601e+00
 -7.046256928428e-01   -8.488435426681e-02  -1.581554241220e+02   6.543736511601e+00
 -1.280927261734e+00   -2.428819684309e-01  -1.583023630399e+02   6.543736511601e+00
 -1.737937182594e-03    3.091103109075e-04  -1.942963048657e+02   2.520282350284e+01
 -3.190172984950e-03   -8.879959350028e-04  -1.798046724690e+02   2.520282350284e+01
 -7.591503229483e-01    3.761892461980e-02  -1.914057990966e+02   2.520282350284e+01
 -4.578969963016e-01   -1.835106713210e-01  -1.431699761441e+02  -2.426937787824e+01
 -5.497336467188e-01   -1.635949909692e-01  -1.545194521388e+02  -2.426937787824e+01
 -8.813950408994e-01   -3.081121991719e-01  -1.453389109355e+02  -2.426937787824e+01
 -5.516342710560e-01   -1.654065379816e-01  -1.546535296436e+02  -3.885857561879e+01
  2.753697746463e-04   -1.926688657292e-03  -1.426394279573e+02  -3.885857561879e+01
 -2.475924496475e-03   -1.750672610527e-04  -1.544835012765e+02  -3.885857561879e+01
 -2.698095147793e-03   -3.436883474162e-03  -1.426364087545e+02  -3.853681882804e+01
 -5.483229801634e-01   -1.643750442277e-01  -1.546462216137e+02  -3.853681882804e+01
 -4.581811486310e-01   -1.828192254078e-01  -1.430897941174e+02  -3.853681882804e+01
 -4.414793771351e-01    7.933691759604e-02  -2.236802349607e+02   1.469779465021e+01
  1.053279832988e-04    6.898507807564e-05  -2.243043630735e+02   1.469779465021e+01
 -1.452137989574e-03    1.344017049669e-04  -2.217826394117e+02   1.469779465021e+01
 -3.794961188212e-01   -1.642191161102e-01  -1.339592575758e+02  -2.622082220128e+01
  2.326791712513e-04   -2.472170589252e-04  -1.338719725140e+02  -2.622082220128e+01
 -3.650944324560e-03   -1.940299450919e-03  -1.423971287964e+02  -2.622082220128e+01
 -3.761027682441e-01   -1.622060810247e-01  -1.340420427067e+02  -2.111814536236e+01
  9.032766277841e-04    8.659766847964e-04  -1.277276772426e+02  -2.111814536236e+01
 -1.620970907169e-03   -1.316650356731e-03  -1.337889850247e+02  -2.111814536236e+01
 -4.844047351044e-01   -6.354442319513e-02  -1.381515518758e+02   1.612748442207e+01
 -1.133310100177e-03   -2.715263596315e-04  -1.386085514553e+02   1.612748442207e+01
  3.257362180555e-04    6.920880803208e-04  -1.309129165065e+02   1.612748442207e+01
 -3.771618101785e-01   -1.630602943113e-01  -1.339480412949e+02  -3.250333095135e+01
 -6.385851157184e-03   -3.428936403910e-03  -1.424313024560e+02  -3.250333095135e+01
 -4.561038920814e-01   -1.827955952514e-01  -1.431577491525e+02  -3.250333095135e+01
 -8.552954001772e-01    6.894081393162e-02  -1.310027773107e+02  -1.272768198652e+01
 -8.451643515554e-01    3.146167708760e-02  -1.257723883479e+02  -1.272768198652e+01
 -7.550106375233e-03    3.505571406478e-04  -1.310479063623e+02  -1.272768198652e+01
 -3.144691242045e-01   -8.969732698667e-02  -1.287491457725e+02  -1.161881068006e+01
 -3.748858297438e-01   -1.627416134528e-01  -1.339763412614e+02  -1.161881068006e+01
 -6.078909934612e-01   -1.589358737822e-01  -1.307245064693e+02  -1.161881068006e+01
 -7.237073912238e-01   -2.740637295311e-01  -1.364140968495e+02  -1.872167787397e+01
 -3.753637588778e-01   -1.620964557358e-01  -1.340692123089e+02  -1.872167787397e+01
 -4.575301595570e-01   -1.838187887728e-01  -1.430541473447e+02  -1.872167787397e+01
 -8.541789389244e-04   -2.809856075671e-03  -1.276261464472e+02  -2.964471872719e+00
 -2.970930137063e-01   -9.459134326670e-04  -1.267715333594e+02  -2.964471872719e+00
 -5.385223819966e-04    1.173129616967e-03  -1.260405768922e+02  -2.964471872719e+00
 -2.339929443658e-03   -3.463288234181e-03  -1.276549860600e+02  -8.687931627241e+00
 -3.137481272025e-01   -8.850247714062e-02  -1.287313625089e+02  -8.687931627241e+00
 -2.956050623232e-01   -6.506800396282e-04  -1.267544626010e+02  -8.687931627241e+00
 -5.703017736009e-01    2.759126023643e-03  -1.286905657088e+02  -3.012080320620e+00
 -2.957257249617e-01    1.488002873394e-03  -1.268213513586e+02  -3.012080320620e+00
 -3.135232215849e-01   -9.024011242775e-02  -1.286813915324e+02  -3.012080320620e+00
 -8.923894142549e-04   -1.629284761902e-03  -1.260065677598e+02   4.374181786398e+00
 -2.964578189070e-01    2.000525151902e-03  -1.268111986141e+02   4.374181786398e+00
 -3.185792960725e-01    9.391507289387e-02  -1.282349567516e+02   4.374181786398e+00
 -6.061752567067e-01   -1.587628828198e-01  -1.307010914220e+02  -1.330590001342e+01
 -3.768462923683e-01   -1.630760281012e-01  -1.340083925314e+02  -1.330590001342e+01
 -7.212383670219e-01   -2.727958047170e-01  -1.364779445983e+02  -1.330590001342e+01
 -3.148370884487e-01   -9.041104456766e-02  -1.287103106629e+02  -1.701668049260e+01
 -7.167806457813e-04    9.566281657845e-06  -1.277407267838e+02  -1.701668049260e+01
 -3.739321637195e-01   -1.613386666741e-01  -1.340287534303e+02  -1.701668049260e+01
 -4.600390927271e-01   -1.844205258529e-01  -1.430803926079e+02  -2.065552723926e+01
 -8.784707816269e-01   -3.074279857528e-01  -1.454203735114e+02  -2.065552723926e+01
 -7.216720575548e-01   -2.735997285807e-01  -1.363904179748e+02  -2.065552723926e+01
 -9.741475036871e-01    4.745892286558e-02  -1.735526795263e+02  -2.423567486760e+01
 -2.107863282676e-03    1.453066811598e-03  -1.546164792897e+02  -2.423567486760e+01
 -3.663189428670e-03   -9.547423291319e-04  -1.794304976301e+02  -2.423567486760e+01
 -1.279073597440e+00   -2.437129247639e-01  -1.582725509138e+02   9.074928978691e+00
 -7.057275356430e-01   -8.360745754603e-02  -1.581530986448e+02   9.074928978691e+00
 -1.037408741704e+00   -2.068978713310e-01  -1.494088802856e+02   9.074928978691e+00
 -8.577703162280e-01    7.046812158977e-02  -1.310210791636e+02  -1.314776833612e+01
 -4.438896680082e-03   -1.847383117665e-03  -1.310932836403e+02  -1.314776833612e+01
 -6.410759280222e-01    8.744461389255e-02  -1.390114612748e+02  -1.314776833612e+01
 -5.807363343038e-01   -8.499016256065e-02  -1.459338047552e+02   1.166612015969e+01
 -4.850611042214e-01   -6.445414849279e-02  -1.381578937061e+02   1.166612015969e+01
 -9.391120610669e-01   -1.779077704988e-01  -1.427730395662e+02   1.166612015969e+01
 -5.838033496102e-01   -8.471087797937e-02  -1.459227130256e+02   2.186362662673e+01
 -6.922183100526e-01   -8.392020496686e-02  -1.580500440362e+02   2.186362662673e+01
 -8.652302573679e-03    1.858623179694e-04  -1.542811057281e+02   2.186362662673e+01
 -1.040868412176e+00   -2.069831528801e-01  -1.494959298496e+02   5.208333032084e+00
 -9.371958984477e-01   -1.781342528610e-01  -1.427562836980e+02   5.208333032084e+00
 -1.110612446477e+00   -2.754751508884e-01  -1.415846942328e+02   5.208333032084e+00
 -9.374736016763e-01   -1.783482191345e-01  -1.427432074953e+02   1.235872301374e+01
 -1.040465169238e+00   -2.059287199615e-01  -1.495008209418e+02   1.235872301374e+01
 -5.829018864238e-01   -8.465551818470e-02  -1.459803914456e+02   1.235872301374e+01
 -9.684810194015e-01   -1.688417147545e-01  -1.377825856456e+02   6.243990807925e+00
 -1.110454970678e+00   -2.745089923065e-01  -1.416058741388e+02   6.243990807925e+00
 -9.371877229285e-01   -1.785343952229e-01  -1.427423263472e+02   6.243990807925e+00
 -1.044707047601e+00   -2.069737259979e-01  -1.495576510433e+02   3.485311370628e+00
 -1.107449459879e+00   -2.757219216635e-01  -1.415191905884e+02   3.485311370628e+00
 -1.175651037047e+00   -3.259736659476e-01  -1.480552533251e+02   3.485311370628e+00
 -9.360288544163e-01   -1.778047474984e-01  -1.427502665338e+02   1.127995903114e+01
 -4.887202980265e-01   -6.474101867917e-02  -1.381992400378e+02   1.127995903114e+01
 -9.704884093818e-01   -1.687534600146e-01  -1.377983789497e+02   1.127995903114e+01
 -5.806686776246e-01   -8.482403032688e-02  -1.459472491974e+02   1.186677984878e+01
 -1.042785882749e+00   -2.059125448743e-01  -1.495033870827e+02   1.186677984878e+01
 -6.962139001619e-01   -8.413611628340e-02  -1.580415421517e+02   1.186677984878e+01
 -7.479475963710e-01   -5.357970191007e-02  -1.306047866328e+02   1.322635392477e+01
 -4.837276633678e-01   -6.435414188656e-02  -1.381498161986e+02   1.322635392477e+01
 -1.368670321054e-03    1.400889878494e-03  -1.309409860638e+02   1.322635392477e+01
 -6.991177791742e-01   -2.632894029334e-02  -1.221111268046e+02   1.161955054459e+01
 -7.311164016099e-01   -2.636253870076e-02  -1.260835017746e+02   1.161955054459e+01
 -1.974583866231e-03    6.394819726895e-04  -1.213463589370e+02   1.161955054459e+01
 -1.194753955279e+00   -2.403499789868e-02  -1.210004775151e+02   7.085134780408e+00
 -7.331699243388e-01   -2.720733731468e-02  -1.261224314211e+02   7.085134780408e+00
 -6.991645485098e-01   -2.685052271335e-02  -1.221148195775e+02   7.085134780408e+00
 -7.447051930568e-01   -5.118751007566e-02  -1.306339137338e+02   8.376945762174e+00
 -1.065653488127e+00   -8.222608115098e-02  -1.306925259785e+02   8.376945762174e+00
 -9.668704499112e-01   -1.685034018254e-01  -1.377392544340e+02   8.376945762174e+00
 -1.373449181680e+00    5.897387345986e-03  -3.902314136461e+01   8.845111284363e+00
 -3.341874453061e-02    9.631244429996e-04  -2.918561331129e+01   8.845111284363e+00
 -1.647189346668e+00   -1.102352353610e-02  -2.990115079346e+01   8.845111284363e+00
 -1.120860638272e+00   -2.099228717588e-01  -1.354843986855e+02   5.577391179480e+00
 -1.107957808089e+00   -2.742991635172e-01  -1.415814497322e+02   5.577391179480e+00
 -9.706702239140e-01   -1.694681585769e-01  -1.378146993251e+02   5.577391179480e+00
 -1.267207039078e+00    8.072795620384e-03  -1.215584482590e+02  -6.918996221293e+00
 -8.476477479029e-01    3.162939262311e-02  -1.258478487099e+02  -6.918996221293e+00
 -1.150182748816e+00    9.338044766056e-02  -1.305860551125e+02  -6.918996221293e+00
 -7.432210571407e-01   -5.225820525576e-02  -1.305694279713e+02   1.100978259571e+01
 -9.700908007555e-01   -1.676570782270e-01  -1.377860906376e+02   1.100978259571e+01
 -4.883850106194e-01   -6.582030105034e-02  -1.381684061886e+02   1.100978259571e+01
 -4.896798965563e-04    3.802316769801e-04  -1.213489175548e+02   1.218449882646e+01
 -7.326901080167e-01   -2.623454567602e-02  -1.260771617131e+02   1.218449882646e+01
 -1.831565695537e-03    1.659395502212e-04  -1.253572385473e+02   1.218449882646e+01
 -1.249721825335e-02   -1.114927111477e-03  -1.136675635065e+02   9.379442310247e+00
 -1.512582407457e+00   -1.647036818326e-02  -1.100494959943e+02   9.379442310247e+00
 -6.980706928175e-01   -2.710192137042e-02  -1.221796525093e+02   9.379442310247e+00
 -9.018197124645e-01   -2.037475570123e-01  -1.335917770920e+02  -5.368036590065e+00
 -7.224863366749e-01   -2.729646929006e-01  -1.364644936656e+02  -5.368036590065e+00
 -1.026368998823e+00   -3.214889721532e-01  -1.394386029218e+02  -5.368036590065e+00
 -1.171184307081e+00   -3.266759835019e-01  -1.479776339974e+02  -2.506540264961e+00
 -1.110455156001e+00   -2.755305759208e-01  -1.416078922919e+02  -2.506540264961e+00
 -1.027572584057e+00   -3.216285417422e-01  -1.394513554063e+02  -2.506540264961e+00
 -5.690855628093e-01    3.476605298167e-03  -1.287447222344e+02  -2.719055350689e+00
 -6.053830116557e-01   -1.576485977160e-01  -1.307232756338e+02  -2.719055350689e+00
 -8.501940673638e-01    7.360370169089e-03  -1.312578769203e+02  -2.719055350689e+00
 -6.072042989311e-01   -1.582870400669e-01  -1.307960001683e+02  -7.821994054831e+00
 -7.198974740944e-01   -2.728992577568e-01  -1.364122726863e+02  -7.821994054831e+00
 -9.037582093629e-01   -2.035821715658e-01  -1.336370651783e+02  -7.821994054831e+00
 -8.480331585427e-01    7.119523648348e-03  -1.312159114381e+02  -1.878734180262e+00
 -6.075098393143e-01   -1.577337800803e-01  -1.307639782618e+02  -1.878734180262e+00
 -9.030825992044e-01   -2.032979504586e-01  -1.336715436594e+02  -1.878734180262e+00
 -6.062829483673e-01   -1.575484883501e-01  -1.307625636177e+02  -4.957974068765e+00
 -5.684439689904e-01    2.828426037935e-03  -1.286732393488e+02  -4.957974068765e+00
 -3.153206760951e-01   -9.060693444608e-02  -1.287048718351e+02  -4.957974068765e+00
 -1.023074304256e+00   -3.201002267528e-01  -1.393708343118e+02  -1.731820561035e+00
 -1.122822779262e+00   -2.100824751602e-01  -1.355556776333e+02  -1.731820561035e+00
 -9.065125091354e-01   -2.048828332202e-01  -1.337476300221e+02  -1.731820561035e+00
 -1.024005166418e+00   -3.218875380929e-01  -1.393024101429e+02  -7.988550101413e+00
 -8.805181349934e-01   -3.077843009530e-01  -1.453960495081e+02  -7.988550101413e+00
 -1.175172806671e+00   -3.273575013090e-01  -1.480560778161e+02  -7.988550101413e+00
 -1.118818982390e+00   -2.072607761069e-01  -1.354829054070e+02   5.315854396966e+00
 -1.068678638180e+00   -8.164885892433e-02  -1.307365887423e+02   5.315854396966e+00
 -1.227415235010e+00   -6.252079518208e-02  -1.299603765058e+02   5.315854396966e+00
 -1.027207950267e+00   -3.205364228132e-01  -1.394425179913e+02   4.589813694792e-01
 -1.110190019643e+00   -2.758775389711e-01  -1.416005868820e+02   4.589813694792e-01
 -1.118456159287e+00   -2.091005825922e-01  -1.354469915510e+02   4.589813694792e-01
 -1.111906948465e+00    1.117237884459e-01  -1.327778911867e+02   5.005786219715e-01
 -8.519546577524e-01    7.465609817285e-03  -1.313328317902e+02   5.005786219715e-01
 -1.091586088654e+00   -9.021592063730e-02  -1.328015348731e+02   5.005786219715e-01
 -8.498117874936e-01    5.733284250676e-03  -1.312922953542e+02  -8.143409074411e-01
 -9.021978132384e-01   -2.018857504599e-01  -1.336609151467e+02  -8.143409074411e-01
 -1.093128984341e+00   -8.951736254162e-02  -1.328430751939e+02  -8.143409074411e-01
 -1.229639405559e+00   -6.277790944604e-02  -1.299987019900e+02   7.444052959657e-01
 -1.095574600764e+00   -9.122714204873e-02  -1.328661383961e+02   7.444052959657e-01
 -1.116608728634e+00   -2.083600832847e-01  -1.354534613091e+02   7.444052959657e-01
 -1.231903474441e+00   -6.495315357685e-02  -1.299849901987e+02   2.076553930180e+00
 -1.288331308538e+00    1.324756926894e-02  -1.297135874133e+02   2.076553930180e+00
 -1.094385116187e+00   -8.816575737174e-02  -1.328754566827e+02   2.076553930180e+00
 -1.386197816126e+00   -1.120663444320e-02  -1.259578676506e+02   1.492399470226e+00
 -1.289064358554e+00    1.126624410500e-02  -1.297186127842e+02   1.492399470226e+00
 -1.229901034183e+00   -6.287933899115e-02  -1.299462575463e+02   1.492399470226e+00
 -1.090418197707e+00   -8.901139680881e-02  -1.327571575959e+02   1.406929898765e+00
 -9.066617959249e-01   -2.030368531172e-01  -1.337466120687e+02   1.406929898765e+00
 -1.122500268767e+00   -2.113560348042e-01  -1.355427450840e+02   1.406929898765e+00
 -9.681209109418e-01   -1.704019417983e-01  -1.377417602350e+02   4.783608088620e+00
 -1.065233691709e+00   -8.122645785266e-02  -1.306760848391e+02   4.783608088620e+00
 -1.123214504187e+00   -2.087123859469e-01  -1.355271175194e+02   4.783608088620e+00
 -5.690019646631e-01    4.114273401207e-03  -1.287411584479e+02   3.485829993531e+00
 -8.502878849594e-01    7.436325692723e-03  -1.312622829640e+02   3.485829993531e+00
 -6.167526333029e-01    1.674878510420e-01  -1.305355733832e+02   3.485829993531e+00
 -1.509068758503e+00   -3.066477819935e-03  -4.642532326955e+01  -7.737987193533e+00
 -4.354049070355e-02   -1.735954235247e-03  -4.727683185961e+01  -7.737987193533e+00
 -1.519648815328e+00   -3.552603336436e-03  -5.873666711855e+01  -7.737987193533e+00
 -1.042976705763e+00   -2.068293545018e-01  -1.495349964413e+02   6.933013363551e-01
 -1.177141709778e+00   -3.262862487958e-01  -1.480850510580e+02   6.933013363551e-01
 -1.271755683089e+00   -2.447323356929e-01  -1.581827313074e+02   6.933013363551e-01
 -1.086788095121e+00   -1.049275907627e-02   1.576293530866e-02  -1.058479157437e+01
 -1.520681759582e-03    1.440586003041e-04  -2.737863173074e-02  -1.058479157437e+01
 -5.637067446420e-03   -2.539486282477e-04  -7.931077838870e+00  -1.058479157437e+01
 -2.960481637571e-01    9.668587105275e-04  -1.268318916440e+02   3.586531061292e+00
 -5.702124586566e-01    4.634271596065e-03  -1.286939377658e+02   3.586531061292e+00
 -3.188662595095e-01    9.606031788788e-02  -1.282314208354e+02   3.586531061292e+00
 -4.827921950620e-01    1.940325388319e-01  -1.424128530045e+02   3.626170869661e+01
 -3.662273058782e-03    3.583335661135e-04  -1.537722127408e+02   3.626170869661e+01
 -3.130168038468e-04    1.042806818637e-03  -1.424672261903e+02   3.626170869661e+01
 -7.027522885615e-01   -2.772483929037e-02  -1.221704665054e+02   7.021933828411e+00
 -1.502237249403e+00   -1.580391112000e-02  -1.099864074348e+02   7.021933828411e+00
 -1.191724223114e+00   -2.376419603111e-02  -1.209205514923e+02   7.021933828411e+00
 -3.338588549030e-03   -1.006364179860e-03  -1.673424520197e+02   4.261474889364e+01
 -1.695436878403e-03    1.816905814023e-03  -1.540008491678e+02   4.261474889364e+01
 -5.710834807350e-01    1.637078733676e-01  -1.539813351621e+02   4.261474889364e+01
  5.553345441086e-04    5.486560805253e-04  -1.386171576085e+02   1.935931112479e+01
 -5.817139279185e-01   -8.388577917638e-02  -1.459305146439e+02   1.935931112479e+01
 -1.459004491515e-03   -2.021306211866e-04  -1.451520854175e+02   1.935931112479e+01
 -4.800940770006e-01    1.928737126165e-01  -1.424011125871e+02   4.325783769126e+01
 -5.665386971581e-01    1.645571992587e-01  -1.541088424523e+02   4.325783769126e+01
 -6.405339585327e-03    1.475458818142e-03  -1.538114476629e+02   4.325783769126e+01
 -6.450235608713e-03   -2.601462524427e-04  -1.673796384824e+02   4.938701157998e+01
 -5.682445919803e-01    1.629576609242e-01  -1.539681891933e+02   4.938701157998e+01
 -6.337692994374e-01    9.437869983690e-02  -1.676154519076e+02   4.938701157998e+01
 -2.368302073916e-03    9.024233476938e-04  -1.423480860234e+02   3.211122809533e+01
  1.085843771613e-03    5.876982413032e-04  -1.331953440854e+02   3.211122809533e+01
 -4.787669799431e-01    1.941540210965e-01  -1.425346818101e+02   3.211122809533e+01
 -1.485101538236e+00    3.350176571578e-02  -8.280164711512e+01   1.625406065918e+00
 -1.284178317962e+00    3.242507828426e-02  -8.361949362355e+01   1.625406065918e+00
 -1.163027401683e+00    1.964361772085e-02  -7.401186080487e+01   1.625406065918e+00
 -3.207262994752e-01    9.717006441374e-02  -1.282119962424e+02   2.221098897461e+01
 -3.827255748058e-01    1.615285960707e-01  -1.339619077078e+02   2.221098897461e+01
 -4.556792089238e-03    3.989305797402e-03  -1.330595192768e+02   2.221098897461e+01
 -1.023585934965e-03    1.320224673284e-03  -1.280344880416e+02   9.691534318792e+00
  3.894703606916e-04   -1.936121139976e-03  -1.259788201995e+02   9.691534318792e+00
 -3.203821164831e-01    9.439251260147e-02  -1.282525291292e+02   9.691534318792e+00
 -4.777161314310e-01    1.934546603929e-01  -1.424367765064e+02   1.980358955698e+01
 -3.840229866146e-01    1.625935178878e-01  -1.339770125177e+02   1.980358955698e+01
 -7.465126894416e-01    2.844912836376e-01  -1.362374070961e+02   1.980358955698e+01
 -4.760220844910e-01    1.930716459424e-01  -1.425252272748e+02   2.986189225761e+01
 -1.171489611011e-03    1.943646209722e-03  -1.332014383042e+02   2.986189225761e+01
 -3.846720177836e-01    1.626390670544e-01  -1.339182133211e+02   2.986189225761e+01
 -6.175965865708e-01    1.687783997747e-01  -1.305044815603e+02   1.448670340941e+01
 -7.440913153196e-01    2.833521096313e-01  -1.362966370784e+02   1.448670340941e+01
 -3.856070875121e-01    1.636221670390e-01  -1.339082718886e+02   1.448670340941e+01
 -5.676516013993e-01    1.646708778997e-01  -1.539899825338e+02   2.527046543997e+01
 -4.781563950888e-01    1.930916925429e-01  -1.425452190159e+02   2.527046543997e+01
 -9.167623659858e-01    3.212944840199e-01  -1.449829307758e+02   2.527046543997e+01
 -3.835237822437e-01    1.630783179229e-01  -1.338845942842e+02   1.228079366927e+01
 -3.195654363819e-01    9.537614649984e-02  -1.283045037762e+02   1.228079366927e+01
 -6.193679719249e-01    1.690644028131e-01  -1.305253572702e+02   1.228079366927e+01
 -2.526807078379e-03    2.763694841255e-03  -1.330286313267e+02   1.558884639200e+01
  1.691067358684e-04   -5.469616324723e-04  -1.280708527620e+02   1.558884639200e+01
 -3.225709779645e-01    9.794581647353e-02  -1.282216424027e+02   1.558884639200e+01
 -7.620881350749e-01    1.132897435339e-01  -1.469443172841e+02  -2.083500553938e+01
 -1.057583048422e-02   -3.483248448254e-04  -1.546606517674e+02  -2.083500553938e+01
 -8.804868149256e-01    1.058847717229e-01  -1.586187562213e+02  -2.083500553938e+01
 -9.137290128610e-01    3.205581046875e-01  -1.450638643240e+02   2.151520546476e+01
 -4.801567692130e-01    1.938741099387e-01  -1.424671964745e+02   2.151520546476e+01
 -7.444761208781e-01    2.841037492761e-01  -1.362130625018e+02   2.151520546476e+01
 -1.189352437002e+00    1.490965839799e-01  -1.685348029847e+02   3.181119267909e+01
 -1.231644249690e+00   -6.528267088429e-03  -1.821136790931e+02   3.181119267909e+01
 -6.683248061926e-01   -4.264913173799e-03  -1.820241907065e+02   3.181119267909e+01
 -1.188793260442e+00    1.500405099850e-01  -1.686672250919e+02   3.033344379396e+01
 -6.371437141454e-01    9.404376700350e-02  -1.675110934880e+02   3.033344379396e+01
 -1.076382395514e+00    2.686701235053e-01  -1.559781390841e+02   3.033344379396e+01
 -1.238202393977e+00   -5.637954183029e-03  -1.819808468965e+02   9.267550695316e+00
 -1.414321121585e+00    1.407629889497e-01  -1.694138076665e+02   9.267550695316e+00
 -1.411503765992e+00   -8.653692617883e-03  -1.820135591101e+02   9.267550695316e+00
 -9.716246657916e-01    4.597442312060e-02  -1.735648197082e+02  -5.332378676113e+00
 -1.411733555183e+00   -6.179041491072e-03  -1.819340285145e+02  -5.332378676113e+00
 -1.413398515995e+00    1.377188802449e-01  -1.695709117183e+02  -5.332378676113e+00
 -1.414911278146e+00   -7.876916359281e-03  -1.819675022162e+02  -8.792760946504e+00
 -9.683478290778e-01    4.752892078631e-02  -1.735268961468e+02  -8.792760946504e+00
 -9.674442762619e-01   -5.458326634970e-02  -1.901469611263e+02  -8.792760946504e+00
 -1.238314513251e+00   -8.742241068623e-03  -1.821988121476e+02   9.466853936263e+00
 -1.411449167071e+00   -7.086916832297e-03  -1.819127040467e+02   9.466853936263e+00
 -1.413264531542e+00   -1.621480487109e-01  -1.945174910760e+02   9.466853936263e+00
 -1.417843521238e+00    1.402650510705e-01  -1.694837340212e+02   1.276234157756e+01
 -1.234208463481e+00   -4.790129293275e-03  -1.819261578551e+02   1.276234157756e+01
 -1.189409374990e+00    1.487325408343e-01  -1.687291704014e+02   1.276234157756e+01
 -6.645049135884e-01   -4.099279187562e-03  -1.820114142739e+02   3.093026048989e+01
 -6.338745829278e-01    9.408754269789e-02  -1.676324632815e+02   3.093026048989e+01
 -1.192407975348e+00    1.494580480969e-01  -1.685537197190e+02   3.093026048989e+01
 -1.370742196719e+00    2.650492068421e-01  -1.582077591355e+02   1.017991780817e+01
 -1.077831917683e+00    2.694760607484e-01  -1.560651942099e+02   1.017991780817e+01
 -1.243490344932e+00    3.514539685874e-01  -1.478655326814e+02   1.017991780817e+01
 -1.078877361090e+00    2.692902890242e-01  -1.560042598878e+02   2.897782061068e+01
 -6.343547555717e-01    9.372499344466e-02  -1.674841326309e+02   2.897782061068e+01
 -5.674457944154e-01    1.645499318512e-01  -1.541180456008e+02   2.897782061068e+01
 -1.410574228065e+00    1.410567706986e-01  -1.695156724474e+02  -4.535810317689e+00
 -1.374654557705e+00    2.631341468842e-01  -1.582304418894e+02  -4.535810317689e+00
 -8.930531507056e-01    1.074263743691e-01  -1.587010798896e+02  -4.535810317689e+00
 -1.416245624275e+00    1.386559285546e-01  -1.696086541629e+02   9.609896913909e+00
 -1.190363180532e+00    1.504034800162e-01  -1.686048019714e+02   9.609896913909e+00
 -1.368631153007e+00    2.664669897202e-01  -1.580208920763e+02   9.609896913909e+00
 -9.157963484296e-01    3.204659546669e-01  -1.451269635932e+02   1.358028466070e+01
 -1.246621142127e+00    3.516364133398e-01  -1.479478091626e+02   1.358028466070e+01
 -1.074218921712e+00    2.696847787231e-01  -1.559862428798e+02   1.358028466070e+01
 -1.414950187888e+00    1.397460222579e-01  -1.695630007941e+02  -8.835040848914e+00
 -8.867606568638e-01    1.082505794273e-01  -1.586245075132e+02  -8.835040848914e+00
 -9.696920218941e-01    4.425206858118e-02  -1.735709765219e+02  -8.835040848914e+00
 -1.373063113498e+00    2.640205066490e-01  -1.581988363236e+02  -7.137468705088e+00
 -1.165126652767e+00    2.369416307360e-01  -1.498642900626e+02  -7.137468705088e+00
 -8.937762323205e-01    1.060429445744e-01  -1.587044749550e+02  -7.137468705088e+00
 -1.371527965919e+00    2.663323421521e-01  -1.581046430992e+02   1.362613694741e+01
 -1.187227956274e+00    1.510960291446e-01  -1.685256504094e+02   1.362613694741e+01
 -1.077750716675e+00    2.684100550402e-01  -1.561659492508e+02   1.362613694741e+01
 -5.702371658513e-01    1.651263062139e-01  -1.540165497647e+02   2.700535597037e+01
 -9.146144765436e-01    3.207488523137e-01  -1.449579846715e+02   2.700535597037e+01
 -1.075527079294e+00    2.691340764546e-01  -1.561042311160e+02   2.700535597037e+01
 -6.434923779343e-01    8.787551547915e-02  -1.390299496023e+02  -1.703720591142e+01
 -2.461119439586e-03   -8.138268954885e-04  -1.390277804108e+02  -1.703720591142e+01
 -7.605174634303e-01    1.129368933588e-01  -1.469599769835e+02  -1.703720591142e+01
 -1.074007788283e+00    3.434433248335e-01  -1.393493250046e+02   1.199992768953e+01
 -9.123820648396e-01    3.207945671470e-01  -1.449780946803e+02   1.199992768953e+01
 -7.455489913106e-01    2.838135509654e-01  -1.363402623275e+02   1.199992768953e+01
 -3.630779274842e-03   -2.231600104359e-03  -1.819400151920e+02   4.658383138086e+01
 -2.086400327343e-03    1.735338827296e-03  -1.675805233883e+02   4.658383138086e+01
 -6.377929741080e-01    9.204269491482e-02  -1.674864742874e+02   4.658383138086e+01
 -8.481061416782e-01    7.642207420615e-03  -1.312187852351e+02   2.817941988274e+00
 -9.261186190355e-01    2.209108528793e-01  -1.335976092345e+02   2.817941988274e+00
 -6.188924497337e-01    1.675939968810e-01  -1.305788253469e+02   2.817941988274e+00
 -3.206008362810e-01    9.632290837961e-02  -1.282638948565e+02   5.678495471667e+00
 -5.683915867283e-01    4.630725030448e-03  -1.286739308719e+02   5.678495471667e+00
 -6.175569399171e-01    1.674916591360e-01  -1.305693390079e+02   5.678495471667e+00
 -1.071152076278e+00    3.433853056474e-01  -1.392768692074e+02   9.224541050958e+00
 -1.246110198193e+00    3.510494733004e-01  -1.480298700163e+02   9.224541050958e+00
 -9.157464113663e-01    3.208063500150e-01  -1.450485221669e+02   9.224541050958e+00
 -7.454569776946e-01    2.837022435833e-01  -1.362771203490e+02   6.472479263582e+00
 -9.249561745085e-01    2.213845871828e-01  -1.335196016339e+02   6.472479263582e+00
 -1.073473439762e+00    3.429733230248e-01  -1.394094997560e+02   6.472479263582e+00
 -1.186930473176e+00    2.358608790680e-01  -1.357005961928e+02   2.627702632637e+00
 -1.070315616439e+00    3.416405635241e-01  -1.393454494383e+02   2.627702632637e+00
 -9.295046508258e-01    2.225186089051e-01  -1.336723663515e+02   2.627702632637e+00
 -1.074660065380e+00    3.431418631387e-01  -1.394213955847e+02   3.641528474195e+00
 -1.196240814245e+00    3.054203511785e-01  -1.418766749168e+02   3.641528474195e+00
 -1.242198985151e+00    3.503807781607e-01  -1.479546131022e+02   3.641528474195e+00
 -1.186504774010e+00    2.369788788177e-01  -1.356814915611e+02  -4.034996094823e-01
 -9.297576585177e-01    2.207592860592e-01  -1.336755910672e+02  -4.034996094823e-01
 -1.110829005902e+00    1.105875101974e-01  -1.327328244807e+02  -4.034996094823e-01
 -7.428587518966e-01    2.835751273866e-01  -1.362268113217e+02   8.684319036169e+00
 -6.184846617362e-01    1.681443967490e-01  -1.306078149454e+02   8.684319036169e+00
 -9.269040723250e-01    2.212539421386e-01  -1.335648546041e+02   8.684319036169e+00
 -8.541915846886e-01    6.953793783026e-02  -1.309883000938e+02  -7.026563976723e+00
 -1.153224855271e+00    9.470245474732e-02  -1.306190861312e+02  -7.026563976723e+00
 -8.448138863758e-01    3.086861099217e-02  -1.258073183470e+02  -7.026563976723e+00
 -1.524039491905e+00   -1.439060838809e-02  -1.100561802795e+02   9.205422899841e+00
 -8.773680915063e-03   -2.202915082597e-03  -1.135311593494e+02   9.205422899841e+00
 -1.448892117476e-02    1.714744507758e-03  -1.012184726361e+02   9.205422899841e+00
 -1.182990494070e+00    2.328306727386e-01  -1.356271777322e+02  -4.741423671041e+00
 -1.278481159629e+00    7.562655199362e-02  -1.302496723246e+02  -4.741423671041e+00
 -1.154564193054e+00    9.554722938052e-02  -1.306546888066e+02  -4.741423671041e+00
 -1.180719633879e+00    2.336811405650e-01  -1.355892096120e+02   1.782757848303e-02
 -1.115809268269e+00    1.131124755241e-01  -1.328370838924e+02   1.782757848303e-02
 -1.280375275752e+00    7.636926133604e-02  -1.302878280678e+02   1.782757848303e-02
 -1.282195490489e+00    7.526023304279e-02  -1.303070727269e+02  -7.352114543450e-03
 -1.288084910940e+00    1.192105994038e-02  -1.297204463508e+02  -7.352114543450e-03
 -1.387770166357e+00   -1.202329369493e-02  -1.259571757478e+02  -7.352114543450e-03
 -1.195916319473e+00    3.057210885165e-01  -1.418680319809e+02   5.943105487826e-01
 -1.074414652676e+00    3.421297823477e-01  -1.394149327907e+02   5.943105487826e-01
 -1.182623182052e+00    2.348560962397e-01  -1.355963532514e+02   5.943105487826e-01
 -1.270433315545e+00    9.339664129304e-03  -1.215932924708e+02  -2.006710700176e+00
 -1.281911056118e+00    7.456387429563e-02  -1.303319133411e+02  -2.006710700176e+00
 -1.389507420126e+00   -1.137773337002e-02  -1.259509552608e+02  -2.006710700176e+00
 -1.282561228858e+00    7.874178078446e-02  -1.302888557338e+02  -1.042170520216e+00
 -1.114809585253e+00    1.098942310735e-01  -1.328394573648e+02  -1.042170520216e+00
 -1.288219284702e+00    9.281876883482e-03  -1.297251165954e+02  -1.042170520216e+00
 -9.253585128118e-01    2.194825143194e-01  -1.335897754350e+02   1.626837455793e+00
 -8.497316694683e-01    9.088867416890e-03  -1.312913050260e+02   1.626837455793e+00
 -1.113504162249e+00    1.111321345684e-01  -1.328206865453e+02   1.626837455793e+00
 -1.078789562337e+00    2.010331041154e-01  -1.382745548443e+02  -4.021866251293e+00
 -1.187565546886e+00    2.342936849122e-01  -1.356775953709e+02  -4.021866251293e+00
 -1.151073729722e+00    9.550674405170e-02  -1.305989454510e+02  -4.021866251293e+00
 -1.196293015721e+00    3.044803261464e-01  -1.418752785862e+02  -5.078167493460e+00
 -1.079435467873e+00    1.993437912640e-01  -1.383141281656e+02  -5.078167493460e+00
 -1.064394944399e+00    2.102521034912e-01  -1.433687098666e+02  -5.078167493460e+00
 -1.193813534868e+00    3.042285354835e-01  -1.418514773627e+02  -4.658284392907e+00
 -1.184960268626e+00    2.355477433113e-01  -1.356313965654e+02  -4.658284392907e+00
 -1.081559682294e+00    2.000267189626e-01  -1.383452799003e+02  -4.658284392907e+00
 -1.168106275854e+00    2.360496789994e-01  -1.499508880164e+02  -1.084235780871e+01
 -1.064662817950e+00    2.101126178284e-01  -1.433716088334e+02  -1.084235780871e+01
 -7.615761729719e-01    1.134032401037e-01  -1.469963103756e+02  -1.084235780871e+01
 -1.064520216516e+00    2.099000124865e-01  -1.433839726505e+02  -3.964018719970e+00
 -1.168343813254e+00    2.370655811083e-01  -1.499471678199e+02  -3.964018719970e+00
 -1.196259952222e+00    3.054050260184e-01  -1.418530057115e+02  -3.964018719970e+00
 -6.433481593484e-01    8.779382390119e-02  -1.390322489383e+02  -1.050505506437e+01
 -7.601559478954e-01    1.137727908979e-01  -1.469565755511e+02  -1.050505506437e+01
 -1.066123380086e+00    2.096779449695e-01  -1.434024342725e+02  -1.050505506437e+01
 -1.170528295158e+00    2.360316366297e-01  -1.499538498912e+02  -1.016209999454e+01
 -7.588715446509e-01    1.135595374073e-01  -1.469650373937e+02  -1.016209999454e+01
 -8.842256702033e-01    1.064065953501e-01  -1.586019452620e+02  -1.016209999454e+01
 -1.063403685374e+00    2.095526036465e-01  -1.433805867849e+02  -1.043365148831e+01
 -1.081422705036e+00    1.992233188722e-01  -1.383278445653e+02  -1.043365148831e+01
 -6.464241658128e-01    8.810060825609e-02  -1.390694211226e+02  -1.043365148831e+01
 -1.193157413571e+00    3.056456559756e-01  -1.417897959539e+02  -2.066505478048e+00
 -1.172123632034e+00    2.370539317933e-01  -1.500062323328e+02  -2.066505478048e+00
 -1.246688685117e+00    3.497021446921e-01  -1.480303133121e+02  -2.066505478048e+00
 -8.561605475366e-01    6.826725103450e-02  -1.310309212925e+02  -8.034380390142e+00
 -1.077744899154e+00    1.990120417833e-01  -1.382823973398e+02  -8.034380390142e+00
 -1.151482987025e+00    9.671685725580e-02  -1.305994843030e+02  -8.034380390142e+00
 -8.083451819396e-01    1.158497351100e-02  -1.213283677453e+02  -1.178300146258e+01
 -3.465433675421e-03   -5.732357975152e-04  -1.208662370291e+02  -1.178300146258e+01
 -8.450824413017e-01    3.080344806858e-02  -1.258350485970e+02  -1.178300146258e+01
 -8.080567698325e-01    1.158025897452e-02  -1.212818846203e+02  -6.528443268312e+00
 -1.268043523818e+00    8.961112683380e-03  -1.215256219076e+02  -6.528443268312e+00
 -1.115792062774e+00    1.473800914974e-02  -1.139292736134e+02  -6.528443268312e+00
 -3.386570603420e-03    6.025998584394e-04  -1.310040873833e+02  -1.210259252445e+01
 -8.486150013158e-01    3.130123982819e-02  -1.258087630640e+02  -1.210259252445e+01
 -7.424210365205e-04   -5.894198242255e-04  -1.208472756448e+02  -1.210259252445e+01
 -1.079925153922e+00   -1.022305719153e-02  -6.319416861360e-03  -3.549929451072e+00
 -1.281601393740e+00   -1.210102083127e-02  -8.636227874480e+00  -3.549929451072e+00
 -1.446875268290e+00   -3.158512249411e-03  -9.223131499198e-02  -3.549929451072e+00
  1.488785118346e-03    1.751213338171e-03  -2.231800480299e+02  -1.443934723535e+01
 -5.772768847647e-01   -1.011245526553e-01  -2.212195950489e+02  -1.443934723535e+01
 -2.335422423756e-03   -9.804649589036e-04  -2.203060624994e+02  -1.443934723535e+01
 -1.278471410806e+00    1.719056602755e-02  -1.015704600694e+02   9.767302234409e+00
 -1.512228284748e+00   -1.313207584298e-02  -1.100256951708e+02   9.767302234409e+00
 -2.182483456572e-02    1.961418950059e-03  -1.012195193380e+02   9.767302234409e+00
 -8.536674755897e-01    6.919665761203e-02  -1.309734499839e+02  -1.022985102199e+01
 -6.452967383789e-01    8.910692690272e-02  -1.390324632701e+02  -1.022985102199e+01
 -1.081612686801e+00    1.981831496774e-01  -1.383218520278e+02  -1.022985102199e+01
 -1.501861889796e+00   -2.457969539870e-03  -4.639688116052e+01  -2.107335118495e-01
 -1.385824962725e+00    5.856094676944e-03  -3.894014498042e+01  -2.107335118495e-01
 -1.325577926082e+00   -7.027858019359e-03  -3.740742357942e+01  -2.107335118495e-01
  9.617299041597e-04   -3.688377098243e-04  -1.389531869770e+02  -1.908664939942e+01
 -5.307485826513e-03    1.259678550152e-04  -1.545692670384e+02  -1.908664939942e+01
 -7.655543485811e-01    1.126538835695e-01  -1.469820355004e+02  -1.908664939942e+01
 -1.439666325264e+00    7.389122995225e-03  -1.030693463930e+02  -1.023115533670e+01
 -2.513600939870e-02    1.977456160410e-03  -1.128303909341e+02  -1.023115533670e+01
 -1.106274909511e+00    1.511248719895e-02  -1.138609216095e+02  -1.023115533670e+01
 -1.248024231401e+00    3.500146021334e-01  -1.480585939365e+02   8.117658878196e-01
 -1.170593984463e+00    2.368949440425e-01  -1.499851300923e+02   8.117658878195e-01
 -1.365901480512e+00    2.649961992832e-01  -1.581125938996e+02   8.117658878196e-01
 -1.289458442808e+00    1.123256859204e-02  -1.297729907130e+02   4.293089577675e-01
 -1.112429659430e+00    1.080027600928e-01  -1.328056769102e+02   4.293089577675e-01
 -1.091912984848e+00   -8.650459509360e-02  -1.328294225852e+02   4.293089577675e-01
 -6.092706513433e-03    1.558856995266e-03  -1.546489508707e+02  -2.005425865341e+01
 -9.703186124350e-01    4.745594961324e-02  -1.735353046418e+02  -2.005425865341e+01
 -8.835872320521e-01    1.049290109457e-01  -1.586311437061e+02  -2.005425865341e+01
 -1.497225164785e+00   -1.436256721369e-02  -1.098360340383e+02  -2.629787571958e+00
 -1.131950345967e+00    1.470991621412e-02  -1.139004323277e+02  -2.629787571958e+00
 -1.405368796776e+00   -3.795571905248e-03  -1.214004520999e+02  -2.629787571958e+00
 -1.300019912103e+00   -1.275699524808e-01  -1.698381125632e+02   7.968220375453e+00
 -1.290623341238e+00    1.373424580581e-03  -1.826250303784e+02   7.968220375453e+00
 -7.649406810322e-01   -3.909759330339e-02  -1.737100021679e+02   7.968220375453e+00
 -1.350997751314e-02   -5.876959071962e-04  -7.917126572940e+00  -9.719382744954e+00
 -1.285012240494e+00   -1.201428635149e-02  -8.576605814924e+00  -9.719382744954e+00
 -1.079565822048e+00   -1.038620708065e-02   3.557205035609e-02  -9.719382744954e+00
 -1.401884112862e+00   -3.897869840184e-03  -1.213639566330e+02  -1.829693078963e+00
 -1.270855825784e+00    9.719996807272e-03  -1.215773257685e+02  -1.829693078963e+00
 -1.388380732866e+00   -1.117623204587e-02  -1.259450360244e+02  -1.829693078963e+00
 -1.667910778118e+00   -1.350894781920e-02  -2.988775203853e+01  -7.409495546829e+00
 -1.372742745012e+00   -2.102861222793e-02  -1.786885203216e+01  -7.409495546829e+00
 -5.369540775215e-02    1.047255307578e-03  -2.760885777810e+01  -7.409495546829e+00
 -1.409457795681e+00   -3.695717554215e-03  -1.214131994438e+02  -2.102524131039e+00
 -1.125599365202e+00    1.461187822013e-02  -1.139221095615e+02  -2.102524131039e+00
 -1.262966296277e+00    9.190532765211e-03  -1.215741713732e+02  -2.102524131039e+00
 -1.116560295079e+00    1.427672447250e-02  -1.137417289225e+02  -2.206979612791e+00
 -1.507158225712e+00   -1.283631903375e-02  -1.098089949447e+02  -2.206979612791e+00
 -1.428922097384e+00    7.604063789388e-03  -1.030044207247e+02  -2.206979612791e+00
 -1.387010945348e+00   -1.147265500147e-02  -1.259439467284e+02   4.179570962844e+00
 -1.229431620553e+00   -6.283741390024e-02  -1.299491273827e+02   4.179570962844e+00
 -1.064821526904e+00   -8.077950124533e-02  -1.307373943310e+02   4.179570962844e+00
 -1.196286561730e+00   -2.328819261995e-02  -1.209871244547e+02   2.994368103005e+00
 -1.403653097135e+00   -3.362641934347e-03  -1.213648451297e+02   2.994368103005e+00
 -1.385609114813e+00   -1.208378011949e-02  -1.259803045734e+02   2.994368103005e+00
 -1.063403996518e+00   -7.963140945917e-02  -1.307575240290e+02   6.506711660583e+00
 -7.396492214405e-01   -2.791230021145e-02  -1.261607637533e+02   6.506711660583e+00
 -1.390094368107e+00   -1.274550505764e-02  -1.259521858807e+02   6.506711660583e+00
 -1.392012249683e-03    8.737469612799e-04  -1.253047620742e+02   1.246623839355e+01
 -7.486484457938e-01   -5.168243839018e-02  -1.305981904356e+02   1.246623839355e+01
 -1.731236867083e-03   -2.951384599237e-04  -1.309195803180e+02   1.246623839355e+01
 -7.450140599403e-01   -5.151024843034e-02  -1.305847732560e+02   1.252106533393e+01
 -3.989801553092e-03    1.071618599738e-03  -1.253289009645e+02   1.252106533393e+01
 -7.313532608031e-01   -2.689850450263e-02  -1.261016428685e+02   1.252106533393e+01
 -1.267405241593e+00    7.924828271648e-03  -1.215737799159e+02  -3.457920588206e+00
 -1.149597564045e+00    9.377498807710e-02  -1.305774584343e+02  -3.457920588206e+00
 -1.283380368618e+00    7.577249920580e-02  -1.303359779599e+02  -3.457920588206e+00
 -8.074447180186e-01    1.144252002758e-02  -1.213121388475e+02  -6.902572096390e+00
 -8.449068128559e-01    3.129148539085e-02  -1.258673343267e+02  -6.902572096390e+00
 -1.270040653056e+00    8.933439225097e-03  -1.215547587142e+02  -6.902572096390e+00
 -1.281321902202e+00   -1.058582197357e-02  -8.667642022974e+00  -1.134507058859e+00
 -1.379304393063e+00   -2.218384645710e-02  -1.836336051195e+01  -1.134507058859e+00
 -1.453418653771e+00   -1.847224293004e-02  -1.139438610653e+01  -1.134507058859e+00
 -2.117362094974e-02   -9.969800137449e-04  -9.088612261571e+01  -9.648865751237e+00
 -1.476165692079e+00    2.732824957713e-02  -8.236719055447e+01  -9.648865751237e+00
 -9.820335838247e-04   -8.326093439835e-04  -8.075478322296e+01  -9.648865751237e+00
 -3.975553881568e-02    6.282059640691e-04  -9.189442618509e+01   7.821513929321e+00
 -1.671643703580e+00    1.908799180056e-02  -9.243674106355e+01   7.821513929321e+00
 -1.281693031157e+00    1.618681259853e-02  -1.019004791224e+02   7.821513929321e+00
 -1.658332833647e+00    1.943945868399e-02  -9.247280750769e+01  -7.718996398362e+00
 -4.214730594849e-02   -7.937907667580e-04  -9.150502049211e+01  -7.718996398362e+00
 -1.435468204104e+00    6.367651391809e-03  -1.035285239678e+02  -7.718996398362e+00
 -1.316877582506e+00    3.036332351727e-05  -5.288502583804e+01   2.020913951606e+00
 -1.531338909458e+00   -4.284223477103e-03  -5.833722798307e+01   2.020913951606e+00
 -1.312515138686e+00   -1.520090164353e-02  -6.387596661804e+01   2.020913951606e+00
 -1.326450165547e+00   -7.350024710781e-03  -3.743075075644e+01  -9.641212025564e+00
  4.659334629311e-04    1.605939343781e-04  -3.736295467492e+01  -9.641212025564e+00
 -1.587763371463e-02   -6.100654407960e-04  -4.681936091256e+01  -9.641212025564e+00
 -1.171333648905e+00    1.974192197520e-02  -7.387708069316e+01   2.612996238440e+00
 -1.529838542380e+00    2.001491759456e-02  -7.034434312647e+01   2.612996238440e+00
 -1.475408185113e+00    3.318865897047e-02  -8.283851731139e+01   2.612996238440e+00
 -1.519090504305e+00   -3.500736733494e-03  -5.776848878653e+01  -7.491883863433e+00
 -4.958439307299e-02    2.346649108678e-03  -7.013843749019e+01  -7.491883863433e+00
 -1.543180914549e+00    1.893910124742e-02  -7.029332570567e+01  -7.491883863433e+00
 -1.307588845039e+00    3.481758533976e-05  -5.276125945009e+01   2.060280241509e+00
 -1.366687135163e+00    5.272710253620e-03  -3.889315912010e+01   2.060280241509e+00
 -1.515411979629e+00   -1.491659405637e-03  -4.636596629771e+01   2.060280241509e+00
 -1.546512327772e+00    2.128486817889e-02  -7.056602406299e+01  -7.297772978653e+00
 -4.473512288402e-02    2.863652795305e-04  -7.062528650144e+01  -7.297772978653e+00
 -1.461772531488e+00    2.998881657144e-02  -8.306539088778e+01  -7.297772978653e+00
 -1.467246412661e+00   -1.644308698505e-02  -1.139839671448e+01   9.491420968580e+00
 -1.487985711721e-02   -1.092705811051e-03  -1.888409551975e+01   9.491420968580e+00
 -9.160354742697e-03    1.462443828754e-03  -7.259618778152e+00   9.491420968580e+00
 -1.721192376511e-02    1.329488039184e-03  -1.743041339061e+01  -9.298546810957e+00
 -1.379007794380e+00   -1.981044373017e-02  -1.827309942985e+01  -9.298546810957e+00
 -1.283380903590e+00   -1.136920676486e-02  -8.599135897683e+00  -9.298546810957e+00
 -8.181357906101e-03    6.897131934272e-04  -1.743960683785e+01  -9.822862224604e+00
 -1.292874268885e+00   -1.165102422225e-02  -8.580429331473e+00  -9.822862224604e+00
 -6.642243880168e-03   -6.766897331566e-04  -7.981732862561e+00  -9.822862224604e+00
 -1.438425000212e+00   -2.752605023405e-03  -9.616908941993e-02  -1.265281446969e+00
 -1.290302860352e+00   -1.232101514084e-02  -8.593164538431e+00  -1.265281446969e+00
 -1.443443943087e+00   -1.591983285062e-02  -1.138649185988e+01  -1.265281446969e+00
  9.548277330113e-04   -3.121744674943e-04  -3.710095525316e+01  -9.637380500068e+00
 -1.324389537721e+00   -7.096940419600e-03  -3.789126602551e+01  -9.637380500068e+00
 -2.261539307987e-02   -7.159002788443e-05  -2.822455386535e+01  -9.637380500068e+00
 -1.390750389783e+00   -2.361481825055e-02  -1.836934112722e+01   9.671044670531e-01
 -1.637498740439e+00   -1.302376133514e-02  -3.006689978039e+01   9.671044670531e-01
 -1.266850774305e+00   -3.355692160094e-02  -2.180313979988e+01   9.671044670531e-01
 -1.389129327182e+00   -1.935177126831e-02  -1.808644298458e+01  -9.400574851766e+00
 -5.269336985943e-03    1.155859910118e-03  -1.759733071205e+01  -9.400574851766e+00
 -2.353214657885e-02    6.870763115633e-04  -2.757414177003e+01  -9.400574851766e+00
 -1.395669587329e+00   -2.378912808758e-02  -1.834258658438e+01   9.085777615598e-01
 -1.265457618963e+00   -3.365746957997e-02  -2.153244822286e+01   9.085777615598e-01
 -1.442784374388e+00   -1.860103688035e-02  -1.125487197898e+01   9.085777615598e-01
 -4.728146577989e-03   -6.005181362081e-04  -1.884708623647e+01   1.046546980083e+01
 -1.265625531250e+00   -3.103225664026e-02  -2.140928569390e+01   1.046546980083e+01
 -1.033409439398e-02    1.036638799176e-03  -2.877456037868e+01   1.046546980083e+01
 -3.140813424040e-02    1.912085641367e-03  -2.883765625862e+01   8.757709442170e+00
 -1.253883867780e+00   -3.139041972923e-02  -2.134173744528e+01   8.757709442170e+00
 -1.648751312071e+00   -1.188545432863e-02  -2.992278072388e+01   8.757709442170e+00
 -1.453946853000e+00    7.138583326806e-03  -1.031544205084e+02  -1.003089671580e+01
 -2.751658218366e-03   -9.718213815925e-04  -1.021700533723e+02  -1.003089671580e+01
 -1.390155616593e-02    1.188656619732e-03  -1.127685685752e+02  -1.003089671580e+01
 -1.292054773208e+00    1.569496134417e-02  -1.016600022640e+02   1.118163008450e+00
 -1.443944929451e+00    7.115059466049e-03  -1.030900695698e+02   1.118163008450e+00
 -1.493587844112e+00   -1.229534513878e-02  -1.100303236251e+02   1.118163008450e+00
 -5.254817041844e-03   -2.474925753604e-04  -8.014015833725e+01   1.011131103528e+01
 -1.299273271914e+00    3.100751601734e-02  -8.322476016217e+01   1.011131103528e+01
 -1.429310096819e-02   -2.238465763243e-04  -9.157279341061e+01   1.011131103528e+01
 -1.441063641992e+00    6.525514382586e-03  -1.030839643100e+02   1.513686851306e+00
 -1.297627350157e+00    1.559757887847e-02  -1.014435637335e+02   1.513686851306e+00
 -1.647307242977e+00    1.900400137831e-02  -9.236714509877e+01   1.513686851306e+00
 -1.292492086287e+00    1.745045614141e-02  -1.017294884434e+02   9.817886700191e+00
 -4.038090974008e-03    1.136575955009e-03  -1.012113404980e+02   9.817886700191e+00
 -1.620769600566e-02    3.599939628256e-04  -9.197710774039e+01   9.817886700191e+00
 -1.359697223222e-02    4.039571482217e-04  -2.921266277127e+01   1.050941530003e+01
 -1.388079744854e+00    5.799580576494e-03  -3.897487917111e+01   1.050941530003e+01
 -1.530241945095e-03   -3.364115746669e-05  -4.065675108795e+01   1.050941530003e+01
 -2.176124051062e-03   -4.858115660048e-04  -1.020294817685e+02  -1.001305637072e+01
 -1.451627288887e+00    6.117655430071e-03  -1.033823231658e+02  -1.001305637072e+01
 -1.923367171311e-02   -5.157670759379e-04  -9.154134431844e+01  -1.001305637072e+01
 -1.329136346498e+00   -6.756345029281e-03  -3.755531346832e+01  -8.640632966631e-01
 -1.381087262118e+00    6.041005384662e-03  -3.861869698881e+01  -8.640632966631e-01
 -1.639149342895e+00   -1.113134382929e-02  -2.983117447404e+01  -8.640632966631e-01
 -4.938436197551e-02   -3.629792883898e-06  -2.811603367624e+01  -6.783438095703e+00
 -1.309257308867e+00   -6.608918588420e-03  -3.817547239970e+01  -6.783438095703e+00
 -1.671071077581e+00   -1.231452395837e-02  -2.997995378426e+01  -6.783438095703e+00
 -1.314716088548e+00   -7.102608677889e-03  -3.716532114204e+01  -7.527255650303e+00
 -3.619404985231e-02   -1.494108509339e-03  -4.689948923877e+01  -7.527255650303e+00
 -1.514955085125e+00   -3.354804508896e-03  -4.624894117790e+01  -7.527255650303e+00
 -1.317711352029e+00   -7.301504781583e-04  -5.288634130108e+01   1.035804903826e+01
 -1.313554338592e+00   -1.410614314992e-02  -6.386011757878e+01   1.035804903826e+01
 -1.978647445542e-02    1.068607795914e-04  -6.081303651346e+01   1.035804903826e+01
 -1.538660600065e+00   -3.488022878531e-03  -5.848021891275e+01  -9.051958583614e+00
 -2.156602659245e-02   -1.028258049692e-03  -4.738555745086e+01  -9.051958583614e+00
 -3.340970852979e-03    4.453240179393e-04  -5.871218289463e+01  -9.051958583614e+00
 -2.572866137323e-03    2.023844214942e-04  -4.070830058687e+01   1.050065888327e+01
 -1.384023752953e+00    5.203716728517e-03  -3.891096239144e+01   1.050065888327e+01
 -1.191563564849e-02   -4.540822202185e-04  -5.037508123697e+01   1.050065888327e+01
 -1.292894447936e+00    3.296776061734e-02  -8.369543828598e+01   1.942824280349e+00
 -1.467288598080e+00    3.152549962380e-02  -8.264807668373e+01   1.942824280349e+00
 -1.641826748647e+00    1.945275611909e-02  -9.232273810303e+01   1.942824280349e+00
 -4.186165901733e-02   -4.123138598375e-06  -9.156122985629e+01   8.245919203230e+00
 -1.281155842096e+00    3.113737406476e-02  -8.310322989666e+01   8.245919203230e+00
 -1.668696461071e+00    1.976858606980e-02  -9.233446545364e+01   8.245919203230e+00
 -1.276828108929e-02   -8.525338238112e-04  -8.000024411526e+01   1.026305578790e+01
 -1.149720522654e+00    1.747618566565e-02  -7.413651882054e+01   1.026305578790e+01
 -1.291926199447e+00    3.207126375900e-02  -8.333703267565e+01   1.026305578790e+01
 -1.153940140324e+00    1.501636331299e-02  -7.424869186835e+01   1.120965462187e+01
 -3.621243060149e-03    2.769057785063e-05  -7.997626056707e+01   1.120965462187e+01
 -4.573742620889e-03   -1.046917034783e-03  -7.168481791897e+01   1.120965462187e+01
 -7.044084995963e-03    5.414424785343e-04  -6.077555764825e+01   1.048069906583e+01
 -1.325460644143e+00   -1.445498171409e-02  -6.388567249548e+01   1.048069906583e+01
 -7.954732916250e-03   -4.789071427031e-04  -7.166915758037e+01   1.048069906583e+01
 -1.320132505789e+00   -1.639928209739e-02  -6.407002600079e+01   1.848382583949e+00
 -1.520266472565e+00   -4.366423317809e-03  -5.805582808268e+01   1.848382583949e+00
 -1.532787631696e+00    1.796188556340e-02  -7.025689419088e+01   1.848382583949e+00
 -2.439077198793e-02    1.501888705862e-03  -7.004308546164e+01  -9.061081673658e+00
 -1.538543305145e+00   -2.572758597065e-03  -5.803281258193e+01  -9.061081673658e+00
 -2.667491074391e-03   -4.795749818838e-06  -5.897467836794e+01  -9.061081673658e+00
 -5.666130332903e-04   -1.541321116988e-03  -8.051342655897e+01  -9.655324305665e+00
 -1.476408170624e+00    2.801940043099e-02  -8.277343974629e+01  -9.655324305665e+00
 -2.041839227199e-02    1.557562061012e-05  -7.067806405383e+01  -9.655324305665e+00
 -1.312246900522e+00   -1.525060261900e-02  -6.395432934625e+01   1.047951768305e+01
 -1.141278575694e+00    1.494457211086e-02  -7.426866302768e+01   1.047951768305e+01
 -1.859213916908e-02   -1.372484469811e-03  -7.169447754051e+01   1.047951768305e+01
 -1.306707484936e+00   -1.647086846176e-02  -6.400979178652e+01   3.368704262478e+00
 -1.543031059869e+00    1.921278844313e-02  -7.021829808851e+01   3.368704262478e+00
 -1.146258292412e+00    1.694754373121e-02  -7.413648944885e+01   3.368704262478e+00
 -1.326384891881e+00   -1.009693504443e-03  -5.286759130822e+01   1.035398353352e+01
 -8.953010068040e-03   -1.108315482794e-04  -6.082991943952e+01   1.035398353352e+01
 -7.003118768750e-03   -2.763983877683e-04  -5.034070552110e+01   1.035398353352e+01
 -1.370593735711e+00    5.201884634328e-03  -3.888965341229e+01   1.012910177062e+01
 -1.306988157154e+00   -4.225135718590e-04  -5.278885609147e+01   1.012910177062e+01
 -2.410854116653e-02   -6.747010591171e-04  -5.037345376923e+01   1.012910177062e+01
 -1.519195368878e+00   -3.841903526609e-03  -5.857921064230e+01   1.807836952427e+00
 -1.325994427360e+00    5.779539449386e-04  -5.274677713464e+01   1.807836952427e+00
 -1.502396811846e+00   -1.832632034728e-03  -4.641950374308e+01   1.807836952427e+00
