
 -3.466095796101e-04    4.180802695784e-04  -4.302659326053e+01   2.386266747742e+00
 -1.078665056057e-01    3.834370934589e-04  -4.336573400399e+01   2.386266747742e+00
  6.018612112577e-05   -1.713442217663e-04  -4.315359792873e+01   2.386266747742e+00
 -1.309058103799e-01    1.827775797468e-02  -3.980361443919e+01   4.351661262427e+00
  9.202240818926e-05    7.140807190737e-06  -4.144437792626e+01   4.351661262426e+00
 -3.649810743752e-04   -9.733536182748e-06  -3.974072117043e+01   4.351661262427e+00
 -1.077764337271e-01   -2.294146535399e-04  -4.336889449173e+01   2.516974839453e+00
 -1.759471688264e-01    3.760747050671e-02  -4.329402506495e+01   2.516974839453e+00
 -1.884501041502e-01    5.053835391099e-04  -4.396434714699e+01   2.516974839453e+00
 -1.766499370459e-01    3.727019409553e-02  -4.328331727689e+01   2.378192803631e+00
 -1.071977599864e-01    1.072450310585e-04  -4.338546516107e+01   2.378192803631e+00
 -8.246294292855e-02    1.489307120679e-02  -4.291523118227e+01   2.378192803631e+00
 -2.189173236175e-01    4.651452669025e-02  -4.427596453375e+01   1.675207711500e+00
 -1.885308200772e-01    5.045524043616e-04  -4.398569221591e+01   1.675207711500e+00
 -1.760415703336e-01    3.790558867321e-02  -4.328130079801e+01   1.675207711500e+00
 -2.729905450063e-01   -2.781724381070e-03  -2.190975498016e+00   1.811278557672e+00
 -3.752788963485e-03    2.323096840635e-04  -1.385263804591e+00   1.811278557672e+00
 -1.999764578634e-01    2.851815537457e-03   1.182555080656e-02   1.811278557672e+00
 -8.266612314215e-02    1.466406672739e-02  -4.291237795424e+01   2.280938797047e+00
 -1.690339953133e-01    4.081198038614e-02  -4.245572510325e+01   2.280938797047e+00
 -1.766353653882e-01    3.749562692397e-02  -4.327859598164e+01   2.280938797047e+00
 -2.605419930293e-01   -2.477132825510e-03  -2.443023520014e+01   1.028962465423e+00
 -1.388759775005e-01   -5.407452669572e-03  -2.446809176747e+01   1.028962465423e+00
 -2.234398073727e-01   -4.318137380718e-03  -2.346757100159e+01   1.028962465423e+00
 -1.021220175650e-01    1.989023284734e-02  -4.179987357171e+01   2.183568508185e+00
 -1.310020830491e-01    1.836776230682e-02  -3.980215667281e+01   2.183568508185e+00
 -1.913423003375e-01    4.523983530162e-02  -4.130789485171e+01   2.183568508185e+00
 -3.744855674201e-04   -8.181931881597e-05  -4.255451761429e+01   3.133926887234e+00
 -1.017957051238e-01    1.978851705192e-02  -4.180666877338e+01   3.133926887234e+00
 -8.239403578287e-02    1.477421259136e-02  -4.292316975528e+01   3.133926887234e+00
 -1.692742048734e-01    4.084055246817e-02  -4.245212559061e+01   1.105139452898e+00
 -1.910088765072e-01    4.548422503907e-02  -4.130959696236e+01   1.105139452898e+00
 -2.076295315169e-01    6.141594747628e-02  -4.290039362026e+01   1.105139452898e+00
 -1.909784857342e-01    4.527280153900e-02  -4.131044104297e+01   2.332465605458e+00
 -1.692653669809e-01    4.088012823406e-02  -4.245360590966e+01   2.332465605458e+00
 -1.025146268858e-01    1.986054083449e-02  -4.179353885237e+01   2.332465605458e+00
 -2.211359367756e-01    6.855269629447e-02  -4.175593245127e+01   6.922533489177e-01
 -2.070556110396e-01    6.145576186599e-02  -4.291323329376e+01   6.922533489177e-01
 -1.917363058863e-01    4.547855194897e-02  -4.129774142302e+01   6.922533489177e-01
 -1.692362839793e-01    4.089551366648e-02  -4.245284984295e+01   1.411652798635e+00
 -2.076591861009e-01    6.128694140256e-02  -4.290043733039e+01   1.411652798635e+00
 -1.762859281425e-01    3.759272433605e-02  -4.328619981345e+01   1.411652798635e+00
 -2.213650073976e-01    6.860786904292e-02  -4.174899762851e+01   1.531707223187e-01
 -1.915031597955e-01    4.543692662776e-02  -4.130387024864e+01   1.531707223187e-01
 -2.374488994602e-01    5.065108616800e-02  -3.980409516082e+01   1.531707223187e-01
 -1.021083355388e-01    1.995019294925e-02  -4.180377903396e+01   2.246547132230e+00
 -1.695158193403e-01    4.078724160057e-02  -4.244822867392e+01   2.246547132230e+00
 -8.217456280180e-02    1.467105761646e-02  -4.292520142759e+01   2.246547132230e+00
 -3.919699241064e-04    1.071283067872e-04  -3.467444029802e+01   4.765333943306e+00
 -2.147935184344e-04   -1.907929259540e-04  -2.985536034715e+01   4.765333943306e+00
 -1.434428790703e-01   -7.245443929232e-03  -3.353884475055e+01   4.765333943306e+00
 -2.183435988471e-01    4.661729598846e-02  -4.427323282763e+01   1.420561284260e+00
 -1.766477618410e-01    3.768928490469e-02  -4.327782019605e+01   1.420561284260e+00
 -2.072216463994e-01    6.130225293561e-02  -4.290587983805e+01   1.420561284260e+00
 -2.427791134796e-01    1.003513429156e-03  -4.501918136240e+01   9.413224492571e-01
 -2.176747557628e-01    4.617998166843e-02  -4.427194210950e+01   9.413224492571e-01
 -2.243998571769e-01    2.051042041828e-02  -4.525242297007e+01   9.413224492571e-01
 -2.421862805229e-01    2.801509386776e-04  -4.500750836809e+01   2.091159518090e+00
 -1.890707525519e-01    2.762122956785e-04  -4.398121924401e+01   2.091159518090e+00
 -2.182628022080e-01    4.653978749586e-02  -4.428226141145e+01   2.091159518090e+00
 -2.430774874739e-01    9.756380560402e-04  -4.502974413381e+01   9.810357485406e-01
 -2.242103295165e-01    2.029380135622e-02  -4.525090687321e+01   9.810357485406e-01
 -2.691481221818e-01   -3.304567426153e-04  -4.579850705724e+01   9.810357485406e-01
 -2.233637586894e-01    1.962273328022e-02  -4.525205007925e+01   5.082264848529e-01
 -2.189041442734e-01    4.685123575730e-02  -4.426899664826e+01   5.082264848529e-01
 -1.805995822590e-01    4.308746477292e-02  -4.471795876955e+01   5.082264848529e-01
 -1.724596771632e-01   -3.289453542734e-03  -4.521264377614e+01  -9.546210614742e-02
 -2.239143458085e-01    1.968560234246e-02  -4.523388035424e+01  -9.546210614742e-02
 -1.797082517094e-01    4.277324427868e-02  -4.473178521136e+01  -9.546210614742e-02
 -2.236603833114e-01    1.898474868203e-02  -4.524506876990e+01   3.173211605810e-01
 -2.270906515882e-01   -2.420613677577e-02  -4.522238621970e+01   3.173211605810e-01
 -2.693952907604e-01    8.628328109435e-04  -4.579651193634e+01   3.173211605810e-01
 -2.189002940909e-01    4.668790508131e-02  -4.426540214195e+01  -1.437457998958e-01
 -1.965956807272e-01    6.800809243404e-02  -4.349685306572e+01  -1.437457998958e-01
 -1.805946194596e-01    4.339526807698e-02  -4.472002924929e+01  -1.437457998958e-01
 -1.518387879325e-01    2.199686913356e-03  -2.352342805082e+01  -1.937984823837e+00
 -2.090630120831e-01    2.961624407768e-03  -2.209525366276e+01  -1.937984823837e+00
 -2.360153646593e-03    2.291523792256e-04  -2.185093371688e+01  -1.937984823837e+00
 -1.397630051517e-01    5.537271929876e-02  -4.406066141962e+01  -2.077193333991e+00
 -1.973635400553e-01    6.831295957788e-02  -4.349847792492e+01  -2.077193333991e+00
 -1.666972623631e-01    6.222625874675e-02  -4.233958021655e+01  -2.077193333991e+00
 -1.974603652616e-01    6.809063131510e-02  -4.348658108704e+01   3.124565890608e-01
 -2.179375370940e-01    4.651041221129e-02  -4.428091868284e+01   3.124565890608e-01
 -2.076480172262e-01    6.151364266081e-02  -4.289999118632e+01   3.124565890608e-01
 -6.195197887120e-02    1.736251559243e-02  -4.555544099975e+01  -2.248178053691e+00
 -1.201090662042e-01    3.158264927949e-02  -4.521142914493e+01  -2.248178053691e+00
 -7.269110617019e-02    3.233549541925e-02  -4.453536273294e+01  -2.248178053691e+00
 -1.200129499482e-01    3.144404306223e-02  -4.519826592266e+01  -1.499294159040e+00
 -1.799538113251e-01    4.306273771203e-02  -4.473597165522e+01  -1.499294159040e+00
 -1.391890278020e-01    5.533775123960e-02  -4.408217910207e+01  -1.499294159040e+00
 -1.394779295475e-01    5.529693409722e-02  -4.407027109754e+01  -2.512434350039e+00
 -7.307725115690e-02    3.239841935990e-02  -4.452920944583e+01  -2.512434350039e+00
 -1.197797090312e-01    3.155726705759e-02  -4.521600678748e+01  -2.512434350039e+00
 -1.200303260951e-01    3.135560230090e-02  -4.520309782229e+01  -3.251689772314e-01
 -1.720682385189e-01   -3.528297316311e-03  -4.522692781813e+01  -3.251689772314e-01
 -1.798819492208e-01    4.299259323292e-02  -4.473077121943e+01  -3.251689772314e-01
 -2.210327584332e-01    6.880113561279e-02  -4.175456781076e+01  -1.484263938352e+00
 -1.673644905530e-01    6.222784551964e-02  -4.232678699649e+01  -1.484263938352e+00
 -1.967893134535e-01    6.830703042663e-02  -4.351165048801e+01  -1.484263938352e+00
 -1.396929976025e-01    5.533654786026e-02  -4.407222733089e+01  -9.306108823510e-01
 -1.795808687344e-01    4.312843299579e-02  -4.474505248055e+01  -9.306108823510e-01
 -1.972984222663e-01    6.824737852109e-02  -4.348691915301e+01  -9.306108823510e-01
 -2.202448096504e-01    6.867865182172e-02  -4.176856240445e+01  -3.749288615472e-01
 -1.975120246996e-01    6.827771522980e-02  -4.348449768698e+01  -3.749288615472e-01
 -2.077199896151e-01    6.142649776649e-02  -4.289915454861e+01  -3.749288615472e-01
 -1.198275130754e-01    3.130212987456e-02  -4.520420157639e+01  -9.250736448449e-01
 -6.209820357014e-02    1.755465700241e-02  -4.556411101747e+01  -9.250736448449e-01
 -1.135794858721e-01   -2.620436655195e-03  -4.560693421211e+01  -9.250736448449e-01
 -2.387448142700e-01    5.047821379074e-02  -3.978611760810e+01   1.575579222290e+00
 -1.904664369975e-01    4.539837669496e-02  -4.132663726426e+01   1.575579222290e+00
 -1.325669569969e-01    1.830138130373e-02  -3.977974418369e+01   1.575579222290e+00
 -2.707340487810e-01   -2.850941747150e-03  -2.201282925846e+00   7.129536298838e-01
 -2.009482379170e-01    2.818404622438e-03  -2.213188731953e-03   7.129536298838e-01
 -2.715937054025e-01   -5.934395218712e-04  -2.657528669658e-02   7.129536298838e-01
 -2.429411351804e-01    2.649813437770e-02  -3.762831944416e+01   1.495376738330e+00
 -1.419694432140e-01    7.623673583514e-03  -3.686719413479e+01   1.495376738330e+00
 -2.416588482404e-01    1.641535400597e-03  -3.521630210718e+01   1.495376738330e+00
 -2.424123147895e-01    2.709563511432e-02  -3.764004995283e+01   1.142410800706e+00
 -2.390530790882e-01    5.029027109273e-02  -3.977813951732e+01   1.142410800706e+00
 -1.324130421536e-01    1.858504300670e-02  -3.978392764688e+01   1.142410800706e+00
 -2.211246840098e-01    6.888767217436e-02  -4.177127100744e+01  -2.321019988073e+00
 -1.936305473485e-01    5.201261536303e-02  -4.019226694234e+01  -2.321019988073e+00
 -1.673892601355e-01    6.217088286958e-02  -4.231080834089e+01  -2.321019988073e+00
 -1.943277730415e-01    5.199275395447e-02  -4.017781296890e+01  -1.671983878002e+00
 -2.205076968674e-01    6.883108939231e-02  -4.178649021587e+01  -1.671983878002e+00
 -2.383679619342e-01    5.068665156677e-02  -3.978550578503e+01  -1.671983878002e+00
 -2.128929099689e-01    2.981162353465e-02  -3.778645864191e+01  -2.267619877200e+00
 -1.943045133167e-01    5.180510310966e-02  -4.015771409037e+01  -2.267619877200e+00
 -2.385224472503e-01    5.090924013943e-02  -3.980590091740e+01  -2.267619877200e+00
 -1.027670777975e-01    3.156373326259e-02  -4.053306863585e+01  -4.915805422136e+00
 -1.671417445396e-01    6.219211604563e-02  -4.234312241854e+01  -4.915805422136e+00
 -1.939029275311e-01    5.193109856658e-02  -4.016907657117e+01  -4.915805422136e+00
 -2.379646405594e-01    5.089989557441e-02  -3.982157777987e+01  -1.506906454256e+00
 -2.434712113344e-01    2.667431653999e-02  -3.761854169752e+01  -1.506906454256e+00
 -2.134839584837e-01    2.970516298508e-02  -3.777168260056e+01  -1.506906454256e+00
 -2.432465904925e-01    2.687077370114e-02  -3.762941848640e+01   2.061940155519e+00
 -1.313259090942e-01    1.874332013264e-02  -3.980421291363e+01   2.061940155519e+00
 -1.414523027175e-01    7.315700219643e-03  -3.686853488358e+01   2.061940155519e+00
 -2.211249235364e-01    1.862472042467e-03  -3.524104079726e+01  -2.037123759834e+00
 -2.133053429406e-01    2.939150846263e-02  -3.774829903079e+01  -2.037123759834e+00
 -2.437697607947e-01    2.698174405436e-02  -3.764118771929e+01  -2.037123759834e+00
 -4.121308689386e-04    2.340167605998e-04  -3.519544867067e+01  -8.810922725311e+00
 -1.229626484873e-01    4.734473893365e-04  -3.522402511461e+01  -8.810922725311e+00
 -3.843794271953e-04   -5.368372562311e-04  -3.248123495216e+01  -8.810922725311e+00
 -2.137890048047e-01    2.954795315566e-02  -3.778000917968e+01  -5.538696616510e+00
 -1.224842504684e-01    8.793260142303e-04  -3.522790508284e+01  -5.538696616510e+00
 -1.152065460633e-01    1.910325647136e-02  -3.793400919671e+01  -5.538696616510e+00
 -1.231102546770e-01    8.524012480257e-04  -3.522623709742e+01  -5.561190529967e+00
 -2.132552727370e-01    2.947341089776e-02  -3.778309150612e+01  -5.561190529967e+00
 -2.206358264904e-01    1.525485995687e-03  -3.520747546198e+01  -5.561190529967e+00
 -1.152305874442e-01    1.889560832811e-02  -3.795363601570e+01  -9.477348992486e+00
 -1.222888036797e-01    1.278442271193e-03  -3.519365082417e+01  -9.477348992486e+00
 -8.905948501722e-04    5.405242704717e-04  -3.795736998180e+01  -9.477348992486e+00
 -2.132223286919e-01    2.964367379540e-02  -3.775913169337e+01  -5.425255287824e+00
 -1.156604224022e-01    1.908867452733e-02  -3.795742556689e+01  -5.425255287824e+00
 -1.939796641004e-01    5.181243233329e-02  -4.019290231318e+01  -5.425255287824e+00
 -2.128701146035e-01   -2.620520052595e-02  -3.264800130678e+01  -5.537396152882e+00
 -1.230698364804e-01    9.441410132447e-04  -3.519224339772e+01  -5.537396152882e+00
 -2.206490767414e-01    1.323905826966e-03  -3.521634159060e+01  -5.537396152882e+00
 -2.218712788839e-01    1.730791539421e-03  -3.523110144288e+01  -1.364074630072e+00
 -2.431044753753e-01    2.705106951160e-02  -3.765427764254e+01  -1.364074630072e+00
 -2.415749079286e-01    1.207509103345e-03  -3.520266498194e+01  -1.364074630072e+00
 -1.413800835428e-01    7.854803867471e-03  -3.687213865889e+01   2.152797805109e+00
 -1.427057056986e-01   -7.267752375292e-03  -3.353457907496e+01   2.152797805109e+00
 -2.422692092473e-01    1.372223851176e-03  -3.521187417802e+01   2.152797805109e+00
 -1.022813705774e-01    3.147534101760e-02  -4.051256963323e+01  -5.251891668705e+00
 -1.944964802874e-01    5.193635407964e-02  -4.018803246897e+01  -5.251891668705e+00
 -1.150503498080e-01    1.903506589821e-02  -3.796271115178e+01  -5.251891668705e+00
 -1.920831181298e-05    7.507630645264e-05  -4.452711396834e+01  -5.108192098621e+00
 -7.353768226333e-02    3.258325044636e-02  -4.453929805163e+01  -5.108192098621e+00
 -5.359841050434e-04    3.040630638731e-04  -4.285318925875e+01  -5.108192098621e+00
 -7.285276029743e-02    3.221446262451e-02  -4.451800606087e+01  -3.614385095280e+00
 -1.398964187499e-01    5.552544544118e-02  -4.408184774654e+01  -3.614385095280e+00
 -8.775300232745e-02    3.687318284793e-02  -4.278879544049e+01  -3.614385095280e+00
 -1.212106248792e-01    1.628982656842e-02  -2.695478934015e+01  -3.025789146698e+00
 -5.689974243714e-05   -1.948001483230e-04  -2.542110273063e+01  -3.025789146698e+00
 -3.561176243370e-04    6.272289053329e-05  -2.696412998750e+01  -3.025789146698e+00
 -4.740850982290e-04    6.846145621205e-04  -4.572582544497e+01  -1.640564451643e+00
 -5.877612650550e-02   -1.258982411435e-03  -4.594865367580e+01  -1.640564451643e+00
 -6.180238557442e-02    1.713064014017e-02  -4.555920266761e+01  -1.640564451643e+00
 -3.158562103609e-04    2.728264811870e-04  -4.454317402057e+01  -4.139859206350e+00
  1.485083665907e-04   -1.933609893343e-04  -4.571401668698e+01  -4.139859206350e+00
 -7.294823713649e-02    3.218785682132e-02  -4.452307140079e+01  -4.139859206350e+00
 -1.352911021905e-01   -2.629558426213e-02  -4.141938096888e+01  -3.149837771927e+00
 -5.973318329084e-04    1.072791566871e-04  -4.228113572019e+01  -3.149837771927e+00
 -1.078340347590e-01   -1.906955838426e-02  -4.246843304671e+01  -3.149837771927e+00
 -7.314144335978e-02    3.238878110185e-02  -4.454158732317e+01  -6.306778356600e+00
 -8.764383428337e-02    3.673296406640e-02  -4.277002813214e+01  -6.306778356600e+00
 -9.264456140744e-04    5.190754398103e-04  -4.284566417595e+01  -6.306778356600e+00
 -1.738204844487e-04   -3.437361377843e-05  -4.571115366206e+01  -3.259959351496e+00
 -6.201156285102e-02    1.751979472704e-02  -4.556260675945e+01  -3.259959351496e+00
 -7.253011336135e-02    3.203011824125e-02  -4.452574167940e+01  -3.259959351496e+00
 -6.468602099887e-04   -7.873646680986e-05  -3.799202097808e+01  -8.228658196282e+00
 -1.152928663986e-04    5.099893828533e-04  -4.057395529700e+01  -8.228658196282e+00
 -1.153549200583e-01    1.947194193138e-02  -3.793254232024e+01  -8.228658196282e+00
 -2.592678347422e-04    4.756777358251e-04  -3.795357110583e+01  -8.816905232292e+00
 -1.229516097717e-01    1.276746515348e-03  -3.519367413729e+01  -8.816905232292e+00
 -4.429284109691e-04   -2.021630349690e-04  -3.522581016329e+01  -8.816905232292e+00
 -1.812352403550e-01   -1.042613626488e-02  -3.662980749766e+01  -3.690201435078e+00
 -1.408671222289e-03   -1.994364568552e-04  -3.944230255434e+01  -3.690201435078e+00
 -1.608021563102e-01   -2.396561080783e-02  -3.939204313580e+01  -3.690201435078e+00
 -1.258991903171e-04    2.632961248355e-04  -4.281438705926e+01  -6.698475402713e+00
 -8.845954933106e-02    3.688539502309e-02  -4.279152413681e+01  -6.698475402713e+00
 -7.571359030128e-04    1.000802813563e-04  -4.063125320834e+01  -6.698475402713e+00
 -7.800160450786e-04    7.452742583879e-04  -4.057661444539e+01  -8.595211652884e+00
 -1.022904985325e-01    3.124493911346e-02  -4.053068385597e+01  -8.595211652884e+00
 -1.147388178739e-01    1.934902997540e-02  -3.793329062455e+01  -8.595211652884e+00
 -1.413895886565e-01    7.428098333650e-03  -3.687130191800e+01   4.356901943723e+00
 -1.381722225182e-03   -1.828682286077e-04  -3.468827209611e+01   4.356901943723e+00
 -1.425555631321e-01   -6.934511786584e-03  -3.353501619407e+01   4.356901943723e+00
 -1.023247429713e-01    1.973847766035e-02  -4.179964047204e+01   3.404299092055e+00
  7.878208417389e-05   -5.237614428226e-05  -4.256364207296e+01   3.404299092055e+00
 -3.962725860630e-04    1.477693206063e-05  -4.144469453117e+01   3.404299092055e+00
 -1.383073729171e-03    3.466750321145e-04  -4.062433407626e+01  -7.807970128779e+00
 -8.796384872357e-02    3.669082247175e-02  -4.279455321784e+01  -7.807970128779e+00
 -1.019444210443e-01    3.144619922364e-02  -4.051492544464e+01  -7.807970128779e+00
 -8.770544332417e-02    3.678604241196e-02  -4.276870543875e+01  -4.607611483002e+00
 -1.675815101505e-01    6.230831718973e-02  -4.233850043686e+01  -4.607611483002e+00
 -1.022224798348e-01    3.145926097407e-02  -4.053813015879e+01  -4.607611483002e+00
 -1.314529392053e-01    1.822202210541e-02  -3.980926023268e+01   4.358919529005e+00
 -1.374861092464e-03   -2.909020075441e-04  -3.741762634591e+01   4.358919529005e+00
 -1.410648935730e-01    7.621201943935e-03  -3.686834316523e+01   4.358919529005e+00
 -2.218518614614e-01    1.135273214671e-03  -3.519282159829e+01  -1.340915135550e+00
 -2.415807697809e-01    1.514279047158e-03  -3.522013407091e+01  -1.340915135550e+00
 -2.437452026918e-01   -2.363832659809e-02  -3.277217216594e+01  -1.340915135550e+00
 -8.816549487212e-02    3.696215505468e-02  -4.278423316347e+01  -3.900527874787e+00
 -1.395362818579e-01    5.545534057257e-02  -4.408607642825e+01  -3.900527874787e+00
 -1.669735698496e-01    6.216604827531e-02  -4.232249471894e+01  -3.900527874787e+00
  4.062179859526e-05    8.950073218073e-05  -3.973857422661e+01   4.391324943906e+00
 -8.125869428534e-04   -2.071286354714e-04  -3.742285956699e+01   4.391324943906e+00
 -1.319136857112e-01    1.807857464859e-02  -3.980609983953e+01   4.391324943906e+00
 -5.909122459916e-02   -1.218513723231e-03  -4.594677089928e+01  -4.924077473142e-01
 -1.751390696924e-04    5.644480602733e-04  -4.573119602150e+01  -4.924077473142e-01
 -7.606403501308e-05   -2.355731878097e-04  -4.598246716580e+01  -4.924077473142e-01
 -2.293707394913e-01   -5.559769353895e-02  -4.412977344887e+01  -3.961112205036e-01
 -2.266865267774e-01   -2.514197064975e-02  -4.521548209845e+01  -3.961112205036e-01
 -1.851797037483e-01   -5.075827347656e-02  -4.463212183085e+01  -3.961112205036e-01
 -2.270965592873e-01   -2.441590946663e-02  -4.521864983093e+01  -4.787615320069e-01
 -2.693788915539e-01   -7.786087689360e-04  -4.557818392818e+01  -4.787615320069e-01
 -2.695280187101e-01    1.009903832491e-03  -4.580778602829e+01  -4.787615320069e-01
 -2.689533490097e-01    2.143855024229e-04  -4.557112672118e+01  -1.667233368517e+00
 -2.277107940152e-01   -5.500610687648e-02  -4.414689269691e+01  -1.667233368517e+00
 -2.427004220428e-01   -4.657423205090e-04  -4.451386196448e+01  -1.667233368517e+00
 -2.279606330733e-01   -5.491382539028e-02  -4.414342811766e+01  -5.442860433991e-01
 -2.687266723064e-01   -1.762545176914e-05  -4.557333139416e+01  -5.442860433991e-01
 -2.274593812747e-01   -2.564352189059e-02  -4.521247454198e+01  -5.442860433991e-01
 -2.421060159353e-01   -2.623934871437e-04  -4.451640103259e+01  -2.262667398967e+00
 -2.289658420144e-01   -5.539567118288e-02  -4.414049010488e+01  -2.262667398967e+00
 -1.892613454234e-01   -2.488333854445e-04  -4.343462272993e+01  -2.262667398967e+00
 -1.593199579062e-03    8.086513285392e-05  -1.390270704106e+00   1.965642673986e+00
  1.912314480736e-05   -4.404253808074e-05  -8.134447763685e-03   1.965642673986e+00
 -2.015616881694e-01    2.841797471824e-03   4.827563042083e-03   1.965642673986e+00
 -2.272771430113e-01   -2.525911263460e-02  -4.519938773867e+01   1.848905434994e-01
 -1.724687371021e-01   -3.945512893141e-03  -4.521359297612e+01   1.848905434994e-01
 -1.842691203866e-01   -5.043002537208e-02  -4.464622467637e+01   1.848905434994e-01
 -2.270947894328e-01   -2.530663534709e-02  -4.521585816307e+01   4.804518688459e-02
 -2.237110841377e-01    1.977190066291e-02  -4.524717585382e+01   4.804518688459e-02
 -1.728294655088e-01   -3.632158640083e-03  -4.520093753777e+01   4.804518688459e-02
 -1.224559190441e-01   -3.717573966882e-02  -4.515369953690e+01   5.221370083540e-01
 -1.844321212438e-01   -5.063735893172e-02  -4.464635818077e+01   5.221370083540e-01
 -1.720859687569e-01   -3.713746536742e-03  -4.522725201511e+01   5.221370083540e-01
 -1.441289692221e-01   -6.073100287183e-02  -4.395368228216e+01   2.838301783975e+00
 -1.222311517487e-01   -3.737585638185e-02  -4.516792886901e+01   2.838301783975e+00
 -7.454649813281e-02   -3.437678184065e-02  -4.439902914247e+01   2.838301783975e+00
 -1.841546730167e-01   -5.080074834348e-02  -4.466127531695e+01   1.159476991090e+00
 -1.443646017150e-01   -6.081515799630e-02  -4.395702658015e+01   1.159476991090e+00
 -2.062781876500e-01   -7.643866584124e-02  -4.332996722163e+01   1.159476991090e+00
 -1.438592649948e-01   -6.079976536381e-02  -4.396666345577e+01   1.684858398043e+00
 -1.845260093901e-01   -5.074826606382e-02  -4.465226195030e+01   1.684858398043e+00
 -1.224243489832e-01   -3.723329269701e-02  -4.514858399664e+01   1.684858398043e+00
 -2.342799286334e-01   -7.661392028861e-02  -4.155160449463e+01   1.740727136941e+00
 -2.057747790397e-01   -7.650317379673e-02  -4.335490431403e+01   1.740727136941e+00
 -1.743522565876e-01   -6.753085151117e-02  -4.218265647062e+01   1.740727136941e+00
 -1.851592077306e-01   -5.103931961838e-02  -4.463602141659e+01   2.941145595583e-01
 -2.055919804354e-01   -7.622670462267e-02  -4.333924156067e+01   2.941145595583e-01
 -2.293835687203e-01   -5.543722540503e-02  -4.412281434404e+01   2.941145595583e-01
 -1.222226344060e-01   -3.710029760284e-02  -4.515598146495e+01   1.165366202869e+00
 -1.135969394903e-01   -3.025666054452e-03  -4.560633689688e+01   1.165366202869e+00
 -6.322792374122e-02   -2.095015192903e-02  -4.554685612333e+01   1.165366202869e+00
 -1.220595772653e-01   -3.715482737538e-02  -4.516276882017e+01   6.593385081181e-01
 -1.724733011885e-01   -3.673712139370e-03  -4.521787508146e+01   6.593385081181e-01
 -1.137193864073e-01   -2.873721157393e-03  -4.559269368749e+01   6.593385081181e-01
 -1.724566383813e-01   -3.592832092146e-03  -4.521792180383e+01  -4.933643325262e-01
 -1.196369057471e-01    3.135308558564e-02  -4.521175189997e+01  -4.933643325262e-01
 -1.137273744345e-01   -2.771084830791e-03  -4.559268154403e+01  -4.933643325262e-01
 -2.284126620280e-01   -5.525665862452e-02  -4.413560879122e+01  -1.444784282742e-01
 -2.064630035120e-01   -7.631744352883e-02  -4.333037863697e+01  -1.444784282742e-01
 -2.223675832560e-01   -7.054011232825e-02  -4.265593249907e+01  -1.444784282742e-01
 -1.884301417188e-01   -6.002699077161e-04  -4.342542715180e+01  -2.641283721677e+00
 -1.931857799119e-01   -4.421627697041e-02  -4.294408879233e+01  -2.641283721677e+00
 -1.078953995014e-01    4.092910737528e-04  -4.281449314660e+01  -2.641283721677e+00
 -1.888423051953e-01   -4.950227973552e-04  -4.344084663983e+01  -1.647984303120e+00
 -2.295097694791e-01   -5.529813940312e-02  -4.412967139276e+01  -1.647984303120e+00
 -1.929482297781e-01   -4.470340350647e-02  -4.293423160079e+01  -1.647984303120e+00
 -1.076560638467e-01   -3.652654109947e-04  -4.281198970097e+01  -2.737484986994e+00
 -1.075210645674e-01   -1.887004270685e-02  -4.247064983085e+01  -2.737484986994e+00
  9.598756927035e-05    4.966925008488e-04  -4.282747421054e+01  -2.737484986994e+00
 -1.080458872408e-01   -1.954962751558e-02  -4.246063574448e+01  -2.216323818382e+00
 -1.073933826738e-01    1.837207766609e-04  -4.282826050861e+01  -2.216323818382e+00
 -1.938126142018e-01   -4.397269748813e-02  -4.293385520881e+01  -2.216323818382e+00
 -1.366967998553e-01   -2.623920157462e-02  -4.141437182467e+01  -3.411852012198e+00
 -1.224701790094e-03    1.842881114375e-05  -3.947258042583e+01  -3.411852012198e+00
  3.056894362781e-04    3.250902131314e-05  -4.230244253605e+01  -3.411852012198e+00
 -8.231998148593e-04    7.905800859757e-05  -2.184715924940e+01  -2.179307523803e+00
 -6.519286966879e-05   -6.539258480676e-05  -2.344586735998e+01  -2.179307523803e+00
 -1.526902423117e-01    2.227802461389e-03  -2.352211693220e+01  -2.179307523803e+00
 -1.937121784058e-01   -4.430072553065e-02  -4.293028262307e+01  -2.160715189111e+00
 -1.903572383086e-01   -4.855759462179e-02  -4.210363718962e+01  -2.160715189111e+00
 -1.082979527615e-01   -1.923252834456e-02  -4.245734614303e+01  -2.160715189111e+00
 -1.316443663966e-01   -4.976970634754e-03  -2.368251176375e+01   2.193481862379e+00
  3.454928024732e-05    9.439589545931e-05  -2.353421188945e+01   2.193481862379e+00
 -7.404823141635e-04   -6.601773707125e-05  -2.201306230423e+01   2.193481862379e+00
 -2.217596048101e-01   -7.047192004147e-02  -4.266876173291e+01  -4.456072809138e-01
 -2.343986532546e-01   -7.638002281566e-02  -4.155309690179e+01  -4.456072809138e-01
 -2.141084148972e-01   -5.349729831348e-02  -4.099778632432e+01  -4.456072809138e-01
 -2.334978283741e-01   -7.649014237686e-02  -4.156519800474e+01   5.682596663047e-01
 -2.224519758343e-01   -7.045837883035e-02  -4.265542269261e+01   5.682596663047e-01
 -2.064891163387e-01   -7.648157242653e-02  -4.332835310744e+01   5.682596663047e-01
 -1.905864813196e-01   -4.864110020107e-02  -4.210085338476e+01  -2.023440045946e+00
 -2.134239702809e-01   -5.330024906017e-02  -4.101220708758e+01  -2.023440045946e+00
 -1.354651198243e-01   -2.638034172905e-02  -4.140947857572e+01  -2.023440045946e+00
 -2.134240560589e-01   -5.350348551370e-02  -4.100989746713e+01  -9.153959992997e-01
 -1.906262370791e-01   -4.860465833278e-02  -4.210072740742e+01  -9.153959992997e-01
 -2.222940301764e-01   -7.043200022846e-02  -4.265600264180e+01  -9.153959992997e-01
 -1.351260656269e-01   -2.644802667107e-02  -4.141882992107e+01  -1.900896002357e+00
 -2.137989128866e-01   -5.325311890471e-02  -4.100959591104e+01  -1.900896002357e+00
 -1.609361075615e-01   -2.422256058278e-02  -3.939282559617e+01  -1.900896002357e+00
 -1.908113952556e-01   -4.856704288890e-02  -4.209511472520e+01  -2.031585818666e+00
 -1.351789758615e-01   -2.644994391997e-02  -4.141812958337e+01  -2.031585818666e+00
 -1.077811454096e-01   -1.913340064693e-02  -4.247058566817e+01  -2.031585818666e+00
 -2.346080946375e-01   -7.642168196433e-02  -4.154602424742e+01   1.014644897917e-01
 -2.549151692089e-01   -5.731092554894e-02  -3.958120452767e+01   1.014644897917e-01
 -2.138912565925e-01   -5.346920673171e-02  -4.100416989847e+01   1.014644897917e-01
 -2.223710229051e-01   -7.034050584964e-02  -4.265734433473e+01  -1.257343566226e+00
 -1.905484663951e-01   -4.863208588705e-02  -4.210045904155e+01  -1.257343566226e+00
 -1.933214073648e-01   -4.444384651967e-02  -4.293980948442e+01  -1.257343566226e+00
 -2.287965269147e-01   -5.534999016711e-02  -4.412674509823e+01  -1.325654094429e+00
 -2.219667564003e-01   -7.036053045193e-02  -4.266263809501e+01  -1.325654094429e+00
 -1.936225571156e-01   -4.453901705065e-02  -4.293191533656e+01  -1.325654094429e+00
 -1.360333287413e-01   -2.636607352929e-02  -4.142371956380e+01  -3.921063743514e+00
 -1.601301544392e-01   -2.414516152016e-02  -3.938938304925e+01  -3.921063743514e+00
 -2.218824349590e-03    1.409638549091e-04  -3.945328794784e+01  -3.921063743514e+00
 -2.063587262670e-01   -7.651924888414e-02  -4.334196605288e+01   2.309256697157e+00
 -1.444091313671e-01   -6.082237091833e-02  -4.394496085089e+01   2.309256697157e+00
 -1.736794850751e-01   -6.751682666589e-02  -4.219494734306e+01   2.309256697157e+00
 -4.297738129178e-03   -1.133092886186e-04  -3.648764493759e+00   1.897363731945e+00
 -2.743431183896e-01   -3.367552955095e-03  -2.200485023571e+00   1.897363731945e+00
 -2.362189047727e-01   -6.067010063957e-03  -4.153806586217e+00   1.897363731945e+00
 -5.880679684876e-02   -1.999367810527e-03  -4.595018616579e+01   1.973263515439e+00
 -3.884309690843e-04   -5.707976653633e-04  -4.565245127114e+01   1.973263515439e+00
 -6.300813192778e-02   -2.058900896119e-02  -4.554270229185e+01   1.973263515439e+00
 -5.910219369753e-02   -2.031340349837e-03  -4.594802071453e+01   7.187124175060e-01
 -8.023485409671e-05    1.924241080528e-04  -4.598167206481e+01   7.187124175060e-01
 -1.429334994660e-04   -5.008269046885e-04  -4.565889608042e+01   7.187124175060e-01
 -6.313844664481e-02   -2.106343922202e-02  -4.555837352280e+01   4.408208728986e+00
 -8.051692966340e-04   -7.883889596420e-04  -4.457076659517e+01   4.408208728986e+00
 -7.404409100741e-02   -3.396450238532e-02  -4.438883468136e+01   4.408208728986e+00
 -9.009508362877e-02   -3.954435341088e-02  -4.264897584669e+01   5.845948463146e+00
 -7.440367401659e-02   -3.419067242958e-02  -4.439795060141e+01   5.845948463146e+00
 -1.974482148819e-04   -3.782906840484e-04  -4.454148093826e+01   5.845948463146e+00
 -9.100467119015e-02   -3.976472143773e-02  -4.266067067616e+01   4.197257454885e+00
 -1.739643587450e-01   -6.746839863145e-02  -4.217770782177e+01   4.197257454885e+00
 -1.441750155683e-01   -6.087194903061e-02  -4.396994298037e+01   4.197257454885e+00
 -9.049038542271e-02   -3.966061403947e-02  -4.266689193712e+01   3.895253145622e+00
 -1.445889943745e-01   -6.095813864626e-02  -4.396524073511e+01   3.895253145622e+00
 -7.425218840035e-02   -3.416338549035e-02  -4.438610571336e+01   3.895253145622e+00
 -4.349066636133e-04   -5.466867805602e-04  -4.457740128395e+01   3.183422331786e+00
 -6.345983670808e-02   -2.120952785411e-02  -4.555482543173e+01   3.183422331786e+00
 -2.617911209949e-05    6.944042702729e-05  -4.563605463300e+01   3.183422331786e+00
 -1.225690617726e-01   -3.743177261838e-02  -4.516376522652e+01   2.454808218776e+00
 -6.299135197894e-02   -2.071999527148e-02  -4.554055280645e+01   2.454808218776e+00
 -7.415045588279e-02   -3.426946348502e-02  -4.440385074231e+01   2.454808218776e+00
  2.148338634016e-04   -1.114705787544e-04  -4.454219372477e+01   6.237347758876e+00
 -5.649328363484e-04   -2.550387646426e-04  -4.273730471655e+01   6.237347758876e+00
 -9.054768156216e-02   -3.972709631643e-02  -4.264630447141e+01   6.237347758876e+00
 -1.429666350160e-01   -7.168314409433e-03  -3.353544421860e+01   4.038378669588e+00
 -7.142620877730e-04   -2.739664386023e-04  -2.986144040474e+01   4.038378669588e+00
 -1.306783397005e-01   -1.536922842160e-02  -3.059032190126e+01   4.038378669588e+00
 -2.743037941544e-01    5.268022514874e-03  -1.591141793834e+01  -1.473064160367e+00
 -8.409172594214e-03   -3.319370564605e-04  -1.761251176577e+01  -1.473064160367e+00
 -3.105930619958e-01    3.688336590200e-03  -1.786759218606e+01  -1.473064160367e+00
 -1.076103256161e-01    5.480405320119e-04  -4.337360924308e+01   2.936697442123e+00
 -4.942440650706e-04    3.101683910661e-04  -4.302292757943e+01   2.936697442123e+00
 -8.199796259053e-02    1.459131502499e-02  -4.292296073643e+01   2.936697442123e+00
 -1.089254907669e-01   -3.451409176264e-02  -4.043741968780e+01   8.230858869147e+00
 -1.930393421852e-04   -2.906687408848e-04  -4.040711332652e+01   8.230858869147e+00
 -6.461983826940e-04    1.946351360358e-04  -3.786143375129e+01   8.230858869147e+00
 -1.082897891743e-01   -3.494717864228e-02  -4.040966382949e+01   7.732497745794e+00
  1.246611496570e-04   -3.203169837906e-04  -4.271332572439e+01   7.732497745794e+00
 -5.222654745136e-04   -5.712655655115e-05  -4.043446496404e+01   7.732497745794e+00
 -1.091014623445e-01   -1.574167402224e-02  -2.828197352358e+01   3.208393412490e+00
 -1.882415298577e-04    1.559539162439e-04  -2.689161613167e+01   3.208393412490e+00
 -9.137830307797e-02   -1.220294721215e-02  -2.679719919014e+01   3.208393412490e+00
 -9.080066271914e-02   -3.954388931162e-02  -4.265886308110e+01   7.802587069456e+00
 -3.848723977387e-04   -5.515302268468e-04  -4.271391037444e+01   7.802587069456e+00
 -1.076801703021e-01   -3.476514792480e-02  -4.041067668049e+01   7.802587069456e+00
 -2.000401715265e-01   -1.539945640800e-02  -2.536647918649e+01   1.371856179574e+00
 -1.396397105819e-01   -9.976701142960e-03  -2.533168008613e+01   1.371856179574e+00
 -1.380344330669e-01   -5.129151132431e-03  -2.446743456716e+01   1.371856179574e+00
 -1.201992927322e-01   -1.969895032986e-02  -3.784458302076e+01   8.800322489542e+00
 -4.230472314730e-04   -3.470123939893e-04  -3.781776952854e+01   8.800322489542e+00
 -6.564383004726e-04    4.331369750647e-04  -3.510541812217e+01   8.800322489542e+00
 -1.740739476694e-01   -6.747332099481e-02  -4.219825496470e+01   5.157260087927e+00
 -1.085055179065e-01   -3.468765293841e-02  -4.043021376059e+01   5.157260087927e+00
 -2.030380449019e-01   -5.649260115386e-02  -4.002462157184e+01   5.157260087927e+00
 -1.079912876640e-01   -3.461546235726e-02  -4.043536921653e+01   4.920653253419e+00
 -1.745022768877e-01   -6.757850969729e-02  -4.219379589789e+01   4.920653253419e+00
 -9.065747560020e-02   -3.962200396294e-02  -4.264282910439e+01   4.920653253419e+00
 -2.635473851637e-01   -3.136941862957e-02  -3.742107384600e+01  -8.383377800641e-01
 -1.625950965597e-01   -2.443890847955e-02  -3.937490946320e+01  -8.383377800641e-01
 -2.564802906226e-01   -5.696145499722e-02  -3.955658927918e+01  -8.383377800641e-01
 -1.626802346761e-01   -2.415349581148e-02  -3.937195703283e+01  -1.302070929469e+00
 -2.128724471103e-01   -5.342543424531e-02  -4.102721697194e+01  -1.302070929469e+00
 -2.562140903098e-01   -5.715521466406e-02  -3.956396187532e+01  -1.302070929469e+00
 -2.558171107780e-01   -5.733608331601e-02  -3.956256894281e+01   1.966107383958e+00
 -2.337747276700e-01   -7.664445812546e-02  -4.158300082196e+01   1.966107383958e+00
 -2.034561839895e-01   -5.655401334650e-02  -4.003270058151e+01   1.966107383958e+00
 -2.034193890748e-01   -5.636132381425e-02  -4.001300933797e+01   2.568981055565e+00
 -2.229749014646e-01   -3.271686216384e-02  -3.764595745939e+01   2.568981055565e+00
 -2.559978164368e-01   -5.756496681029e-02  -3.958277779732e+01   2.568981055565e+00
 -2.036381391447e-01   -5.651421771737e-02  -4.004401972737e+01   5.505473024472e+00
 -1.080594786733e-01   -3.459172806173e-02  -4.041055782564e+01   5.505473024472e+00
 -1.195955722815e-01   -2.002327199826e-02  -3.784568471061e+01   5.505473024472e+00
 -1.743537395728e-01   -6.746962975529e-02  -4.216687343725e+01   2.583393240254e+00
 -2.027640320677e-01   -5.657140290504e-02  -4.004700250209e+01   2.583393240254e+00
 -2.343924735591e-01   -7.670440458768e-02  -4.156804705474e+01   2.583393240254e+00
 -1.194822180315e-01   -2.009275035962e-02  -3.781748425600e+01   5.816606393298e+00
 -1.244339294640e-01   -1.216287340613e-03  -3.509871201448e+01   5.816606393298e+00
 -2.239385447326e-01   -3.243387826562e-02  -3.764031602961e+01   5.816606393298e+00
 -1.194408928384e-01   -2.013907393120e-02  -3.782059122418e+01   9.423381057034e+00
 -1.083117692183e-01   -3.431807457760e-02  -4.043904313754e+01   9.423381057034e+00
 -1.255459994607e-03    3.276978946147e-05  -3.785506425912e+01   9.423381057034e+00
 -2.648590991524e-01   -3.122167998122e-02  -3.742574760198e+01   2.389511890480e+00
 -2.233411471605e-01   -3.230216594022e-02  -3.760715700550e+01   2.389511890480e+00
 -2.310773954785e-01   -2.840464509884e-03  -3.511333093394e+01   2.389511890480e+00
 -2.235525259635e-01   -3.261477609949e-02  -3.763116544929e+01   1.870298165393e+00
 -2.645245836896e-01   -3.092626324471e-02  -3.740163594284e+01   1.870298165393e+00
 -2.554500102491e-01   -5.755734648910e-02  -3.959820732053e+01   1.870298165393e+00
 -1.814735745154e-01   -1.035617151770e-02  -3.662658805481e+01  -9.730823477303e-01
 -2.639820319109e-01   -3.071722583672e-02  -3.740879926164e+01  -9.730823477303e-01
 -2.642808605739e-01   -2.789803148260e-03  -3.508603699172e+01  -9.730823477303e-01
 -2.643220921241e-01   -3.114540820096e-02  -3.741043610879e+01  -1.605644230110e+00
 -1.810589795529e-01   -9.966270098464e-03  -3.662511599470e+01  -1.605644230110e+00
 -1.614537883805e-01   -2.457637266753e-02  -3.939185123527e+01  -1.605644230110e+00
 -2.305577071374e-01   -2.525313355284e-03  -3.507786297583e+01   5.996028651348e+00
 -2.233604517768e-01   -3.234523642506e-02  -3.764351950428e+01   5.996028651348e+00
 -1.251498533015e-01   -1.206048112961e-03  -3.509666559879e+01   5.996028651348e+00
 -1.201165248831e-01   -2.009628729526e-02  -3.784088427287e+01   5.774923029361e+00
 -2.232492209786e-01   -3.253532478589e-02  -3.761863617829e+01   5.774923029361e+00
 -2.031696780999e-01   -5.638500227472e-02  -4.004863408977e+01   5.774923029361e+00
 -1.447505189794e-03    4.166792017206e-04  -3.510028901811e+01   9.872927493220e+00
 -1.240803298074e-01   -1.489929354287e-03  -3.507059186300e+01   9.872927493220e+00
 -1.195515879855e-01   -1.963644700752e-02  -3.784568992436e+01   9.872927493220e+00
 -1.811710444235e-01   -1.019595583322e-02  -3.663127822993e+01  -4.063841580528e+00
 -1.815719820784e-01    8.039843653485e-03  -3.350772890946e+01  -4.063841580528e+00
 -1.856277282850e-03    1.496692212659e-04  -3.463944794401e+01  -4.063841580528e+00
 -1.469799567376e-03   -4.149311490571e-04  -3.504777947731e+01   9.820359728695e+00
 -1.186979753495e-01    1.665641591668e-02  -3.233217803423e+01   9.820359728695e+00
 -1.240667717942e-01   -1.059096818066e-03  -3.508652076647e+01   9.820359728695e+00
 -6.292806688834e-02   -2.089524370982e-02  -4.555135525075e+01   7.353785525510e-01
 -1.139237906698e-01   -3.034242491160e-03  -4.560281060234e+01   7.353785525510e-01
 -5.876943323796e-02   -1.577694373900e-03  -4.593623861443e+01   7.353785525510e-01
 -1.139199952204e-01   -2.616961027823e-03  -4.560335645161e+01  -5.334228116450e-01
 -6.176324263068e-02    1.749194269925e-02  -4.556882613730e+01  -5.334228116450e-01
 -5.875989983885e-02   -1.692981763645e-03  -4.593581173752e+01  -5.334228116450e-01
 -7.421212858463e-04    2.463780372678e-04  -3.465120299861e+01  -4.532384104051e+00
 -4.040483621031e-04   -2.609804522198e-04  -3.944808358554e+01  -4.532384104051e+00
 -1.821965304324e-01   -1.034682870216e-02  -3.662707688621e+01  -4.532384104051e+00
 -1.104904713058e-01   -1.576944830143e-02  -2.828491959396e+01   3.686322265801e+00
 -9.217116921173e-04    7.348686068007e-06  -2.987037711857e+01   3.686322265801e+00
  1.724969476372e-04    4.776523065391e-06  -2.813697551126e+01   3.686322265801e+00
 -2.632012387065e-01   -5.269489257678e-04  -2.352882559512e+01   5.575518418540e-01
 -2.240384113970e-01   -4.392524636373e-03  -2.346020236140e+01   5.575518418540e-01
 -2.804319776557e-01   -2.772793368513e-03  -2.129313108795e+01   5.575518418540e-01
 -2.444178263610e-01   -2.354320213886e-02  -3.278502242879e+01  -2.042302834449e+00
 -2.129552736430e-01   -2.610660955985e-02  -3.268252399235e+01  -2.042302834449e+00
 -2.210973095788e-01    9.797058024371e-04  -3.518303692816e+01  -2.042302834449e+00
 -2.439031501320e-01   -2.343962129005e-02  -3.279831476893e+01   2.100640193085e+00
 -1.430643647221e-01   -6.690915187366e-03  -3.354109573211e+01   2.100640193085e+00
 -1.311386801124e-01   -1.582342880932e-02  -3.058949474503e+01   2.100640193085e+00
 -1.140449637922e-01   -1.667112656728e-02  -3.247729376990e+01  -9.343069840224e+00
 -1.153092158558e-03   -6.562469127317e-04  -3.247781769468e+01  -9.343069840224e+00
 -1.222513507999e-01    4.868557319257e-04  -3.522389202737e+01  -9.343069840224e+00
 -1.224169071021e-01    9.028890802932e-04  -3.519029455236e+01  -5.551265895925e+00
 -2.134196652119e-01   -2.626840516293e-02  -3.265134974266e+01  -5.551265895925e+00
 -1.141665040080e-01   -1.694053933250e-02  -3.249694952550e+01  -5.551265895925e+00
 -1.147094775335e-01   -1.696256321576e-02  -3.247371629020e+01  -5.392795851591e+00
 -2.128239400959e-01   -2.634979400847e-02  -3.267197430651e+01  -5.392795851591e+00
 -1.931188230120e-01   -4.768538001433e-02  -3.026188049737e+01  -5.392795851591e+00
 -1.589229923879e-03    5.420922089631e-06  -3.242676153689e+01  -8.859246573812e+00
 -1.137873260881e-01   -1.699962548286e-02  -3.249387516905e+01  -8.859246573812e+00
 -1.031312239869e-01   -2.996251739028e-02  -2.990895516073e+01  -8.859246573812e+00
 -2.441409001411e-01   -2.323215113138e-02  -3.280747887240e+01  -1.454969099368e+00
 -2.390471431653e-01   -4.541990020102e-02  -3.058365602107e+01  -1.454969099368e+00
 -2.131125332995e-01   -2.642520203543e-02  -3.265960681196e+01  -1.454969099368e+00
 -3.496027167494e-04   -4.718512482809e-05  -4.143908541140e+01   3.590749184135e+00
 -1.304043610507e-01    1.835914877977e-02  -3.980640380372e+01   3.590749184135e+00
 -1.023972916254e-01    1.983809499905e-02  -4.180027379593e+01   3.590749184135e+00
 -1.348289756272e-01   -5.081818680951e-02  -2.653962288112e+01  -2.074955722101e+00
 -1.640190713037e-01   -5.708720466393e-02  -2.818687704575e+01  -2.074955722101e+00
 -1.921213095304e-01   -6.015895715920e-02  -2.705681220957e+01  -2.074955722101e+00
 -2.395968732884e-01   -4.539529431329e-02  -3.059943381296e+01  -2.267931375453e+00
 -1.933984288469e-01   -4.761601597277e-02  -3.029752727099e+01  -2.267931375453e+00
 -2.125125893273e-01   -2.655564587331e-02  -3.264494483903e+01  -2.267931375453e+00
 -1.032715520718e-01   -3.026693152793e-02  -2.991826960172e+01  -4.771958050183e+00
 -1.929999985742e-01   -4.776730498961e-02  -3.028561748109e+01  -4.771958050183e+00
 -1.644074585471e-01   -5.704929937694e-02  -2.818442170480e+01  -4.771958050183e+00
 -1.028225165181e-01   -3.018568605330e-02  -2.993697333084e+01  -5.150463302705e+00
 -1.141222444863e-01   -1.691311342761e-02  -3.246847440820e+01  -5.150463302705e+00
 -1.936038412643e-01   -4.779322369998e-02  -3.026686510695e+01  -5.150463302705e+00
 -2.204252170012e-01   -6.097697552730e-02  -2.867483863091e+01  -2.323199107786e+00
 -1.646768240364e-01   -5.702641906624e-02  -2.821504657145e+01  -2.323199107786e+00
 -1.927200009301e-01   -4.785131402247e-02  -3.026405987931e+01  -2.323199107786e+00
 -8.255199724179e-04    1.605222025600e-04  -3.242075801072e+01  -7.781357536629e+00
 -1.037932464818e-01   -3.014629423988e-02  -2.991064854054e+01  -7.781357536629e+00
 -1.052778748384e-04   -2.561661171892e-04  -2.993523358666e+01  -7.781357536629e+00
 -2.394733711162e-01   -4.515525288967e-02  -3.061856319778e+01  -1.632857780182e+00
 -2.198403423163e-01   -6.093871346983e-02  -2.865938767757e+01  -1.632857780182e+00
 -1.933932735127e-01   -4.781096814552e-02  -3.027886306931e+01  -1.632857780182e+00
 -2.430203571970e-01   -2.367236984911e-02  -3.279006005231e+01   1.218065709168e+00
 -1.323832567525e-01   -1.567955499914e-02  -3.060358874730e+01   1.218065709168e+00
 -2.402703393987e-01   -4.478845460729e-02  -3.062306540803e+01   1.218065709168e+00
 -3.241375894777e-04    5.765894417805e-05  -3.741469959621e+01   4.715548245727e+00
 -6.032420884227e-04   -1.662529524932e-04  -3.469278029419e+01   4.715548245727e+00
 -1.420403756620e-01    7.351237186934e-03  -3.686935279101e+01   4.715548245727e+00
 -8.550609812275e-02   -3.401054076135e-02  -2.779071008496e+01  -4.545845184617e+00
 -1.027889127787e-01   -3.020265577255e-02  -2.991256298595e+01  -4.545845184617e+00
 -1.648123623525e-01   -5.714773092401e-02  -2.818927119070e+01  -4.545845184617e+00
 -1.031400573691e-01   -3.054254259536e-02  -2.993740152828e+01  -7.248906392843e+00
  5.537886757640e-05   -3.598301764261e-04  -2.769722892118e+01  -7.248906392843e+00
 -4.633168765141e-04   -3.123650612709e-05  -2.990874733732e+01  -7.248906392843e+00
 -4.995631621529e-04   -6.396804762628e-04  -2.769668068133e+01  -7.194450210056e+00
 -1.025223549399e-01   -3.035176605775e-02  -2.993605300846e+01  -7.194450210056e+00
 -8.556266811288e-02   -3.388042373387e-02  -2.777583903618e+01  -7.194450210056e+00
 -8.248396005000e-02    1.467137938082e-02  -4.291702259940e+01   2.746047778750e+00
  1.661776105324e-05    1.269077719466e-05  -4.303530261399e+01   2.746047778750e+00
 -2.699644443505e-04    2.543638951938e-05  -4.256114001277e+01   2.746047778750e+00
 -7.071753400581e-02   -3.048802611938e-02  -2.607140600907e+01  -4.880309246947e+00
  4.569707420272e-05   -4.621878075490e-05  -2.606384799362e+01  -4.880309246947e+00
 -6.844543484062e-04   -3.583424702836e-04  -2.765224436552e+01  -4.880309246947e+00
 -7.007938802496e-02   -3.011597945285e-02  -2.608668281662e+01  -3.928217603694e+00
  1.715401813841e-04    1.604904088167e-04  -2.492112347279e+01  -3.928217603694e+00
 -3.027369178796e-04   -2.436935672730e-04  -2.604857163810e+01  -3.928217603694e+00
 -9.123525810958e-02   -1.197681856575e-02  -2.679561645284e+01   3.037443519873e+00
 -2.156722663232e-04   -5.085774401057e-05  -2.688648840353e+01   3.037443519873e+00
  6.005942531773e-05    1.293975481954e-04  -2.539876461405e+01   3.037443519873e+00
 -7.028224339322e-02   -3.027388498307e-02  -2.606930652676e+01  -6.064874010846e+00
 -1.194605825054e-03   -6.339920172045e-04  -2.765861670876e+01  -6.064874010846e+00
 -8.517069291523e-02   -3.387767345777e-02  -2.778843827475e+01  -6.064874010846e+00
 -1.608282803399e-01    1.315500779929e-02  -2.540805985731e+01  -2.393674830886e+00
 -1.589630439732e-01    6.059844067576e-03  -2.439343171882e+01  -2.393674830886e+00
 -1.441470123649e-03    6.841567207467e-05  -2.541917842266e+01  -2.393674830886e+00
 -5.847058103143e-02   -1.668778008299e-02  -2.509973309649e+01  -2.175440840967e+00
 -6.985665780960e-02   -3.021626051144e-02  -2.607460438746e+01  -2.175440840967e+00
 -1.130959584514e-01   -2.964099171338e-02  -2.545426633927e+01  -2.175440840967e+00
 -1.350207347624e-01   -5.099010345011e-02  -2.651830903082e+01  -3.506817269880e+00
 -6.994265384019e-02   -3.009697987477e-02  -2.609180222106e+01  -3.506817269880e+00
 -8.543891168292e-02   -3.406525502193e-02  -2.776921612374e+01  -3.506817269880e+00
 -1.600749370923e-04   -5.212885873403e-04  -2.490239090496e+01  -5.532029734899e-01
 -5.518968291378e-02   -2.090567960747e-04  -2.473045623509e+01  -5.532029734899e-01
 -9.941005369018e-05    2.173954300549e-04  -2.460681752139e+01  -5.532029734899e-01
 -4.368133000427e-04   -6.424809355900e-04  -2.490770042934e+01  -1.619616698963e+00
 -5.833752055331e-02   -1.646633586109e-02  -2.509643832257e+01  -1.619616698963e+00
 -5.491231214602e-02   -1.541514613723e-04  -2.472731517993e+01  -1.619616698963e+00
 -1.059597139939e-01    4.538859094217e-04  -2.507345475078e+01  -5.644699853056e-01
 -5.493303916319e-02    2.432281733262e-04  -2.473970547192e+01  -5.644699853056e-01
 -5.829499778142e-02   -1.679006618856e-02  -2.508717601810e+01  -5.644699853056e-01
 -1.652168685951e-04   -3.031418587955e-04  -2.460048843976e+01   8.124637622938e-01
 -5.507100324589e-02    3.380264900645e-04  -2.473783032009e+01   8.124637622938e-01
 -5.921782066440e-02    1.739738245402e-02  -2.500210709146e+01   8.124637622938e-01
 -1.127768179802e-01   -2.960987226596e-02  -2.544991520104e+01  -2.499639663132e+00
 -7.022121512570e-02   -3.027756845909e-02  -2.608055895277e+01  -2.499639663132e+00
 -1.345574768071e-01   -5.075730521133e-02  -2.653013285908e+01  -2.499639663132e+00
 -5.854301645150e-02   -1.682048108294e-02  -2.509257526106e+01  -3.174094186254e+00
 -1.301223680472e-04    1.851046268447e-06  -2.492352426617e+01  -3.174094186254e+00
 -6.967526114880e-02   -2.995580320779e-02  -2.608424974780e+01  -3.174094186254e+00
 -8.590576082354e-02   -3.417583249377e-02  -2.777410568684e+01  -3.875989044393e+00
 -1.642660509274e-01   -5.702503287793e-02  -2.820438113327e+01  -3.875989044393e+00
 -1.346428054928e-01   -5.090534581333e-02  -2.651389564812e+01  -3.875989044393e+00
 -1.826621769360e-01    8.425889057074e-03  -3.351136216798e+01  -4.544401900116e+00
 -4.113451015869e-04    2.764209611004e-04  -2.993900233825e+01  -4.544401900116e+00
 -6.797584056767e-04   -1.801492289713e-04  -3.462597903906e+01  -4.544401900116e+00
 -2.399240777142e-01   -4.494940405666e-02  -3.061760839894e+01   1.690990815526e+00
 -1.325851239750e-01   -1.543644180801e-02  -3.060303859511e+01   1.690990815526e+00
 -1.949405934187e-01   -3.852924743767e-02  -2.894302949174e+01   1.690990815526e+00
 -1.612983867379e-01    1.344269770111e-02  -2.541139708630e+01  -2.471177931618e+00
 -8.515889939895e-04   -3.453235409641e-04  -2.542804675161e+01  -2.471177931618e+00
 -1.207716711751e-01    1.646826351468e-02  -2.695578376416e+01  -2.471177931618e+00
 -1.093149828039e-01   -1.588229146918e-02  -2.828437623690e+01   2.186799157615e+00
 -9.135828781144e-02   -1.214860209853e-02  -2.679680620242e+01   2.186799157615e+00
 -1.765787884934e-01   -3.335968708323e-02  -2.767929630436e+01   2.186799157615e+00
 -1.098900189046e-01   -1.582997157067e-02  -2.828234060582e+01   4.104821031571e+00
 -1.300473202061e-01   -1.550009025375e-02  -3.058375745705e+01   4.104821031571e+00
 -1.632447557488e-03    3.676056856743e-05  -2.987414952018e+01   4.104821031571e+00
 -1.955978158938e-01   -3.854337977426e-02  -2.895918265171e+01   9.595558653105e-01
 -1.762170653059e-01   -3.340379391919e-02  -2.767614936255e+01   9.595558653105e-01
 -2.084196403517e-01   -5.162123837032e-02  -2.745922815955e+01   9.595558653105e-01
 -1.762711581155e-01   -3.344087616605e-02  -2.767366408407e+01   2.310142102735e+00
 -1.955186888348e-01   -3.835110582137e-02  -2.896021930022e+01   2.310142102735e+00
 -1.097230838121e-01   -1.582167255434e-02  -2.829315777372e+01   2.310142102735e+00
 -1.819781057364e-01   -3.185309482343e-02  -2.672525336032e+01   1.155232971619e+00
 -2.083880316911e-01   -5.144435283325e-02  -2.746328810607e+01   1.155232971619e+00
 -1.762143805336e-01   -3.347644945283e-02  -2.767350400469e+01   1.155232971619e+00
 -1.963190565084e-01   -3.853986031414e-02  -2.897074361875e+01   6.321014438693e-01
 -2.078233725946e-01   -5.166905936412e-02  -2.744700404090e+01   6.321014438693e-01
 -2.204498326301e-01   -6.061830580189e-02  -2.869038273469e+01   6.321014438693e-01
 -1.759975860600e-01   -3.334264607650e-02  -2.767504546424e+01   2.109118316579e+00
 -9.205021661470e-02   -1.220096937891e-02  -2.680454473527e+01   2.109118316579e+00
 -1.823587383477e-01   -3.183297567928e-02  -2.672815091710e+01   2.109118316579e+00
 -1.093024892604e-01   -1.585574703835e-02  -2.828698421003e+01   2.222598689118e+00
 -1.959519850950e-01   -3.834465665167e-02  -2.896068176309e+01   2.222598689118e+00
 -1.307952172659e-01   -1.553560895580e-02  -3.058210943674e+01   2.222598689118e+00
 -1.406332793899e-01   -1.023118119106e-02  -2.533673924050e+01   2.486298647803e+00
 -9.110402750392e-02   -1.212874321914e-02  -2.679525369979e+01   2.486298647803e+00
 -2.640456702242e-04    2.623830516940e-04  -2.540405980006e+01   2.486298647803e+00
 -1.312223229975e-01   -4.946179451284e-03  -2.368047806889e+01   2.182157915161e+00
 -1.374692990686e-01   -5.045773155663e-03  -2.445989018183e+01   2.182157915161e+00
 -3.813705977583e-04    1.242070303251e-04  -2.353603373213e+01   2.182157915161e+00
 -2.238965513900e-01   -4.496665819960e-03  -2.347100690868e+01   1.326395364474e+00
 -1.378569393000e-01   -5.210086555357e-03  -2.446741628296e+01   1.326395364474e+00
 -1.312223895750e-01   -5.042769403804e-03  -2.368105172221e+01   1.326395364474e+00
 -1.400209431440e-01   -9.785606683338e-03  -2.534224861203e+01   1.562306844246e+00
 -1.998384437620e-01   -1.573952415208e-02  -2.535425935741e+01   1.562306844246e+00
 -1.816739281045e-01   -3.179025954858e-02  -2.671700776211e+01   1.562306844246e+00
 -2.580560681427e-01    1.200086761880e-03  -7.544170454701e+00   1.663596065983e+00
 -6.409557543943e-03    1.915274649398e-04  -5.628647066256e+00   1.663596065983e+00
 -3.098974389022e-01   -1.922952310415e-03  -5.763514670733e+00   1.663596065983e+00
 -2.098821810175e-01   -3.964897975904e-02  -2.629595400926e+01   1.024504553975e+00
 -2.079183677954e-01   -5.140678012788e-02  -2.745873538346e+01   1.024504553975e+00
 -1.823923067291e-01   -3.197035551205e-02  -2.673122721912e+01   1.024504553975e+00
 -2.377258061225e-01    1.664168611466e-03  -2.357492549820e+01  -1.292219754975e+00
 -1.594253485160e-01    6.092052492208e-03  -2.440771889894e+01  -1.292219754975e+00
 -2.157509811045e-01    1.782863692410e-02  -2.533051475790e+01  -1.292219754975e+00
 -1.397375650432e-01   -9.986783406310e-03  -2.533009750661e+01   2.063225101419e+00
 -1.822829032449e-01   -3.162929544127e-02  -2.672584035904e+01   2.063225101419e+00
 -9.198524839691e-02   -1.240178606084e-02  -2.679871690158e+01   2.063225101419e+00
 -9.590847307293e-05    7.480714998328e-05  -2.353657350807e+01   2.290985929089e+00
 -1.377679999463e-01   -5.021016398046e-03  -2.445849836521e+01   2.290985929089e+00
 -3.519984030336e-04    3.068853433873e-05  -2.432033415682e+01   2.290985929089e+00
 -2.381997648440e-03   -2.078013376128e-04  -2.201369186759e+01   1.759697196432e+00
 -2.837955408278e-01   -3.046933109688e-03  -2.132177399590e+01   1.759697196432e+00
 -1.309892291730e-01   -5.087595527124e-03  -2.369310000730e+01   1.759697196432e+00
 -1.681406238321e-01   -3.819845456142e-02  -2.597066405774e+01  -1.032637638055e+00
 -1.347918404660e-01   -5.078951328874e-02  -2.652767895426e+01  -1.032637638055e+00
 -1.920301451636e-01   -6.007516467350e-02  -2.706851951016e+01  -1.032637638055e+00
 -2.196117274629e-01   -6.075025950973e-02  -2.867577778768e+01  -4.993852438373e-01
 -2.083889249236e-01   -5.163422357014e-02  -2.746363603101e+01  -4.993852438373e-01
 -1.922655709387e-01   -6.010209880831e-02  -2.707090571841e+01  -4.993852438373e-01
 -1.057347107365e-01    5.902494658252e-04  -2.508351121349e+01  -5.129772921939e-01
 -1.126251871434e-01   -2.940672102353e-02  -2.545401817528e+01  -5.129772921939e-01
 -1.581741170765e-01    1.302151634000e-03  -2.553241777659e+01  -5.129772921939e-01
 -1.129658934317e-01   -2.952082518523e-02  -2.546750145991e+01  -1.483285567446e+00
 -1.343096938399e-01   -5.077910559404e-02  -2.651795864099e+01  -1.483285567446e+00
 -1.685011459982e-01   -3.816505957960e-02  -2.597908133249e+01  -1.483285567446e+00
 -1.577704269690e-01    1.256303867338e-03  -2.552464165361e+01  -3.660803719174e-01
 -1.130219590931e-01   -2.942164544006e-02  -2.546157220685e+01  -3.660803719174e-01
 -1.683726395464e-01   -3.810893401368e-02  -2.598548719536e+01  -3.660803719174e-01
 -1.127942597660e-01   -2.938327270247e-02  -2.546132105173e+01  -9.323519619573e-01
 -1.056142827765e-01    4.669430053028e-04  -2.507025475531e+01  -9.323519619573e-01
 -5.862928404876e-02   -1.685781034492e-02  -2.509152001905e+01  -9.323519619573e-01
 -1.914192647477e-01   -5.982216100989e-02  -2.705594320537e+01  -3.512396703639e-01
 -2.102423986450e-01   -3.968184040682e-02  -2.630937597906e+01  -3.512396703639e-01
 -1.690214759036e-01   -3.840910885861e-02  -2.599966202596e+01  -3.512396703639e-01
 -1.915918928696e-01   -6.014893342895e-02  -2.704318037028e+01  -1.524544211191e+00
 -1.646502322090e-01   -5.708969076346e-02  -2.819994011099e+01  -1.524544211191e+00
 -2.203525579265e-01   -6.087374754142e-02  -2.869033557175e+01  -1.524544211191e+00
 -2.094937096329e-01   -3.915180830426e-02  -2.629571576434e+01   9.849970585140e-01
 -2.004066224751e-01   -1.563074210955e-02  -2.536252138414e+01   9.849970585140e-01
 -2.296245526998e-01   -1.198008316863e-02  -2.521923180413e+01   9.849970585140e-01
 -1.921940762009e-01   -5.990142888682e-02  -2.706935064082e+01   6.023140881123e-02
 -2.083369193732e-01   -5.169765221280e-02  -2.746222665770e+01   6.023140881123e-02
 -2.094234062852e-01   -3.949957865326e-02  -2.628906774123e+01   6.023140881123e-02
 -2.074601880239e-01    2.102050218251e-02  -2.579033766335e+01   9.422274433201e-02
 -1.585077289659e-01    1.326265137279e-03  -2.554639225307e+01   9.422274433201e-02
 -2.036603782562e-01   -1.708866071325e-02  -2.579558177594e+01   9.422274433201e-02
 -1.581057059479e-01    1.003614659746e-03  -2.553885543515e+01  -1.647997986183e-01
 -1.682088623843e-01   -3.785186245460e-02  -2.598350171603e+01  -1.647997986183e-01
 -2.039537887372e-01   -1.696134054644e-02  -2.580328326449e+01  -1.647997986183e-01
 -2.300464888650e-01   -1.202771348399e-02  -2.522640294071e+01   1.246689568345e-01
 -2.044218926986e-01   -1.728329087505e-02  -2.580766073594e+01   1.246689568345e-01
 -2.090713799106e-01   -3.935865201162e-02  -2.629022180287e+01   1.246689568345e-01
 -2.304674798920e-01   -1.243368543444e-02  -2.522387125577e+01   3.851474291120e-01
 -2.408252261337e-01    2.471154306916e-03  -2.517353023489e+01   3.851474291120e-01
 -2.041993280535e-01   -1.670914815697e-02  -2.580938670020e+01   3.851474291120e-01
 -2.595487548664e-01   -2.133933132844e-03  -2.443379039318e+01   2.768862012463e-01
 -2.409689582733e-01    2.100104125465e-03  -2.517445507809e+01   2.768862012463e-01
 -2.300839092629e-01   -1.204054236082e-02  -2.521660888704e+01   2.768862012463e-01
 -2.034440237935e-01   -1.687039675687e-02  -2.578727731927e+01   2.443027317893e-01
 -1.690469002029e-01   -3.806547706178e-02  -2.599949511607e+01   2.443027317893e-01
 -2.101783530789e-01   -3.991742769774e-02  -2.630694596996e+01   2.443027317893e-01
 -1.819093495054e-01   -3.214527303404e-02  -2.671747572150e+01   8.821736613391e-01
 -1.997561511850e-01   -1.555255180282e-02  -2.535116241982e+01   8.821736613391e-01
 -2.103242864733e-01   -3.942101591780e-02  -2.630396640800e+01   8.821736613391e-01
 -1.057190579553e-01    7.052114528271e-04  -2.508284019665e+01   6.544583716149e-01
 -1.581917632595e-01    1.324745699752e-03  -2.553325368598e+01   6.544583716149e-01
 -1.147212695383e-01    3.112197792355e-02  -2.541726205638e+01   6.544583716149e-01
 -2.840107338891e-01   -6.482444214743e-04  -8.985877906840e+00  -1.455312641591e+00
 -8.358290098620e-03   -3.319471256211e-04  -9.151719768296e+00  -1.455312641591e+00
 -2.858840594377e-01   -7.404984867707e-04  -1.136556311276e+01  -1.455312641591e+00
 -1.959935639834e-01   -3.851605337272e-02  -2.896662389503e+01   1.091204272426e-01
 -2.207337487207e-01   -6.067265048968e-02  -2.869585718351e+01   1.091204272426e-01
 -2.385500300648e-01   -4.514077895628e-02  -3.060075218070e+01   1.091204272426e-01
 -2.050902955628e-01   -2.013887461008e-03   3.121851287050e-03  -1.997434900612e+00
 -2.908850626909e-04    2.761424725194e-05  -5.245301739657e-03  -1.997434900612e+00
 -1.081345611019e-03   -4.842230268501e-05  -1.530443139644e+00  -1.997434900612e+00
 -5.499322883735e-02    1.452761219222e-04  -2.474164644396e+01   6.675253708515e-01
 -1.059430489638e-01    8.044515987621e-04  -2.507409892817e+01   6.675253708515e-01
 -5.927107929569e-02    1.779731375795e-02  -2.500150114276e+01   6.675253708515e-01
 -9.011333642300e-02    3.589217869617e-02  -2.764369357419e+01   6.754595994862e+00
 -6.864261008849e-04    6.405996368190e-05  -2.976808625131e+01   6.754595994862e+00
 -5.624935423975e-05    1.940944134476e-04  -2.765974451880e+01   6.754595994862e+00
 -1.318768408549e-01   -5.206803208430e-03  -2.369134173896e+01   1.313264571280e+00
 -2.818292585118e-01   -2.919430498787e-03  -2.130989847569e+01   1.313264571280e+00
 -2.233137430235e-01   -4.446450267990e-03  -2.345578012392e+01   1.313264571280e+00
 -6.266957702950e-04   -1.898951306248e-04  -3.230587209488e+01   7.953967272892e+00
 -3.148871062004e-04    3.381483008509e-04  -2.981068758032e+01   7.953967272892e+00
 -1.067502631702e-01    3.015847057121e-02  -2.980504471453e+01   7.953967272892e+00
  9.921576502473e-05    1.002831000410e-04  -2.688825114036e+01   3.644212177819e+00
 -1.095045845530e-01   -1.567959231711e-02  -2.828382620560e+01   3.644212177819e+00
 -2.735762766156e-04   -3.672212607691e-05  -2.813805378729e+01   3.644212177819e+00
 -8.961044893359e-02    3.567848823527e-02  -2.764148894615e+01   8.074019698170e+00
 -1.058975742190e-01    3.031994663356e-02  -2.982882688480e+01   8.074019698170e+00
 -1.198038624748e-03    2.704463156506e-04  -2.977543510008e+01   8.074019698170e+00
 -1.208149606824e-03   -5.254722352632e-05  -3.231287128988e+01   9.230878412131e+00
 -1.062201188497e-01    3.002043017655e-02  -2.980256331254e+01   9.230878412131e+00
 -1.185846814849e-01    1.714343805710e-02  -3.235766250054e+01   9.230878412131e+00
 -4.425503599772e-04    1.663613635213e-04  -2.763776038445e+01   5.975415410672e+00
  2.068788042575e-04    1.096653280317e-04  -2.593437770596e+01   5.975415410672e+00
 -8.935639670818e-02    3.591742424832e-02  -2.766622468653e+01   5.975415410672e+00
 -2.792116771409e-01    6.166556878249e-03  -1.603363166974e+01   3.047596723852e-01
 -2.418063802914e-01    6.056836895335e-03  -1.619401604121e+01   3.047596723852e-01
 -2.184324234115e-01    3.744948450845e-03  -1.435558959052e+01   3.047596723852e-01
 -5.962042470201e-02    1.800081277556e-02  -2.499789882962e+01   4.135762774149e+00
 -7.129860494399e-02    2.992972752229e-02  -2.606816866055e+01   4.135762774149e+00
 -8.514265692862e-04    7.380465370089e-04  -2.590928872544e+01   4.135762774149e+00
 -1.903540580126e-04    2.445154579567e-04  -2.497608360814e+01   1.797304751753e+00
  7.341699638302e-05   -3.596203649273e-04  -2.459538677623e+01   1.797304751753e+00
 -5.955368850941e-02    1.748497225521e-02  -2.500532367381e+01   1.797304751753e+00
 -8.916619809667e-02    3.578673550251e-02  -2.764819343087e+01   3.705609518394e+00
 -7.153998475816e-02    3.012715252142e-02  -2.607096991836e+01   3.705609518394e+00
 -1.392412780163e-01    5.282290789891e-02  -2.648172822758e+01   3.705609518394e+00
 -8.884549570739e-02    3.571778456549e-02  -2.766449612570e+01   5.565282830705e+00
 -2.135354798184e-04    3.603679158150e-04  -2.593550461647e+01   5.565282830705e+00
 -7.166558115435e-02    3.013508622407e-02  -2.606011773498e+01   5.565282830705e+00
 -1.148819238334e-01    3.135790312293e-02  -2.541149537758e+01   2.716667497604e+00
 -1.387871062611e-01    5.261427598656e-02  -2.649268030352e+01   2.716667497604e+00
 -7.183644326135e-02    3.031636879141e-02  -2.605825480385e+01   2.716667497604e+00
 -1.061063917688e-01    3.033745144938e-02  -2.980674766093e+01   4.731787593071e+00
 -8.924561242003e-02    3.572201536257e-02  -2.766829206604e+01   4.731787593071e+00
 -1.713788638202e-01    5.948976016588e-02  -2.811757106093e+01   4.731787593071e+00
 -7.144900823355e-02    3.021677986734e-02  -2.605386290385e+01   2.296506995865e+00
 -5.940022386363e-02    1.766860089499e-02  -2.501502749429e+01   2.296506995865e+00
 -1.152115164473e-01    3.140955570160e-02  -2.541537311216e+01   2.296506995865e+00
 -4.732911345838e-04    5.115545161879e-04  -2.590357803034e+01   2.894138422733e+00
  3.332765012909e-05   -1.016309522205e-04  -2.498272657462e+01   2.894138422733e+00
 -5.996432608610e-02    1.814376014139e-02  -2.499967559704e+01   2.894138422733e+00
 -1.434751328667e-01    2.115100924711e-02  -2.847319211952e+01  -3.910583854606e+00
 -1.999597824465e-03   -6.629562501082e-05  -2.994694593368e+01  -3.910583854606e+00
 -1.654493431660e-01    1.950863890298e-02  -3.068939925220e+01  -3.910583854606e+00
 -1.708120710535e-01    5.935804148418e-02  -2.813257101493e+01   4.035159435700e+00
 -8.961987343506e-02    3.586320748882e-02  -2.765386655072e+01   4.035159435700e+00
 -1.388634666662e-01    5.275283992613e-02  -2.647719171136e+01   4.035159435700e+00
 -2.226514374355e-01    2.689768842789e-02  -3.253587298850e+01   5.953065610947e+00
 -2.305554076662e-01   -2.294593269138e-03  -3.508693936463e+01   5.953065610947e+00
 -1.251403492237e-01   -1.357606060425e-03  -3.506070306434e+01   5.953065610947e+00
 -2.225500852208e-01    2.707588224234e-02  -3.256064437630e+01   5.679823546146e+00
 -1.192146627103e-01    1.707597652722e-02  -3.233823036946e+01   5.679823546146e+00
 -2.014452422365e-01    4.943026655025e-02  -3.017861545701e+01   5.679823546146e+00
 -2.317758770264e-01   -2.135053031143e-03  -3.506211295555e+01   1.735109126681e+00
 -2.650476747869e-01    2.534836910481e-02  -3.271586741799e+01   1.735109126681e+00
 -2.642062477414e-01   -2.629266222115e-03  -3.508823953994e+01   1.735109126681e+00
 -1.821712547617e-01    8.138361393752e-03  -3.351344636044e+01  -9.944131176372e-01
 -2.642480016582e-01   -2.165930887213e-03  -3.507352011513e+01  -9.944131176372e-01
 -2.648880350235e-01    2.478338209063e-02  -3.274536283007e+01  -9.944131176372e-01
 -2.648425695994e-01   -2.482125898249e-03  -3.507983969751e+01  -1.644384510491e+00
 -1.815569128104e-01    8.430574085031e-03  -3.350635501389e+01  -1.644384510491e+00
 -1.809431363070e-01   -1.065922910523e-02  -3.663390891196e+01  -1.644384510491e+00
 -2.318090948364e-01   -2.716757793848e-03  -3.510296014251e+01   1.768233327517e+00
 -2.641913813986e-01   -2.335885594887e-03  -3.506933069200e+01   1.768233327517e+00
 -2.642132658082e-01   -3.127673557153e-02  -3.743893631625e+01   1.768233327517e+00
 -2.657107562372e-01    2.525302992310e-02  -3.272894806606e+01   2.398335735274e+00
 -2.310265846114e-01   -1.973213019316e-03  -3.505187786216e+01   2.398335735274e+00
 -2.226700985760e-01    2.682945078932e-02  -3.257233801348e+01   2.398335735274e+00
 -1.244247981980e-01   -1.322624475714e-03  -3.505830785819e+01   5.792768793730e+00
 -1.186072876910e-01    1.708965914641e-02  -3.236086032508e+01   5.792768793730e+00
 -2.232233972570e-01    2.696303248764e-02  -3.253941084625e+01   5.792768793730e+00
 -2.570943447916e-01    4.877783688227e-02  -3.060117070939e+01   1.928521684042e+00
 -2.017175790125e-01    4.958020007977e-02  -3.019494357033e+01   1.928521684042e+00
 -2.331401062599e-01    6.525329241519e-02  -2.865102500428e+01   1.928521684042e+00
 -2.019102742099e-01    4.954445499265e-02  -3.018350063446e+01   5.426984568784e+00
 -1.186935031251e-01    1.701873826207e-02  -3.233317690948e+01   5.426984568784e+00
 -1.060688075558e-01    3.031908506812e-02  -2.983054651265e+01   5.426984568784e+00
 -2.643668611606e-01    2.541224751429e-02  -3.273511581914e+01  -8.385778037319e-01
 -2.578363822819e-01    4.841705465492e-02  -3.060551472385e+01  -8.385778037319e-01
 -1.678139931893e-01    1.979521261606e-02  -3.070498679372e+01  -8.385778037319e-01
 -2.654203831402e-01    2.495519019848e-02  -3.275226613033e+01   1.810088818873e+00
 -2.228402418321e-01    2.713939077430e-02  -3.254914397712e+01   1.810088818873e+00
 -2.566912883575e-01    4.904061513114e-02  -3.056638362025e+01   1.810088818873e+00
 -1.712033134739e-01    5.934069520637e-02  -2.814432907979e+01   2.569650032147e+00
 -2.337240851125e-01    6.528650718925e-02  -2.866635861619e+01   2.569650032147e+00
 -2.010427978692e-01    4.962101500672e-02  -3.018021116921e+01   2.569650032147e+00
 -2.651855149602e-01    2.516767574842e-02  -3.274402289406e+01  -1.649624015983e+00
 -1.666297498335e-01    1.995097577390e-02  -3.069064915961e+01  -1.649624015983e+00
 -1.818064456266e-01    7.815724240186e-03  -3.351453868368e+01  -1.649624015983e+00
 -2.575384679559e-01    4.858857280584e-02  -3.059974618531e+01  -1.324362042387e+00
 -2.189419017872e-01    4.406560968401e-02  -2.902621592397e+01  -1.324362042387e+00
 -1.679441168437e-01    1.953191274371e-02  -3.070548129398e+01  -1.324362042387e+00
 -2.572351473814e-01    4.901438275547e-02  -3.058202056173e+01   2.570659511513e+00
 -2.222527369830e-01    2.727088738384e-02  -3.253434022757e+01   2.570659511513e+00
 -2.017082956601e-01    4.938348253166e-02  -3.021364045311e+01   2.570659511513e+00
 -1.065880752857e-01    3.042054443247e-02  -2.981171525675e+01   5.060787120242e+00
 -1.709800655252e-01    5.938982174348e-02  -2.811290867769e+01   5.060787120242e+00
 -2.012864974308e-01    4.952078403181e-02  -3.020209504043e+01   5.060787120242e+00
 -1.212328406532e-01    1.654716440474e-02  -2.695918194431e+01  -3.204925647477e+00
 -4.753896056546e-04   -1.490288566661e-04  -2.696509509416e+01  -3.204925647477e+00
 -1.431844868638e-01    2.108815251537e-02  -2.847614142473e+01  -3.204925647477e+00
 -2.009222561806e-01    6.406688312481e-02  -2.704897554944e+01   2.274104284946e+00
 -1.705642252303e-01    5.940185474090e-02  -2.811669223686e+01   2.274104284946e+00
 -1.390616728437e-01    5.270078985539e-02  -2.650078318246e+01   2.274104284946e+00
 -6.828102706190e-04   -4.195766858451e-04  -3.504243449234e+01   8.712001451340e+00
 -3.888834052135e-04    3.237216776369e-04  -3.235045040707e+01   8.712001451340e+00
 -1.193412925443e-01    1.670445951380e-02  -3.233347244758e+01   8.712001451340e+00
 -1.577840226160e-01    1.364427943217e-03  -2.552519252860e+01   5.406623143202e-01
 -1.726514975635e-01    4.127487261000e-02  -2.597008952307e+01   5.406623143202e-01
 -1.151204023805e-01    3.114051410009e-02  -2.542528975216e+01   5.406623143202e-01
 -5.959353111770e-02    1.784539382925e-02  -2.500751972070e+01   1.063360866155e+00
 -1.056045091975e-01    8.040550000107e-04  -2.507039756755e+01   1.063360866155e+00
 -1.148721968024e-01    3.111780068309e-02  -2.542351405850e+01   1.063360866155e+00
 -2.003912810986e-01    6.405808075269e-02  -2.703546472062e+01   1.757544417498e+00
 -2.336305368137e-01    6.518069914478e-02  -2.868153782756e+01   1.757544417498e+00
 -1.711910564934e-01    5.940211666832e-02  -2.812982610663e+01   1.757544417498e+00
 -1.390432722833e-01    5.267973751421e-02  -2.648911435309e+01   1.239578168063e+00
 -1.724384557102e-01    4.136906052381e-02  -2.595561930205e+01   1.239578168063e+00
 -2.008209317839e-01    6.398161184606e-02  -2.706012078101e+01   1.239578168063e+00
 -2.222740093670e-01    4.447229184157e-02  -2.633466559212e+01   5.208443555102e-01
 -2.002365248021e-01    6.373960819221e-02  -2.704827606668e+01   5.208443555102e-01
 -1.732915688633e-01    4.157923209821e-02  -2.598400804055e+01   5.208443555102e-01
 -2.010537545436e-01    6.401439954391e-02  -2.706234528597e+01   7.151390011577e-01
 -2.244948630530e-01    5.717070362007e-02  -2.751155713012e+01   7.151390011577e-01
 -2.329047691175e-01    6.505987093339e-02  -2.866759983016e+01   7.151390011577e-01
 -2.221898752491e-01    4.467861889410e-02  -2.633104493163e+01  -5.462770046419e-02
 -1.733371377637e-01    4.125172692840e-02  -2.598466263884e+01  -5.462770046419e-02
 -2.072604043057e-01    2.081608666041e-02  -2.578192839589e+01  -5.462770046419e-02
 -1.385595994738e-01    5.265831465188e-02  -2.647975615073e+01   1.643778154157e+00
 -1.150448972290e-01    3.123946962574e-02  -2.543063163774e+01   1.643778154157e+00
 -1.728007773048e-01    4.134166837608e-02  -2.596402734813e+01   1.643778154157e+00
 -1.606212672382e-01    1.326903636179e-02  -2.540530089878e+01  -1.310894105589e+00
 -2.163294520612e-01    1.807966322839e-02  -2.533680467545e+01  -1.310894105589e+00
 -1.588894439787e-01    5.947318628683e-03  -2.440003317824e+01  -1.310894105589e+00
 -2.860848819692e-01   -2.661614371068e-03  -2.132325798079e+01   1.727868918260e+00
 -1.641669551781e-03   -4.102776825496e-04  -2.198766298441e+01   1.727868918260e+00
 -2.825349807425e-03    3.207442527438e-04  -1.959946152638e+01   1.727868918260e+00
 -2.215379941123e-01    4.390510477031e-02  -2.632085833878e+01  -8.773583614574e-01
 -2.393097577330e-01    1.443832251707e-02  -2.527100938085e+01  -8.773583614574e-01
 -2.165870394832e-01    1.824390321064e-02  -2.534361044399e+01  -8.773583614574e-01
 -2.211036714232e-01    4.406396052508e-02  -2.631374168293e+01   1.980895210831e-02
 -2.082034244371e-01    2.128735851395e-02  -2.580143096855e+01   1.980895210831e-02
 -2.396686152937e-01    1.457755299701e-02  -2.527816666190e+01   1.980895210831e-02
 -2.400102884781e-01    1.436191649518e-02  -2.528174557462e+01   7.329572148263e-03
 -2.407891956527e-01    2.222997850568e-03  -2.517473494190e+01   7.329572148263e-03
 -2.598402576825e-01   -2.285133010368e-03  -2.443369742938e+01   7.329572148263e-03
 -2.244315292268e-01    5.722603325686e-02  -2.750988402258e+01   1.399264459251e-01
 -2.010046864105e-01    6.382832866145e-02  -2.706126165389e+01   1.399264459251e-01
 -2.214668113951e-01    4.428667063170e-02  -2.631520591911e+01   1.399264459251e-01
 -2.383455582429e-01    1.910189733519e-03  -2.358140882686e+01  -3.744871308951e-01
 -2.399661844034e-01    1.423076886329e-02  -2.528631324753e+01  -3.744871308951e-01
 -2.601629608824e-01   -2.159645305889e-03  -2.443258254995e+01  -3.744871308951e-01
 -2.400769330919e-01    1.502058994517e-02  -2.527838868257e+01  -1.876659970072e-01
 -2.080161507554e-01    2.068319312513e-02  -2.580185841122e+01  -1.876659970072e-01
 -2.408099138058e-01    1.728984167467e-03  -2.517563459261e+01  -1.876659970072e-01
 -1.725116102085e-01    4.101506483327e-02  -2.596864939956e+01   3.169312999741e-01
 -1.580901470212e-01    1.628433377151e-03  -2.553865898020e+01   3.169312999741e-01
 -2.077637678689e-01    2.091371754161e-02  -2.579829059935e+01   3.169312999741e-01
 -2.027436166160e-01    3.789414543838e-02  -2.681577335513e+01  -7.374742323031e-01
 -2.224036802988e-01    4.417673253193e-02  -2.633027867104e+01  -7.374742323031e-01
 -2.159275015688e-01    1.823860240161e-02  -2.533315107875e+01  -7.374742323031e-01
 -2.245036061692e-01    5.699654756526e-02  -2.751133027759e+01  -9.329165132096e-01
 -2.028672676695e-01    3.757721354251e-02  -2.682331596546e+01  -9.329165132096e-01
 -2.001627133368e-01    3.939071127375e-02  -2.778919003164e+01  -9.329165132096e-01
 -2.240375062700e-01    5.695124422434e-02  -2.750690361610e+01  -8.491973193322e-01
 -2.219133200732e-01    4.441242360989e-02  -2.632161219127e+01  -8.491973193322e-01
 -2.032688578677e-01    3.770526517470e-02  -2.682909678805e+01  -8.491973193322e-01
 -2.195070848520e-01    4.390293825881e-02  -2.904240740917e+01  -2.021644884903e+00
 -2.002159412638e-01    3.936369826925e-02  -2.778971429989e+01  -2.021644884903e+00
 -1.433797473860e-01    2.117378933297e-02  -2.848291566719e+01  -2.021644884903e+00
 -2.001873582863e-01    3.932704554608e-02  -2.779208468198e+01  -7.223605415431e-01
 -2.195556116442e-01    4.408774842166e-02  -2.904155989218e+01  -7.223605415431e-01
 -2.244997656394e-01    5.716556791594e-02  -2.750704668676e+01  -7.223605415431e-01
 -1.212045759491e-01    1.653564346038e-02  -2.695969181619e+01  -1.966143599170e+00
 -1.431121338965e-01    2.124030623387e-02  -2.847541423074e+01  -1.966143599170e+00
 -2.004904038959e-01    3.928413437435e-02  -2.779554416495e+01  -1.966143599170e+00
 -2.199589608949e-01    4.389544418106e-02  -2.904294687246e+01  -1.899016097966e+00
 -1.428711887243e-01    2.120641825467e-02  -2.847710507628e+01  -1.899016097966e+00
 -1.661477492404e-01    1.960040309792e-02  -3.068621381977e+01  -1.899016097966e+00
 -1.999784565028e-01    3.926317004051e-02  -2.779147584071e+01  -1.947417715739e+00
 -2.032444008551e-01    3.755074779646e-02  -2.682582318986e+01  -1.947417715739e+00
 -1.217849262177e-01    1.659148806479e-02  -2.696663961694e+01  -1.947417715739e+00
 -2.239148171893e-01    5.721223365375e-02  -2.749526054110e+01  -3.627668882810e-01
 -2.202652265184e-01    4.408345720061e-02  -2.905261755938e+01  -3.627668882810e-01
 -2.337471130977e-01    6.493191507743e-02  -2.868184907264e+01  -3.627668882810e-01
 -1.609977656170e-01    1.303329197621e-02  -2.541331100868e+01  -1.497639519939e+00
 -2.025487697485e-01    3.751643612799e-02  -2.681729327113e+01  -1.497639519939e+00
 -2.160064396197e-01    1.846445523450e-02  -2.533321441767e+01  -1.497639519939e+00
 -1.519447204194e-01    2.220384562500e-03  -2.353146720567e+01  -2.216084414196e+00
 -6.705613432751e-04   -1.110432042321e-04  -2.344087684557e+01  -2.216084414196e+00
 -1.589537426172e-01    5.934556714955e-03  -2.440541211352e+01  -2.216084414196e+00
 -1.518741477506e-01    2.218524692408e-03  -2.352285923838e+01  -1.221037399860e+00
 -2.378932279207e-01    1.827876070528e-03  -2.356916486438e+01  -1.221037399860e+00
 -2.091504272274e-01    2.838102633139e-03  -2.208911738994e+01  -1.221037399860e+00
 -6.455003108939e-04    1.156525028603e-04  -2.541069980004e+01  -2.276434140274e+00
 -1.596259893622e-01    6.028572065313e-03  -2.440042195213e+01  -2.276434140274e+00
 -1.477991824170e-04   -1.132049786505e-04  -2.343719548445e+01  -2.276434140274e+00
 -2.038008419109e-01   -1.963383785742e-03  -1.026645310019e-03  -6.648819471538e-01
 -2.414394835918e-01   -2.334084321271e-03  -1.665219186170e+00  -6.648819471538e-01
 -2.725438528438e-01   -6.397350028671e-04  -1.693403410699e-02  -6.648819471538e-01
  2.724423574237e-04    3.236473677308e-04  -4.284346720380e+01  -2.697423297455e+00
 -1.078451491857e-01   -1.866396849575e-02  -4.246556788558e+01  -2.697423297455e+00
 -4.353030493358e-04   -1.817366852960e-04  -4.229205361296e+01  -2.697423297455e+00
 -2.402094303100e-01    3.191661962153e-03  -1.966253490890e+01   1.833428408892e+00
 -2.838888207955e-01   -2.428335787342e-03  -2.131763258490e+01   1.833428408892e+00
 -4.215236646745e-03    3.684191925502e-04  -1.959974152523e+01   1.833428408892e+00
 -1.605220752870e-01    1.320786880113e-02  -2.540248289343e+01  -1.914888368562e+00
 -1.215688436061e-01    1.677817286529e-02  -2.695965702178e+01  -1.914888368562e+00
 -2.032803471177e-01    3.735806142696e-02  -2.682472322977e+01  -1.914888368562e+00
 -2.827051766091e-01   -5.301006396932e-04  -8.980769313255e+00  -3.549532213892e-02
 -2.603949948548e-01    1.190547619770e-03  -7.529226350310e+00  -3.549532213892e-02
 -2.494701615904e-01   -1.313749594163e-03  -7.229586579342e+00  -3.549532213892e-02
  1.751637485670e-04   -6.553865581092e-05  -2.695115063136e+01  -3.593337664092e+00
 -9.982099151473e-04    2.051286479520e-05  -2.992974054764e+01  -3.593337664092e+00
 -1.441330288995e-01    2.103340098609e-02  -2.848029010050e+01  -3.593337664092e+00
 -2.700048766452e-01    1.349790165761e-03  -1.995561160691e+01  -1.918001446211e+00
 -4.758968526625e-03    3.704336084223e-04  -2.186188397496e+01  -1.918001446211e+00
 -2.073064759608e-01    2.909017214281e-03  -2.207587898531e+01  -1.918001446211e+00
 -2.340027259615e-01    6.498650713118e-02  -2.868701668840e+01   1.764103197499e-01
 -2.199767905665e-01    4.405645504816e-02  -2.904881541241e+01   1.764103197499e-01
 -2.561944611720e-01    4.877232772803e-02  -3.058355276306e+01   1.764103197499e-01
 -2.410464900536e-01    2.094279240511e-03  -2.518460166354e+01   8.087310254690e-02
 -2.075642167682e-01    2.032699850984e-02  -2.579554790193e+01   8.087310254690e-02
 -2.037257110907e-01   -1.639674913338e-02  -2.580081959180e+01   8.087310254690e-02
 -1.167874224636e-03    2.984331103681e-04  -2.994501014474e+01  -3.767578091398e+00
 -1.819403624145e-01    8.422588491380e-03  -3.350806367902e+01  -3.767578091398e+00
 -1.660243877981e-01    1.932376552620e-02  -3.069159484479e+01  -3.767578091398e+00
 -2.808845393852e-01   -2.647495264900e-03  -2.128178138818e+01  -4.942120042468e-01
 -2.121961448460e-01    2.842113956758e-03  -2.208334448349e+01  -4.942120042468e-01
 -2.634109649921e-01   -6.162744899599e-04  -2.354510729176e+01  -4.942120042468e-01
 -2.436376540012e-01   -2.307234570034e-02  -3.279944344780e+01   1.489451977441e+00
 -2.416031047322e-01    1.072567180259e-03  -3.520662494341e+01   1.489451977441e+00
 -1.434121088944e-01   -6.994815714201e-03  -3.354126996989e+01   1.489451977441e+00
 -2.587767269330e-03   -1.119447384279e-04  -1.527853367630e+00  -1.830973043941e+00
 -2.421177019278e-01   -2.318819091569e-03  -1.654127345436e+00  -1.830973043941e+00
 -2.037181798091e-01   -1.993745670368e-03   7.000878028509e-03  -1.830973043941e+00
 -2.627478436219e-01   -6.446186408181e-04  -2.353844243629e+01  -3.383333602360e-01
 -2.384161884606e-01    1.979844549931e-03  -2.357861195134e+01  -3.383333602360e-01
 -2.599588907300e-01   -2.121451032595e-03  -2.443140609052e+01  -3.383333602360e-01
 -3.138856365885e-01   -2.398945210806e-03  -5.761193324088e+00  -1.395468249894e+00
 -2.586815448086e-01   -3.979012865505e-03  -3.456771166135e+00  -1.395468249894e+00
 -1.015617746277e-02    1.961315835956e-04  -5.320619062081e+00  -1.395468249894e+00
 -2.641824537017e-01   -5.970754592974e-04  -2.354753898454e+01  -3.918914438025e-01
 -2.110071607011e-01    2.820355466925e-03  -2.208759022735e+01  -3.918914438025e-01
 -2.369387232062e-01    1.868779971999e-03  -2.357845355800e+01  -3.918914438025e-01
 -2.092274199535e-01    2.759058264147e-03  -2.205341408272e+01  -4.168332063149e-01
 -2.828100241841e-01   -2.363337491030e-03  -2.127707623395e+01  -4.168332063149e-01
 -2.679638985800e-01    1.385493440238e-03  -1.994371644646e+01  -4.168332063149e-01
 -2.596945022962e-01   -2.189517341268e-03  -2.443127012599e+01   7.749457361859e-01
 -2.300019049284e-01   -1.203085113889e-02  -2.521702420072e+01   7.749457361859e-01
 -1.996692621126e-01   -1.546866882348e-02  -2.536268136404e+01   7.749457361859e-01
 -2.241889467611e-01   -4.357395908037e-03  -2.346832325973e+01   5.630082429193e-01
 -2.630745100166e-01   -5.407441179013e-04  -2.353836612247e+01   5.630082429193e-01
 -2.594633483075e-01   -2.300474386560e-03  -2.443811558800e+01   5.630082429193e-01
 -1.994058821735e-01   -1.525061933243e-02  -2.536641159300e+01   1.217154175387e+00
 -1.390762880514e-01   -5.348749988390e-03  -2.447422106869e+01   1.217154175387e+00
 -2.602763222782e-01   -2.433616694314e-03  -2.443288086063e+01   1.217154175387e+00
 -2.704337000943e-04    1.664393664638e-04  -2.431045633824e+01   2.344066565931e+00
 -1.407723623917e-01   -9.871668812174e-03  -2.533558510074e+01   2.344066565931e+00
 -3.293981393128e-04   -5.654303804650e-05  -2.539986590435e+01   2.344066565931e+00
 -1.400796236214e-01   -9.840397082629e-03  -2.533303377481e+01   2.354849817463e+00
 -7.678001596493e-04    2.048671353341e-04  -2.431504644777e+01   2.354849817463e+00
 -1.375071262836e-01   -5.152669480495e-03  -2.446296723203e+01   2.354849817463e+00
 -2.377709892046e-01    1.638338458341e-03  -2.357770682361e+01  -6.392742296198e-01
 -2.156350208903e-01    1.790202877713e-02  -2.532900154719e+01  -6.392742296198e-01
 -2.402470958871e-01    1.446149639850e-02  -2.528709051062e+01  -6.392742296198e-01
 -1.517715370607e-01    2.194112682180e-03  -2.352845051171e+01  -1.292335364567e+00
 -1.589122523143e-01    6.028455229815e-03  -2.441138323299e+01  -1.292335364567e+00
 -2.382586574337e-01    1.825402963103e-03  -2.357438901648e+01  -1.292335364567e+00
 -2.414064540628e-01   -2.047948459343e-03  -1.671418216571e+00  -2.111371223492e-01
 -2.599124622113e-01   -4.202756414396e-03  -3.551308032746e+00  -2.111371223492e-01
 -2.735055878326e-01   -3.489324648765e-03  -2.197966542955e+00  -2.111371223492e-01
 -3.992342327533e-03   -1.891478778685e-04  -1.759345059367e+01  -1.814060311960e+00
 -2.775477393637e-01    5.000185238443e-03  -1.595103716082e+01  -1.814060311960e+00
 -2.043902754446e-04   -1.600925089401e-04  -1.564248233259e+01  -1.814060311960e+00
 -7.581110384061e-03    1.241949892471e-04  -1.777381707857e+01   1.467191241166e+00
 -3.137403774934e-01    3.507842522542e-03  -1.788723234780e+01   1.467191241166e+00
 -2.407218812292e-01    3.007274772831e-03  -1.972456733355e+01   1.467191241166e+00
 -3.112112926027e-01    3.569510268215e-03  -1.789417942294e+01  -1.448113267069e+00
 -8.042112500199e-03   -1.529567036579e-04  -1.770957686818e+01  -1.448113267069e+00
 -2.692663600623e-01    1.152071487871e-03  -2.004172074465e+01  -1.448113267069e+00
 -2.475292411846e-01   -9.772437573001e-05  -1.024269199801e+01   3.798668245593e-01
 -2.879981679290e-01   -8.774269605989e-04  -1.129023907323e+01   3.798668245593e-01
 -2.468666525682e-01   -2.874346231399e-03  -1.236203012130e+01   3.798668245593e-01
 -2.497069700486e-01   -1.382898678651e-03  -7.233716147125e+00  -1.814845397521e+00
  7.452575710295e-05    2.972377787232e-05  -7.216004800228e+00  -1.814845397521e+00
 -3.048831407177e-03   -1.201720772304e-04  -9.065912335842e+00  -1.814845397521e+00
 -2.199662712946e-01    3.761193592265e-03  -1.432952306760e+01   4.921135218654e-01
 -2.872223221527e-01    3.763473140033e-03  -1.362980789699e+01   4.921135218654e-01
 -2.773940939747e-01    6.104480327879e-03  -1.604127062127e+01   4.921135218654e-01
 -2.856575720650e-01   -7.145855294893e-04  -1.118268074944e+01  -1.406849867880e+00
 -9.412349432787e-03    4.458566940110e-04  -1.358305175708e+01  -1.406849867880e+00
 -2.897665330843e-01    3.571324096085e-03  -1.361929924863e+01  -1.406849867880e+00
 -2.457771174586e-01   -8.492245152475e-05  -1.021915893778e+01   3.923137904558e-01
 -2.568326036258e-01    1.077968099557e-03  -7.520689416871e+00   3.923137904558e-01
 -2.851803095371e-01   -3.460280183613e-04  -8.974607959697e+00   3.923137904558e-01
 -2.904065557886e-01    4.007603596585e-03  -1.367125910977e+01  -1.368554074163e+00
 -8.554199528749e-03    5.863960418984e-05  -1.367485674388e+01  -1.368554074163e+00
 -2.748846203765e-01    5.502864467879e-03  -1.608400220254e+01  -1.368554074163e+00
 -2.762187285255e-01   -3.096582283143e-03  -2.197711454184e+00   1.786576655595e+00
 -2.817961028593e-03   -2.064368312349e-04  -3.643886318749e+00   1.786576655595e+00
 -1.788009406421e-03    2.827627177173e-04  -1.392441227952e+00   1.786576655595e+00
 -3.298150294025e-03    2.459644792935e-04  -3.363500403473e+00  -1.752036167439e+00
 -2.598604594198e-01   -3.755721840285e-03  -3.533782616329e+00  -1.752036167439e+00
 -2.418073450689e-01   -2.197642556767e-03  -1.658965432084e+00  -1.752036167439e+00
 -1.569614870675e-03    1.276542035459e-04  -3.365346438603e+00  -1.850759270337e+00
 -2.436193537675e-01   -2.251622045325e-03  -1.655237603502e+00  -1.850759270337e+00
 -1.273559724911e-03   -1.276501755114e-04  -1.539959142889e+00  -1.850759270337e+00
 -2.709643979014e-01   -5.634024800209e-04  -1.724103932397e-02  -2.370596733586e-01
 -2.430446516976e-01   -2.376006706336e-03  -1.657569662801e+00  -2.370596733586e-01
 -2.716780204044e-01   -3.003689126426e-03  -2.194847172322e+00  -2.370596733586e-01
  1.636539272415e-04   -6.217637729237e-05  -7.166915327088e+00  -1.814044361879e+00
 -2.493094888867e-01   -1.328253990417e-03  -7.319984391545e+00  -1.814044361879e+00
 -4.316762205820e-03   -1.302743395761e-05  -5.436339004215e+00  -1.814044361879e+00
 -2.620961338603e-01   -4.469507824654e-03  -3.551443808099e+00   1.797251224002e-01
 -3.082505507696e-01   -2.304623284599e-03  -5.794112685603e+00   1.797251224002e-01
 -2.389007399893e-01   -6.277403608485e-03  -4.206212392824e+00   1.797251224002e-01
 -2.617810652972e-01   -3.666444937862e-03  -3.498044842921e+00  -1.771387109848e+00
 -1.025035260105e-03    2.133489363593e-04  -3.394785719907e+00  -1.771387109848e+00
 -4.449370566864e-03    1.306025289699e-04  -5.313692299477e+00  -1.771387109848e+00
 -2.629894274799e-01   -4.504082630185e-03  -3.547015864182e+00   1.706080559307e-01
 -2.385423947054e-01   -6.300115835635e-03  -4.156090438430e+00   1.706080559307e-01
 -2.714625275645e-01   -3.516569830679e-03  -2.172545332045e+00   1.706080559307e-01
 -8.883704344276e-04   -1.160365052811e-04  -3.637263511660e+00   1.973062589736e+00
 -2.386217592035e-01   -5.797545480772e-03  -4.132435153430e+00   1.973062589736e+00
 -1.976950568996e-03    2.017156427876e-04  -5.551171685369e+00   1.973062589736e+00
 -5.977200412237e-03    3.718177366470e-04  -5.563310152931e+00   1.647279155547e+00
 -2.364440484814e-01   -5.864846125776e-03  -4.119105128278e+00   1.647279155547e+00
 -3.102947809647e-01   -2.086395743765e-03  -5.767346534061e+00   1.647279155547e+00
 -2.727384643781e-01    1.302063141546e-03  -1.997159908554e+01  -1.881361901364e+00
 -5.599354657938e-04   -1.830201528968e-04  -1.978288377209e+01  -1.881361901364e+00
 -2.628955157636e-03    2.238522676681e-04  -2.185019918668e+01  -1.881361901364e+00
 -2.427404927117e-01    2.904283248924e-03  -1.967936213747e+01   2.057336072614e-01
 -2.707719317961e-01    1.290289820755e-03  -1.995992357437e+01   2.057336072614e-01
 -2.803740824283e-01   -2.267491015792e-03  -2.131849924501e+01   2.057336072614e-01
 -9.984993148572e-04   -4.695418540114e-05  -1.553215945523e+01   1.903628504963e+00
 -2.446238567573e-01    5.783025730858e-03  -1.611894921150e+01   1.903628504963e+00
 -2.711839914760e-03   -4.181654326245e-05  -1.771263276386e+01   1.903628504963e+00
 -2.702336714406e-01    1.177585637036e-03  -1.995875064140e+01   2.811213985747e-01
 -2.436725789801e-01    2.889829048486e-03  -1.963899300854e+01   2.811213985747e-01
 -3.090914130739e-01    3.490311659656e-03  -1.787440999252e+01   2.811213985747e-01
 -2.428385505428e-01    3.247125669166e-03  -1.969229944899e+01   1.844255944787e+00
 -8.114548283829e-04    2.143594764814e-04  -1.959820624993e+01   1.844255944787e+00
 -3.085585094541e-03    7.178574002302e-05  -1.778938594174e+01   1.844255944787e+00
 -2.615324849222e-03    8.142850038226e-05  -5.633726914065e+00   1.975119121437e+00
 -2.608891836009e-01    1.182131366876e-03  -7.535273751077e+00   1.975119121437e+00
 -3.025971273432e-04   -7.990129259505e-06  -7.862965852594e+00   1.975119121437e+00
 -4.247906163529e-04   -8.986853569447e-05  -1.975662815901e+01  -1.878533860084e+00
 -2.723467062091e-01    1.105890755668e-03  -2.001431435296e+01  -1.878533860084e+00
 -3.686176951767e-03   -9.957378681147e-05  -1.771631744770e+01  -1.878533860084e+00
 -2.500833983839e-01   -1.259430580920e-03  -7.257288198462e+00  -1.591107308255e-01
 -2.594428448749e-01    1.226648655827e-03  -7.468543607913e+00  -1.591107308255e-01
 -3.083036013728e-01   -1.944515800128e-03  -5.750468158906e+00  -1.591107308255e-01
 -9.411079807394e-03   -2.951563030030e-06  -5.415997683659e+00  -1.275069702934e+00
 -2.464010104578e-01   -1.230951732819e-03  -7.373385713911e+00  -1.275069702934e+00
 -3.144029378423e-01   -2.172123990119e-03  -5.778735675107e+00  -1.275069702934e+00
 -2.474490258423e-01   -1.333399468729e-03  -7.184119115432e+00  -1.415731839868e+00
 -6.931698330459e-03   -2.896954788131e-04  -9.080839880828e+00  -1.415731839868e+00
 -2.851355606457e-01   -6.990688452227e-04  -8.952870285621e+00  -1.415731839868e+00
 -2.477062637016e-01   -2.337007763201e-04  -1.024277821971e+01   1.946970623282e+00
 -2.470688314646e-01   -2.670603150180e-03  -1.235936287640e+01   1.946970623282e+00
 -3.773590939263e-03    2.011080721922e-05  -1.177311944878e+01   1.946970623282e+00
 -2.894866508400e-01   -7.241269040307e-04  -1.131722448444e+01  -1.703085799586e+00
 -4.159735144507e-03   -1.976430816799e-04  -9.172159918998e+00  -1.703085799586e+00
 -6.280287882835e-04    8.614620805534e-05  -1.136221451836e+01  -1.703085799586e+00
 -5.014646817847e-04    3.987595971039e-05  -7.872396421368e+00   1.973501982335e+00
 -2.601246270867e-01    1.062478541430e-03  -7.523762884158e+00   1.973501982335e+00
 -2.276068876110e-03   -8.808734933764e-05  -9.752290299429e+00   1.973501982335e+00
 -2.434742938120e-01    6.156401212878e-03  -1.620715152576e+01   3.609246963754e-01
 -2.758752544364e-01    5.796186336950e-03  -1.600400817241e+01   3.609246963754e-01
 -3.082260734985e-01    3.574656630870e-03  -1.786443158327e+01   3.609246963754e-01
 -7.937994501776e-03    2.775472671007e-06  -1.771112133345e+01   1.548034823428e+00
 -2.412228344931e-01    5.807291854743e-03  -1.609511103193e+01   1.548034823428e+00
 -3.132545002028e-01    3.636677290595e-03  -1.786742960876e+01   1.548034823428e+00
 -2.438155688704e-03   -1.599219995273e-04  -1.550594446907e+01   1.931427717644e+00
 -2.159880141036e-01    3.343237908762e-03  -1.437887028121e+01   1.931427717644e+00
 -2.432258193978e-01    5.983644102694e-03  -1.614102398802e+01   1.931427717644e+00
 -2.168220979005e-01    2.888823854512e-03  -1.439872676949e+01   2.106108338289e+00
 -6.975914530464e-04    4.952743348302e-06  -1.550202543712e+01   2.106108338289e+00
 -8.822330089006e-04   -1.909084255162e-04  -1.388114602528e+01   2.106108338289e+00
 -1.349776406974e-03    9.660735100623e-05  -1.176608757084e+01   1.971253788786e+00
 -2.493333438354e-01   -2.727072273281e-03  -1.236378492104e+01   1.971253788786e+00
 -1.520570286655e-03   -8.396772253583e-05  -1.387786731418e+01   1.971253788786e+00
 -2.483203495310e-01   -3.094316262783e-03  -1.239803928866e+01   3.450060590289e-01
 -2.859004396822e-01   -8.827617184413e-04  -1.123691215372e+01   3.450060590289e-01
 -2.878169592233e-01    3.391620752548e-03  -1.361208910267e+01   3.450060590289e-01
 -4.625454421793e-03    2.864399104625e-04  -1.356485569969e+01  -1.704108785081e+00
 -2.893865800007e-01   -5.424149572708e-04  -1.123269606576e+01  -1.704108785081e+00
 -5.424395963255e-04   -2.738356003093e-06  -1.141172134858e+01  -1.704108785081e+00
 -1.004000111731e-04   -2.950124197381e-04  -1.559677729278e+01  -1.815780039355e+00
 -2.776519319217e-01    5.130775342252e-03  -1.602838561912e+01  -1.815780039355e+00
 -3.921519349956e-03    6.061724657041e-06  -1.368526798251e+01  -1.815780039355e+00
 -2.468211800023e-01   -2.871864494489e-03  -1.237617174623e+01   1.968650343425e+00
 -2.143958663919e-01    2.872946110199e-03  -1.440203828907e+01   1.968650343425e+00
 -3.552883684477e-03   -2.476032133224e-04  -1.388292477976e+01   1.968650343425e+00
 -2.457926508088e-01   -3.099474547202e-03  -1.238623505464e+01   6.298042830468e-01
 -2.897137413652e-01    3.616579527991e-03  -1.360541342240e+01   6.298042830468e-01
 -2.152973972723e-01    3.242682406233e-03  -1.437745607247e+01   6.298042830468e-01
 -2.493676895322e-01   -2.808644920990e-04  -1.023912211528e+01   1.946414700669e+00
 -1.709051437862e-03   -2.068523146216e-05  -1.177603852571e+01   1.946414700669e+00
 -1.342251189000e-03   -5.040348308966e-05  -9.745200135824e+00   1.946414700669e+00
 -2.575740446706e-01    1.061414736673e-03  -7.520024713409e+00   1.904324572501e+00
 -2.456812690688e-01   -1.685013678009e-04  -1.022438559614e+01   1.904324572501e+00
 -4.591927157769e-03   -1.290538841015e-04  -9.751786693037e+00   1.904324572501e+00
 -2.857576234450e-01   -7.989143612250e-04  -1.133597441340e+01   3.426695130523e-01
 -2.492126398597e-01    1.101933069018e-05  -1.021638269133e+01   3.426695130523e-01
 -2.827379417546e-01   -4.136494124078e-04  -8.984663559527e+00   3.426695130523e-01
