
 -1.065424340151e-03    1.298369593656e-03  -1.296116336569e+02   7.407893405972e+00
 -3.348555678979e-01    1.193337345747e-03  -1.306221935880e+02   7.407893405972e+00
  1.857079916994e-04   -5.350909213934e-04  -1.299844475820e+02   7.407893405972e+00
 -4.066733336731e-01    5.655353533421e-02  -1.196884186874e+02   1.351890744591e+01
  2.882915551137e-04    2.685275484077e-05  -1.247522116078e+02   1.351890744591e+01
 -1.127739896527e-03   -3.263249603373e-05  -1.194937768890e+02   1.351890744591e+01
 -3.345711412303e-01   -7.213286551650e-04  -1.306298872096e+02   7.828755269236e+00
 -5.467215517827e-01    1.174959459140e-01  -1.304376475245e+02   7.828755269236e+00
 -5.850331781555e-01    1.592946402957e-03  -1.324617755682e+02   7.828755269236e+00
 -5.489040152254e-01    1.164312293537e-01  -1.304041349497e+02   7.399214971874e+00
 -3.327701457747e-01    3.341325029993e-04  -1.306822273095e+02   7.399214971874e+00
 -2.560679734163e-01    4.642566967227e-02  -1.292744885645e+02   7.399214971874e+00
 -6.798722643218e-01    1.455933457508e-01  -1.334772945771e+02   5.212051118783e+00
 -5.852829294520e-01    1.598095916404e-03  -1.325293457464e+02   5.212051118783e+00
 -5.470173788499e-01    1.184240503182e-01  -1.303976846492e+02   5.212051118783e+00
 -8.454196621118e-01   -8.645574784268e-03  -6.521144451787e+00   5.607488841921e+00
 -1.135662089521e-02    6.984891292842e-04  -4.115922321444e+00   5.607488841921e+00
 -6.175597950866e-01    8.712822995295e-03   3.331394457802e-02   5.607488841921e+00
 -2.566979244232e-01    4.571328801189e-02  -1.292654014135e+02   7.085173037774e+00
 -5.254223279849e-01    1.271367721688e-01  -1.278654855284e+02   7.085173037774e+00
 -5.488639136816e-01    1.171324487443e-01  -1.303895787543e+02   7.085173037774e+00
 -8.095315852195e-01   -7.572020541114e-03  -7.261228789138e+01   3.213592968227e+00
 -4.294743285972e-01   -1.657611944200e-02  -7.271848142096e+01   3.213592968227e+00
 -6.934766910631e-01   -1.330960371216e-02  -6.974508568383e+01   3.213592968227e+00
 -3.173430861862e-01    6.184737601930e-02  -1.258472419832e+02   6.787348950160e+00
 -4.069880394752e-01    5.682091480241e-02  -1.196840225277e+02   6.787348950160e+00
 -5.948632481535e-01    1.404670240511e-01  -1.243342911624e+02   6.787348950160e+00
 -1.153488926140e-03   -2.544598368267e-04  -1.281719243671e+02   9.732886537770e+00
 -3.163228402758e-01    6.152964077618e-02  -1.258684539764e+02   9.732886537770e+00
 -2.558542515052e-01    4.605708978600e-02  -1.292988298347e+02   9.732886537770e+00
 -5.261746062304e-01    1.272239400864e-01  -1.278543215498e+02   3.417131952537e+00
 -5.938396629992e-01    1.412232752106e-01  -1.243396918782e+02   3.417131952537e+00
 -6.452641930509e-01    1.913052120878e-01  -1.292477260837e+02   3.417131952537e+00
 -5.937389703445e-01    1.405759899037e-01  -1.243420937687e+02   7.241269356330e+00
 -5.261469085344e-01    1.273409494749e-01  -1.278590449875e+02   7.241269356330e+00
 -3.185602692396e-01    6.175058919340e-02  -1.258276680900e+02   7.241269356330e+00
 -6.870654791966e-01    2.126095951627e-01  -1.257372309319e+02   2.119214684864e+00
 -6.434752608312e-01    1.914302900014e-01  -1.292875230495e+02   2.119214684864e+00
 -5.961046628220e-01    1.412040781118e-01  -1.243029606430e+02   2.119214684864e+00
 -5.260527459676e-01    1.273889666799e-01  -1.278566677939e+02   4.374534798643e+00
 -6.453562947097e-01    1.909151041958e-01  -1.292477617629e+02   4.374534798643e+00
 -5.477779810410e-01    1.174486856192e-01  -1.304131311182e+02   4.374534798643e+00
 -6.877809585652e-01    2.127731942793e-01  -1.257158331716e+02   4.454525404707e-01
 -5.953818028290e-01    1.410808920849e-01  -1.243217268523e+02   4.454525404707e-01
 -7.378653686257e-01    1.564866750766e-01  -1.197104727687e+02   4.454525404707e-01
 -3.172983194206e-01    6.202678989107e-02  -1.258595528477e+02   6.984567806037e+00
 -5.269192996415e-01    1.270536602079e-01  -1.278423268776e+02   6.984567806037e+00
 -2.551690802876e-01    4.574013891217e-02  -1.293050987094e+02   6.984567806037e+00
 -1.219973289761e-03    3.314141809382e-04  -1.038475231604e+02   1.477503311271e+01
 -6.455515053925e-04   -5.892138080971e-04  -8.901418768103e+01   1.477503311271e+01
 -4.447458926003e-01   -2.301492974860e-02  -1.003531824281e+02   1.477503311271e+01
 -6.780823225312e-01    1.459034163406e-01  -1.334683995824e+02   4.396406320956e+00
 -5.489089211972e-01    1.177512839169e-01  -1.303870603931e+02   4.396406320956e+00
 -6.439928384746e-01    1.909648055774e-01  -1.292646208422e+02   4.396406320956e+00
 -7.537066892290e-01    3.175859332474e-03  -1.357587883363e+02   2.926429139320e+00
 -6.759940479016e-01    1.445511451674e-01  -1.334629940750e+02   2.926429139320e+00
 -6.961089132637e-01    6.417352748384e-02  -1.365023162307e+02   2.926429139320e+00
 -7.518427551523e-01    8.972464144854e-04  -1.357205857557e+02   6.515403480890e+00
 -5.869584053163e-01    8.722842579089e-04  -1.325157479330e+02   6.515403480890e+00
 -6.778380725850e-01    1.456916197761e-01  -1.334964376392e+02   6.515403480890e+00
 -7.546245507565e-01    3.074796840424e-03  -1.357932045549e+02   3.054942204405e+00
 -6.955211184053e-01    6.350239666365e-02  -1.364968902014e+02   3.054942204405e+00
 -8.355260570955e-01   -1.037895342562e-03  -1.381969322552e+02   3.054942204405e+00
 -6.928643466802e-01    6.139384883436e-02  -1.365005743020e+02   1.553705158587e+00
 -6.798207601473e-01    1.466322967842e-01  -1.334548280627e+02   1.553705158587e+00
 -5.597222709627e-01    1.340445570200e-01  -1.348765351240e+02   1.553705158587e+00
 -5.340246424886e-01   -1.048419308444e-02  -1.364002958819e+02  -3.178420034501e-01
 -6.945813406962e-01    6.157286354488e-02  -1.364441015959e+02  -3.178420034501e-01
 -5.569454296747e-01    1.330730078246e-01  -1.349192864478e+02  -3.178420034501e-01
 -6.937978887238e-01    5.939024726534e-02  -1.364786332099e+02   9.876835639357e-01
 -7.043402702436e-01   -7.609951007666e-02  -1.364016344303e+02   9.876835639357e-01
 -8.363085276224e-01    2.704657098618e-03  -1.381899748581e+02   9.876835639357e-01
 -6.798131331573e-01    1.461262716129e-01  -1.334437346179e+02  -4.885207433398e-01
 -6.101828198015e-01    2.114107903962e-01  -1.311101158948e+02  -4.885207433398e-01
 -5.597109366773e-01    1.349995848079e-01  -1.348829417121e+02  -4.885207433398e-01
 -4.697520796744e-01    6.712538288885e-03  -6.991484584064e+01  -6.016837040643e+00
 -6.485502372139e-01    8.979878959129e-03  -6.568693840000e+01  -6.016837040643e+00
 -7.188042390620e-03    7.148584087493e-04  -6.499508080052e+01  -6.016837040643e+00
 -4.329892026649e-01    1.715402587172e-01  -1.328754148875e+02  -6.500940324623e+00
 -6.125603744704e-01    2.123411686337e-01  -1.311153690169e+02  -6.500940324623e+00
 -5.170211990009e-01    1.925215281764e-01  -1.275673447751e+02  -6.500940324623e+00
 -6.128759009548e-01    2.116650254456e-01  -1.310783575912e+02   9.324138890946e-01
 -6.768118467331e-01    1.455751018834e-01  -1.334919153406e+02   9.324138890946e-01
 -6.453181584769e-01    1.916142230072e-01  -1.292465826679e+02   9.324138890946e-01
 -1.915563843001e-01    5.367150257972e-02  -1.374884441562e+02  -6.978831338500e+00
 -3.716270617336e-01    9.784819075475e-02  -1.364219884619e+02  -6.978831338500e+00
 -2.249662386729e-01    9.995819367189e-02  -1.343478860165e+02  -6.978831338500e+00
 -3.713272784910e-01    9.741851863772e-02  -1.363813509778e+02  -4.690271416664e+00
 -5.577060853370e-01    1.339618396352e-01  -1.349323253069e+02  -4.690271416664e+00
 -4.312077250013e-01    1.714365609615e-01  -1.329418601627e+02  -4.690271416664e+00
 -4.321001397008e-01    1.713031555241e-01  -1.329051556857e+02  -7.816250983823e+00
 -2.261594948620e-01    1.001508469621e-01  -1.343289474786e+02  -7.816250983823e+00
 -3.706092635250e-01    9.777239900177e-02  -1.364360496491e+02  -7.816250983823e+00
 -3.713775135539e-01    9.715457356577e-02  -1.363962812353e+02  -1.032670203078e+00
 -5.328019292285e-01   -1.120803505930e-02  -1.364446250903e+02  -1.032670203078e+00
 -5.574820192677e-01    1.337373507194e-01  -1.349162411428e+02  -1.032670203078e+00
 -6.867283488430e-01    2.133741688252e-01  -1.257334045600e+02  -4.662471511445e+00
 -5.190894448074e-01    1.925250565137e-01  -1.275278310465e+02  -4.662471511445e+00
 -6.107817800445e-01    2.123249811593e-01  -1.311561021516e+02  -4.662471511445e+00
 -4.327683187666e-01    1.714289933417e-01  -1.329111617455e+02  -2.936993735643e+00
 -5.565527575916e-01    1.341723182913e-01  -1.349603311666e+02  -2.936993735643e+00
 -6.123574971309e-01    2.121422860301e-01  -1.310796536522e+02  -2.936993735643e+00
 -6.842903433840e-01    2.129985736601e-01  -1.257764421590e+02  -1.211865052472e+00
 -6.130390292508e-01    2.122399359510e-01  -1.310720562579e+02  -1.211865052472e+00
 -6.455480206953e-01    1.913443987043e-01  -1.292437906802e+02  -1.211865052472e+00
 -3.707533149588e-01    9.697863518342e-02  -1.363996254153e+02  -2.875957543846e+00
 -1.920076914261e-01    5.427075986947e-02  -1.375152832348e+02  -2.875957543846e+00
 -3.512393875872e-01   -8.282841194133e-03  -1.376400496937e+02  -2.875957543846e+00
 -7.418973898436e-01    1.559514347511e-01  -1.196547082347e+02   4.882251062759e+00
 -5.921449757046e-01    1.409595389180e-01  -1.243924366815e+02   4.882251062759e+00
 -4.118519547872e-01    5.661539303369e-02  -1.196143921922e+02   4.882251062759e+00
 -8.385131342372e-01   -8.849091354425e-03  -6.553239968954e+00   2.227639113826e+00
 -6.205556374020e-01    8.610511106218e-03  -9.723911138777e-03   2.227639113826e+00
 -8.413531396409e-01   -1.750323745136e-03  -8.253887765009e-02   2.227639113826e+00
 -7.545708252539e-01    8.115136736888e-02  -1.129909597642e+02   4.641890049357e+00
 -4.406853052472e-01    2.320351452796e-02  -1.106216147424e+02   4.641890049357e+00
 -7.501682919419e-01    3.832973847580e-03  -1.055458004446e+02   4.641890049357e+00
 -7.529397474914e-01    8.301362749571e-02  -1.130270226892e+02   3.538823344160e+00
 -7.428520096293e-01    1.553579352555e-01  -1.196302089213e+02   3.538823344160e+00
 -4.113799214305e-01    5.750472179674e-02  -1.196269777549e+02   3.538823344160e+00
 -6.870105608093e-01    2.136362969407e-01  -1.257849221150e+02  -7.255342861887e+00
 -6.009176704665e-01    1.604708231655e-01  -1.209400738217e+02  -7.255342861887e+00
 -5.191708492037e-01    1.923514373252e-01  -1.274784855637e+02  -7.255342861887e+00
 -6.030816393135e-01    1.604089511128e-01  -1.208954136628e+02  -5.232796879121e+00
 -6.850963834251e-01    2.134598749093e-01  -1.258319788993e+02  -5.232796879121e+00
 -7.407098196122e-01    1.565920530737e-01  -1.196532742793e+02  -5.232796879121e+00
 -6.607996788847e-01    9.127765136183e-02  -1.135109554783e+02  -7.075733752369e+00
 -6.030173520799e-01    1.598304540555e-01  -1.208333173130e+02  -7.075733752369e+00
 -7.411806858444e-01    1.572778915046e-01  -1.197162398552e+02  -7.075733752369e+00
 -3.186126619271e-01    9.733237110022e-02  -1.220051698721e+02  -1.527863722927e+01
 -5.183976588709e-01    1.924090297968e-01  -1.275783386707e+02  -1.527863722927e+01
 -6.017601592731e-01    1.602223782633e-01  -1.208685428781e+02  -1.527863722927e+01
 -7.394446512362e-01    1.572488624173e-01  -1.197647594015e+02  -4.700848248911e+00
 -7.562238857737e-01    8.169589130616e-02  -1.129608810266e+02  -4.700848248911e+00
 -6.626380006047e-01    9.094647028262e-02  -1.134652375825e+02  -4.700848248911e+00
 -7.555278434942e-01    8.231636735592e-02  -1.129941008850e+02   6.403264865492e+00
 -4.079963218079e-01    5.799887110351e-02  -1.196897981872e+02   6.403264865492e+00
 -4.390743525430e-01    2.224548298464e-02  -1.106259890201e+02   6.403264865492e+00
 -6.863344078015e-01    4.352148775137e-03  -1.056485415734e+02  -6.342921555230e+00
 -6.620933318408e-01    8.997704238349e-02  -1.133929089566e+02  -6.342921555230e+00
 -7.571404596248e-01    8.264519225738e-02  -1.130308909731e+02  -6.342921555230e+00
 -1.276606020752e-03    7.246517791191e-04  -1.055207359475e+02  -2.734255668497e+01
 -3.814834799440e-01    7.140553975716e-04  -1.056091323947e+02  -2.734255668497e+01
 -1.193488936255e-03   -1.667182992980e-03  -9.712569788555e+01  -2.734255668497e+01
 -6.635799431830e-01    9.045687188284e-02  -1.134912036144e+02  -1.720325145081e+01
 -3.799983258527e-01    1.969275028688e-03  -1.056210275420e+02  -1.720325145081e+01
 -3.573366070936e-01    5.858306948061e-02  -1.139809216291e+02  -1.720325145081e+01
 -3.819400456038e-01    1.881083933721e-03  -1.056158636054e+02  -1.727284824674e+01
 -6.619252212178e-01    9.022841095452e-02  -1.135007301402e+02  -1.727284824674e+01
 -6.848239793539e-01    3.313653660629e-03  -1.055447416447e+02  -1.727284824674e+01
 -3.574106403081e-01    5.793596776215e-02  -1.140416019255e+02  -2.939614331361e+01
 -3.793910076561e-01    3.213740448396e-03  -1.055151602614e+02  -2.939614331361e+01
 -2.754479588839e-03    1.673039419086e-03  -1.140557060273e+02  -2.939614331361e+01
 -6.618259340844e-01    9.076079245755e-02  -1.134266214287e+02  -1.685458249896e+01
 -3.587388926746e-01    5.852927361008e-02  -1.140533716504e+02  -1.685458249896e+01
 -6.019973463211e-01    1.598478375399e-01  -1.209421446464e+02  -1.685458249896e+01
 -6.606651494853e-01   -8.273862670054e-02  -9.763810792163e+01  -1.719773728264e+01
 -3.818215788945e-01    2.169601810605e-03  -1.055105860024e+02  -1.719773728264e+01
 -6.848647052757e-01    2.686377841850e-03  -1.055721608578e+02  -1.719773728264e+01
 -6.886565621601e-01    3.940002824737e-03  -1.056177744946e+02  -4.242472696584e+00
 -7.550675243603e-01    8.286269714483e-02  -1.130714260598e+02  -4.242472696584e+00
 -7.499094523039e-01    2.484396487101e-03  -1.055039042325e+02  -4.242472696584e+00
 -4.388576308009e-01    2.392382308614e-02  -1.106368560703e+02   6.687585579472e+00
 -4.424931056309e-01   -2.309224025304e-02  -1.003400419201e+02   6.687585579472e+00
 -7.520605023584e-01    2.998019564247e-03  -1.055320746977e+02   6.687585579472e+00
 -3.171113523990e-01    9.706792377457e-02  -1.219418137230e+02  -1.631359981833e+01
 -6.035967371341e-01    1.602297804974e-01  -1.209270984964e+02  -1.631359981833e+01
 -3.568484560471e-01    5.836599617402e-02  -1.140697286218e+02  -1.631359981833e+01
 -5.578391619105e-05    2.313835093091e-04  -1.343162298637e+02  -1.580269663149e+01
 -2.275863652751e-01    1.007152396266e-01  -1.343601607683e+02  -1.580269663149e+01
 -1.661981656992e-03    9.360213368236e-04  -1.291616052160e+02  -1.580269663149e+01
 -2.254613345063e-01    9.958269835816e-02  -1.342943978219e+02  -1.122789133137e+01
 -4.334003471150e-01    1.720051899483e-01  -1.329408472224e+02  -1.122789133137e+01
 -2.718518663415e-01    1.139143046892e-01  -1.289644817425e+02  -1.122789133137e+01
 -3.746610336829e-01    5.054622405950e-02  -8.017563655106e+01  -9.352971691513e+00
 -1.505473370433e-04   -6.078149861206e-04  -7.555019420804e+01  -9.352971691513e+00
 -1.095685398588e-03    1.957336667756e-04  -8.018618007352e+01  -9.352971691513e+00
 -1.465692082429e-03    2.115013054165e-03  -1.380060014771e+02  -5.074322140201e+00
 -1.816790654235e-01   -3.976609416335e-03  -1.386994489348e+02  -5.074322140201e+00
 -1.910966448295e-01    5.295574700906e-02  -1.375000305896e+02  -5.074322140201e+00
 -9.778755756165e-04    8.420095352098e-04  -1.343654507269e+02  -1.280444474181e+01
  4.655058694083e-04   -5.999752339515e-04  -1.379697092162e+02  -1.280444474181e+01
 -2.257543243408e-01    9.949442944962e-02  -1.343104134349e+02  -1.280444474181e+01
 -4.205420415955e-01   -8.184610771469e-02  -1.246540656823e+02  -9.784758111843e+00
 -1.839521748825e-03    3.339877431387e-04  -1.273092491257e+02  -9.784758111843e+00
 -3.349622573471e-01   -5.953223903631e-02  -1.278693138307e+02  -9.784758111843e+00
 -2.263614066016e-01    1.001175498460e-01  -1.343670876663e+02  -1.953383827303e+01
 -2.715095993972e-01    1.134837515790e-01  -1.289067062174e+02  -1.953383827303e+01
 -2.868896468884e-03    1.598346627840e-03  -1.291385184497e+02  -1.953383827303e+01
 -5.305161328844e-04   -1.107947580589e-04  -1.379610353242e+02  -1.009112754252e+01
 -1.917477279521e-01    5.415973543737e-02  -1.375103938434e+02  -1.009112754252e+01
 -2.244621871393e-01    9.901019918756e-02  -1.343184578631e+02  -1.009112754252e+01
 -2.005301232239e-03   -2.472104831508e-04  -1.141625949306e+02  -2.550405173719e+01
 -3.487013907465e-04    1.580387912493e-03  -1.221342659502e+02  -2.550405173719e+01
 -3.577865958884e-01    5.972317387476e-02  -1.139766845200e+02  -2.550405173719e+01
 -7.983799800966e-04    1.475156035599e-03  -1.140440287851e+02  -2.734653970940e+01
 -3.814442286838e-01    3.206220668705e-03  -1.055152572558e+02  -2.734653970940e+01
 -1.373670853146e-03   -6.288357884709e-04  -1.056147001494e+02  -2.734653970940e+01
 -5.628674877014e-01   -3.173379555906e-02  -1.098823947891e+02  -1.146387758647e+01
 -4.369119755493e-03   -6.271641890905e-04  -1.185574994745e+02  -1.146387758647e+01
 -4.999004112086e-01   -7.416229233679e-02  -1.184038588751e+02  -1.146387758647e+01
 -3.853323670716e-04    8.136679303948e-04  -1.290421964365e+02  -2.073825630923e+01
 -2.740398934303e-01    1.139487126638e-01  -1.289729587573e+02  -2.073825630923e+01
 -2.347479485104e-03    3.036179416720e-04  -1.223108921849e+02  -2.073825630923e+01
 -2.406298330229e-03    2.305132272863e-03  -1.221424503816e+02  -2.664604611803e+01
 -3.171432676928e-01    9.635121435804e-02  -1.219976906051e+02  -2.664604611803e+01
 -3.558793138199e-01    5.934547779505e-02  -1.139789732436e+02  -2.664604611803e+01
 -4.388773826279e-01    2.259705522997e-02  -1.106343809159e+02   1.351299515890e+01
 -4.265604415400e-03   -5.673610075644e-04  -1.038907351088e+02   1.351299515890e+01
 -4.420278613749e-01   -2.205521382686e-02  -1.003413082155e+02   1.351299515890e+01
 -3.179608417196e-01    6.137214228593e-02  -1.258467290520e+02   1.057850863970e+01
  2.513707104722e-04   -1.618118787575e-04  -1.282001825928e+02   1.057850863970e+01
 -1.228229109693e-03    4.523874692778e-05  -1.247533431668e+02   1.057850863970e+01
 -4.284117939583e-03    1.063108529729e-03  -1.222895770081e+02  -2.419789893420e+01
 -2.725063787803e-01    1.133502509017e-01  -1.289822821705e+02  -2.419789893420e+01
 -3.160644026400e-01    9.697739410408e-02  -1.219492107513e+02  -2.419789893420e+01
 -2.717010325088e-01    1.136499778778e-01  -1.289025147768e+02  -1.431455499729e+01
 -5.197562242029e-01    1.927661040106e-01  -1.275640743807e+02  -1.431455499729e+01
 -3.169275944783e-01    9.701154435277e-02  -1.220207973790e+02  -1.431455499729e+01
 -4.083711125336e-01    5.637039215611e-02  -1.197057111649e+02   1.352676857467e+01
 -4.247781164502e-03   -9.083876639422e-04  -1.123184434999e+02   1.352676857467e+01
 -4.378803939550e-01    2.320079789786e-02  -1.106252415232e+02   1.352676857467e+01
 -6.886102030183e-01    2.092671617718e-03  -1.054991713352e+02  -4.166496389528e+00
 -7.499229198465e-01    3.436094699466e-03  -1.055579988891e+02  -4.166496389528e+00
 -7.562292849941e-01   -7.472797973116e-02  -9.800867499112e+01  -4.166496389528e+00
 -2.731266861418e-01    1.141873330663e-01  -1.289504296208e+02  -1.213010311600e+01
 -4.322884072493e-01    1.717915652864e-01  -1.329538613789e+02  -1.213010311600e+01
 -5.178724069776e-01    1.923351634163e-01  -1.275146810424e+02  -1.213010311600e+01
  1.267202667293e-04    2.803450702289e-04  -1.194871905351e+02   1.364148241203e+01
 -2.509510456589e-03   -6.479213157873e-04  -1.123346479915e+02   1.364148241203e+01
 -4.097909445454e-01    5.592471086530e-02  -1.196960409307e+02   1.364148241203e+01
 -1.826534862100e-01   -3.851830334341e-03  -1.386938907011e+02  -1.516120047060e+00
 -5.417400453083e-04    1.744773296635e-03  -1.380222986770e+02  -1.516120047060e+00
 -2.341065437106e-04   -7.288191957505e-04  -1.387932248792e+02  -1.516120047060e+00
 -7.122681284128e-01   -1.744285532177e-01  -1.330093217848e+02  -1.203607306887e+00
 -7.030803240578e-01   -7.904033105035e-02  -1.363808600616e+02  -1.203607306887e+00
 -5.739548759103e-01   -1.583548211891e-01  -1.346056295202e+02  -1.203607306887e+00
 -7.043603782284e-01   -7.676903266398e-02  -1.363899154719e+02  -1.504980007613e+00
 -8.362487520776e-01   -2.464427381537e-03  -1.374889280147e+02  -1.504980007613e+00
 -8.367159305425e-01    3.166439362084e-03  -1.382257377519e+02  -1.504980007613e+00
 -8.349144257084e-01    6.472248189991e-04  -1.374630344511e+02  -5.211973981231e+00
 -7.070923321746e-01   -1.726362340441e-01  -1.330619304600e+02  -5.211973981231e+00
 -7.534496672607e-01   -1.472249454863e-03  -1.341542037163e+02  -5.211973981231e+00
 -7.078633187994e-01   -1.723223701370e-01  -1.330505757667e+02  -1.693272900777e+00
 -8.342098113951e-01   -9.708635288342e-05  -1.374709159937e+02  -1.693272900777e+00
 -7.054983684646e-01   -8.060088627554e-02  -1.363722823904e+02  -1.693272900777e+00
 -7.515857384702e-01   -8.416902585577e-04  -1.341616999654e+02  -7.060602051984e+00
 -7.110260121277e-01   -1.738382894475e-01  -1.330430092588e+02  -7.060602051984e+00
 -5.875546157498e-01   -7.831484821314e-04  -1.307963872501e+02  -7.060602051984e+00
 -4.814583082607e-03    2.415794880125e-04  -4.131773985712e+00   6.069750821285e+00
  6.971733566320e-05   -1.304023357799e-04  -2.429196077859e-02   6.069750821285e+00
 -6.223848069001e-01    8.680445641989e-03   1.331300332372e-02   6.069750821285e+00
 -7.049252480289e-01   -7.939150272829e-02  -1.363308258755e+02   5.957216811729e-01
 -5.340526837259e-01   -1.251297899973e-02  -1.364032396152e+02   5.957216811729e-01
 -5.711149940093e-01   -1.573389027363e-01  -1.346492431154e+02   5.957216811729e-01
 -7.043527617321e-01   -7.952552544622e-02  -1.363818512881e+02   1.467901930206e-01
 -6.939451140301e-01    6.183190668698e-02  -1.364853260668e+02   1.467901930206e-01
 -5.351765606785e-01   -1.154626195341e-02  -1.363640305620e+02   1.467901930206e-01
 -3.789172282749e-01   -1.155022676323e-01  -1.362415578395e+02   1.652530224805e+00
 -5.716180237052e-01   -1.579637821637e-01  -1.346498435990e+02   1.652530224805e+00
 -5.328559557097e-01   -1.180968374208e-02  -1.364455554013e+02   1.652530224805e+00
 -4.465930423108e-01   -1.883799933087e-01  -1.325421843171e+02   8.835952245270e+00
 -3.782282114918e-01   -1.161127742059e-01  -1.362854329236e+02   8.835952245270e+00
 -2.307725195295e-01   -1.064105912776e-01  -1.339244706005e+02   8.835952245270e+00
 -5.707621812383e-01   -1.584842094199e-01  -1.346958514814e+02   3.658151085759e+00
 -4.473248416407e-01   -1.886434136922e-01  -1.325525138659e+02   3.658151085759e+00
 -6.403387021228e-01   -2.379422944329e-01  -1.305876675186e+02   3.658151085759e+00
 -4.457599458212e-01   -1.885994582453e-01  -1.325821984363e+02   5.276257629227e+00
 -5.719108935352e-01   -1.583147763022e-01  -1.346680958716e+02   5.276257629227e+00
 -3.788225876663e-01   -1.156696715275e-01  -1.362257737582e+02   5.276257629227e+00
 -7.280901783853e-01   -2.378026726118e-01  -1.251001892694e+02   5.471092477511e+00
 -6.387814678143e-01   -2.381386074021e-01  -1.306647521238e+02   5.471092477511e+00
 -5.408869219824e-01   -2.090731827866e-01  -1.270812072057e+02   5.471092477511e+00
 -5.738919311666e-01   -1.592243464378e-01  -1.346177472151e+02   9.625531337949e-01
 -6.382167131186e-01   -2.372972289506e-01  -1.306160460207e+02   9.625531337949e-01
 -7.123175321456e-01   -1.739302287088e-01  -1.329877952046e+02   9.625531337949e-01
 -3.781981908780e-01   -1.152570932973e-01  -1.362485645666e+02   3.631908626059e+00
 -3.512937258174e-01   -9.544768579236e-03  -1.376381937118e+02   3.631908626059e+00
 -1.955115016211e-01   -6.492372405441e-02  -1.374612383148e+02   3.631908626059e+00
 -3.776899083472e-01   -1.154394990073e-01  -1.362694881130e+02   2.057075360889e+00
 -5.340556784517e-01   -1.168323390864e-02  -1.364167055647e+02   2.057075360889e+00
 -3.516747248667e-01   -9.065683091977e-03  -1.375960850978e+02   2.057075360889e+00
 -5.340043620527e-01   -1.141100968337e-02  -1.364169008401e+02  -1.532987241096e+00
 -3.701595073557e-01    9.714949732667e-02  -1.364229489000e+02  -1.532987241096e+00
 -3.516992782626e-01   -8.757952624510e-03  -1.375960248584e+02  -1.532987241096e+00
 -7.092931141389e-01   -1.733683303934e-01  -1.330274845492e+02  -4.015612765080e-01
 -6.409289433049e-01   -2.375770484309e-01  -1.305886855643e+02  -4.015612765080e-01
 -6.912005728642e-01   -2.200318484865e-01  -1.284797879377e+02  -4.015612765080e-01
 -5.849732067383e-01   -1.895170494737e-03  -1.307661687298e+02  -8.221741249964e+00
 -6.003596420347e-01   -1.383735688455e-01  -1.293356570055e+02  -8.221741249964e+00
 -3.349360543972e-01    1.285365678863e-03  -1.288839689925e+02  -8.221741249964e+00
 -5.862540335338e-01   -1.569448928388e-03  -1.308153640277e+02  -5.130054099780e+00
 -7.127216180830e-01   -1.735052658478e-01  -1.330097035955e+02  -5.130054099780e+00
 -5.996273985239e-01   -1.398942496108e-01  -1.293046732851e+02  -5.130054099780e+00
 -3.342061592163e-01   -1.140776418435e-03  -1.288777722669e+02  -8.504876872137e+00
 -3.339705157110e-01   -5.890514038623e-02  -1.278759173773e+02  -8.504876872137e+00
  3.094859913042e-04    1.552477266403e-03  -1.289456150039e+02  -8.504876872137e+00
 -3.356184249649e-01   -6.102591366888e-02  -1.278455609621e+02  -6.897878941512e+00
 -3.333711406256e-01    5.759974952874e-04  -1.289274328524e+02  -6.897878941512e+00
 -6.023080293225e-01   -1.375991894828e-01  -1.293036957601e+02  -6.897878941512e+00
 -4.248931199491e-01   -8.166012634710e-02  -1.246386932151e+02  -1.060507811222e+01
 -3.797853598832e-03    6.553811821511e-05  -1.186519382661e+02  -1.060507811222e+01
  9.601281506459e-04    9.676279224412e-05  -1.273753402954e+02  -1.060507811222e+01
 -2.507168355613e-03    2.474186649791e-04  -6.498312727751e+01  -6.741887508525e+00
 -1.694141839648e-04   -2.010462195380e-04  -6.968198840163e+01  -6.741887508525e+00
 -4.723298005817e-01    6.802948199686e-03  -6.991130435006e+01  -6.741887508525e+00
 -6.020036027073e-01   -1.386217152951e-01  -1.292926924589e+02  -6.711425882095e+00
 -5.918873557633e-01   -1.514735863601e-01  -1.267604506202e+02  -6.711425882095e+00
 -3.364025400348e-01   -6.003949541443e-02  -1.278350665774e+02  -6.711425882095e+00
 -4.074189352798e-01   -1.533577167772e-02  -7.040488264022e+01   6.788751854660e+00
  1.216727235036e-04    2.904001967639e-04  -6.994819066596e+01   6.788751854660e+00
 -2.236297070725e-03   -2.034091681003e-04  -6.549969263648e+01   6.788751854660e+00
 -6.893106365879e-01   -2.198157825099e-01  -1.285194879457e+02  -1.344507053254e+00
 -7.284773819134e-01   -2.370839042530e-01  -1.251043613856e+02  -1.344507053254e+00
 -6.658822365486e-01   -1.662442186780e-01  -1.233639372840e+02  -1.344507053254e+00
 -7.256715441635e-01   -2.374232810721e-01  -1.251419535875e+02   1.822241568285e+00
 -6.914699932749e-01   -2.197795425467e-01  -1.284780171336e+02   1.822241568285e+00
 -6.410120250548e-01   -2.380788104301e-01  -1.305825721137e+02   1.822241568285e+00
 -5.926058048558e-01   -1.517227104368e-01  -1.267520079292e+02  -6.279219799844e+00
 -6.637422955217e-01   -1.656453251971e-01  -1.234083868682e+02  -6.279219799844e+00
 -4.210885538555e-01   -8.210772180876e-02  -1.246232555605e+02  -6.279219799844e+00
 -6.637507508327e-01   -1.662658368499e-01  -1.234014772102e+02  -2.821052733253e+00
 -5.927274929398e-01   -1.516160212172e-01  -1.267514597947e+02  -2.821052733253e+00
 -6.909774480494e-01   -2.196899963634e-01  -1.284799454756e+02  -2.821052733253e+00
 -4.200324185642e-01   -8.232487753473e-02  -1.246521515464e+02  -5.906920758269e+00
 -6.649016823375e-01   -1.654898333219e-01  -1.234003783612e+02  -5.906920758269e+00
 -5.003157116281e-01   -7.496116279114e-02  -1.184061768422e+02  -5.906920758269e+00
 -5.932994011664e-01   -1.514952157581e-01  -1.267341359692e+02  -6.318519924286e+00
 -4.202013233879e-01   -8.232030557160e-02  -1.246502641072e+02  -6.318519924286e+00
 -3.347949159426e-01   -5.973754480194e-02  -1.278760329109e+02  -6.318519924286e+00
 -7.291331809365e-01   -2.372046222139e-01  -1.250825585246e+02   3.542203994759e-01
 -7.924296336114e-01   -1.771328942539e-01  -1.190171178910e+02   3.542203994759e-01
 -6.652074972647e-01   -1.661636921919e-01  -1.233834486315e+02   3.542203994759e-01
 -6.912152939864e-01   -2.194192746664e-01  -1.284840055116e+02  -3.891238932667e+00
 -5.924821471210e-01   -1.516941799170e-01  -1.267507009653e+02  -3.891238932667e+00
 -6.007891251535e-01   -1.390861764884e-01  -1.293222098162e+02  -3.891238932667e+00
 -7.104964371361e-01   -1.736522481249e-01  -1.330002594606e+02  -4.095884827332e+00
 -6.899542560583e-01   -2.194842052620e-01  -1.285004115239e+02  -4.095884827332e+00
 -6.017321783352e-01   -1.393841229649e-01  -1.292976514308e+02  -4.095884827332e+00
 -4.228442526409e-01   -8.205705528700e-02  -1.246675346496e+02  -1.218061177650e+01
 -4.978149031865e-01   -7.473380156710e-02  -1.183952532015e+02  -1.218061177650e+01
 -6.879286151589e-03    4.483581719518e-04  -1.185919922752e+02  -1.218061177650e+01
 -6.405902056736e-01   -2.381867269509e-01  -1.306247613699e+02   7.231781924964e+00
 -4.474661694403e-01   -1.886651806373e-01  -1.325152103213e+02   7.231781924964e+00
 -5.388016418223e-01   -2.090306162185e-01  -1.271191373083e+02   7.231781924964e+00
 -1.309146880066e-02   -3.492133780947e-04  -1.087877285436e+01   5.874487869230e+00
 -8.497065011874e-01   -1.043892025887e-02  -6.546119475051e+00   5.874487869230e+00
 -7.308183725747e-01   -1.884158846729e-02  -1.238130629077e+01   5.874487869230e+00
 -1.817741548222e-01   -6.266477223568e-03  -1.387041664717e+02   6.114735828980e+00
 -1.201154561758e-03   -1.764456460468e-03  -1.377787415949e+02   6.114735828980e+00
 -1.948347817069e-01   -6.380168879344e-02  -1.374484110450e+02   6.114735828980e+00
 -1.826876432216e-01   -6.365544555750e-03  -1.386977415619e+02   2.227931493975e+00
 -2.468832391464e-04    5.951855578984e-04  -1.387907747914e+02   2.227931493975e+00
 -4.424355884949e-04   -1.548436470146e-03  -1.377983568546e+02   2.227931493975e+00
 -1.952417249359e-01   -6.526791705716e-02  -1.374965784532e+02   1.365985661062e+01
 -2.493739284576e-03   -2.431791064708e-03  -1.344500887706e+02   1.365985661062e+01
 -2.292164964268e-01   -1.051383001023e-01  -1.338930380871e+02   1.365985661062e+01
 -2.791740754726e-01   -1.222341259671e-01  -1.285318497145e+02   1.811666016096e+01
 -2.303367158851e-01   -1.058354954417e-01  -1.339209489243e+02   1.811666016096e+01
 -6.002164163444e-04   -1.167785592519e-03  -1.343601434619e+02   1.811666016096e+01
 -2.819961283732e-01   -1.229092297825e-01  -1.285677755381e+02   1.306118546855e+01
 -5.396784234612e-01   -2.088811535789e-01  -1.270660213518e+02   1.306118546855e+01
 -4.467434980446e-01   -1.888134186732e-01  -1.325922998047e+02   1.306118546855e+01
 -2.804063671272e-01   -1.225894671657e-01  -1.285869141812e+02   1.210695969326e+01
 -4.480218650132e-01   -1.890766911653e-01  -1.325778576078e+02   1.210695969326e+01
 -2.298597134148e-01   -1.057528861779e-01  -1.338845402915e+02   1.210695969326e+01
 -1.348899647574e-03   -1.686565466908e-03  -1.344703475379e+02   9.853547002425e+00
 -1.962362531738e-01   -6.571770110595e-02  -1.374857882337e+02   9.853547002425e+00
 -7.768884303745e-05    2.147565053569e-04  -1.377282582871e+02   9.853547002425e+00
 -3.792729052758e-01   -1.162829117661e-01  -1.362726633345e+02   7.631816839710e+00
 -1.947794897413e-01   -6.420725069755e-02  -1.374417073952e+02   7.631816839710e+00
 -2.295482504051e-01   -1.060811707016e-01  -1.339392725246e+02   7.631816839710e+00
  6.744301718137e-04   -3.452283194933e-04  -1.343622730088e+02   1.931093131399e+01
 -1.749632206727e-03   -7.851742692667e-04  -1.288018814318e+02   1.931093131399e+01
 -2.805734219619e-01   -1.227966404097e-01  -1.285237152456e+02   1.931093131399e+01
 -4.432827745437e-01   -2.277824885932e-02  -1.003426380633e+02   1.250682711514e+01
 -2.175820468569e-03   -8.448556049673e-04  -8.903317415765e+01   1.250682711514e+01
 -4.047515258185e-01   -4.811834556176e-02  -9.128145198668e+01   1.250682711514e+01
 -8.498430481889e-01    1.654192078378e-02  -4.733965424935e+01  -4.569859509684e+00
 -2.573810177674e-02   -1.021936561448e-03  -5.239460016744e+01  -4.569859509684e+00
 -9.634954925670e-01    1.151353442836e-02  -5.317138340499e+01  -4.569859509684e+00
 -3.340581267671e-01    1.707918479232e-03  -1.306462519647e+02   9.123132970324e+00
 -1.519807406859e-03    9.619624740296e-04  -1.296005124278e+02   9.123132970324e+00
 -2.546170394287e-01    4.548744310633e-02  -1.292980268597e+02   9.123132970324e+00
 -3.377307296698e-01   -1.064403788466e-01  -1.217132116442e+02   2.550528781196e+01
 -5.944655950487e-04   -9.000347723683e-04  -1.216193060821e+02   2.550528781196e+01
 -2.004054838277e-03    6.088236184783e-04  -1.137655535977e+02   2.550528781196e+01
 -3.357525646851e-01   -1.077872334644e-01  -1.216277946200e+02   2.395049809948e+01
  3.948522723736e-04   -9.927674773080e-04  -1.287283171053e+02   2.395049809948e+01
 -1.618274521301e-03   -1.733819978062e-04  -1.217034985357e+02   2.395049809948e+01
 -3.373890868704e-01   -4.899804223382e-02  -8.420521463151e+01   9.920948576916e+00
 -5.517860033140e-04    4.897656849888e-04  -7.996485738913e+01   9.920948576916e+00
 -2.823367746223e-01   -3.783376820563e-02  -7.968826980133e+01   9.920948576916e+00
 -2.813685766491e-01   -1.222284750526e-01  -1.285620661410e+02   2.418207162800e+01
 -1.181597801421e-03   -1.705166746628e-03  -1.287301253850e+02   2.418207162800e+01
 -3.338675093268e-01   -1.072269663789e-01  -1.216308115025e+02   2.418207162800e+01
 -6.203280630430e-01   -4.737337691569e-02  -7.539470273070e+01   4.277976694007e+00
 -4.318874959024e-01   -3.071596015546e-02  -7.528534878573e+01   4.277976694007e+00
 -4.268716463924e-01   -1.571813495364e-02  -7.271711258922e+01   4.277976694007e+00
 -3.728873347997e-01   -6.037100304893e-02  -1.137106933112e+02   2.729438574953e+01
 -1.307520964533e-03   -1.074188997578e-03  -1.136306582435e+02   2.729438574953e+01
 -2.037097491565e-03    1.347763224991e-03  -1.052521325270e+02   2.729438574953e+01
 -5.400239499319e-01   -2.088884772323e-01  -1.271293917176e+02   1.603984090124e+01
 -3.364304941129e-01   -1.069780988823e-01  -1.216908554895e+02   1.603984090124e+01
 -6.302639956608e-01   -1.743456565530e-01  -1.204234121409e+02   1.603984090124e+01
 -3.348393014697e-01   -1.067559971115e-01  -1.217067609128e+02   1.529190892752e+01
 -5.413469816692e-01   -2.092120769623e-01  -1.271156521777e+02   1.529190892752e+01
 -2.809190774729e-01   -1.224751059462e-01  -1.285126960282e+02   1.529190892752e+01
 -8.189574789280e-01   -9.609562484744e-02  -1.123482606273e+02  -2.588079707430e+00
 -5.054854866131e-01   -7.564131478757e-02  -1.183502639867e+02  -2.588079707430e+00
 -7.972963843872e-01   -1.760376383264e-01  -1.189409952735e+02  -2.588079707430e+00
 -5.057402186340e-01   -7.474551678295e-02  -1.183414326786e+02  -4.026160251730e+00
 -6.620223476176e-01   -1.660254610966e-01  -1.234550057426e+02  -4.026160251730e+00
 -7.964724188055e-01   -1.766505066282e-01  -1.189636328975e+02  -4.026160251730e+00
 -7.952213534572e-01   -1.772059943135e-01  -1.189598183601e+02   6.157836763923e+00
 -7.265215051210e-01   -2.378886831432e-01  -1.251971033614e+02   6.157836763923e+00
 -6.315667281481e-01   -1.745306567154e-01  -1.204482163669e+02   6.157836763923e+00
 -6.314593229157e-01   -1.739372618895e-01  -1.203873935359e+02   8.021157416779e+00
 -6.922920527753e-01   -1.001562640471e-01  -1.130802137779e+02   8.021157416779e+00
 -7.957743486028e-01   -1.779103100599e-01  -1.190221998715e+02   8.021157416779e+00
 -6.321215202977e-01   -1.744015987333e-01  -1.204832976657e+02   1.710892429249e+01
 -3.350493424361e-01   -1.066923809630e-01  -1.216301802848e+02   1.710892429249e+01
 -3.710124692217e-01   -6.137498384798e-02  -1.137139797429e+02   1.710892429249e+01
 -5.408950829434e-01   -2.088868565044e-01  -1.270324792479e+02   8.080165633598e+00
 -6.294183235005e-01   -1.745843293273e-01  -1.204923951656e+02   8.080165633598e+00
 -7.284376468343e-01   -2.380762216204e-01  -1.251508829912e+02   8.080165633598e+00
 -3.706663686497e-01   -6.159976290075e-02  -1.136267836977e+02   1.807440604294e+01
 -3.861775971928e-01   -2.925097625942e-03  -1.052279067186e+02   1.807440604294e+01
 -6.952808621107e-01   -9.927569149905e-02  -1.130629838696e+02   1.807440604294e+01
 -3.705331042333e-01   -6.174116585076e-02  -1.136365303316e+02   2.922299138748e+01
 -3.358319969160e-01   -1.058378560298e-01  -1.217181837747e+02   2.922299138748e+01
 -3.889863998019e-03    1.110840422930e-04  -1.137458849152e+02   2.922299138748e+01
 -8.230086531809e-01   -9.561952264764e-02  -1.123631441953e+02   7.445320490634e+00
 -6.934439356140e-01   -9.887377091455e-02  -1.129601542570e+02   7.445320490634e+00
 -7.174615492863e-01   -7.171885899264e-03  -1.052590427779e+02   7.445320490634e+00
 -6.940892578015e-01   -9.983886485866e-02  -1.130344379619e+02   5.838831320190e+00
 -8.219830259745e-01   -9.470845296443e-02  -1.122885616209e+02   5.838831320190e+00
 -7.940693768992e-01   -1.778858678100e-01  -1.190699480243e+02   5.838831320190e+00
 -5.636111826416e-01   -3.150708508811e-02  -1.098723941680e+02  -3.019300480609e+00
 -8.202950598919e-01   -9.406116618915e-02  -1.123105229025e+02  -3.019300480609e+00
 -8.207222490807e-01   -7.116226932105e-03  -1.051444174455e+02  -3.019300480609e+00
 -8.213618602609e-01   -9.540108970070e-02  -1.123152688703e+02  -4.985570583327e+00
 -5.623181555987e-01   -3.029261579558e-02  -1.098681068953e+02  -4.985570583327e+00
 -5.019362396286e-01   -7.607066588016e-02  -1.184028139140e+02  -4.985570583327e+00
 -7.158589411293e-01   -6.202596284576e-03  -1.051492975747e+02   1.863017238250e+01
 -6.934881279405e-01   -9.900372265147e-02  -1.130728982591e+02   1.863017238250e+01
 -3.883986712890e-01   -2.887880666807e-03  -1.052215711730e+02   1.863017238250e+01
 -3.726272518531e-01   -6.159891538439e-02  -1.136991356478e+02   1.794941202008e+01
 -6.931476014338e-01   -9.959931075772e-02  -1.129959171469e+02   1.794941202008e+01
 -6.306714436985e-01   -1.740027574963e-01  -1.204975539020e+02   1.794941202008e+01
 -4.488233512095e-03    1.301277917613e-03  -1.052362458727e+02   3.063802583672e+01
 -3.850825422671e-01   -3.780639841443e-03  -1.051408560004e+02   3.063802583672e+01
 -3.708811129877e-01   -6.018136763357e-02  -1.137141272332e+02   3.063802583672e+01
 -5.626571657672e-01   -3.101363169762e-02  -1.098869514020e+02  -1.260847710256e+01
 -5.632262161006e-01    2.571928673716e-02  -1.002550212966e+02  -1.260847710256e+01
 -5.734983343779e-03    4.646038265909e-04  -1.037319802005e+02  -1.260847710256e+01
 -4.552375315154e-03   -1.281323454883e-03  -1.050737995337e+02   3.048548121167e+01
 -3.685016823941e-01    5.252245664438e-02  -9.667208283714e+01   3.048548121167e+01
 -3.850458076515e-01   -2.443435982952e-03  -1.051900539849e+02   3.048548121167e+01
 -1.945853189670e-01   -6.475455749845e-02  -1.374750304808e+02   2.284873917789e+00
 -3.523032246470e-01   -9.571522243983e-03  -1.376274357951e+02   2.284873917789e+00
 -1.816561437127e-01   -4.959635735247e-03  -1.386611314953e+02   2.284873917789e+00
 -3.522910598913e-01   -8.272270820590e-03  -1.376291442640e+02  -1.648535297887e+00
 -1.909729543390e-01    5.407810884702e-02  -1.375297236607e+02  -1.648535297887e+00
 -1.816268436636e-01   -5.321450445051e-03  -1.386598019763e+02  -1.648535297887e+00
 -2.283486235950e-03    7.682291614317e-04  -1.037684584433e+02  -1.407606070401e+01
 -1.258204648093e-03   -8.170201609949e-04  -1.185752687678e+02  -1.407606070401e+01
 -5.658353471552e-01   -3.149121958803e-02  -1.098738366999e+02  -1.407606070401e+01
 -3.416928425993e-01   -4.909094032789e-02  -8.421432947856e+01   1.140030637835e+01
 -2.849067112193e-03    1.981292078368e-05  -8.906138676507e+01   1.140030637835e+01
  5.390703667478e-04    1.671516216931e-05  -8.375557003658e+01   1.140030637835e+01
 -8.174286340793e-01   -1.767105117199e-03  -6.993949180912e+01   1.737689723908e+00
 -6.953737912493e-01   -1.353200729278e-02  -6.972272561120e+01   1.737689723908e+00
 -8.700335608277e-01   -8.621308075052e-03  -6.332722020582e+01   1.737689723908e+00
 -7.583133653098e-01   -7.443629551873e-02  -9.804855681749e+01  -6.332254200095e+00
 -6.609205671569e-01   -8.243464194973e-02  -9.774504982774e+01  -6.332254200095e+00
 -6.862680477237e-01    1.614288420004e-03  -1.054688272150e+02  -6.332254200095e+00
 -7.566925085184e-01   -7.409899493192e-02  -9.808949206156e+01   6.526643526269e+00
 -4.436118321541e-01   -2.130174822668e-02  -1.003603007250e+02   6.526643526269e+00
 -4.061622165592e-01   -4.952381096381e-02  -9.127864205687e+01   6.526643526269e+00
 -3.539286904570e-01   -5.246422983940e-02  -9.711371763460e+01  -2.899903277930e+01
 -3.576613335888e-03   -2.041483474506e-03  -9.711508241017e+01  -2.899903277930e+01
 -3.792786844359e-01    7.590213753267e-04  -1.056087294142e+02  -2.899903277930e+01
 -3.797953807650e-01    2.047651380315e-03  -1.055045815594e+02  -1.723065944857e+01
 -6.623705074369e-01   -8.293833658801e-02  -9.764848173784e+01  -1.723065944857e+01
 -3.543055149395e-01   -5.330080256760e-02  -9.717462303070e+01  -1.723065944857e+01
 -3.559977674806e-01   -5.337500247413e-02  -9.710247221782e+01  -1.674252294664e+01
 -6.605169569080e-01   -8.318725788145e-02  -9.771243625637e+01  -1.674252294664e+01
 -5.994174652768e-01   -1.492587576775e-01  -9.026554860256e+01  -1.674252294664e+01
 -4.925741044148e-03    1.015325979419e-05  -9.695684527440e+01  -2.750981527531e+01
 -3.531341793508e-01   -5.348321103377e-02  -9.716505211516e+01  -2.750981527531e+01
 -3.202014333965e-01   -9.366889614680e-02  -8.916477094895e+01  -2.750981527531e+01
 -7.574424143696e-01   -7.346695580838e-02  -9.811829289139e+01  -4.507558297119e+00
 -7.413361888217e-01   -1.422375127238e-01  -9.126875095788e+01  -4.507558297119e+00
 -6.614209841359e-01   -8.342679443634e-02  -9.767383961034e+01  -4.507558297119e+00
 -1.077990821517e-03   -1.412187319133e-04  -1.247358647167e+02   1.115122257439e+01
 -4.051278927844e-01    5.680535654677e-02  -1.196970589194e+02   1.115122257439e+01
 -3.181992027832e-01    6.167859691111e-02  -1.258486320170e+02   1.115122257439e+01
 -4.191644994978e-01   -1.583608812510e-01  -7.875337599189e+01  -6.404140999694e+00
 -5.093431537441e-01   -1.781623591183e-01  -8.385047406574e+01  -6.404140999694e+00
 -5.965600356287e-01   -1.872030776644e-01  -8.040190464765e+01  -6.404140999694e+00
 -7.430409429778e-01   -1.421634185692e-01  -9.131775004290e+01  -7.017564549817e+00
 -6.002760959388e-01   -1.490429473000e-01  -9.037626761173e+01  -7.017564549817e+00
 -6.595582375415e-01   -8.382845656204e-02  -9.762835037007e+01  -7.017564549817e+00
 -3.206428159740e-01   -9.462042355473e-02  -8.919344601439e+01  -1.480823074831e+01
 -5.990462838649e-01   -1.495093073532e-01  -9.033930082780e+01  -1.480823074831e+01
 -5.105512005945e-01   -1.780479493670e-01  -8.384290464391e+01  -1.480823074831e+01
 -3.192455739486e-01   -9.436079175406e-02  -8.925168430008e+01  -1.598616251755e+01
 -3.541750821993e-01   -5.321773740280e-02  -9.708623160174e+01  -1.598616251755e+01
 -6.009246833213e-01   -1.495960815382e-01  -9.028100267419e+01  -1.598616251755e+01
 -6.836928354964e-01   -1.901993123342e-01  -8.539104323411e+01  -7.177626217358e+00
 -5.113849235960e-01   -1.779732847830e-01  -8.393819015001e+01  -7.177626217358e+00
 -5.981762089054e-01   -1.497734022123e-01  -9.027216669672e+01  -7.177626217358e+00
 -2.556645932242e-03    4.953681214500e-04  -9.693833807803e+01  -2.417657550340e+01
 -3.222562004862e-01   -9.424283728689e-02  -8.916996730341e+01  -2.417657550340e+01
 -3.292734048897e-04   -7.958311913868e-04  -8.924008814224e+01  -2.417657550340e+01
 -7.426477041698e-01   -1.414142530386e-01  -9.137729654039e+01  -5.042631424589e+00
 -6.818737420645e-01   -1.900788645357e-01  -8.534302315397e+01  -5.042631424589e+00
 -6.002695101379e-01   -1.496513342656e-01  -9.031812882841e+01  -5.042631424589e+00
 -7.539533514955e-01   -7.482321435016e-02  -9.806396165822e+01   3.792375599612e+00
 -4.100118029524e-01   -4.907890276466e-02  -9.132238477645e+01   3.792375599612e+00
 -7.451058338989e-01   -1.402770689389e-01  -9.139117734175e+01   3.792375599612e+00
 -1.004900727525e-03    1.794877661838e-04  -1.123093656869e+02   1.463698358289e+01
 -1.858345518535e-03   -5.166381252181e-04  -1.039047798046e+02   1.463698358289e+01
 -4.408882093603e-01    2.236064892911e-02  -1.106283636784e+02   1.463698358289e+01
 -2.656574885711e-01   -1.061315260082e-01  -8.260275978937e+01  -1.411088302505e+01
 -3.191416653978e-01   -9.441792959675e-02  -8.917578715548e+01  -1.411088302505e+01
 -5.118124050227e-01   -1.783562620455e-01  -8.385792206723e+01  -1.411088302505e+01
 -3.202358242108e-01   -9.547098272648e-02  -8.925311033005e+01  -2.253458353325e+01
  1.672756770504e-04   -1.117435653002e-03  -8.230088974708e+01  -2.253458353325e+01
 -1.437428301657e-03   -9.906815137557e-05  -8.915769334463e+01  -2.253458353325e+01
 -1.556132981503e-03   -1.989676743930e-03  -8.229913192082e+01  -2.235875950815e+01
 -3.183170794040e-01   -9.487587746350e-02  -8.924893949309e+01  -2.235875950815e+01
 -2.658285777224e-01   -1.057284545657e-01  -8.255647377143e+01  -2.235875950815e+01
 -2.561239012575e-01    4.573424900413e-02  -1.292797717315e+02   8.527049509272e+00
  5.922002413221e-05    3.790170207486e-05  -1.296387060628e+02   8.527049509272e+00
 -8.371541193258e-04    7.894188885722e-05  -1.281925124337e+02   8.527049509272e+00
 -2.199376895419e-01   -9.505712645624e-02  -7.727145761936e+01  -1.519065333963e+01
  1.385669122303e-04   -1.434050759510e-04  -7.723135060560e+01  -1.519065333963e+01
 -2.121059076154e-03   -1.118704589698e-03  -8.216098884419e+01  -1.519065333963e+01
 -2.179624407468e-01   -9.389501844375e-02  -7.731911269935e+01  -1.223205019189e+01
  5.288981648332e-04    5.013720114507e-04  -7.368014129568e+01  -1.223205019189e+01
 -9.401899738817e-04   -7.606024772424e-04  -7.718362644586e+01  -1.223205019189e+01
 -2.818754837661e-01   -3.712783327964e-02  -7.968316909380e+01   9.384538050245e+00
 -6.624820369524e-04   -1.582646797935e-04  -7.994920516967e+01   9.384538050245e+00
  1.971219661415e-04    4.032054354269e-04  -7.547511007115e+01   9.384538050245e+00
 -2.185850434598e-01   -9.438894145043e-02  -7.726502243522e+01  -1.885395343925e+01
 -3.705903720111e-03   -1.978176756663e-03  -8.218070609650e+01  -1.885395343925e+01
 -2.646169603934e-01   -1.057176627147e-01  -8.259566847384e+01  -1.885395343925e+01
 -4.977171882531e-01    4.056689771242e-02  -7.552752933600e+01  -7.409994971916e+00
 -4.916254290082e-01    1.857380492067e-02  -7.249986462089e+01  -7.409994971916e+00
 -4.380865371754e-03    2.072080791864e-04  -7.554511518761e+01  -7.409994971916e+00
 -1.820598873375e-01   -5.198220792351e-02  -7.425766708794e+01  -6.754040378294e+00
 -2.172640503841e-01   -9.420839131709e-02  -7.728142438014e+01  -6.754040378294e+00
 -3.520993685446e-01   -9.226426972064e-02  -7.539199947224e+01  -6.754040378294e+00
 -4.197606405496e-01   -1.589013626937e-01  -7.868693079409e+01  -1.088634887662e+01
 -2.175360660919e-01   -9.383510357171e-02  -7.733505893627e+01  -1.088634887662e+01
 -2.654472338335e-01   -1.063059001043e-01  -8.253580596461e+01  -1.088634887662e+01
 -4.956490935231e-04   -1.625463569994e-03  -7.362164823661e+01  -1.719393035149e+00
 -1.719346123890e-01   -5.984535812688e-04  -7.311208971120e+01  -1.719393035149e+00
 -3.106462388064e-04    6.782199515915e-04  -7.270428870597e+01  -1.719393035149e+00
 -1.356138048558e-03   -2.003215738632e-03  -7.363817251686e+01  -5.037739976986e+00
 -1.816446070440e-01   -5.129163912887e-02  -7.424740307928e+01  -5.037739976986e+00
 -1.710723655426e-01   -4.274821888681e-04  -7.310233649804e+01  -5.037739976986e+00
 -3.301267097531e-01    1.512746300891e-03  -7.421276649063e+01  -1.750077296829e+00
 -1.711398398173e-01    8.114566817950e-04  -7.314098189874e+01  -1.750077296829e+00
 -1.815125354109e-01   -5.230021038158e-02  -7.421852350056e+01  -1.750077296829e+00
 -5.148821831713e-04   -9.447411234926e-04  -7.268454102446e+01   2.531757170076e+00
 -1.715666651493e-01    1.107112126779e-03  -7.313510159277e+01   2.531757170076e+00
 -1.844316753558e-01    5.430877447852e-02  -7.395529508673e+01   2.531757170076e+00
 -3.511061157101e-01   -9.216588960811e-02  -7.537849374098e+01  -7.749020695137e+00
 -2.183988065462e-01   -9.440065234140e-02  -7.729992905405e+01  -7.749020695137e+00
 -4.183247323301e-01   -1.581717539194e-01  -7.872382655073e+01  -7.749020695137e+00
 -1.822796241678e-01   -5.239602587942e-02  -7.423531719749e+01  -9.869099859199e+00
 -4.091863913263e-04    6.860217238153e-06  -7.368757751959e+01  -9.869099859199e+00
 -2.167055442836e-01   -9.339511614934e-02  -7.731155693717e+01  -9.869099859199e+00
 -2.668998611233e-01   -1.066521311552e-01  -8.255097120626e+01  -1.202211975269e+01
 -5.101151119027e-01   -1.779677553758e-01  -8.390501118864e+01  -1.202211975269e+01
 -4.185834121691e-01   -1.586353216548e-01  -7.867325101729e+01  -1.202211975269e+01
 -5.665662049554e-01    2.690942576914e-02  -1.002661102528e+02  -1.409555953576e+01
 -1.241643171540e-03    8.529039714409e-04  -8.926749878069e+01  -1.409555953576e+01
 -2.116012568418e-03   -5.581418852310e-04  -1.036900720491e+02  -1.409555953576e+01
 -7.440303798333e-01   -1.407695731741e-01  -9.137406932958e+01   5.262020383416e+00
 -4.106445838744e-01   -4.832915673092e-02  -9.132081637116e+01   5.262020383416e+00
 -6.038327192739e-01   -1.201362046601e-01  -8.623189388624e+01   5.262020383416e+00
 -4.991641402389e-01    4.145963843134e-02  -7.553799522398e+01  -7.651200216790e+00
 -2.562423642412e-03   -1.076832311532e-03  -7.557177553776e+01  -7.651200216790e+00
 -3.733307963451e-01    5.110097225919e-02  -8.017873217244e+01  -7.651200216790e+00
 -3.380620049588e-01   -4.944076206168e-02  -8.421277591306e+01   6.787117556692e+00
 -2.822711699392e-01   -3.766039073458e-02  -7.968695986804e+01   6.787117556692e+00
 -5.466496674853e-01   -1.036898149894e-01  -8.237371944480e+01   6.787117556692e+00
 -3.398444724082e-01   -4.927821090401e-02  -8.420638095431e+01   1.271609936498e+01
 -4.027846899880e-01   -4.851891953943e-02  -9.126100044454e+01   1.271609936498e+01
 -5.035152334861e-03    1.117667138027e-04  -8.907299308248e+01   1.271609936498e+01
 -6.058571182865e-01   -1.201833756325e-01  -8.628225810814e+01   3.008292663393e+00
 -5.455364386348e-01   -1.038247573442e-01  -8.236399634655e+01   3.008292663393e+00
 -6.461295998737e-01   -1.604847060001e-01  -8.168369102781e+01   3.008292663393e+00
 -5.456990973187e-01   -1.039442337436e-01  -8.235631984546e+01   7.179851275635e+00
 -6.056165906165e-01   -1.195782143819e-01  -8.628529610927e+01   7.179851275635e+00
 -3.393227492620e-01   -4.924924013970e-02  -8.423995956898e+01   7.179851275635e+00
 -5.635629787471e-01   -9.873163157959e-02  -7.947218647135e+01   3.613993393523e+00
 -6.460367020597e-01   -1.599295687446e-01  -8.169613767839e+01   3.613993393523e+00
 -5.455288391987e-01   -1.040535706349e-01  -8.235582786382e+01   3.613993393523e+00
 -6.080937335746e-01   -1.201756993742e-01  -8.631812478001e+01   1.995708343648e+00
 -6.442841454108e-01   -1.606305350991e-01  -8.164567585515e+01   1.995708343648e+00
 -6.837560806376e-01   -1.890762877813e-01  -8.543924634136e+01   1.995708343648e+00
 -5.448555749566e-01   -1.036337701535e-01  -8.236050888891e+01   6.555900072474e+00
 -2.844018963241e-01   -3.782482916128e-02  -7.971098225591e+01   6.555900072474e+00
 -5.647337469641e-01   -9.867355365523e-02  -7.948128692406e+01   6.555900072474e+00
 -3.380233030338e-01   -4.935158824094e-02  -8.422075648166e+01   6.900589669939e+00
 -6.069612079065e-01   -1.195628133875e-01  -8.628674024650e+01   6.900589669939e+00
 -4.051062033353e-01   -4.863637336547e-02  -9.125593743168e+01   6.900589669939e+00
 -4.349397822271e-01   -3.150400719351e-02  -7.530100705241e+01   7.691991189223e+00
 -2.814858957748e-01   -3.760019128261e-02  -7.968211698218e+01   7.691991189223e+00
 -7.802470212422e-04    8.170643072632e-04  -7.549147847388e+01   7.691991189223e+00
 -4.061358047019e-01   -1.523778129879e-02  -7.039854278837e+01   6.753581612391e+00
 -4.251034013651e-01   -1.547115965595e-02  -7.269327991505e+01   6.753581612391e+00
 -1.128339201471e-03    3.789221893200e-04  -6.995374721192e+01   6.753581612391e+00
 -6.949007524831e-01   -1.385689665154e-02  -6.975582657725e+01   4.131376958276e+00
 -4.263097724351e-01   -1.597231797694e-02  -7.271626412529e+01   4.131376958276e+00
 -4.061567886036e-01   -1.553605158628e-02  -7.040046033254e+01   4.131376958276e+00
 -4.330648773120e-01   -3.011476526566e-02  -7.531806515311e+01   4.872620557036e+00
 -6.196986457130e-01   -4.842802807849e-02  -7.535688515978e+01   4.872620557036e+00
 -5.626206050335e-01   -9.853550967876e-02  -7.944680384157e+01   4.872620557036e+00
 -7.996680252855e-01    3.605259531403e-03  -2.246451653061e+01   5.156352120535e+00
 -1.945724676660e-02    5.737792892655e-04  -1.677245649452e+01   5.156352120535e+00
 -9.602416430616e-01   -6.220580982743e-03  -1.718808383902e+01   5.156352120535e+00
 -6.515392205226e-01   -1.228236082115e-01  -7.814193487241e+01   3.220518789178e+00
 -6.445814261793e-01   -1.598099757505e-01  -8.168197206912e+01   3.220518789178e+00
 -5.648423214558e-01   -9.909683769962e-02  -7.949081135857e+01   3.220518789178e+00
 -7.375570702938e-01    4.882156053632e-03  -7.007907186457e+01  -4.033693187922e+00
 -4.930864043374e-01    1.867273941455e-02  -7.254387715579e+01  -4.033693187922e+00
 -6.691915671093e-01    5.500799023794e-02  -7.528951166912e+01  -4.033693187922e+00
 -4.321920620619e-01   -3.073945809609e-02  -7.528042956435e+01   6.406782665418e+00
 -5.645010202536e-01   -9.803773975411e-02  -7.947412795676e+01   6.406782665418e+00
 -2.842027084057e-01   -3.845120046178e-02  -7.969296491982e+01   6.406782665418e+00
 -2.723241937057e-04    2.276261889412e-04  -6.995532085259e+01   7.084549772096e+00
 -4.260053064489e-01   -1.539576528012e-02  -7.268924476425e+01   7.084549772096e+00
 -1.061794360882e-03    9.569810663830e-05  -7.226295772055e+01   7.084549772096e+00
 -7.213224251795e-03   -6.396533473041e-04  -6.550167883292e+01   5.458325040550e+00
 -8.803640700394e-01   -9.454731252601e-03  -6.341571484932e+01   5.458325040550e+00
 -4.054757050942e-01   -1.567633285082e-02  -7.043746480865e+01   5.458325040550e+00
 -5.230556872219e-01   -1.186698486699e-01  -7.704838297025e+01  -3.165063813260e+00
 -4.190509415898e-01   -1.582723945187e-01  -7.871608332950e+01  -3.165063813260e+00
 -5.962786090841e-01   -1.869391638623e-01  -8.043841265886e+01  -3.165063813260e+00
 -6.811538749127e-01   -1.894843298688e-01  -8.539405479157e+01  -1.503370307676e+00
 -6.460389742407e-01   -1.605215128453e-01  -8.169726014740e+01  -1.503370307676e+00
 -5.969954658198e-01   -1.870224530812e-01  -8.044585416885e+01  -1.503370307676e+00
 -3.294254877169e-01    1.934666910642e-03  -7.424417940943e+01  -1.585094374800e+00
 -3.506398734037e-01   -9.152789749992e-02  -7.539128571203e+01  -1.585094374800e+00
 -4.926264443231e-01    4.182953462279e-03  -7.569394190004e+01  -1.585094374800e+00
 -3.516984540945e-01   -9.188851300935e-02  -7.543332250997e+01  -4.578010195921e+00
 -4.175503751610e-01   -1.582372423273e-01  -7.868587756750e+01  -4.578010195921e+00
 -5.241782533399e-01   -1.185693988748e-01  -7.707455301800e+01  -4.578010195921e+00
 -4.913725361094e-01    4.041491282438e-03  -7.566973949586e+01  -1.114570447166e+00
 -3.518732354739e-01   -9.157572838051e-02  -7.541478462793e+01  -1.114570447166e+00
 -5.237832903380e-01   -1.183981274378e-01  -7.709454156774e+01  -1.114570447166e+00
 -3.511645125256e-01   -9.146027534045e-02  -7.541403162766e+01  -2.888528611376e+00
 -3.290516197433e-01    1.553205782526e-03  -7.420283392551e+01  -2.888528611376e+00
 -1.825528365871e-01   -5.251187201633e-02  -7.423202687041e+01  -2.888528611376e+00
 -5.943714564383e-01   -1.861437491586e-01  -8.039924223875e+01  -1.047078441164e+00
 -6.526716273212e-01   -1.229218213670e-01  -7.818342892606e+01  -1.047078441164e+00
 -5.257899086567e-01   -1.193268850578e-01  -7.713866520645e+01  -1.047078441164e+00
 -5.949109465100e-01   -1.871697417386e-01  -8.035955536312e+01  -4.692468620735e+00
 -5.113073731510e-01   -1.781727901849e-01  -8.389104341497e+01  -4.692468620735e+00
 -6.834636135761e-01   -1.898740833040e-01  -8.543938240730e+01  -4.692468620735e+00
 -6.503420628959e-01   -1.212763708997e-01  -7.814113036058e+01   3.087644513538e+00
 -6.214725578173e-01   -4.809084368136e-02  -7.538242543510e+01   3.087644513538e+00
 -7.134759511448e-01   -3.682207790890e-02  -7.493637519878e+01   3.087644513538e+00
 -5.967786866927e-01   -1.863941701245e-01  -8.044083893789e+01   2.300076509354e-01
 -6.458806129994e-01   -1.607205637877e-01  -8.169294588684e+01   2.300076509355e-01
 -6.501272925445e-01   -1.223526835038e-01  -7.812033646688e+01   2.300076509354e-01
 -6.454656686963e-01    6.528949798408e-02  -7.657251040172e+01   2.940070330370e-01
 -4.936576518509e-01    4.252641123689e-03  -7.573741276958e+01   2.940070330370e-01
 -6.335834922562e-01   -5.283429085372e-02  -7.658812709668e+01   2.940070330370e-01
 -4.924111939475e-01    3.247957293974e-03  -7.571400523761e+01  -4.911972216645e-01
 -5.232712817657e-01   -1.175900034690e-01  -7.708837764327e+01  -4.911972216645e-01
 -6.344861121551e-01   -5.243400008862e-02  -7.661209260091e+01  -4.911972216645e-01
 -7.147803635693e-01   -3.697103899744e-02  -7.495860445909e+01   4.160193520564e-01
 -6.359291815082e-01   -5.343265072980e-02  -7.662562392784e+01   4.160193520564e-01
 -6.490413670531e-01   -1.219174314743e-01  -7.812410050140e+01   4.160193520564e-01
 -7.160969575688e-01   -3.823560308721e-02  -7.495065706319e+01   1.207865233320e+00
 -7.488127816535e-01    7.769066157492e-03  -7.479468579507e+01   1.207865233320e+00
 -6.352350118423e-01   -5.164897421882e-02  -7.663100315043e+01   1.207865233320e+00
 -8.064727368928e-01   -6.519132848095e-03  -7.262339380610e+01   8.693323815488e-01
 -7.492497721792e-01    6.614634919621e-03  -7.479757215881e+01   8.693323815488e-01
 -7.149149311704e-01   -3.701906051169e-02  -7.492807792868e+01   8.693323815488e-01
 -6.329061617220e-01   -5.214625133461e-02  -7.656230708573e+01   7.931607012689e-01
 -5.258718857369e-01   -1.182567816269e-01  -7.713804594617e+01   7.931607012689e-01
 -6.524790969745e-01   -1.236577915622e-01  -7.817593784304e+01   7.931607012689e-01
 -5.633464910424e-01   -9.964037672115e-02  -7.944828500894e+01   2.769692189117e+00
 -6.194546407670e-01   -4.784616834649e-02  -7.534722985272e+01   2.769692189117e+00
 -6.529143024839e-01   -1.221171837969e-01  -7.816674498255e+01   2.769692189117e+00
 -3.293766756920e-01    2.296788641994e-03  -7.424209775173e+01   2.030831762206e+00
 -4.926814933478e-01    4.243024316358e-03  -7.569653065542e+01   2.030831762206e+00
 -3.572443504624e-01    9.706781216457e-02  -7.527845864651e+01   2.030831762206e+00
 -8.799380785008e-01   -1.850243660542e-03  -2.674339605468e+01  -4.511351687006e+00
 -2.535332160848e-02   -1.022141573956e-03  -2.722290276490e+01  -4.511351687006e+00
 -8.854092163424e-01   -2.189859789298e-03  -3.382215717440e+01  -4.511351687006e+00
 -6.070872624946e-01   -1.200970772826e-01  -8.630516619071e+01   3.717163603088e-01
 -6.846290753207e-01   -1.892508687931e-01  -8.545641127708e+01   3.717163603088e-01
 -7.397702976531e-01   -1.413619170884e-01  -9.132183120257e+01   3.717163603088e-01
 -6.336550419785e-01   -6.145707320886e-03   9.134694230550e-03  -6.171668608902e+00
 -8.692664441115e-04    8.369655345610e-05  -1.589793959692e-02  -6.171668608902e+00
 -3.259584069834e-03   -1.477607386491e-04  -4.550001495340e+00  -6.171668608902e+00
 -1.713266961619e-01    5.067425680242e-04  -7.314703613462e+01   2.078764002633e+00
 -3.300752891830e-01    2.603599030212e-03  -7.421476330918e+01   2.078764002633e+00
 -1.845977459764e-01    5.555462403128e-02  -7.395336811977e+01   2.078764002633e+00
 -2.800900117542e-01    1.121122016036e-01  -8.215138262785e+01   2.101802352360e+01
 -2.127840296218e-03    2.024610079081e-04  -8.872909989575e+01   2.101802352360e+01
 -1.777366698231e-04    6.039456241971e-04  -8.218948272440e+01   2.101802352360e+01
 -4.082093067737e-01   -1.603995789550e-02  -7.043224037887e+01   4.091433557601e+00
 -8.743368445889e-01   -9.067242801966e-03  -6.337907522684e+01   4.091433557601e+00
 -6.931237174171e-01   -1.370240705607e-02  -6.970918509920e+01   4.091433557601e+00
 -1.940979950207e-03   -5.879979300893e-04  -9.659044342154e+01   2.472460286200e+01
 -9.800330447974e-04    1.052182007509e-03  -8.886136169925e+01   2.472460286200e+01
 -3.315680791472e-01    9.439522989571e-02  -8.884897354391e+01   2.472460286200e+01
  3.246532816574e-04    3.156718259016e-04  -7.995440719003e+01   1.126928678377e+01
 -3.386263803757e-01   -4.880435347322e-02  -8.421089342821e+01   1.126928678377e+01
 -8.481551016509e-04   -1.157877607465e-04  -8.375890422851e+01   1.126928678377e+01
 -2.785268808826e-01    1.114448072617e-01  -8.214461614820e+01   2.509931997821e+01
 -3.289259880916e-01    9.489378705555e-02  -8.892279037344e+01   2.509931997821e+01
 -3.717555789365e-03    8.467076707962e-04  -8.875181523617e+01   2.509931997821e+01
 -3.746035775637e-03   -1.584362939210e-04  -9.661203994704e+01   2.867531890136e+01
 -3.299217664255e-01    9.396361591779e-02  -8.884134207046e+01   2.867531890136e+01
 -3.681558856940e-01    5.403576592407e-02  -9.675090602955e+01   2.867531890136e+01
 -1.374317802372e-03    5.201328046721e-04  -8.212089212948e+01   1.860380500870e+01
  6.376374235303e-04    3.399867287015e-04  -7.683117002053e+01   1.860380500870e+01
 -2.777461101226e-01    1.121868404728e-01  -8.222158439626e+01   1.860380500870e+01
 -8.651475651033e-01    1.932745567719e-02  -4.771530452747e+01   9.475024947854e-01
 -7.484503555291e-01    1.883989167059e-02  -4.817287352727e+01   9.475024947854e-01
 -6.769140333035e-01    1.155998446981e-02  -4.264719364267e+01   9.475024947854e-01
 -1.856802235604e-01    5.619145478104e-02  -7.394215386363e+01   1.287367056949e+01
 -2.218235379502e-01    9.342218685970e-02  -7.726483228646e+01   1.287367056949e+01
 -2.643497229131e-03    2.303174234553e-03  -7.675289916707e+01   1.287367056949e+01
 -5.925933666994e-04    7.630972414356e-04  -7.385339786488e+01   5.606400509388e+00
  2.275033142263e-04   -1.121293128843e-03  -7.266865274843e+01   5.606400509388e+00
 -1.854761869684e-01    5.458295894640e-02  -7.396529855674e+01   5.606400509388e+00
 -2.771479388234e-01    1.117825583807e-01  -8.216533225379e+01   1.151212189650e+01
 -2.225744171415e-01    9.403782832689e-02  -7.727357508503e+01   1.151212189650e+01
 -4.330324020881e-01    1.648035610651e-01  -7.857657337758e+01   1.151212189650e+01
 -2.761570225406e-01    1.115633797336e-01  -8.221621881082e+01   1.731454859773e+01
 -6.695660094672e-04    1.122184492483e-03  -7.683463663247e+01   1.731454859773e+01
 -2.229587659751e-01    9.406356884456e-02  -7.723972183854e+01   1.731454859773e+01
 -3.577393818095e-01    9.780795623389e-02  -7.526048553477e+01   8.432260618176e+00
 -4.316239390340e-01    1.641487772854e-01  -7.861076985368e+01   8.432260618176e+00
 -2.234946832773e-01    9.463086885983e-02  -7.723386201341e+01   8.432260618176e+00
 -3.295739109947e-01    9.495330444052e-02  -8.885409564364e+01   1.469502459379e+01
 -2.773980469837e-01    1.115769667800e-01  -8.222796705689e+01   1.469502459379e+01
 -5.324165783441e-01    1.858522943167e-01  -8.364029660693e+01   1.469502459379e+01
 -2.222887774157e-01    9.431854625048e-02  -7.722021566386e+01   7.137112322965e+00
 -1.850009565856e-01    5.515464307053e-02  -7.399556227200e+01   7.137112322965e+00
 -3.587650401765e-01    9.797094139834e-02  -7.527252053543e+01   7.137112322965e+00
 -1.467737076359e-03    1.596251302707e-03  -7.673516797417e+01   9.021333803622e+00
  1.009716329153e-04   -3.168889703096e-04  -7.387421501194e+01   9.021333803622e+00
 -1.867492765753e-01    5.663809210313e-02  -7.394762331100e+01   9.021333803622e+00
 -4.438975275009e-01    6.589746246073e-02  -8.479690749657e+01  -1.212140995455e+01
 -6.159744124098e-03   -2.051688634513e-04  -8.929258891373e+01  -1.212140995455e+01
 -5.126132149295e-01    6.116359556641e-02  -9.158772766409e+01  -1.212140995455e+01
 -5.306553718689e-01    1.854347834765e-01  -8.368705421475e+01   1.252357369241e+01
 -2.785605654579e-01    1.120231445448e-01  -8.218292893290e+01   1.252357369241e+01
 -4.318548663266e-01    1.645825127639e-01  -7.856250814024e+01   1.252357369241e+01
 -6.912734659399e-01    8.512289131871e-02  -9.729720143365e+01   1.849438353666e+01
 -7.158519320079e-01   -5.484887950499e-03  -1.051773767390e+02   1.849438353666e+01
 -3.883782670828e-01   -3.362024551430e-03  -1.051101538477e+02   1.849438353666e+01
 -6.909534627494e-01    8.567544574436e-02  -9.737400479050e+01   1.764054886731e+01
 -3.701143890445e-01    5.383292286194e-02  -9.669052716883e+01   1.764054886731e+01
 -6.255023144234e-01    1.549092436142e-01  -9.001338037014e+01   1.764054886731e+01
 -7.196556116168e-01   -4.979622169832e-03  -1.051003564007e+02   5.393668309961e+00
 -8.226187745069e-01    8.035059948692e-02  -9.783750560353e+01   5.393668309961e+00
 -8.204879754708e-01   -6.615533516037e-03  -1.051515684302e+02   5.393668309961e+00
 -5.650879501120e-01    2.602943248324e-02  -1.002729149840e+02  -3.094672156371e+00
 -8.206191946544e-01   -5.176410308578e-03  -1.051057099532e+02  -3.094672156371e+00
 -8.221025487950e-01    7.858819289399e-02  -9.792883425992e+01  -3.094672156371e+00
 -8.224664846288e-01   -6.161602389302e-03  -1.051252066375e+02  -5.111618454397e+00
 -5.631816036556e-01    2.693597359812e-02  -1.002509293245e+02  -5.111618454397e+00
 -5.619633648390e-01   -3.245247187591e-02  -1.098950011495e+02  -5.111618454397e+00
 -7.197399318386e-01   -6.784036722650e-03  -1.052269322371e+02   5.502442590177e+00
 -8.204490146017e-01   -5.705333463001e-03  -1.050930061904e+02   5.502442590177e+00
 -8.209948267244e-01   -9.579251950790e-02  -1.124040081951e+02   5.502442590177e+00
 -8.246734483662e-01    8.005846153696e-02  -9.787808897121e+01   7.438985758680e+00
 -7.173296782767e-01   -4.482465365219e-03  -1.050686179988e+02   7.438985758680e+00
 -6.913209172260e-01    8.491307624814e-02  -9.741013123612e+01   7.438985758680e+00
 -3.861585171656e-01   -3.259768147448e-03  -1.051027363389e+02   1.798685925497e+01
 -3.682221232315e-01    5.386846938563e-02  -9.676083729593e+01   1.798685925497e+01
 -6.930483158841e-01    8.532942916022e-02  -9.730816978229e+01   1.798685925497e+01
 -7.976020798420e-01    1.529599976400e-01  -9.132697541944e+01   5.960848646800e+00
 -6.263484163478e-01    1.553782498338e-01  -9.006394157497e+01   5.960848646800e+00
 -7.234078271769e-01    2.037363739017e-01  -8.532063364082e+01   5.960848646800e+00
 -6.269484273663e-01    1.552666850631e-01  -9.002852117536e+01   1.685163905945e+01
 -3.684955663178e-01    5.365120735659e-02  -9.667488022902e+01   1.685163905945e+01
 -3.294550998671e-01    9.489091884953e-02  -8.892816365729e+01   1.685163905945e+01
 -8.204731134103e-01    8.053677390057e-02  -9.789696126360e+01  -2.620661466883e+00
 -7.998924156535e-01    1.518425860746e-01  -9.134034003380e+01  -2.620661466883e+00
 -5.199366004520e-01    6.205842923680e-02  -9.163581583674e+01  -2.620661466883e+00
 -8.237581301991e-01    7.912915228326e-02  -9.795048969731e+01   5.610711215294e+00
 -6.918629181709e-01    8.587940553446e-02  -9.733806061862e+01   5.610711215294e+00
 -7.963623256705e-01    1.537786088912e-01  -9.121878168018e+01   5.610711215294e+00
 -5.318646365149e-01    1.853820740976e-01  -8.372363251812e+01   7.944071239071e+00
 -7.252250636866e-01    2.038416509406e-01  -8.536829755748e+01   7.944071239071e+00
 -6.242497153967e-01    1.555012707349e-01  -9.001818850051e+01   7.944071239071e+00
 -8.230162211269e-01    7.977593270143e-02  -9.792452241262e+01  -5.131791875473e+00
 -5.162695147222e-01    6.253958345777e-02  -9.159131363896e+01  -5.131791875473e+00
 -5.639586942476e-01    2.502645116145e-02  -1.002763171042e+02  -5.131791875473e+00
 -7.989679920537e-01    1.523677547383e-01  -9.132222619456e+01  -4.131180284688e+00
 -6.784657298754e-01    1.375302527302e-01  -8.649093993574e+01  -4.131180284688e+00
 -5.203478258317e-01    6.124609987980e-02  -9.163752009061e+01  -4.131180284688e+00
 -7.980496005829e-01    1.536995885524e-01  -9.126734824158e+01   7.958435877530e+00
 -6.900381626622e-01    8.628387011565e-02  -9.729213644180e+01   7.958435877530e+00
 -6.263096794183e-01    1.547632152489e-01  -9.012220285760e+01   7.958435877530e+00
 -3.310721450049e-01    9.521467896635e-02  -8.886948729983e+01   1.571207736603e+01
 -5.311741610098e-01    1.855388202706e-01  -8.362585136425e+01   1.571207736603e+01
 -6.250070108796e-01    1.551859977990e-01  -9.008636161767e+01   1.571207736603e+01
 -3.747522501113e-01    5.134898603651e-02  -8.018957689573e+01  -9.916523934420e+00
 -1.433855845259e-03   -4.687076713096e-04  -8.018885461712e+01  -9.916523934420e+00
 -4.429862688935e-01    6.569718485999e-02  -8.480601190798e+01  -9.916523934420e+00
 -6.241042964831e-01    1.995783138843e-01  -8.038020713558e+01   7.025415429364e+00
 -5.298800891875e-01    1.855721672525e-01  -8.363754520726e+01   7.025415429364e+00
 -4.324739878122e-01    1.644177773696e-01  -7.863601768802e+01   7.025415429364e+00
 -2.112247350790e-03   -1.300124954351e-03  -1.050573415901e+02   2.705388303199e+01
 -1.208494408913e-03    1.006322490971e-03  -9.672850596015e+01   2.705388303199e+01
 -3.704972655513e-01    5.267494652533e-02  -9.667605100403e+01   2.705388303199e+01
 -4.914152182242e-01    4.364697204631e-03  -7.567143957895e+01   1.662609194529e+00
 -5.372144018993e-01    1.284861431587e-01  -7.704799622277e+01   1.662609194529e+00
 -3.584851860253e-01    9.712745041176e-02  -7.530343394416e+01   1.662609194529e+00
 -1.856015410748e-01    5.570556406669e-02  -7.397209150239e+01   3.304394737592e+00
 -3.290215169975e-01    2.601911034068e-03  -7.420326745854e+01   3.304394737592e+00
 -3.577124525943e-01    9.706037215630e-02  -7.529795184658e+01   3.304394737592e+00
 -6.224497563234e-01    1.995476934503e-01  -8.033823175444e+01   5.417099100920e+00
 -7.249309209322e-01    2.035071930099e-01  -8.541567269454e+01   5.417099100920e+00
 -5.318315034868e-01    1.855765916595e-01  -8.367833825826e+01   5.417099100920e+00
 -4.324184858764e-01    1.643536028119e-01  -7.859954971485e+01   3.811190453432e+00
 -5.365459117152e-01    1.287720341606e-01  -7.700291040545e+01   3.811190453432e+00
 -6.237916388991e-01    1.993091210038e-01  -8.041498756769e+01   3.811190453432e+00
 -6.901935258118e-01    1.379523094555e-01  -7.826350247885e+01   1.574132437073e+00
 -6.219655007734e-01    1.985468298990e-01  -8.037804853475e+01   1.574132437073e+00
 -5.391952294072e-01    1.294284528418e-01  -7.709133782080e+01   1.574132437073e+00
 -6.245002305432e-01    1.994100507458e-01  -8.042193671346e+01   2.170969449431e+00
 -6.962288917485e-01    1.778879788262e-01  -8.184778422484e+01   2.170969449431e+00
 -7.226666309591e-01    2.031251333992e-01  -8.537223915276e+01   2.170969449431e+00
 -6.899399122974e-01    1.385975342544e-01  -7.825235813875e+01  -2.032609735553e-01
 -5.393386382935e-01    1.284085806163e-01  -7.709323522702e+01  -2.032609735553e-01
 -6.448406987773e-01    6.464281535465e-02  -7.654631913679e+01  -2.032609735553e-01
 -4.309128132806e-01    1.642833809996e-01  -7.857046089051e+01   5.081284634027e+00
 -3.582500303252e-01    9.743919869055e-02  -7.532016326448e+01   5.081284634027e+00
 -5.376739502277e-01    1.286909876235e-01  -7.702905756079e+01   5.081284634027e+00
 -4.970771495837e-01    4.091866728998e-02  -7.551911364237e+01  -4.089483419491e+00
 -6.709756692405e-01    5.578303410898e-02  -7.530888841860e+01  -4.089483419491e+00
 -4.914275089062e-01    1.822571848799e-02  -7.252020318530e+01  -4.089483419491e+00
 -8.871753385240e-01   -8.259404122922e-03  -6.342037698428e+01   5.358955395825e+00
 -5.009728359719e-03   -1.266882514626e-03  -6.542212076676e+01   5.358955395825e+00
 -8.476738437914e-03    9.935073844728e-04  -5.830268106817e+01   5.358955395825e+00
 -6.879016480887e-01    1.361882859326e-01  -7.822075817455e+01  -2.752165247042e+00
 -7.435153310337e-01    4.458265977714e-02  -7.510173662429e+01  -2.752165247042e+00
 -6.717724706284e-01    5.628632458670e-02  -7.532973286357e+01  -2.752165247042e+00
 -6.865646475410e-01    1.366816072576e-01  -7.819875695288e+01   3.305150824561e-02
 -6.477586202388e-01    6.611094588433e-02  -7.660686177179e+01   3.305150824561e-02
 -7.446254614436e-01    4.501606998909e-02  -7.512385406382e+01   3.305150824561e-02
 -7.456947091962e-01    4.435660671176e-02  -7.513514400830e+01   8.139333206633e-03
 -7.486803911868e-01    6.997568012582e-03  -7.479850398831e+01   8.139333206633e-03
 -8.073936762217e-01   -6.994266718290e-03  -7.262316075497e+01   8.139333206633e-03
 -6.960357868969e-01    1.780609793068e-01  -8.184266587111e+01   3.895636212400e-01
 -6.243529040968e-01    1.988277072170e-01  -8.041835057015e+01   3.895636212400e-01
 -6.876843558458e-01    1.373709120828e-01  -7.820302163669e+01   3.895636212400e-01
 -7.394683141801e-01    5.635145707836e-03  -7.009934887867e+01  -1.170742010915e+00
 -7.455398104244e-01    4.395023298193e-02  -7.514943836721e+01  -1.170742010915e+00
 -8.084083731704e-01   -6.610978281144e-03  -7.261969433758e+01  -1.170742010915e+00
 -7.459009376358e-01    4.639643168368e-02  -7.512446953590e+01  -5.964627179358e-01
 -6.471739628550e-01    6.423470695506e-02  -7.660821779854e+01  -5.964627179358e-01
 -7.487552924322e-01    5.460407355984e-03  -7.480133915842e+01  -5.964627179358e-01
 -5.367761960481e-01    1.276690008254e-01  -7.704350222175e+01   9.674602936662e-01
 -4.923635658907e-01    5.193607190776e-03  -7.571340945280e+01   9.674602936662e-01
 -6.464000900577e-01    6.495228576916e-02  -7.659723123662e+01   9.674602936662e-01
 -6.281028560293e-01    1.175541518175e-01  -7.975376776901e+01  -2.322865716519e+00
 -6.905815916709e-01    1.370366055659e-01  -7.825000959222e+01  -2.322865716519e+00
 -6.697275231023e-01    5.626565478911e-02  -7.529731453411e+01  -2.322865716519e+00
 -6.962574640925e-01    1.773442652558e-01  -8.184702937211e+01  -2.930309411160e+00
 -6.284862233729e-01    1.165697630848e-01  -7.977693826492e+01  -2.930309411160e+00
 -6.199157639143e-01    1.225303199704e-01  -8.271525556617e+01  -2.930309411160e+00
 -6.948117640197e-01    1.772003040112e-01  -8.183324006767e+01  -2.680245438823e+00
 -6.890585243306e-01    1.377671765592e-01  -7.822318605649e+01  -2.680245438823e+00
 -6.297284296698e-01    1.169682416032e-01  -7.979499354177e+01  -2.680245438823e+00
 -6.802091881567e-01    1.370189161973e-01  -8.654125834555e+01  -6.295088739486e+00
 -6.200756179522e-01    1.224478108572e-01  -8.271690055937e+01  -6.295088739486e+00
 -4.436037567868e-01    6.596599902249e-02  -8.482715000638e+01  -6.295088739486e+00
 -6.199916134026e-01    1.223295445090e-01  -8.272419618238e+01  -2.278499101627e+00
 -6.803536151237e-01    1.376011688062e-01  -8.653884656842e+01  -2.278499101627e+00
 -6.962399362272e-01    1.778749834594e-01  -8.183391135826e+01  -2.278499101627e+00
 -3.746676749358e-01    5.130723319053e-02  -8.019102561301e+01  -6.111509352790e+00
 -4.427761686478e-01    6.617669296152e-02  -8.480393478137e+01  -6.111509352790e+00
 -6.209246759341e-01    1.221976683642e-01  -8.273491021553e+01  -6.111509352790e+00
 -6.816130286739e-01    1.370012742954e-01  -8.654293347647e+01  -5.906304534746e+00
 -4.420293513570e-01    6.606265601754e-02  -8.480906173466e+01  -5.906304534746e+00
 -5.147844677984e-01    6.145740574614e-02  -9.157784545268e+01  -5.906304534746e+00
 -6.193414875739e-01    1.221290159580e-01  -8.272225930899e+01  -6.062717492490e+00
 -6.296465347867e-01    1.164923444479e-01  -7.978481169737e+01  -6.062717492490e+00
 -3.764593717180e-01    5.148288760204e-02  -8.021259644311e+01  -6.062717492490e+00
 -6.944284631126e-01    1.780171186646e-01  -8.179724127680e+01  -1.164285125042e+00
 -6.825563181529e-01    1.375917773271e-01  -8.657315744776e+01  -1.164285125042e+00
 -7.252832962128e-01    2.027303925563e-01  -8.541632681340e+01  -1.164285125042e+00
 -4.982382722329e-01    4.018238528832e-02  -7.554382153938e+01  -4.672933392199e+00
 -6.274981704788e-01    1.163786295157e-01  -7.975834729985e+01  -4.672933392199e+00
 -6.699645631752e-01    5.696882979632e-02  -7.529766591420e+01  -4.672933392199e+00
 -4.700604284120e-01    6.774699427859e-03  -6.994050568579e+01  -6.855611209025e+00
 -2.002400080908e-03   -3.397679038357e-04  -6.966641562222e+01  -6.855611209025e+00
 -4.915870708449e-01    1.818673862540e-02  -7.253651624434e+01  -6.855611209025e+00
 -4.698737236630e-01    6.766919779936e-03  -6.991323458028e+01  -3.807052228041e+00
 -7.380536421973e-01    5.392426017243e-03  -7.006064188534e+01  -3.807052228041e+00
 -6.488197942815e-01    8.594282696698e-03  -6.566801193702e+01  -3.807052228041e+00
 -1.963976192100e-03    3.549360290627e-04  -7.551936965527e+01  -7.040096058550e+00
 -4.936285414915e-01    1.847746003547e-02  -7.252113059068e+01  -7.040096058550e+00
 -4.239963982666e-04   -3.485108574858e-04  -6.965517074018e+01  -7.040096058550e+00
 -6.297445409078e-01   -5.989506215667e-03  -4.044161346851e-03  -2.075987890259e+00
 -7.472295369150e-01   -7.096355995265e-03  -4.957483912474e+00  -2.075987890259e+00
 -8.443340576619e-01   -1.897105808616e-03  -5.266151268705e-02  -2.075987890259e+00
  8.559847051978e-04    1.011482483377e-03  -1.289949249652e+02  -8.378602315728e+00
 -3.349733392626e-01   -5.826059231800e-02  -1.278603890471e+02  -8.378602315728e+00
 -1.348564126012e-03   -5.663412380825e-04  -1.273433112700e+02  -8.378602315728e+00
 -7.443419807359e-01    9.895359342015e-03  -5.851747840393e+01   5.684564087778e+00
 -8.803864346132e-01   -7.539364365858e-03  -6.340318672210e+01   5.684564087778e+00
 -1.272639313334e-02    1.140485154794e-03  -5.830325028257e+01   5.684564087778e+00
 -4.967759062157e-01    4.072465473311e-02  -7.551026601409e+01  -5.953788253173e+00
 -3.757959301884e-01    5.206606682598e-02  -8.019097333959e+01  -5.953788253173e+00
 -6.297570804619e-01    1.158900402498e-01  -7.978134819100e+01  -5.953788253173e+00
 -8.758105733819e-01   -1.485735318623e-03  -2.672907962975e+01  -1.172557984636e-01
 -8.069865886158e-01    3.587540862352e-03  -2.241866196362e+01  -1.172557984636e-01
 -7.723141435490e-01   -4.076664906243e-03  -2.153571476577e+01  -1.172557984636e-01
  5.610407495891e-04   -2.092821848851e-04  -8.014550589842e+01  -1.111731121392e+01
 -3.087354961534e-03    6.793135939574e-05  -8.923930119423e+01  -1.111731121392e+01
 -4.459126764046e-01    6.552922666899e-02  -8.481880673681e+01  -1.111731121392e+01
 -8.373921633633e-01    4.205986998826e-03  -5.938064026471e+01  -5.950845957055e+00
 -1.451438963892e-02    1.145604230254e-03  -6.502999737587e+01  -5.950845957055e+00
 -6.432080660323e-01    8.818235386088e-03  -6.562758651259e+01  -5.950845957055e+00
 -7.260676378921e-01    2.029053377442e-01  -8.543257609978e+01   5.102561518437e-01
 -6.816650164253e-01    1.375039282658e-01  -8.656114748516e+01   5.102561518437e-01
 -7.947970722925e-01    1.529354085486e-01  -9.127205733784e+01   5.102561518437e-01
 -7.494828794640e-01    6.596369295535e-03  -7.482913949789e+01   2.523483677072e-01
 -6.457796420140e-01    6.312948768680e-02  -7.658871213259e+01   2.523483677072e-01
 -6.337803960220e-01   -5.067946759930e-02  -7.660438392883e+01   2.523483677072e-01
 -3.564843696248e-03    9.179923972682e-04  -8.928625372281e+01  -1.167279983804e+01
 -5.643407006129e-01    2.690309970213e-02  -1.002559351849e+02  -1.167279983804e+01
 -5.144076587302e-01    6.059703340052e-02  -9.159463894024e+01  -1.167279983804e+01
 -8.714643107917e-01   -8.237760318429e-03  -6.329242062099e+01  -1.535707464266e+00
 -6.582818644286e-01    8.589724215968e-03  -6.565131172048e+01  -1.535707464266e+00
 -8.180407528640e-01   -2.049280540344e-03  -6.999001021321e+01  -1.535707464266e+00
 -7.558792625755e-01   -7.296398430940e-02  -9.809313494261e+01   4.627803309776e+00
 -7.499913944620e-01    2.064718303810e-03  -1.055158870234e+02   4.627803309776e+00
 -4.446851457985e-01   -2.224590102528e-02  -1.003608097764e+02   4.627803309776e+00
 -7.824213390879e-03   -3.419915606723e-04  -4.541889825321e+00  -5.667357502577e+00
 -7.492404356356e-01   -7.048153437441e-03  -4.923406254749e+00  -5.667357502577e+00
 -6.294859306834e-01   -6.083409403342e-03   2.062041558307e-02  -5.667357502577e+00
 -8.159890093213e-01   -2.124749550230e-03  -6.996880483840e+01  -1.063519220795e+00
 -7.397032600064e-01    5.853049936774e-03  -7.009034609423e+01  -1.063519220795e+00
 -8.077583390588e-01   -6.492033761253e-03  -7.261608019491e+01  -1.063519220795e+00
 -9.724549000376e-01   -7.682804053593e-03  -1.718149514911e+01  -4.322789200429e+00
 -8.005354297293e-01   -1.233523699706e-02  -1.025848189938e+01  -4.322789200429e+00
 -3.111518811073e-02    6.050434273202e-04  -1.586383995146e+01  -4.322789200429e+00
 -8.204347392218e-01   -1.991607191522e-03  -6.999752665570e+01  -1.226381388372e+00
 -6.545715761143e-01    8.528329047494e-03  -6.566398070427e+01  -1.226381388372e+00
 -7.350934125693e-01    5.524101316016e-03  -7.008902581430e+01  -1.226381388372e+00
 -6.491850637321e-01    8.342721835133e-03  -6.555824061441e+01  -1.291823577802e+00
 -8.773689857590e-01   -7.363810585881e-03  -6.327763418268e+01  -1.291823577802e+00
 -8.311641586970e-01    4.321525882342e-03  -5.934303463017e+01  -1.291823577802e+00
 -8.069325138272e-01   -6.681617841157e-03  -7.261542801699e+01   2.430189274389e+00
 -7.146510241385e-01   -3.699244179269e-02  -7.492956462337e+01   2.430189274389e+00
 -6.192015362605e-01   -4.758454698083e-02  -7.538292970715e+01   2.430189274389e+00
 -6.958100084863e-01   -1.342502531641e-02  -6.974789018072e+01   1.752490029181e+00
 -8.170230031397e-01   -1.805104752327e-03  -6.996910937051e+01   1.752490029181e+00
 -8.061646536722e-01   -7.035340639169e-03  -7.263669365131e+01   1.752490029181e+00
 -6.183787165619e-01   -4.691087428444e-02  -7.539455512362e+01   3.795055934830e+00
 -4.300815743027e-01   -1.639315526518e-02  -7.273795497404e+01   3.795055934830e+00
 -8.087330801030e-01   -7.432227867455e-03  -7.262036607242e+01   3.795055934830e+00
 -8.012303937409e-04    5.143462455219e-04  -7.223227900322e+01   7.249246353647e+00
 -4.353347788639e-01   -3.039119189507e-02  -7.529721271005e+01   7.249246353647e+00
 -1.002280044803e-03   -1.735743342398e-04  -7.547890595053e+01   7.249246353647e+00
 -4.332257010888e-01   -3.029341934245e-02  -7.528940713036e+01   7.283492606496e+00
 -2.307108886482e-03    6.319986284964e-04  -7.224640648585e+01   7.283492606496e+00
 -4.252394409321e-01   -1.579600661538e-02  -7.270338608077e+01   7.283492606496e+00
 -7.376877771052e-01    4.799347609825e-03  -7.008787941388e+01  -2.009398180009e+00
 -6.688406282880e-01    5.523702527909e-02  -7.528464851995e+01  -2.009398180009e+00
 -7.464048498316e-01    4.466157088848e-02  -7.515180945158e+01  -2.009398180009e+00
 -4.695390659422e-01    6.689140041583e-03  -6.993099501087e+01  -4.027007270814e+00
 -4.914941654567e-01    1.847638406545e-02  -7.255525665034e+01  -4.027007270814e+00
 -7.392057665683e-01    5.381862510997e-03  -7.007714516953e+01  -4.027007270814e+00
 -7.470945075309e-01   -6.213370096975e-03  -4.976438108599e+00  -6.596699624902e-01
 -8.043955278957e-01   -1.301098419349e-02  -1.054859591485e+01  -6.596699624902e-01
 -8.472935271795e-01   -1.080090908082e-02  -6.537845200686e+00  -6.596699624902e-01
 -1.220683530330e-02   -5.860979329132e-04  -5.233601104627e+01  -5.619816135232e+00
 -8.597485575803e-01    1.572110241442e-02  -4.746127398571e+01  -5.619816135232e+00
 -5.583341236248e-04   -4.904717518612e-04  -4.651769622371e+01  -5.619816135232e+00
 -2.309753047938e-02    3.743646401043e-04  -5.291507387518e+01   4.554177508587e+00
 -9.732611326635e-01    1.094987081261e-02  -5.323074855638e+01   4.554177508587e+00
 -7.460523974589e-01    9.319425122496e-03  -5.870823520042e+01   4.554177508587e+00
 -9.654951391673e-01    1.114736525406e-02  -5.325168809507e+01  -4.494759251668e+00
 -2.448888755047e-02   -4.682563625294e-04  -5.269644501347e+01  -4.494759251668e+00
 -8.350502215293e-01    3.605596792736e-03  -5.964653184873e+01  -4.494759251668e+00
 -7.669743513028e-01   -1.235338442535e-04  -3.045758620832e+01   1.178214575744e+00
 -8.921946516073e-01   -2.619606736692e-03  -3.359030271614e+01   1.178214575744e+00
 -7.646110125738e-01   -8.895835930204e-03  -3.679722670840e+01   1.178214575744e+00
 -7.727716226379e-01   -4.280030917813e-03  -2.154882732119e+01  -5.616844870907e+00
  2.810710949771e-04    9.289879709820e-05  -2.150263633897e+01  -5.616844870907e+00
 -9.217538927054e-03   -3.658093335611e-04  -2.695707434962e+01  -5.616844870907e+00
 -6.817304927938e-01    1.161323452279e-02  -4.256749221587e+01   1.527199828059e+00
 -8.909457415229e-01    1.171684192985e-02  -4.052402058729e+01   1.527199828059e+00
 -8.594722277600e-01    1.914520484419e-02  -4.773726561216e+01   1.527199828059e+00
 -8.848942761813e-01   -2.139514080356e-03  -3.325906572360e+01  -4.365228669777e+00
 -2.873588654790e-02    1.378076192434e-03  -4.040631259278e+01  -4.365228669777e+00
 -8.987936312428e-01    1.110059467620e-02  -4.049446755429e+01  -4.365228669777e+00
 -7.615569695966e-01   -9.953987003636e-05  -3.038571582852e+01   1.214024624689e+00
 -7.958231739673e-01    3.241878351164e-03  -2.239245384749e+01   1.214024624689e+00
 -8.836331147934e-01   -9.149782267196e-04  -2.670927258228e+01   1.214024624689e+00
 -9.007486349948e-01    1.246359337718e-02  -4.065340091273e+01  -4.249077258449e+00
 -2.600762831677e-02    1.770803206031e-04  -4.069042745757e+01  -4.249077258449e+00
 -8.515332157018e-01    1.728403964045e-02  -4.786929136462e+01  -4.249077258449e+00
 -8.553544010407e-01   -9.615609942713e-03  -6.539401839965e+00   5.533368411340e+00
 -8.598777035954e-03   -6.356594612668e-04  -1.086344789700e+01   5.533368411340e+00
 -5.341653391652e-03    8.584080456165e-04  -4.138721282453e+00   5.533368411340e+00
 -9.969664543480e-03    7.638315665730e-04  -1.001389656029e+01  -5.422669011525e+00
 -8.041859560800e-01   -1.163193011207e-02  -1.049506935252e+01  -5.422669011525e+00
 -7.482714694780e-01   -6.675202688809e-03  -4.937447029130e+00  -5.422669011525e+00
 -4.725806636804e-03    3.957613267119e-04  -1.001936316371e+01  -5.727157493493e+00
 -7.537840286137e-01   -6.840557825143e-03  -4.926258066707e+00  -5.727157493493e+00
 -3.845266927954e-03   -3.916234542377e-04  -4.579062083634e+00  -5.727157493493e+00
 -8.394062296451e-01   -1.661600189673e-03  -5.424802870617e-02  -7.392016875894e-01
 -7.522768150839e-01   -7.223239849509e-03  -4.932571747465e+00  -7.392016875894e-01
 -8.415277358646e-01   -9.311800417314e-03  -6.531184574146e+00  -7.392016875894e-01
  5.644354154733e-04   -1.869772643563e-04  -2.135097961415e+01  -5.614611433608e+00
 -7.715691557490e-01   -4.120147113065e-03  -2.181553730536e+01  -5.614611433608e+00
 -1.314167650081e-02   -4.232792303593e-05  -1.622245304740e+01  -5.614611433608e+00
 -8.111359010485e-01   -1.384404885968e-02  -1.055081950254e+01   5.614234590923e-01
 -9.548568235290e-01   -7.396365962293e-03  -1.728552719674e+01   5.614234590923e-01
 -7.389856113946e-01   -1.950677388736e-02  -1.254725356507e+01   5.614234590923e-01
 -8.100267127057e-01   -1.136387617038e-02  -1.038550122006e+01  -5.481998081632e+00
 -3.050175590878e-03    6.654659824313e-04  -1.011079621073e+01  -5.481998081632e+00
 -1.360474872023e-02    3.999109236031e-04  -1.584311183979e+01  -5.481998081632e+00
 -8.139773316356e-01   -1.394479875005e-02  -1.053584491509e+01   5.299109875901e-01
 -7.380082429406e-01   -1.957196488861e-02  -1.238983844142e+01   5.299109875901e-01
 -8.409776366100e-01   -1.088227236957e-02  -6.457485296582e+00   5.299109875901e-01
 -2.704328389318e-03   -3.519468309404e-04  -1.084227199158e+01   6.103316489573e+00
 -7.380549851280e-01   -1.802508415726e-02  -1.231758396709e+01   6.103316489573e+00
 -5.987265892804e-03    6.144303137495e-04  -1.653282845214e+01   6.103316489573e+00
 -1.820687469108e-02    1.131977505359e-03  -1.656974701315e+01   5.106094577572e+00
 -7.313429334188e-01   -1.823675125508e-02  -1.227800761402e+01   5.106094577572e+00
 -9.613054482412e-01   -6.727012752379e-03  -1.720142714486e+01   5.106094577572e+00
 -8.457093469173e-01    4.060407487746e-03  -5.942995412806e+01  -5.834475637545e+00
 -1.622224626759e-03   -5.633534254418e-04  -5.886021827340e+01  -5.834475637545e+00
 -8.012632478714e-03    6.899638277092e-04  -6.499401928586e+01  -5.834475637545e+00
 -7.522451027150e-01    9.019556022123e-03  -5.856923608294e+01   6.435517104379e-01
 -8.399530344398e-01    4.030371092097e-03  -5.939291641138e+01   6.435517104379e-01
 -8.695846820736e-01   -7.056549782032e-03  -6.340669504095e+01   6.435517104379e-01
 -3.028255399303e-03   -1.413374738649e-04  -4.617533623614e+01   5.892293862707e+00
 -7.570954011061e-01    1.801386399640e-02  -4.794124630022e+01   5.892293862707e+00
 -8.257544128279e-03   -1.294020278548e-04  -5.272671431412e+01   5.892293862707e+00
 -8.382540864991e-01    3.688576075136e-03  -5.938863145654e+01   8.770920761672e-01
 -7.553188639002e-01    8.967452341814e-03  -5.844288239294e+01   8.770920761672e-01
 -9.589722796791e-01    1.089900802854e-02  -5.318968438209e+01   8.770920761672e-01
 -7.524006282093e-01    1.005759626559e-02  -5.860910192443e+01   5.715215925729e+00
 -2.375672390184e-03    6.615664241331e-04  -5.829879006007e+01   5.715215925729e+00
 -9.387699481727e-03    2.149795068662e-04  -5.296291132802e+01   5.715215925729e+00
 -7.913415800133e-03    2.412923884161e-04  -1.678801192463e+01   6.119323857184e+00
 -8.082196643092e-01    3.547297558018e-03  -2.243730382296e+01   6.119323857184e+00
 -8.785887326468e-04   -2.196081573846e-05  -2.340942493547e+01   6.119323857184e+00
 -1.250081595419e-03   -2.786073282155e-04  -5.877906374404e+01  -5.824915678926e+00
 -8.444336496393e-01    3.462213968840e-03  -5.956190211944e+01  -5.824915678926e+00
 -1.117709024551e-02   -3.040142636472e-04  -5.271744761658e+01  -5.824915678926e+00
 -7.743127503752e-01   -3.910512036686e-03  -2.162058003231e+01  -5.005781623213e-01
 -8.041173574464e-01    3.693607640703e-03  -2.223010425527e+01  -5.005781623213e-01
 -9.554198442144e-01   -6.285390398370e-03  -1.714642817753e+01  -5.005781623213e-01
 -2.871733642119e-02   -8.796589003257e-06  -1.615951935699e+01  -3.954512973246e+00
 -7.627521354273e-01   -3.824976957175e-03  -2.198045639360e+01  -3.954512973246e+00
 -9.741785888732e-01   -6.982567220657e-03  -1.723465623441e+01  -3.954512973246e+00
 -7.659527984911e-01   -4.130286157835e-03  -2.139532211067e+01  -4.389735469820e+00
 -2.102683785069e-02   -8.877781920256e-04  -2.700332940491e+01  -4.389735469820e+00
 -8.833822885514e-01   -2.012991665488e-03  -2.664198394362e+01  -4.389735469820e+00
 -7.674451207988e-01   -5.586446924564e-04  -3.045861142820e+01   6.033314029009e+00
 -7.651906668700e-01   -8.256742463130e-03  -3.678797095721e+01   6.033314029009e+00
 -1.147187485140e-02    6.380908701854e-05  -3.502771925069e+01   6.033314029009e+00
 -8.964230777870e-01   -2.145985531486e-03  -3.367323209898e+01  -5.274087650571e+00
 -1.256367081869e-02   -6.058120564223e-04  -2.728610324715e+01  -5.274087650571e+00
 -1.886138011667e-03    2.636674425357e-04  -3.380794887686e+01  -5.274087650571e+00
 -1.488502388639e-03    1.207107340266e-04  -2.343849223026e+01   6.114198092224e+00
 -8.058598451757e-01    3.191511107159e-03  -2.240175902563e+01   6.114198092224e+00
 -6.895640099857e-03   -2.712525756948e-04  -2.901343511296e+01   6.114198092224e+00
 -7.535960569701e-01    1.915223594044e-02  -4.821540909435e+01   1.127580023886e+00
 -8.547505081314e-01    1.817294267565e-02  -4.762559331609e+01   1.127580023886e+00
 -9.560492355223e-01    1.115607047668e-02  -5.316366234992e+01   1.127580023886e+00
 -2.425831055854e-02    4.203229434048e-06  -5.272083350429e+01   4.802947506223e+00
 -7.466365954996e-01    1.808450357405e-02  -4.786941131310e+01   4.802947506223e+00
 -9.716544691467e-01    1.134554345270e-02  -5.317105116098e+01   4.802947506223e+00
 -7.384194258257e-03   -4.926713789226e-04  -4.609410567418e+01   5.980404801100e+00
 -6.692048348412e-01    1.030226651948e-02  -4.272008982064e+01   5.980404801100e+00
 -7.528609287123e-01    1.863229244394e-02  -4.800803812467e+01   5.980404801100e+00
 -6.716465514803e-01    8.881211688898e-03  -4.278365519370e+01   6.524741426972e+00
 -2.095782588176e-03    1.588228423345e-05  -4.608108029903e+01   6.524741426972e+00
 -2.644361737811e-03   -6.019244020588e-04  -4.130525502688e+01   6.524741426972e+00
 -4.084595411174e-03    3.086062122214e-04  -3.500584565620e+01   6.105082045342e+00
 -7.720821880613e-01   -8.443466598182e-03  -3.680226164470e+01   6.105082045342e+00
 -4.594592261341e-03   -2.687339964780e-04  -4.129564676035e+01   6.105082045342e+00
 -7.691147515740e-01   -9.585996701387e-03  -3.690965204952e+01   1.074542594094e+00
 -8.856719532536e-01   -2.653587735166e-03  -3.342669048842e+01   1.074542594094e+00
 -8.927386354076e-01    1.053631129317e-02  -4.047295001695e+01   1.074542594094e+00
 -1.410051327027e-02    8.829472980372e-04  -4.035047642297e+01  -5.278289169250e+00
 -8.962328019114e-01   -1.599738512094e-03  -3.341297677805e+01  -5.278289169250e+00
 -1.559525225869e-03   -5.808849585741e-06  -3.396035400749e+01  -5.278289169250e+00
 -2.776748921949e-04   -9.082481463288e-04  -4.637724436548e+01  -5.624268099587e+00
 -8.599786578663e-01    1.613176766352e-02  -4.769853727876e+01  -5.624268099587e+00
 -1.186947788910e-02    1.638623924042e-05  -4.072179799222e+01  -5.624268099587e+00
 -7.644109574540e-01   -8.900875443979e-03  -3.684162545080e+01   6.101057701971e+00
 -6.642771794850e-01    8.837869832327e-03  -4.279433356501e+01   6.101057701971e+00
 -1.076757803993e-02   -7.830900016635e-04  -4.131083527914e+01   6.101057701971e+00
 -7.612392055866e-01   -9.612346901281e-03  -3.687382122424e+01   1.963410038681e+00
 -8.986848459247e-01    1.125102753028e-02  -4.045057222772e+01   1.963410038681e+00
 -6.671420140355e-01    9.996721139359e-03  -4.271734858264e+01   1.963410038681e+00
 -7.724795734755e-01   -7.135158963288e-04  -3.044773119314e+01   6.030348877235e+00
 -5.184737405903e-03   -6.415802658905e-05  -3.503711191850e+01   6.030348877235e+00
 -4.046589404946e-03   -1.608845840658e-04  -2.899233030612e+01   6.030348877235e+00
 -7.980708907977e-01    3.192628084573e-03  -2.239014502941e+01   5.901150507653e+00
 -7.612185712026e-01   -3.641034491895e-04  -3.040215039005e+01   5.901150507653e+00
 -1.396199965746e-02   -4.022434862304e-04  -2.901206517692e+01   5.901150507653e+00
 -8.851347418029e-01   -2.367444125626e-03  -3.373061471678e+01   1.059329214621e+00
 -7.722801662786e-01    2.071670994172e-04  -3.037685376945e+01   1.059329214621e+00
 -8.760247158486e-01   -1.122924382191e-03  -2.673962454211e+01   1.059329214621e+00
