
 -7.954513245246e-04    9.646196586979e-04  -9.771692240260e+01   5.498074821753e+00
 -2.485258511644e-01    8.859011451845e-04  -9.848413992284e+01   5.498074821753e+00
  1.384581055903e-04   -3.964957576831e-04  -9.800230609726e+01   5.498074821753e+00
 -3.017658795388e-01    4.202079676185e-02  -9.031551021474e+01   1.003149458443e+01
  2.122694393585e-04    1.872751320488e-05  -9.408686635305e+01   1.003149458443e+01
 -8.387071629211e-04   -2.357562539374e-05  -9.017036838472e+01   1.003149458443e+01
 -2.483161947975e-01   -5.317320548179e-04  -9.849063242181e+01   5.806502589980e+00
 -4.056195367877e-01    8.701482090346e-02  -9.833242146754e+01   5.806502589980e+00
 -4.341977818729e-01    1.176578183800e-03  -9.985962575619e+01   5.806502589980e+00
 -4.072390469242e-01    8.622858373522e-02  -9.830763631993e+01   5.486718680469e+00
 -2.469808872082e-01    2.495282061688e-04  -9.852919604012e+01   5.486718680469e+00
 -1.900502483863e-01    3.441451394857e-02  -9.746321874047e+01   5.486718680469e+00
 -5.044992570020e-01    1.077347060791e-01  -1.005934935595e+02   3.865150590460e+00
 -4.343837727352e-01    1.179238395784e-03  -9.990947378632e+01   3.865150590460e+00
 -4.058377519508e-01    8.770155219445e-02  -9.830283377499e+01   3.865150590460e+00
 -6.279559353208e-01   -6.407065534016e-03  -4.950448081455e+00   4.165664042824e+00
 -8.538181792616e-03    5.259307193417e-04  -3.129380995413e+00   4.165664042824e+00
 -4.593109062074e-01    6.517098500476e-03   2.587142158843e-02   4.165664042824e+00
 -1.905184386028e-01    3.388639987623e-02  -9.745656543160e+01   5.256307195595e+00
 -3.897727848568e-01    9.423955049808e-02  -9.640999801539e+01   5.256307195595e+00
 -4.072075480301e-01    8.674807076333e-02  -9.829677202410e+01   5.256307195595e+00
 -6.004559901135e-01   -5.659701918014e-03  -5.513231306217e+01   2.377087096670e+00
 -3.193266959413e-01   -1.236547643725e-02  -5.521560843299e+01   2.377087096670e+00
 -5.146769126237e-01   -9.921566904364e-03  -5.295835297439e+01   2.377087096670e+00
 -2.354618706330e-01    4.587438475505e-02  -9.490385495363e+01   5.034139512262e+00
 -3.019933536673e-01    4.222242318682e-02  -9.031221311872e+01   5.034139512262e+00
 -4.412518000010e-01    1.042354808152e-01  -9.377509981867e+01   5.034139512262e+00
 -8.601674942843e-04   -1.886097517171e-04  -9.663725212195e+01   7.222915711211e+00
 -2.347069295421e-01    4.563921477534e-02  -9.491956413874e+01   7.222915711211e+00
 -1.898921945503e-01    3.414068925569e-02  -9.748141647305e+01   7.222915711211e+00
 -3.903289329244e-01    9.430445127195e-02  -9.640170270849e+01   2.539039404666e+00
 -4.404884673661e-01    1.047972919334e-01  -9.377907531275e+01   2.539039404666e+00
 -4.786911732652e-01    1.417971113101e-01  -9.743551607088e+01   2.539039404666e+00
 -4.404158270699e-01    1.043144659877e-01  -9.378093034873e+01   5.373101220693e+00
 -3.903085257363e-01    9.439283820757e-02  -9.640516126100e+01   5.373101220693e+00
 -2.363658186815e-01    4.580389442125e-02  -9.488929138018e+01   5.373101220693e+00
 -5.097501364983e-01    1.578361943648e-01  -9.481215934945e+01   1.580616509837e+00
 -4.773658051051e-01    1.418893886795e-01  -9.746507205157e+01   1.580616509837e+00
 -4.421672152334e-01    1.047835287316e-01  -9.375179003823e+01   1.580616509837e+00
 -3.902396379835e-01    9.442853365954e-02  -9.640340892526e+01   3.247754411057e+00
 -4.787595511865e-01    1.415047324286e-01  -9.743558108402e+01   3.247754411057e+00
 -4.064019900197e-01    8.697848483627e-02  -9.831427228625e+01   3.247754411057e+00
 -5.102798733942e-01    1.579598755799e-01  -9.479623812218e+01   3.388180672753e-01
 -4.416305493680e-01    1.046903242542e-01  -9.376580132730e+01   3.388180672753e-01
 -5.474045332536e-01    1.163394382475e-01  -9.032558838497e+01   3.388180672753e-01
 -2.354292029868e-01    4.600931898571e-02  -9.491293136787e+01   5.180047307692e+00
 -3.908834436935e-01    9.417960839478e-02  -9.639276055713e+01   5.180047307692e+00
 -1.893846398587e-01    3.390486279170e-02  -9.748608627960e+01   5.180047307692e+00
 -9.048169143246e-04    2.462076464961e-04  -7.852464097994e+01   1.097166998887e+01
 -4.862092538077e-04   -4.380332525743e-04  -6.746886422019e+01   1.097166998887e+01
 -3.302610877318e-01   -1.692504971237e-02  -7.591999810697e+01   1.097166998887e+01
 -5.031732301670e-01    1.079669341511e-01  -1.005869689460e+02   3.265913329834e+00
 -4.072389871400e-01    8.720227568562e-02  -9.829493568159e+01   3.265913329834e+00
 -4.777492701380e-01    1.415410899751e-01  -9.744810421125e+01   3.265913329834e+00
 -5.593799324376e-01    2.341191033610e-03  -1.023044284535e+02   2.171172939857e+00
 -5.016271519142e-01    1.069618711362e-01  -1.005833378967e+02   2.171172939857e+00
 -5.167777957834e-01    4.750458673394e-02  -1.028420750581e+02   2.171172939857e+00
 -5.580034845660e-01    6.587282307296e-04  -1.022766019745e+02   4.829242436169e+00
 -4.356276457960e-01    6.445017061300e-04  -9.989934645383e+01   4.829242436169e+00
 -5.029902751377e-01    1.078029648395e-01  -1.006077861300e+02   4.829242436169e+00
 -5.600637685989e-01    2.269730808796e-03  -1.023295490737e+02   2.265023440885e+00
 -5.163412008203e-01    4.700669283393e-02  -1.028382168423e+02   2.265023440885e+00
 -6.201166019358e-01   -7.665853067417e-04  -1.041108485352e+02   2.265023440885e+00
 -5.143779281250e-01    4.544846252741e-02  -1.028409158902e+02   1.159774365207e+00
 -5.044640187860e-01    1.085063888844e-01  -1.005770198988e+02   1.159774365207e+00
 -4.156816341785e-01    9.940964984103e-02  -1.016176976516e+02   1.159774365207e+00
 -3.967322272069e-01   -7.682389860264e-03  -1.027531224800e+02  -2.299358627599e-01
 -5.156498823588e-01    4.558557907646e-02  -1.027990122362e+02  -2.299358627599e-01
 -4.136237962799e-01    9.868774061219e-02  -1.016494851385e+02  -2.299358627599e-01
 -5.150671884319e-01    4.396788430513e-02  -1.028247073902e+02   7.325984788208e-01
 -5.229179477250e-01   -5.618526212438e-02  -1.027697112866e+02   7.325984788208e-01
 -6.206928006086e-01    2.000406608969e-03  -1.041059079503e+02   7.325984788208e-01
 -5.044569893060e-01    1.081306229318e-01  -1.005687570017e+02  -3.507718080730e-01
 -4.528971946618e-01    1.568150147116e-01  -9.881261076890e+01  -3.507718080730e-01
 -4.156721656629e-01    1.001184452668e-01  -1.016224744048e+02  -3.507718080730e-01
 -3.491992282577e-01    5.022252451786e-03  -5.308621989591e+01  -4.464833298162e+00
 -4.814619599697e-01    6.741085260827e-03  -4.986995597916e+01  -4.464833298162e+00
 -5.392759763773e-03    5.298148157883e-04  -4.933174125442e+01  -4.464833298162e+00
 -3.216215478106e-01    1.274153350661e-01  -1.001152668977e+02  -4.809462376093e+00
 -4.546634539114e-01    1.575099273869e-01  -9.881644857955e+01  -4.809462376093e+00
 -3.838659629947e-01    1.430654357744e-01  -9.616291716517e+01  -4.809462376093e+00
 -4.548931916564e-01    1.570040389932e-01  -9.878900659388e+01   7.023557456637e-01
 -5.022332520951e-01    1.077220114823e-01  -1.006045024339e+02   7.023557456637e-01
 -4.787322545906e-01    1.420249270272e-01  -9.743464908922e+01   7.023557456637e-01
 -1.423986745577e-01    3.990552022336e-02  -1.035467535142e+02  -5.179885541130e+00
 -2.761800883187e-01    7.268406163479e-02  -1.027567930067e+02  -5.179885541130e+00
 -1.671767477049e-01    7.431312413867e-02  -1.012068440407e+02  -5.179885541130e+00
 -2.759580231671e-01    7.236507180376e-02  -1.027265718650e+02  -3.470703914521e+00
 -4.141887511601e-01    9.934994973536e-02  -1.016591416092e+02  -3.470703914521e+00
 -3.202992047801e-01    1.273368952565e-01  -1.001646850468e+02  -3.470703914521e+00
 -3.209628785052e-01    1.272399629823e-01  -1.001373660634e+02  -5.796172253643e+00
 -1.680640206945e-01    7.445688785756e-02  -1.011927335804e+02  -5.796172253643e+00
 -2.754233034718e-01    7.262692877219e-02  -1.027672799306e+02  -5.796172253643e+00
 -2.759963345962e-01    7.216602039349e-02  -1.027376647352e+02  -7.598866854512e-01
 -3.958269071314e-01   -8.224515447203e-03  -1.027860241280e+02  -7.598866854512e-01
 -4.140227961357e-01    9.918539770866e-02  -1.016471954773e+02  -7.598866854512e-01
 -5.095050405983e-01    1.584056055280e-01  -9.480919223390e+01  -3.444284681551e+00
 -3.854017988638e-01    1.430683821081e-01  -9.613352750141e+01  -3.444284681551e+00
 -4.533422782339e-01    1.574973086688e-01  -9.884672997243e+01  -3.444284681551e+00
 -3.214585679041e-01    1.273323315482e-01  -1.001418379409e+02  -2.165805979552e+00
 -4.133314939395e-01    9.950429112081e-02  -1.016799870932e+02  -2.165805979552e+00
 -4.545131506365e-01    1.573611075661e-01  -9.878989540051e+01  -2.165805979552e+00
 -5.076933882467e-01    1.581255067633e-01  -9.484125554751e+01  -8.859417068397e-01
 -4.550134825168e-01    1.574325183667e-01  -9.878428658385e+01  -8.859417068397e-01
 -4.789010114861e-01    1.418242499480e-01  -9.743263467389e+01  -8.859417068397e-01
 -2.755314903426e-01    7.203842241448e-02  -1.027401794950e+02  -2.133549178114e+00
 -1.427344312787e-01    4.034934007107e-02  -1.035666887785e+02  -2.133549178114e+00
 -2.610800554510e-01   -6.090460986731e-03  -1.036643484437e+02  -2.133549178114e+00
 -5.503939471160e-01    1.159418324372e-01  -9.028418440560e+01   3.625311470609e+00
 -4.392340011379e-01    1.046006788186e-01  -9.381826778960e+01   3.625311470609e+00
 -3.056014579588e-01    4.206984181950e-02  -9.026054661068e+01   3.625311470609e+00
 -6.227970830208e-01   -6.562089699218e-03  -4.974269154615e+00   1.647163651515e+00
 -4.615364408003e-01    6.441034607213e-03  -6.234603938142e-03   1.647163651515e+00
 -6.247743403764e-01   -1.326515139458e-03  -6.130668750015e-02   1.647163651515e+00
 -5.599005520328e-01    6.053605397428e-02  -8.532391909358e+01   3.444965197722e+00
 -3.270936930088e-01    1.735092749054e-02  -8.356582596649e+01   3.444965197722e+00
 -5.567543581683e-01    3.208586556342e-03  -7.978133379815e+01   3.444965197722e+00
 -5.586870421005e-01    6.191579399828e-02  -8.535080262722e+01   2.628176225746e+00
 -5.511031122574e-01    1.155043108082e-01  -9.026591757166e+01   2.628176225746e+00
 -3.052494719079e-01    4.272728599766e-02  -9.027001629900e+01   2.628176225746e+00
 -5.097153641224e-01    1.586019218149e-01  -9.484752814840e+01  -5.369838855196e+00
 -4.460468017727e-01    1.193744957015e-01  -9.122970245430e+01  -5.369838855196e+00
 -3.854609917968e-01    1.429387257695e-01  -9.609682929504e+01  -5.369838855196e+00
 -4.476528263724e-01    1.193285665599e-01  -9.119649010533e+01  -3.870999464915e+00
 -5.082944533922e-01    1.584712236096e-01  -9.488251126031e+01  -3.870999464915e+00
 -5.495177840872e-01    1.164190765138e-01  -9.028297915741e+01  -3.870999464915e+00
 -4.904623675090e-01    6.810197976512e-02  -8.570083913871e+01  -5.240382242232e+00
 -4.476029433556e-01    1.188981335274e-01  -9.115031234025e+01  -5.240382242232e+00
 -5.498696725082e-01    1.169295315198e-01  -9.032982038906e+01  -5.240382242232e+00
 -2.366013121470e-01    7.242616488866e-02  -9.201747428460e+01  -1.133368622200e+01
 -3.848885431970e-01    1.429839372128e-01  -9.617108122262e+01  -1.133368622200e+01
 -4.466731185647e-01    1.191888673303e-01  -9.117647157634e+01  -1.133368622200e+01
 -5.485826451127e-01    1.169080122319e-01  -9.036587803623e+01  -3.481664255372e+00
 -5.611249587353e-01    6.094067625646e-02  -8.530151182252e+01  -3.481664255372e+00
 -4.918254821047e-01    6.785632861498e-02  -8.566685708895e+01  -3.481664255372e+00
 -5.606083054605e-01    6.139820616123e-02  -8.532633813470e+01   4.751127698388e+00
 -3.027407944373e-01    4.309309747458e-02  -9.031669020468e+01   4.751127698388e+00
 -3.258996010000e-01    1.664059780246e-02  -8.356900367905e+01   4.751127698388e+00
 -5.094161495806e-01    3.641283455089e-03  -7.985021704047e+01  -4.701382656726e+00
 -4.914185437969e-01    6.713563434022e-02  -8.561309097524e+01  -4.701382656726e+00
 -5.618080975357e-01    6.164669591992e-02  -8.535356807577e+01  -4.701382656726e+00
 -9.484463372234e-04    5.383727013215e-04  -7.975142456015e+01  -2.029721652486e+01
 -2.832161157096e-01    7.473134049500e-04  -7.981714706332e+01  -2.029721652486e+01
 -8.861045898951e-04   -1.237224810761e-03  -7.350851511200e+01  -2.029721652486e+01
 -4.925264835311e-01    6.749362625621e-02  -8.568610417066e+01  -1.276462813435e+01
 -2.821133185537e-01    1.680561191025e-03  -7.982601548495e+01  -1.276462813435e+01
 -2.653126333730e-01    4.368640742304e-02  -8.604590805698e+01  -1.276462813435e+01
 -2.835549688403e-01    1.616378879678e-03  -7.982217722436e+01  -1.281583925361e+01
 -4.912976396217e-01    6.732322767706e-02  -8.569318923662e+01  -1.281583925361e+01
 -5.082930666620e-01    2.868211114064e-03  -7.977304350088e+01  -1.281583925361e+01
 -2.653677394159e-01    4.320698516283e-02  -8.609103197580e+01  -2.182557420795e+01
 -2.816629520168e-01    2.602468819667e-03  -7.974727786507e+01  -2.182557420795e+01
 -2.047893098879e-03    1.243196782913e-03  -8.610058880884e+01  -2.182557420795e+01
 -4.912231946308e-01    6.771707459196e-02  -8.563809122808e+01  -1.250463911943e+01
 -2.663553007817e-01    4.364905679363e-02  -8.609976101993e+01  -1.250463911943e+01
 -4.468493439210e-01    1.189127237435e-01  -9.123121531895e+01  -1.250463911943e+01
 -4.903794983391e-01   -6.099774164176e-02  -7.388980058902e+01  -1.276031882287e+01
 -2.834650040886e-01    1.829053452232e-03  -7.974394509161e+01  -1.276031882287e+01
 -5.083234126611e-01    2.403287982303e-03  -7.979343274512e+01  -1.276031882287e+01
 -5.111377944468e-01    3.336362198959e-03  -7.982735153318e+01  -3.145683264349e+00
 -5.602720369585e-01    6.180746461910e-02  -8.538368692056e+01  -3.145683264349e+00
 -5.565615562819e-01    2.208204364483e-03  -7.975010174540e+01  -3.145683264349e+00
 -3.257366479505e-01    1.788456469867e-02  -8.357717419666e+01   4.961556714784e+00
 -3.285765924573e-01   -1.698021617711e-02  -7.591020332943e+01   4.961556714784e+00
 -5.581593893237e-01    2.588771783947e-03  -7.977113491336e+01   4.961556714784e+00
 -2.354851798408e-01    7.222699267570e-02  -9.197036643469e+01  -1.210430458549e+01
 -4.480379532603e-01    1.191970067692e-01  -9.122002340549e+01  -1.210430458549e+01
 -2.649511380704e-01    4.352700796086e-02  -8.611192003186e+01  -1.210430458549e+01
 -4.254624050068e-05    1.722934177314e-04  -1.011844295901e+02  -1.174507492627e+01
 -1.691239471494e-01    7.487875051451e-02  -1.012159308062e+02  -1.174507492627e+01
 -1.234258448544e-03    6.970607428637e-04  -9.734459151864e+01  -1.174507492627e+01
 -1.675462442118e-01    7.403449137740e-02  -1.011670279969e+02  -8.330851155949e+00
 -3.219275685789e-01    1.277630540507e-01  -1.001639259945e+02  -8.330851155949e+00
 -2.019391961521e-01    8.470616484813e-02  -9.719796645245e+01  -8.330851155949e+00
 -2.785930638373e-01    3.749899433150e-02  -6.084948685143e+01  -6.954649635381e+00
 -1.223987986101e-04   -4.498771882424e-04  -5.736684949222e+01  -6.954649635381e+00
 -8.162557174661e-04    1.448807977070e-04  -6.086410911816e+01  -6.954649635381e+00
 -1.089820086721e-03    1.572822410011e-03  -1.039333198063e+02  -3.772042301496e+00
 -1.350711703481e-01   -2.924161368996e-03  -1.044488835419e+02  -3.772042301496e+00
 -1.420560279212e-01    3.937307015380e-02  -1.035553812388e+02  -3.772042301496e+00
 -7.266153337087e-04    6.263778482743e-04  -1.012211564165e+02  -9.517429799720e+00
  3.441405188440e-04   -4.452292935624e-04  -1.039062795480e+02  -9.517429799720e+00
 -1.677647433510e-01    7.397082802778e-02  -1.011788140210e+02  -9.517429799720e+00
 -3.119746201792e-01   -6.067656915643e-02  -9.402221088778e+01  -7.260076131934e+00
 -1.371693055925e-03    2.472751301708e-04  -9.600145848727e+01  -7.260076131934e+00
 -2.485598498628e-01   -4.410070036045e-02  -9.642626052794e+01  -7.260076131934e+00
 -1.682131850881e-01    7.443329492640e-02  -1.012211364135e+02  -1.451134725350e+01
 -2.016862036626e-01    8.438534804594e-02  -9.715493627504e+01  -1.451134725350e+01
 -2.131670295654e-03    1.190219030929e-03  -9.732736275891e+01  -1.451134725350e+01
 -3.965486737070e-04   -8.079071895185e-05  -1.038997683604e+02  -7.498566462008e+00
 -1.425388031579e-01    4.026780914376e-02  -1.035631354261e+02  -7.498566462008e+00
 -1.668039042494e-01    7.360974954791e-02  -1.011848671864e+02  -7.498566462008e+00
 -1.489381849344e-03   -1.826709509080e-04  -8.618015308291e+01  -1.894141311796e+01
 -2.617425286107e-04    1.173890199526e-03  -9.211230334299e+01  -1.894141311796e+01
 -2.656499443711e-01    4.453408318457e-02  -8.604266154287e+01  -1.894141311796e+01
 -5.947191669990e-04    1.095324935555e-03  -8.609188461017e+01  -2.030436922022e+01
 -2.831884262466e-01    2.597507957965e-03  -7.974734236604e+01  -2.030436922022e+01
 -1.020075579556e-03   -4.663749008045e-04  -7.982127622237e+01  -2.030436922022e+01
 -4.176647291304e-01   -2.372670910841e-02  -8.301819580389e+01  -8.505813467999e+00
 -3.246564806521e-03   -4.630851992427e-04  -8.947859742204e+01  -8.505813467999e+00
 -3.708039495946e-01   -5.509541969849e-02  -8.936457547796e+01  -8.505813467999e+00
 -2.876795116565e-04    6.050776649784e-04  -9.725563092935e+01  -1.540859418838e+01
 -2.035650029626e-01    8.473290661528e-02  -9.720426047887e+01  -1.540859418838e+01
 -1.743454661719e-03    2.274823149755e-04  -9.224381222244e+01  -1.540859418838e+01
 -1.790894806812e-03    1.713522545128e-03  -9.211839854172e+01  -1.978766628683e+01
 -2.355077596810e-01    7.169551420413e-02  -9.201195548294e+01  -1.978766628683e+01
 -2.642325752895e-01    4.425259079634e-02  -8.604437255186e+01  -1.978766628683e+01
 -3.257543690168e-01    1.690070164544e-02  -8.357529178386e+01   1.003337296697e+01
 -3.174453727230e-03   -4.210605085507e-04  -7.855662259883e+01   1.003337296697e+01
 -3.282314727488e-01   -1.621145280813e-02  -7.591117969099e+01   1.003337296697e+01
 -2.359246764307e-01    4.552294832578e-02  -9.490339987473e+01   7.849127638351e+00
  1.840329640793e-04   -1.201698202775e-04  -9.665825492828e+01   7.849127638351e+00
 -9.127617645094e-04    3.372509817846e-05  -9.408766764305e+01   7.849127638351e+00
 -3.182959785193e-03    7.930192104135e-04  -9.222793174850e+01  -1.797184552341e+01
 -2.024251145122e-01    8.428701865106e-02  -9.721121189257e+01  -1.797184552341e+01
 -2.347083022233e-01    7.215985188397e-02  -9.197582757870e+01  -1.797184552341e+01
 -2.018282543659e-01    8.450823743467e-02  -9.715185502529e+01  -1.062049853559e+01
 -3.858988651447e-01    1.432500461227e-01  -9.616046480573e+01  -1.062049853559e+01
 -2.353489483522e-01    7.218703150636e-02  -9.202910256413e+01  -1.062049853559e+01
 -3.030249151101e-01    4.188755532395e-02  -9.032841714166e+01   1.004126465420e+01
 -3.159892411243e-03   -6.725674179131e-04  -8.482945076530e+01   1.004126465420e+01
 -3.250112377225e-01    1.734750943447e-02  -8.356850216490e+01   1.004126465420e+01
 -5.110993429007e-01    1.964857123987e-03  -7.973923813951e+01  -3.090350580762e+00
 -5.565729448005e-01    2.914767848452e-03  -7.979030164489e+01  -3.090350580762e+00
 -5.613720870403e-01   -5.505780029397e-02  -7.416829607300e+01  -3.090350580762e+00
 -2.028870762500e-01    8.490972526958e-02  -9.718749929209e+01  -8.996196752730e+00
 -3.211004943919e-01    1.276033260628e-01  -1.001736239539e+02  -8.996196752730e+00
 -3.844997030381e-01    1.429271049306e-01  -9.612371767883e+01  -8.996196752730e+00
  9.351453544824e-05    2.073487433871e-04  -9.016545812325e+01   1.012261817656e+01
 -1.866912941901e-03   -4.794107412024e-04  -8.484149086151e+01   1.012261817656e+01
 -3.040825560590e-01    4.155698670940e-02  -9.032119283305e+01   1.012261817656e+01
 -1.357955408706e-01   -2.831260933038e-03  -1.044446605009e+02  -1.129451437550e+00
 -4.027889195557e-04    1.297153514575e-03  -1.039455392844e+02  -1.129451437550e+00
 -1.743248535558e-04   -5.416111528364e-04  -1.045208661763e+02  -1.129451437550e+00
 -5.285456908388e-01   -1.289222979266e-01  -1.002509726650e+02  -9.006641808463e-01
 -5.219842923345e-01   -5.835813063826e-02  -1.027540760699e+02  -9.006641808463e-01
 -4.262300170881e-01   -1.172696666034e-01  -1.014181525146e+02  -9.006641808463e-01
 -5.229320499747e-01   -5.667688129960e-02  -1.027610104460e+02  -1.111184514899e+00
 -6.206510653315e-01   -1.815733700582e-03  -1.035924391204e+02  -1.111184514899e+00
 -6.209967461088e-01    2.341455603115e-03  -1.041322721852e+02  -1.111184514899e+00
 -6.196647619185e-01    4.856983364978e-04  -1.035743678994e+02  -3.857665958577e+00
 -5.247112654092e-01   -1.275812668601e-01  -1.002901378326e+02  -3.857665958577e+00
 -5.591930396780e-01   -1.085813099214e-03  -1.011243058219e+02  -3.857665958577e+00
 -5.252849798799e-01   -1.273552717674e-01  -1.002819021022e+02  -1.255520975360e+00
 -6.191419111372e-01   -6.020705534256e-05  -1.035798896022e+02  -1.255520975360e+00
 -5.237733254688e-01   -5.951496457073e-02  -1.027475000827e+02  -1.255520975360e+00
 -5.578150969127e-01   -6.171903769168e-04  -1.011299284003e+02  -5.229660840093e+00
 -5.276198414185e-01   -1.284768091035e-01  -1.002758908359e+02  -5.229660840093e+00
 -4.360689258467e-01   -5.798307999826e-04  -9.863039644886e+01  -5.229660840093e+00
 -3.622882240568e-03    1.824422032517e-04  -3.141046565778e+00   4.514595589007e+00
  4.583877539140e-05   -9.892669659802e-05  -1.836625763901e-02   4.514595589007e+00
 -4.629309613166e-01    6.493414113781e-03   1.044738626300e-02   4.514595589007e+00
 -5.233500262987e-01   -5.862181303988e-02  -1.027169582422e+02   4.357937416112e-01
 -3.967530055118e-01   -9.189898147114e-03  -1.027553100013e+02   4.357937416112e-01
 -4.241264606616e-01   -1.165153031985e-01  -1.014505796821e+02   4.357937416112e-01
 -5.229271082286e-01   -5.872490705800e-02  -1.027548800235e+02   1.095520879228e-01
 -5.151793664323e-01    4.578008215098e-02  -1.028296380516e+02   1.095520879228e-01
 -3.975857771544e-01   -8.470863795432e-03  -1.027261664790e+02   1.095520879228e-01
 -2.815821997300e-01   -8.567464592872e-02  -1.026233905950e+02   1.216788479791e+00
 -4.245006044637e-01   -1.169843292164e-01  -1.014509724196e+02   1.216788479791e+00
 -3.958672952073e-01   -8.663454432126e-03  -1.027867377515e+02   1.216788479791e+00
 -3.316892388382e-01   -1.398292476421e-01  -9.986857320375e+01   6.549617837539e+00
 -2.810682636374e-01   -8.613097550282e-02  -1.026560509010e+02   6.549617837539e+00
 -1.714649007798e-01   -7.905483121542e-02  -1.008929119730e+02   6.549617837539e+00
 -4.238637695359e-01   -1.173666506838e-01  -1.014852040716e+02   2.697246214519e+00
 -3.322321593738e-01   -1.400238792316e-01  -9.987624850452e+01   2.697246214519e+00
 -4.752288867895e-01   -1.763693382586e-01  -9.842654988494e+01   2.697246214519e+00
 -3.310696532671e-01   -1.399902660761e-01  -9.989835443612e+01   3.902006872298e+00
 -4.247174713701e-01   -1.172427201573e-01  -1.014645319358e+02   3.902006872298e+00
 -2.815110483401e-01   -8.580230617111e-02  -1.026116566294e+02   3.902006872298e+00
 -5.401022535249e-01   -1.764603692392e-01  -9.434062951208e+01   4.040097345259e+00
 -4.740714840793e-01   -1.765161248189e-01  -9.848385655165e+01   4.040097345259e+00
 -4.015282419151e-01   -1.553052037087e-01  -9.580220431518e+01   4.040097345259e+00
 -4.261832192342e-01   -1.179158270896e-01  -1.014271588676e+02   7.002907964942e-01
 -4.736517052332e-01   -1.758869072245e-01  -9.844772934205e+01   7.002907964942e-01
 -5.285794757464e-01   -1.285524605525e-01  -1.002349618367e+02   7.002907964942e-01
 -2.810470763207e-01   -8.549605542736e-02  -1.026286228981e+02   2.690648637108e+00
 -2.611203037140e-01   -7.025746301783e-03  -1.036629709325e+02   2.690648637108e+00
 -1.453323429223e-01   -4.820886770341e-02  -1.035268455115e+02   2.690648637108e+00
 -2.806704428173e-01   -8.562751667071e-02  -1.026441943383e+02   1.523305757891e+00
 -3.967584519439e-01   -8.570198757243e-03  -1.027652398365e+02   1.523305757891e+00
 -2.614028547538e-01   -6.672436923479e-03  -1.036316502068e+02   1.523305757891e+00
 -3.967202538157e-01   -8.374354539854e-03  -1.027653697440e+02  -1.137645700615e+00
 -2.750914013501e-01    7.216146569058e-02  -1.027575232720e+02  -1.137645700615e+00
 -2.614211445788e-01   -6.440821273629e-03  -1.036316121460e+02  -1.137645700615e+00
 -5.263380856595e-01   -1.281364425368e-01  -1.002644225517e+02  -3.112265581118e-01
 -4.756619514125e-01   -1.760947793000e-01  -9.842738023221e+01  -3.112265581118e-01
 -5.127058854820e-01   -1.629753632205e-01  -9.686885183648e+01  -3.112265581118e-01
 -4.341527319387e-01   -1.398472510168e-03  -9.860831093686e+01  -6.095833095695e+00
 -4.453781686878e-01   -1.023910866633e-01  -9.752005838749e+01  -6.095833095695e+00
 -2.485885923141e-01    9.484118553142e-04  -9.720253914698e+01  -6.095833095695e+00
 -4.351035075054e-01   -1.157834687137e-03  -9.864453938986e+01  -3.803316484334e+00
 -5.288760897174e-01   -1.282374133807e-01  -1.002511181913e+02  -3.803316484334e+00
 -4.448323790838e-01   -1.035154641722e-01  -9.749709139869e+01  -3.803316484334e+00
 -2.480423274374e-01   -8.458398928700e-04  -9.719734778425e+01  -6.310503901457e+00
 -2.478298950254e-01   -4.363838647422e-02  -9.643126836283e+01  -6.310503901457e+00
  2.259314583211e-04    1.149275157034e-03  -9.723962430530e+01  -6.310503901457e+00
 -2.490465446055e-01   -4.520868330979e-02  -9.640844256440e+01  -5.114032441652e+00
 -2.474291258791e-01    4.238699497442e-04  -9.723457368458e+01  -5.114032441652e+00
 -4.468232355087e-01   -1.018207795917e-01  -9.749639330459e+01  -5.114032441652e+00
 -3.152087305242e-01   -6.054163253561e-02  -9.401072796540e+01  -7.867375647613e+00
 -2.820693022533e-03    4.641414297296e-05  -8.954856260536e+01  -7.867375647613e+00
  7.084148866204e-04    7.269599183152e-05  -9.605053767358e+01  -7.867375647613e+00
 -1.881479300201e-03    1.832202124951e-04  -4.932294168424e+01  -5.011875818496e+00
 -1.371647356247e-04   -1.499652534899e-04  -5.291088355386e+01  -5.011875818496e+00
 -3.511380575971e-01    5.088225662028e-03  -5.308340589565e+01  -5.011875818496e+00
 -4.465947446194e-01   -1.025777903665e-01  -9.748816090909e+01  -4.978722643035e+00
 -4.390003547522e-01   -1.122027623895e-01  -9.559403375721e+01  -4.978722643035e+00
 -2.496284721083e-01   -4.447731134620e-02  -9.640076925384e+01  -4.978722643035e+00
 -3.028471534438e-01   -1.142915136848e-02  -5.345106704610e+01   5.046198586385e+00
  8.555605186393e-05    2.166359678812e-04  -5.311074442267e+01   5.046198586385e+00
 -1.684403440777e-03   -1.518232774211e-04  -4.970695461074e+01   5.046198586385e+00
 -5.113041803482e-01   -1.628159122653e-01  -9.689833716241e+01  -1.008435086382e+00
 -5.403838958123e-01   -1.759247327624e-01  -9.434386780119e+01  -1.008435086382e+00
 -4.938262338691e-01   -1.233083504812e-01  -9.305768176790e+01  -1.008435086382e+00
 -5.383046654622e-01   -1.761773849803e-01  -9.437175439736e+01   1.335671451033e+00
 -5.129036729079e-01   -1.627873621677e-01  -9.686758987535e+01   1.335671451033e+00
 -4.757230705654e-01   -1.764696911086e-01  -9.842280070344e+01   1.335671451033e+00
 -4.395312698273e-01   -1.123902243061e-01  -9.558769070341e+01  -4.659385068504e+00
 -4.922430690415e-01   -1.228602996059e-01  -9.309077526148e+01  -4.659385068504e+00
 -3.123777176145e-01   -6.087122103741e-02  -9.399936218908e+01  -4.659385068504e+00
 -4.922467646766e-01   -1.233236695381e-01  -9.308556061594e+01  -2.098626839021e+00
 -4.396220874444e-01   -1.123092724722e-01  -9.558734178882e+01  -2.098626839021e+00
 -5.125386838185e-01   -1.627232320416e-01  -9.686897107062e+01  -2.098626839021e+00
 -3.115951428386e-01   -6.103031552544e-02  -9.402085537400e+01  -4.381133577208e+00
 -4.931047315063e-01   -1.227475521433e-01  -9.308479264963e+01  -4.381133577208e+00
 -3.711123428843e-01   -5.568784353086e-02  -8.936632401580e+01  -4.381133577208e+00
 -4.400475000195e-01   -1.122210509544e-01  -9.557444452320e+01  -4.684822824968e+00
 -3.117188306802e-01   -6.102972726708e-02  -9.401936333774e+01  -4.684822824968e+00
 -2.484365122086e-01   -4.425142998934e-02  -9.643124157860e+01  -4.684822824968e+00
 -5.408689793855e-01   -1.760169432412e-01  -9.432764101371e+01   2.517647805255e-01
 -5.877611129614e-01   -1.316535235540e-01  -8.981187539328e+01   2.517647805255e-01
 -4.933257169706e-01   -1.232465355606e-01  -9.307225788763e+01   2.517647805255e-01
 -5.127155809137e-01   -1.625184942999e-01  -9.687202184956e+01  -2.890142654821e+00
 -4.394410942143e-01   -1.123693744541e-01  -9.558675238593e+01  -2.890142654821e+00
 -4.456939213562e-01   -1.029164070974e-01  -9.751008222957e+01  -2.890142654821e+00
 -5.272277165672e-01   -1.283495901560e-01  -1.002441636462e+02  -3.044447049071e+00
 -5.117816412894e-01   -1.625659642389e-01  -9.688420456381e+01  -3.044447049071e+00
 -4.463912661309e-01   -1.031367505137e-01  -9.749186860249e+01  -3.044447049071e+00
 -3.136838123910e-01   -6.083515454196e-02  -9.403219855833e+01  -9.037414569930e+00
 -3.692562990232e-01   -5.551554485469e-02  -8.935829771475e+01  -9.037414569930e+00
 -5.110351709721e-03    3.297596817899e-04  -8.950407905946e+01  -9.037414569930e+00
 -4.754149970912e-01   -1.765522324335e-01  -9.845412118798e+01   5.348173303443e+00
 -3.323362784514e-01   -1.400403873286e-01  -9.984852475964e+01   5.348173303443e+00
 -3.999797670438e-01   -1.552734835881e-01  -9.583042583495e+01   5.348173303443e+00
 -9.811167241098e-03   -2.602459392773e-04  -8.248678120636e+00   4.363932827344e+00
 -6.311163400664e-01   -7.746189367519e-03  -4.970445924450e+00   4.363932827344e+00
 -5.430891071148e-01   -1.397954320395e-02  -9.388991175273e+00   4.363932827344e+00
 -1.351417212374e-01   -4.626133457598e-03  -1.044523955996e+02   4.540772452371e+00
 -8.929188040790e-04   -1.311702753268e-03  -1.037646486566e+02   4.540772452371e+00
 -1.448284595163e-01   -4.737655646789e-02  -1.035173110091e+02   4.540772452371e+00
 -1.358207852377e-01   -4.699678886291e-03  -1.044475260367e+02   1.653977318229e+00
 -1.839047250660e-04    4.423708882945e-04  -1.045190435281e+02   1.653977318229e+00
 -3.287679711636e-04   -1.151049153866e-03  -1.037793353021e+02   1.653977318229e+00
 -1.451297693267e-01   -4.846668090229e-02  -1.035532098980e+02   1.014461920743e+01
 -1.852697760796e-03   -1.809491446453e-03  -1.012844756549e+02   1.014461920743e+01
 -1.703089922151e-01   -7.810847402097e-02  -1.008695239367e+02   1.014461920743e+01
 -2.073486090201e-01   -9.086276234498e-02  -9.687680737017e+01   1.345437907519e+01
 -1.711392382119e-01   -7.862735946185e-02  -1.008903605982e+02   1.345437907519e+01
 -4.494513054796e-04   -8.687742858686e-04  -1.012174189651e+02   1.345437907519e+01
 -2.094434928632e-01   -9.136625852669e-02  -9.690358377077e+01   9.683292331843e+00
 -4.006328291930e-01   -1.551624336323e-01  -9.579088352692e+01   9.683292331843e+00
 -3.317986313846e-01   -1.401520751188e-01  -9.990587831517e+01   9.683292331843e+00
 -2.082615770727e-01   -9.112799413365e-02  -9.691784614615e+01   8.980312196004e+00
 -3.327494149965e-01   -1.403486850533e-01  -9.989510734516e+01   8.980312196004e+00
 -1.707872469438e-01   -7.856543385549e-02  -1.008632265522e+02   8.980312196004e+00
 -1.001577770163e-03   -1.254876609118e-03  -1.012996240113e+02   7.321027691654e+00
 -1.458688830637e-01   -4.880160663111e-02  -1.035451248870e+02   7.321027691654e+00
 -5.874565436798e-05    1.596229451762e-04  -1.037270597441e+02   7.321027691654e+00
 -2.818448925545e-01   -8.625821459201e-02  -1.026465204164e+02   5.660179689365e+00
 -1.447883817363e-01   -4.767786070694e-02  -1.035123479167e+02   5.660179689365e+00
 -1.705547153777e-01   -7.880929059586e-02  -1.009039536871e+02   5.660179689365e+00
  4.982241485596e-04   -2.565534546806e-04  -1.012190315649e+02   1.434684113262e+01
 -1.299874702591e-03   -5.846942586051e-04  -9.707791735597e+01   1.434684113262e+01
 -2.083889549447e-01   -9.128168879613e-02  -9.687071598597e+01   1.434684113262e+01
 -3.291697836006e-01   -1.674868844687e-02  -7.591217049622e+01   9.291826168853e+00
 -1.628932276795e-03   -6.284330137924e-04  -6.748292254439e+01   9.291826168853e+00
 -3.006875564524e-01   -3.558193613972e-02  -6.915707810202e+01   9.291826168853e+00
 -6.311799347311e-01    1.221950582156e-02  -3.592761043247e+01  -3.391821713052e+00
 -1.924891742969e-02   -7.605456483200e-04  -3.976899638237e+01  -3.391821713052e+00
 -7.151665225573e-01    8.533008715258e-03  -4.035155281155e+01  -3.391821713052e+00
 -2.479347825816e-01    1.267456012352e-03  -9.850215851427e+01   6.769855093401e+00
 -1.134085164677e-03    7.150581690027e-04  -9.770855958799e+01   6.769855093401e+00
 -1.889756539922e-01    3.371859777903e-02  -9.748087431771e+01   6.769855093401e+00
 -2.507798863509e-01   -7.919403190602e-02  -9.179979495922e+01   1.894290725577e+01
 -4.426934754025e-04   -6.686841529263e-04  -9.172971475367e+01   1.894290725577e+01
 -1.488204328917e-03    4.504130573413e-04  -8.588361293776e+01   1.894290725577e+01
 -2.493130576869e-01   -8.019292610230e-02  -9.173615761728e+01   1.779104317547e+01
  2.905927209955e-04   -7.373588583852e-04  -9.702304497080e+01   1.779104317547e+01
 -1.202037078078e-03   -1.298595155602e-04  -9.179243076537e+01   1.779104317547e+01
 -2.508295895008e-01   -3.631154010795e-02  -6.387271297782e+01   7.376485766571e+00
 -4.216712227064e-04    3.617027266430e-04  -6.069813012756e+01   7.376485766571e+00
 -2.100000026392e-01   -2.808023152474e-02  -6.048678838150e+01   7.376485766571e+00
 -2.089760985029e-01   -9.085975659649e-02  -9.689938248708e+01   1.795869135239e+01
 -8.811302200878e-04   -1.267706164071e-03  -9.702438484906e+01   1.795869135239e+01
 -2.479116380128e-01   -7.977564805801e-02  -9.173843986147e+01   1.795869135239e+01
 -4.605922451968e-01   -3.526559416091e-02  -5.724478927707e+01   3.167282657995e+00
 -3.210987387269e-01   -2.286042175702e-02  -5.716452211433e+01   3.167282657995e+00
 -3.173912766771e-01   -1.172688544444e-02  -5.521439262585e+01   3.167282657995e+00
 -2.768251811809e-01   -4.502623145646e-02  -8.584375410632e+01   2.026465023434e+01
 -9.722757713745e-04   -7.981660281238e-04  -8.578326212011e+01   2.026465023434e+01
 -1.512476967002e-03    9.993086523302e-04  -7.954955999834e+01   2.026465023434e+01
 -4.008875804764e-01   -1.551701920946e-01  -9.583804462633e+01   1.189412096025e+01
 -2.498134197412e-01   -7.959320528659e-02  -9.178318994138e+01   1.189412096025e+01
 -4.677595834581e-01   -1.296671450497e-01  -9.084560022755e+01   1.189412096025e+01
 -2.486309248506e-01   -7.942786359264e-02  -9.179502861253e+01   1.134336970089e+01
 -4.018714887210e-01   -1.554111825096e-01  -9.582781219928e+01   1.134336970089e+01
 -2.086440137728e-01   -9.104153527862e-02  -9.686261495465e+01   1.134336970089e+01
 -6.075217111408e-01   -7.166853540490e-02  -8.484718992901e+01  -1.924553545188e+00
 -3.749432711384e-01   -5.619010461488e-02  -8.932491862389e+01  -1.924553545188e+00
 -5.913700174901e-01   -1.308438246459e-01  -8.975528626240e+01  -1.924553545188e+00
 -3.751350320607e-01   -5.552826543958e-02  -8.931825557534e+01  -2.991915322839e+00
 -4.909687986117e-01   -1.231445840367e-01  -9.312535721926e+01  -2.991915322839e+00
 -5.907578356127e-01   -1.312952520144e-01  -8.977216473259e+01  -2.991915322839e+00
 -5.898350817208e-01   -1.317092141531e-01  -8.976918146798e+01   4.553386639594e+00
 -5.389381340643e-01   -1.765266745953e-01  -9.441272168972e+01   4.553386639594e+00
 -4.687246631628e-01   -1.298058760388e-01  -9.086409134206e+01   4.553386639594e+00
 -4.686431497078e-01   -1.293642172556e-01  -9.081885845823e+01   5.938521259800e+00
 -5.137481824909e-01   -7.472321887950e-02  -8.538007772248e+01   5.938521259800e+00
 -5.902476632474e-01   -1.322336468394e-01  -8.981558887576e+01   5.938521259800e+00
 -4.691396907800e-01   -1.297120071765e-01  -9.089015092336e+01   1.269123584628e+01
 -2.487874622046e-01   -7.937760205609e-02  -9.173805418494e+01   1.269123584628e+01
 -2.754334609395e-01   -4.577219718316e-02  -8.584622393811e+01   1.269123584628e+01
 -4.015334228084e-01   -1.551660185144e-01  -9.576596338804e+01   5.978333188456e+00
 -4.671303126153e-01   -1.298459283498e-01  -9.089694852872e+01   5.978333188456e+00
 -5.403605693000e-01   -1.766653590736e-01  -9.437835613728e+01   5.978333188456e+00
 -2.751749957287e-01   -4.593617079157e-02  -8.578139432556e+01   1.340776675492e+01
 -2.866455190192e-01   -2.414227790182e-03  -7.953251865362e+01   1.340776675492e+01
 -5.159673992344e-01   -7.407046897171e-02  -8.536721223060e+01   1.340776675492e+01
 -2.750775624182e-01   -4.604190915806e-02  -8.578859500270e+01   2.169736653777e+01
 -2.493685812306e-01   -7.874502553185e-02  -9.180351149936e+01   2.169736653777e+01
 -2.889639922396e-03    7.958072420111e-05  -8.586897371661e+01   2.169736653777e+01
 -6.105337367009e-01   -7.132034198276e-02  -8.485812098029e+01   5.516511584572e+00
 -5.145986385901e-01   -7.376995149468e-02  -8.529084450834e+01   5.516511584572e+00
 -5.324180669286e-01   -5.793296479173e-03  -7.955965432408e+01   5.516511584572e+00
 -5.150805430828e-01   -7.448771238979e-02  -8.534605574306e+01   4.322797372776e+00
 -6.097689641524e-01   -7.064244560128e-02  -8.480267858447e+01   4.322797372776e+00
 -5.889837380614e-01   -1.322157909731e-01  -8.985107406954e+01   4.322797372776e+00
 -4.182142693668e-01   -2.356122295425e-02  -8.301078073595e+01  -2.240892913239e+00
 -6.085175396583e-01   -7.016185258795e-02  -8.481905983926e+01  -2.240892913239e+00
 -6.089764809176e-01   -5.723665731731e-03  -7.948301793795e+01  -2.240892913239e+00
 -6.093060259492e-01   -7.115298509795e-02  -8.482268867403e+01  -3.699015302287e+00
 -4.172564460471e-01   -2.266129120215e-02  -8.300750627030e+01  -3.699015302287e+00
 -3.723111455220e-01   -5.650785779887e-02  -8.936393759627e+01  -3.699015302287e+00
 -5.312258589131e-01   -5.071182402306e-03  -7.947808063699e+01   1.382011043528e+01
 -5.146362282846e-01   -7.386771900760e-02  -8.537458151778e+01   1.382011043528e+01
 -2.882944636585e-01   -2.388119306132e-03  -7.952781038471e+01   1.382011043528e+01
 -2.766326697769e-01   -4.593912196914e-02  -8.583518626931e+01   1.331344456272e+01
 -5.143822126986e-01   -7.430793474925e-02  -8.531735411818e+01   1.331344456272e+01
 -4.680622002056e-01   -1.294153605631e-01  -9.090075524880e+01   1.331344456272e+01
 -3.333317881995e-03    9.634846735182e-04  -7.953775067627e+01   2.274190184919e+01
 -2.858319920969e-01   -3.047228372478e-03  -7.946781693230e+01   2.274190184919e+01
 -2.753346558904e-01   -4.488417944351e-02  -8.584630648986e+01   2.274190184919e+01
 -4.175114800096e-01   -2.319393619750e-02  -8.302157775859e+01  -9.359785420742e+00
 -4.181282497185e-01    1.886194498124e-02  -7.584800135594e+01  -9.359785420742e+00
 -4.266322379883e-03    3.447210861101e-04  -7.844122707879e+01  -9.359785420742e+00
 -3.382394922693e-03   -9.527977836329e-04  -7.941696855303e+01   2.262560131918e+01
 -2.734904926001e-01    3.874429760948e-02  -7.316961001568e+01   2.262560131918e+01
 -2.858031926060e-01   -2.054733768166e-03  -7.950442516447e+01   2.262560131918e+01
 -1.446435479180e-01   -4.808298414838e-02  -1.035371407823e+02   1.694744024392e+00
 -2.618710713285e-01   -7.045523496908e-03  -1.036549217014e+02   1.694744024392e+00
 -1.350547511843e-01   -3.655661321377e-03  -1.044203806252e+02   1.694744024392e+00
 -2.618622006793e-01   -6.082522800023e-03  -1.036561856433e+02  -1.226143645721e+00
 -1.419649219462e-01    4.020574106570e-02  -1.035774726051e+02  -1.226143645721e+00
 -1.350328931664e-01   -3.922924699221e-03  -1.044193952891e+02  -1.226143645721e+00
 -1.701243947020e-03    5.690270191463e-04  -7.846829387790e+01  -1.044496128042e+01
 -9.339492983858e-04   -6.042733268907e-04  -8.949183835158e+01  -1.044496128042e+01
 -4.198733439371e-01   -2.354570879799e-02  -8.301186569772e+01  -1.044496128042e+01
 -2.540265121417e-01   -3.637862000787e-02  -6.387949157588e+01   8.475282484770e+00
 -2.118761554979e-03    1.549840098003e-05  -6.750372609733e+01   8.475282484770e+00
  3.986103714991e-04    1.185989131675e-05  -6.353879895079e+01   8.475282484770e+00
 -6.064169135689e-01   -1.274167395709e-03  -5.310091469941e+01   1.286205962725e+00
 -5.160733296303e-01   -1.008922079251e-02  -5.294161479039e+01   1.286205962725e+00
 -6.457857927106e-01   -6.402914606841e-03  -4.807012565183e+01   1.286205962725e+00
 -5.629197526080e-01   -5.484018836243e-02  -7.419790387546e+01  -4.701054656672e+00
 -4.905714392082e-01   -6.077125043568e-02  -7.396925829074e+01  -4.701054656672e+00
 -5.093612689111e-01    1.608424214396e-03  -7.971670314024e+01  -4.701054656672e+00
 -5.617238207707e-01   -5.459427516966e-02  -7.422838224848e+01   4.841814243703e+00
 -3.294056315402e-01   -1.565168753892e-02  -7.592524825691e+01   4.841814243703e+00
 -3.017401442166e-01   -3.662593300622e-02  -6.915505544956e+01   4.841814243703e+00
 -2.627248525499e-01   -3.873174720575e-02  -7.349935500122e+01  -2.152495369505e+01
 -2.656151289257e-03   -1.514028372421e-03  -7.350063498306e+01  -2.152495369505e+01
 -2.815784019965e-01    7.796808704008e-04  -7.981684374036e+01  -2.152495369505e+01
 -2.819608837856e-01    1.736712301105e-03  -7.973947308139e+01  -1.278821441275e+01
 -4.916454913817e-01   -6.114491012462e-02  -7.389750950715e+01  -1.278821441275e+01
 -2.630047748296e-01   -3.935244756727e-02  -7.354460951769e+01  -1.278821441275e+01
 -2.642588912513e-01   -3.940604989268e-02  -7.349105717626e+01  -1.242438275362e+01
 -4.902709827054e-01   -6.133051057818e-02  -7.394501071479e+01  -1.242438275362e+01
 -4.449053254908e-01   -1.104045885582e-01  -6.840435397168e+01  -1.242438275362e+01
 -3.658873410949e-03    9.213130296618e-06  -7.338306493611e+01  -2.041585867755e+01
 -2.621336358084e-01   -3.948818507389e-02  -7.353751803983e+01  -2.041585867755e+01
 -2.376491796618e-01   -6.932754397542e-02  -6.758955614703e+01  -2.041585867755e+01
 -5.622766789571e-01   -5.412178054526e-02  -7.424966630187e+01  -3.347062802449e+00
 -5.504079306708e-01   -1.051756628409e-01  -6.914605728909e+01  -3.347062802449e+00
 -4.909391862523e-01   -6.150671718107e-02  -7.391641777910e+01  -3.347062802449e+00
 -8.040135638959e-04   -1.061201889329e-04  -9.407470592609e+01   8.275670333084e+00
 -3.006147422129e-01    4.220784797360e-02  -9.032193533387e+01   8.275670333084e+00
 -2.360967973921e-01    4.575091753709e-02  -9.490484081547e+01   8.275670333084e+00
 -3.109248559443e-01   -1.173342996802e-01  -5.984220034835e+01  -4.762817746066e+00
 -3.779798032210e-01   -1.319313015548e-01  -6.363239966341e+01  -4.762817746066e+00
 -4.426983551034e-01   -1.387593988052e-01  -6.105014655572e+01  -4.762817746066e+00
 -5.516734825751e-01   -1.051198787859e-01  -6.918242373495e+01  -5.213906177998e+00
 -4.455450596636e-01   -1.102442323270e-01  -6.848652710516e+01  -5.213906177998e+00
 -4.895570103252e-01   -6.180590355038e-02  -7.388264150802e+01  -5.213906177998e+00
 -2.379749146237e-01   -7.003179718134e-02  -6.761092344270e+01  -1.099079776755e+01
 -4.446305581501e-01   -1.105914126545e-01  -6.845908801032e+01  -1.099079776755e+01
 -3.788756957482e-01   -1.318456589312e-01  -6.362676237909e+01  -1.099079776755e+01
 -2.369388551030e-01   -6.984109480918e-02  -6.765410270302e+01  -1.186450870435e+01
 -2.629059127734e-01   -3.929045681436e-02  -7.347898971519e+01  -1.186450870435e+01
 -4.460236257055e-01   -1.106541942058e-01  -6.841583447419e+01  -1.186450870435e+01
 -5.075785573136e-01   -1.408531389964e-01  -6.476592480664e+01  -5.335954510415e+00
 -3.794951195757e-01   -1.317910718701e-01  -6.369743123898e+01  -5.335954510415e+00
 -4.439848802997e-01   -1.107864837702e-01  -6.840931358804e+01  -5.335954510415e+00
 -1.899690616634e-03    3.683472988514e-04  -7.336927994164e+01  -1.793842377512e+01
 -2.391746296533e-01   -6.975265383862e-02  -6.759343763322e+01  -1.793842377512e+01
 -2.437497670530e-04   -5.905083483396e-04  -6.764756501225e+01  -1.793842377512e+01
 -5.513845665217e-01   -1.045649832351e-01  -6.922657817643e+01  -3.749064017948e+00
 -5.062296155665e-01   -1.407643397942e-01  -6.473029489988e+01  -3.749064017948e+00
 -4.455373498368e-01   -1.106948226652e-01  -6.844343144973e+01  -3.749064017948e+00
 -5.596903783428e-01   -5.513124447406e-02  -7.420940491201e+01   2.811274694439e+00
 -3.046015273369e-01   -3.629522554698e-02  -6.918752276611e+01   2.811274694439e+00
 -5.532135633505e-01   -1.037207280714e-01  -6.923690204168e+01   2.811274694439e+00
 -7.467014866758e-04    1.330370605341e-04  -8.482271851320e+01   1.086430041770e+01
 -1.384125726157e-03   -3.831830358370e-04  -7.856702912026e+01   1.086430041770e+01
 -3.272504200036e-01    1.672469511273e-02  -8.357081576002e+01   1.086430041770e+01
 -1.971147100464e-01   -7.860394262928e-02  -6.271260655906e+01  -1.047227639015e+01
 -2.368615225491e-01   -6.988240930490e-02  -6.759779409540e+01  -1.047227639015e+01
 -3.798106215771e-01   -1.320737004246e-01  -6.363792574961e+01  -1.047227639015e+01
 -2.376728780118e-01   -7.066468039367e-02  -6.765514815487e+01  -1.671641060701e+01
  1.252849709345e-04   -8.293410059769e-04  -6.249235817142e+01  -1.671641060701e+01
 -1.067240599220e-03   -7.296662770430e-05  -6.758643574258e+01  -1.671641060701e+01
 -1.153872732834e-03   -1.475826341251e-03  -6.249107515776e+01  -1.658750252974e+01
 -2.362488542958e-01   -7.022372854268e-02  -6.765204052326e+01  -1.658750252974e+01
 -1.972428781052e-01   -7.830458781855e-02  -6.267827497937e+01  -1.658750252974e+01
 -1.900956124837e-01    3.390225951389e-02  -9.746724859008e+01   6.328706375906e+00
  4.127545890832e-05    2.886520707041e-05  -9.773701639156e+01   6.328706375906e+00
 -6.221900898187e-04    5.852634174712e-05  -9.665254380916e+01   6.328706375906e+00
 -1.631260481247e-01   -7.042532074277e-02  -5.875200146703e+01  -1.126265521633e+01
  1.037901467256e-04   -1.064739837878e-04  -5.872753496694e+01  -1.126265521633e+01
 -1.575592571197e-03   -8.286498237978e-04  -6.238855227768e+01  -1.126265521633e+01
 -1.616582215222e-01   -6.956486831839e-02  -5.878731986806e+01  -9.067473475948e+00
  3.935486942468e-04    3.710838440053e-04  -5.609183118887e+01  -9.067473475948e+00
 -6.977706085519e-04   -5.633385120705e-04  -5.869218727378e+01  -9.067473475948e+00
 -2.096653603583e-01   -2.755776171923e-02  -6.048307584629e+01   6.980355247656e+00
 -4.939544095645e-04   -1.172773599361e-04  -6.068642899733e+01   6.980355247656e+00
  1.416857818684e-04    2.986013043894e-04  -5.731261876107e+01   6.980355247656e+00
 -1.621223599449e-01   -6.993026330836e-02  -5.874718828164e+01  -1.398560587408e+01
 -2.751729891565e-03   -1.465577000823e-03  -6.240322094035e+01  -1.398560587408e+01
 -1.963420938117e-01   -7.829716986308e-02  -6.270735654482e+01  -1.398560587408e+01
 -3.699024952756e-01    3.016617576165e-02  -5.734274480471e+01  -5.505972837631e+00
 -3.655093492045e-01    1.384911779721e-02  -5.504952197706e+01  -5.505972837631e+00
 -3.286716347352e-03    1.554055700997e-04  -5.736276832565e+01  -5.505972837631e+00
 -1.349696618320e-01   -3.852482567986e-02  -5.651319933413e+01  -5.012128614074e+00
 -1.611417721096e-01   -6.979650517542e-02  -5.875938098455e+01  -5.012128614074e+00
 -2.610323352772e-01   -6.839058304356e-02  -5.734363165175e+01  -5.012128614074e+00
 -3.113671732550e-01   -1.177335795004e-01  -5.979296663486e+01  -8.078854956471e+00
 -1.613422454240e-01   -6.952044398960e-02  -5.879912168571e+01  -8.078854956471e+00
 -1.969590534684e-01   -7.873205985584e-02  -6.266297246671e+01  -8.078854956471e+00
 -3.683806245388e-04   -1.204282088333e-03  -5.604850694143e+01  -1.275562347999e+00
 -1.274352451554e-01   -4.588899706230e-04  -5.566241389480e+01  -1.275562347999e+00
 -2.299774212557e-04    5.023899868263e-04  -5.536728301444e+01  -1.275562347999e+00
 -1.006715246058e-03   -1.484226710085e-03  -5.606077393802e+01  -3.736021832480e+00
 -1.346619790498e-01   -3.801316845728e-02  -5.650558927308e+01  -3.736021832480e+00
 -1.267955681726e-01   -3.321488908216e-04  -5.565516286216e+01  -3.736021832480e+00
 -2.446687532782e-01    1.091703009786e-03  -5.646714212833e+01  -1.299678593593e+00
 -1.268447005089e-01    5.856798502132e-04  -5.568379437616e+01  -1.299678593593e+00
 -1.345640935810e-01   -3.876045376041e-02  -5.648419020631e+01  -1.299678593593e+00
 -3.816820319063e-04   -6.999519935459e-04  -5.535266289495e+01   1.876238533949e+00
 -1.271619017579e-01    8.047722330958e-04  -5.567945077208e+01   1.876238533949e+00
 -1.367120638413e-01    4.021579135256e-02  -5.628882306832e+01   1.876238533949e+00
 -2.602958159860e-01   -6.831805223499e-02  -5.733359937084e+01  -5.753618046470e+00
 -1.619831786310e-01   -6.993864424376e-02  -5.877311697934e+01  -5.753618046470e+00
 -3.103007759124e-01   -1.171940717983e-01  -5.982029480349e+01  -5.753618046470e+00
 -1.351341636137e-01   -3.883133055630e-02  -5.649664283058e+01  -7.320233543544e+00
 -3.023287075332e-04    4.577724830027e-06  -5.609736848101e+01  -7.320233543544e+00
 -1.607259123050e-01   -6.919450934708e-02  -5.878169956545e+01  -7.320233543544e+00
 -1.980363243472e-01   -7.898820342887e-02  -6.267423969571e+01  -8.924607110873e+00
 -3.785512899504e-01   -1.317874456176e-01  -6.367282555467e+01  -8.924607110873e+00
 -3.104945158084e-01   -1.175369257999e-01  -5.978279972934e+01  -8.924607110873e+00
 -4.206217367039e-01    1.974720789865e-02  -7.585628311402e+01  -1.046457142233e+01
 -9.332097371994e-04    6.342348134139e-04  -6.765926226366e+01  -1.046457142233e+01
 -1.569304792005e-03   -4.143739201098e-04  -7.841016782035e+01  -1.046457142233e+01
 -5.524154418457e-01   -1.040881021205e-01  -6.922424991898e+01   3.901528031229e+00
 -3.050695398756e-01   -3.573758806083e-02  -6.918632434601e+01   3.901528031229e+00
 -4.485516690003e-01   -8.897293422864e-02  -6.538632812945e+01   3.901528031229e+00
 -3.709802415005e-01    3.082844033844e-02  -5.735048686089e+01  -5.685001721850e+00
 -1.933252555192e-03   -7.971315690901e-04  -5.738285292577e+01  -5.685001721850e+00
 -2.775936687478e-01    3.791020328139e-02  -6.085178466810e+01  -5.685001721850e+00
 -2.513250696171e-01   -3.663825912974e-02  -6.387828968632e+01   5.037004509478e+00
 -2.099527241224e-01   -2.795295105291e-02  -6.048584417312e+01   5.037004509478e+00
 -4.061848182798e-01   -7.688166283246e-02  -6.249904333774e+01   5.037004509478e+00
 -2.526489122454e-01   -3.651769009111e-02  -6.387356740417e+01   9.446354483217e+00
 -2.992302368213e-01   -3.588066229031e-02  -6.914191198728e+01   9.446354483217e+00
 -3.748352945962e-03    8.350529102804e-05  -6.751237226080e+01   9.446354483217e+00
 -4.500587984886e-01   -8.900691792496e-02  -6.542364341150e+01   2.223192159336e+00
 -4.053550117798e-01   -7.698227217209e-02  -6.249180904609e+01   2.223192159336e+00
 -4.797937404042e-01   -1.189859582765e-01  -6.198947161563e+01   2.223192159336e+00
 -4.054775779987e-01   -7.706973187907e-02  -6.248610420683e+01   5.325638290656e+00
 -4.498789029925e-01   -8.856022671488e-02  -6.542594834761e+01   5.325638290656e+00
 -2.522628260352e-01   -3.649711315928e-02  -6.389848355730e+01   5.325638290656e+00
 -4.186932417173e-01   -7.328041565269e-02  -6.032346894920e+01   2.673055030124e+00
 -4.797229651920e-01   -1.185756666144e-01  -6.199875524667e+01   2.673055030124e+00
 -4.053493412562e-01   -7.715118362539e-02  -6.248573540899e+01   2.673055030124e+00
 -4.517191149573e-01   -8.900020056653e-02  -6.545027023082e+01   1.471161590096e+00
 -4.784226652390e-01   -1.190949617020e-01  -6.196127956034e+01   1.471161590096e+00
 -5.076289240386e-01   -1.400222825077e-01  -6.480171181602e+01   1.471161590096e+00
 -4.048497347567e-01   -7.684091932822e-02  -6.248924253330e+01   4.862291189763e+00
 -2.115401110074e-01   -2.807448601319e-02  -6.050367330552e+01   4.862291189763e+00
 -4.195658189848e-01   -7.323624693934e-02  -6.033019029404e+01   4.862291189763e+00
 -2.512962591958e-01   -3.657397840995e-02  -6.388424146728e+01   5.120617196087e+00
 -4.508773443973e-01   -8.854757435747e-02  -6.542702058019e+01   5.120617196087e+00
 -3.009532931503e-01   -3.596582405119e-02  -6.913814454560e+01   5.120617196087e+00
 -3.233753767870e-01   -2.344577590341e-02  -5.717616606620e+01   5.717947379245e+00
 -2.093693047851e-01   -2.790790940706e-02  -6.048227117625e+01   5.717947379245e+00
 -5.949490734651e-04    6.052094309765e-04  -5.732478800321e+01   5.717947379245e+00
 -3.018813053832e-01   -1.135657204704e-02  -5.344632127086e+01   5.019751403746e+00
 -3.160845887200e-01   -1.154037235013e-02  -5.519682110357e+01   5.019751403746e+00
 -8.595871764358e-04    2.830742864445e-04  -5.311493212708e+01   5.019751403746e+00
 -5.157325832599e-01   -1.032986760539e-02  -5.296630429864e+01   3.059873843024e+00
 -3.169776737934e-01   -1.191476320219e-02  -5.521399002404e+01   3.059873843024e+00
 -3.018897088764e-01   -1.157890680803e-02  -5.344771198064e+01   3.059873843024e+00
 -3.219734797062e-01   -2.241687449365e-02  -5.718883105276e+01   3.607468982478e+00
 -4.601262397706e-01   -3.604799652300e-02  -5.721667786572e+01   3.607468982478e+00
 -4.179936919784e-01   -7.313521322372e-02  -6.030456836970e+01   3.607468982478e+00
 -5.938785404210e-01    2.705820804243e-03  -1.704308468303e+01   3.828446027900e+00
 -1.460023639292e-02    4.322403529978e-04  -1.272259191395e+01   3.828446027900e+00
 -7.130618482442e-01   -4.539196770585e-03  -1.303214623728e+01   3.828446027900e+00
 -4.835310231829e-01   -9.118287378455e-02  -5.933489955678e+01   2.376968840286e+00
 -4.786422386980e-01   -1.184878123714e-01  -6.198825203566e+01   2.376968840286e+00
 -4.196445229880e-01   -7.355092196151e-02  -6.033726512312e+01   2.376968840286e+00
 -5.474446899228e-01    3.713602950562e-03  -5.320606277293e+01  -2.984343435245e+00
 -3.665825487190e-01    1.392281861304e-02  -5.508229959964e+01  -2.984343435245e+00
 -4.967931413551e-01    4.088934612393e-02  -5.716476423074e+01  -2.984343435245e+00
 -3.213240304769e-01   -2.288023517983e-02  -5.716088117121e+01   4.753436652042e+00
 -4.193922489996e-01   -7.276555844770e-02  -6.032487316745e+01   4.753436652042e+00
 -2.113917256308e-01   -2.853832715139e-02  -6.049028250805e+01   4.753436652042e+00
 -2.125410242989e-04    1.700857898095e-04  -5.311613063798e+01   5.267698500315e+00
 -3.167644136928e-01   -1.148396631151e-02  -5.519374934951e+01   5.267698500315e+00
 -7.997083741450e-04    7.092357297929e-05  -5.487706526030e+01   5.267698500315e+00
 -5.424643173296e-03   -4.774018554062e-04  -4.970842122822e+01   4.051927613947e+00
 -6.534929742897e-01   -7.028114267807e-03  -4.813599051638e+01   4.051927613947e+00
 -3.013721931530e-01   -1.168306350003e-02  -5.347537439896e+01   4.051927613947e+00
 -3.878675239732e-01   -8.801726524538e-02  -5.855392261029e+01  -2.360290284484e+00
 -3.108401511458e-01   -1.172683257741e-01  -5.981458883316e+01  -2.360290284484e+00
 -4.424890262820e-01   -1.385646747172e-01  -6.107719244484e+01  -2.360290284484e+00
 -5.056983759242e-01   -1.403257085618e-01  -6.476812553896e+01  -1.129285183344e+00
 -4.797246557117e-01   -1.190141982798e-01  -6.199957727745e+01  -1.129285183344e+00
 -4.430247852541e-01   -1.386264332000e-01  -6.108270019043e+01  -1.129285183344e+00
 -2.441489127900e-01    1.404953340453e-03  -5.649038788525e+01  -1.178704016050e+00
 -2.599486067108e-01   -6.784650627739e-02  -5.734308051441e+01  -1.178704016050e+00
 -3.651305140013e-01    3.060198367278e-03  -5.754632731084e+01  -1.178704016050e+00
 -2.607338993621e-01   -6.811261373028e-02  -5.737422987324e+01  -3.404825161072e+00
 -3.097275866195e-01   -1.172430527933e-01  -5.979217127869e+01  -3.404825161072e+00
 -3.886997181143e-01   -8.794187873008e-02  -5.857334207012e+01  -3.404825161072e+00
 -3.642000363549e-01    2.955012763539e-03  -5.752837352033e+01  -8.334187959374e-01
 -2.608635557374e-01   -6.788158680204e-02  -5.736051495165e+01  -8.334187959374e-01
 -3.884053320347e-01   -8.781416185782e-02  -5.858814236253e+01  -8.334187959374e-01
 -2.603379229755e-01   -6.779516800526e-02  -5.735994053695e+01  -2.145297821010e+00
 -2.438715245250e-01    1.121743522347e-03  -5.645975896151e+01  -2.145297821010e+00
 -1.353355531292e-01   -3.891715882824e-02  -5.649421672175e+01  -2.145297821010e+00
 -4.410769791644e-01   -1.379771086596e-01  -6.104815243659e+01  -7.897931606402e-01
 -4.843668536066e-01   -9.125673662260e-02  -5.936575190774e+01  -7.897931606402e-01
 -3.898962716734e-01   -8.850396618937e-02  -5.862085193378e+01  -7.897931606402e-01
 -4.414761554284e-01   -1.387353054852e-01  -6.101871762772e+01  -3.493365847154e+00
 -3.794360701438e-01   -1.319381868575e-01  -6.366251310722e+01  -3.493365847154e+00
 -5.074095641621e-01   -1.406131086352e-01  -6.480173664701e+01  -3.493365847154e+00
 -4.826401787617e-01   -9.003600709588e-02  -5.933432075885e+01   2.280599100447e+00
 -4.614377587542e-01   -3.579768999023e-02  -5.723567680733e+01   2.280599100447e+00
 -5.292570922199e-01   -2.742304301739e-02  -5.690467531836e+01   2.280599100447e+00
 -4.428623891479e-01   -1.381616046361e-01  -6.107903743592e+01   1.577775372765e-01
 -4.796063375664e-01   -1.191613341289e-01  -6.199635855780e+01   1.577775372765e-01
 -4.824798102057e-01   -9.083545700471e-02  -5.931894023942e+01   1.577775372765e-01
 -4.785603968293e-01    4.841300485806e-02  -5.816979712372e+01   2.174017141314e-01
 -3.658968502102e-01    3.113143047385e-03  -5.757856305694e+01   2.174017141314e-01
 -4.697794492256e-01   -3.925731458287e-02  -5.818148429603e+01   2.174017141314e-01
 -3.649712949010e-01    2.368474764101e-03  -5.756118306413e+01  -3.706159335738e-01
 -3.880264878477e-01   -8.721711850654e-02  -5.858356679282e+01  -3.706159335738e-01
 -4.704518862811e-01   -3.896164059575e-02  -5.819926331568e+01  -3.706159335738e-01
 -5.302262095088e-01   -2.753322717581e-02  -5.692118765566e+01   2.993881975714e-01
 -4.715247974225e-01   -3.970266962117e-02  -5.820931627026e+01   2.993881975714e-01
 -4.816723438329e-01   -9.051198172581e-02  -5.932166672748e+01   2.993881975714e-01
 -5.311996794846e-01   -2.847011486928e-02  -5.691532033100e+01   8.918243337733e-01
 -5.552786371800e-01    5.724821891153e-03  -5.679930233899e+01   8.918243337733e-01
 -4.710110654350e-01   -3.837977266750e-02  -5.821330328914e+01   8.918243337733e-01
 -5.981786421535e-01   -4.875180853955e-03  -5.514054601017e+01   6.414087239612e-01
 -5.556054561046e-01    4.869248809669e-03  -5.680144203143e+01   6.414087239612e-01
 -5.303207299375e-01   -2.756672717497e-02  -5.689858214843e+01   6.414087239612e-01
 -4.692787433675e-01   -3.874957370168e-02  -5.816233937094e+01   5.777956025448e-01
 -3.899563756289e-01   -8.771080934796e-02  -5.862043166222e+01   5.777956025448e-01
 -4.842220580693e-01   -9.180155798649e-02  -5.936017122744e+01   5.777956025448e-01
 -4.185342930628e-01   -7.395404807841e-02  -6.030565565089e+01   2.044854594216e+00
 -4.599409452746e-01   -3.561676549541e-02  -5.720953481563e+01   2.044854594216e+00
 -4.845500045264e-01   -9.065836144908e-02  -5.935333622330e+01   2.044854594216e+00
 -2.441127859901e-01    1.672445075781e-03  -5.648884331029e+01   1.507102709495e+00
 -3.651712289012e-01    3.107220894554e-03  -5.754824859628e+01   1.507102709495e+00
 -2.648145323073e-01    7.189289774567e-02  -5.725917573139e+01   1.507102709495e+00
 -6.534440117129e-01   -1.426842030249e-03  -2.029347416921e+01  -3.349291563210e+00
 -1.903169167371e-02   -7.605338432952e-04  -2.066368907990e+01  -3.349291563210e+00
 -6.576887940260e-01   -1.655607026666e-03  -2.566755628235e+01  -3.349291563210e+00
 -4.509707516592e-01   -8.894316727340e-02  -6.544069878772e+01   2.661968701265e-01
 -5.082793758932e-01   -1.401502509701e-01  -6.481440022824e+01   2.661968701265e-01
 -5.492523865538e-01   -1.045283646656e-01  -6.918545209037e+01   2.661968701265e-01
 -4.712107537984e-01   -4.595696690647e-03   6.989286056088e-03  -4.589363900825e+00
 -6.587626207730e-04    6.286532831854e-05  -1.194272219281e-02  -4.589363900825e+00
 -2.456457925361e-03   -1.105857758693e-04  -3.455996575472e+00  -4.589363900825e+00
 -1.269834159480e-01    3.599183844084e-04  -5.568828261717e+01   1.540798485208e+00
 -2.446304381366e-01    1.900242753297e-03  -5.646862216579e+01   1.540798485208e+00
 -1.368350983655e-01    4.113887511968e-02  -5.628739981005e+01   1.540798485208e+00
 -2.077809490258e-01    8.300183910484e-02  -6.237667420919e+01   1.558483538760e+01
 -1.580373832237e-03    1.494002355213e-04  -6.726659333007e+01   1.558483538760e+01
 -1.310864341674e-04    4.478657119042e-04  -6.240874967609e+01   1.558483538760e+01
 -3.034079998816e-01   -1.195516142328e-02  -5.347140184380e+01   3.030179973262e+00
 -6.489926373169e-01   -6.737498645401e-03  -4.810871171808e+01   3.030179973262e+00
 -5.144032088659e-01   -1.021447901636e-02  -5.293147193801e+01   3.030179973262e+00
 -1.442125691096e-03   -4.366821153294e-04  -7.310915880416e+01   1.834072729343e+01
 -7.268305915917e-04    7.802747555903e-04  -6.736479681951e+01   1.834072729343e+01
 -2.460350207165e-01    6.983039330460e-02  -6.735380205917e+01   1.834072729343e+01
  2.346087988615e-04    2.329249548729e-04  -6.069037351273e+01   8.378167588954e+00
 -2.517532130943e-01   -3.616815148751e-02  -6.387695502336e+01   8.378167588954e+00
 -6.298598597562e-04   -8.540775211448e-05  -6.354127546534e+01   8.378167588954e+00
 -2.066212060645e-01    8.250752877905e-02  -6.237161904826e+01   1.861799586067e+01
 -2.440724030227e-01    7.020099831374e-02  -6.740861271019e+01   1.861799586067e+01
 -2.759995666017e-03    6.266195971471e-04  -6.728349499683e+01   1.861799586067e+01
 -2.782018088904e-03   -1.187261708878e-04  -7.312523665843e+01   2.127648919881e+01
 -2.448131224827e-01    6.951085703069e-02  -6.734811105451e+01   2.127648919882e+01
 -2.732320946266e-01    3.986695059464e-02  -7.322822386551e+01   2.127648919881e+01
 -1.019944955057e-03    3.850047990541e-04  -6.235791980580e+01   1.379157408034e+01
  4.744005585273e-04    2.526093346270e-04  -5.843045173761e+01   1.379157408034e+01
 -2.060395834052e-01    8.305827720961e-02  -6.242872779121e+01   1.379157408034e+01
 -6.424978556770e-01    1.428725557452e-02  -3.620762774681e+01   7.024172662459e-01
 -5.561005366493e-01    1.396863599745e-02  -3.656363754356e+01   7.024172662459e-01
 -5.027219296876e-01    8.591669906974e-03  -3.239063512342e+01   7.024172662459e-01
 -1.376390892160e-01    4.161026699851e-02  -5.627908304715e+01   9.544134897083e+00
 -1.644947633185e-01    6.918142577279e-02  -5.874647163587e+01   9.544134897083e+00
 -1.962123912089e-03    1.706090370899e-03  -5.837245451544e+01   9.544134897083e+00
 -4.393603727689e-04    5.651755652039e-04  -5.621984253958e+01   4.152925202642e+00
  1.689022012922e-04   -8.306703578063e-04  -5.534087102889e+01   4.152925202642e+00
 -1.374868201705e-01    4.041870026813e-02  -5.629625740280e+01   4.152925202642e+00
 -2.055975033969e-01    8.275754221726e-02  -6.238703065357e+01   8.540333814024e+00
 -1.650517124529e-01    6.963756484866e-02  -5.875294610335e+01   8.540333814024e+00
 -3.211530218063e-01    1.220482225420e-01  -5.971049950042e+01   8.540333814024e+00
 -2.048608771821e-01    8.259649609535e-02  -6.242473476646e+01   1.283922874656e+01
 -4.953460551637e-04    8.321355299636e-04  -5.843304294522e+01   1.283922874656e+01
 -1.653384348758e-01    6.965631975318e-02  -5.872785728654e+01   1.283922874656e+01
 -2.651829201678e-01    7.244012685431e-02  -5.724585586713e+01   6.257427816070e+00
 -3.201072925442e-01    1.215643188732e-01  -5.973582307815e+01   6.257427816070e+00
 -1.657347333601e-01    7.007598753253e-02  -5.872354353804e+01   6.257427816070e+00
 -2.445532960537e-01    7.024378500898e-02  -6.735765685552e+01   1.090307386316e+01
 -2.057822646270e-01    8.260626082473e-02  -6.243345667636e+01   1.090307386316e+01
 -3.950174909511e-01    1.375669995571e-01  -6.347544797248e+01   1.090307386316e+01
 -1.648405503705e-01    6.984506427931e-02  -5.871341102052e+01   5.293895644921e+00
 -1.371337428120e-01    4.084236911800e-02  -5.631866106864e+01   5.293895644921e+00
 -2.659435001290e-01    7.256037128795e-02  -5.725479670025e+01   5.293895644921e+00
 -1.089911861438e-03    1.182424781748e-03  -5.835927893909e+01   6.684624493527e+00
  7.564316983815e-05   -2.347471335337e-04  -5.623524503723e+01   6.684624493527e+00
 -1.384321890596e-01    4.194101305637e-02  -5.628317036123e+01   6.684624493527e+00
 -3.299131985466e-01    4.881378911889e-02  -6.431278440617e+01  -9.001699949007e+00
 -4.588057984843e-03   -1.522650427831e-04  -6.767777007903e+01  -9.001699949007e+00
 -3.807331833948e-01    4.520069184589e-02  -6.938513653660e+01  -9.001699949007e+00
 -3.937108876829e-01    1.372594839146e-01  -6.351009995983e+01   9.293922340262e+00
 -2.066447828545e-01    8.293517189965e-02  -6.240010224710e+01   9.293922340262e+00
 -3.202803515344e-01    1.218851415750e-01  -5.970004764113e+01   9.293922340262e+00
 -5.129946869169e-01    6.269809914792e-02  -7.363525079525e+01   1.371995155182e+01
 -5.312206128077e-01   -4.539150638173e-03  -7.949895712323e+01   1.371995155182e+01
 -2.882767356902e-01   -2.738580197873e-03  -7.944503148356e+01   1.371995155182e+01
 -5.127587734262e-01    6.310808754090e-02  -7.369229829079e+01   1.308793721766e+01
 -2.746847872423e-01    3.971464253891e-02  -7.318341218715e+01   1.308793721766e+01
 -4.641689473261e-01    1.145264347435e-01  -6.821590225334e+01   1.308793721766e+01
 -5.340386485419e-01   -4.166880849622e-03  -7.944176463738e+01   3.999599872589e+00
 -6.105221685983e-01    5.913685841565e-02  -7.404065191069e+01   3.999599872589e+00
 -6.088032915984e-01   -5.352994703919e-03  -7.948823545289e+01   3.999599872589e+00
 -4.195086746495e-01    1.909085386778e-02  -7.586122978561e+01  -2.294234419567e+00
 -6.089002197908e-01   -4.285298648057e-03  -7.945423416218e+01  -2.294234419567e+00
 -6.101450214804e-01    5.783146235312e-02  -7.410851476439e+01  -2.294234419567e+00
 -6.102705526292e-01   -5.015262975278e-03  -7.946874472291e+01  -3.790944344598e+00
 -4.180937614696e-01    1.976361864148e-02  -7.584489871342e+01  -3.790944344598e+00
 -4.169918773268e-01   -2.426130097796e-02  -8.302760063016e+01  -3.790944344598e+00
 -5.341066207987e-01   -5.506519394279e-03  -7.953579314192e+01   4.078710247946e+00
 -6.087723042828e-01   -4.677258421155e-03  -7.944471960805e+01   4.078710247946e+00
 -6.090420132466e-01   -7.144816263884e-02  -8.488847697299e+01   4.078710247946e+00
 -6.120478249956e-01    5.891885834375e-02  -7.407078379794e+01   5.521394961030e+00
 -5.323127771831e-01   -3.796334283678e-03  -7.941819389228e+01   5.521394961030e+00
 -5.130325906563e-01    6.254149962759e-02  -7.371916343286e+01   5.521394961030e+00
 -2.866287299868e-01   -2.660834038030e-03  -7.943951934860e+01   1.334658810885e+01
 -2.732823037850e-01    3.974276801279e-02  -7.323558912922e+01   1.334658810885e+01
 -5.143122414473e-01    6.285030475929e-02  -7.364339841762e+01   1.334658810885e+01
 -5.920512294558e-01    1.130395180453e-01  -6.918860621411e+01   4.429842288741e+00
 -4.647963306576e-01    1.148731451317e-01  -6.825347611869e+01   4.429842288741e+00
 -5.369442130086e-01    1.508143280804e-01  -6.471304165259e+01   4.429842288741e+00
 -4.652415796559e-01    1.147908565543e-01  -6.822715142213e+01   1.250400972591e+01
 -2.734835589615e-01    3.958098263969e-02  -7.317178291217e+01   1.250400972591e+01
 -2.444658425447e-01    7.019883363926e-02  -6.741258553954e+01   1.250400972591e+01
 -6.089389828337e-01    5.927825242259e-02  -7.408486600830e+01  -1.939725376145e+00
 -5.937545316209e-01    1.122096378653e-01  -6.919855364419e+01  -1.939725376145e+00
 -3.861729655848e-01    4.586295662047e-02  -6.942091655696e+01  -1.939725376145e+00
 -6.113725754869e-01    5.823044164934e-02  -7.412452607837e+01   4.165027286069e+00
 -5.134307421226e-01    6.325750381739e-02  -7.366568544110e+01   4.165027286069e+00
 -5.911279532003e-01    1.136464206745e-01  -6.910835276186e+01   4.165027286069e+00
 -3.946096736431e-01    1.372198788688e-01  -6.353722563227e+01   5.903742793639e+00
 -5.382914530285e-01    1.508917190171e-01  -6.474840450509e+01   5.903742793639e+00
 -4.632401427627e-01    1.149656645265e-01  -6.821951682297e+01   5.903742793639e+00
 -6.108257210023e-01    5.871410197290e-02  -7.410534850269e+01  -3.804815435060e+00
 -3.834488394656e-01    4.622075134061e-02  -6.938788734514e+01  -3.804815435060e+00
 -4.186699095996e-01    1.834716135048e-02  -7.586376412168e+01  -3.804815435060e+00
 -5.930682590706e-01    1.126012717319e-01  -6.918516646961e+01  -3.059970178129e+00
 -5.038622572093e-01    1.018111157916e-01  -6.557872766494e+01  -3.059970178129e+00
 -3.864762423065e-01    4.525889376600e-02  -6.942213997666e+01  -3.059970178129e+00
 -5.923802469535e-01    1.135869475782e-01  -6.914439623458e+01   5.911235068486e+00
 -5.120770514383e-01    6.355889783204e-02  -7.363158517449e+01   5.911235068486e+00
 -4.647705582600e-01    1.144179442165e-01  -6.829665678201e+01   5.911235068486e+00
 -2.456644955200e-01    7.043676635332e-02  -6.736909468910e+01   1.165875732655e+01
 -3.940965814877e-01    1.373352564586e-01  -6.346471256979e+01   1.165875732655e+01
 -4.638021325184e-01    1.147328232019e-01  -6.827005520098e+01   1.165875732655e+01
 -2.786509585406e-01    3.809332875334e-02  -6.085971526386e+01  -7.370442086289e+00
 -1.079388982533e-03   -3.459558115900e-04  -6.086619938493e+01  -7.370442086289e+00
 -3.292400958123e-01    4.866666258874e-02  -6.431956014955e+01  -7.370442086289e+00
 -4.630473536090e-01    1.478634464036e-01  -6.103359649431e+01   5.222421400894e+00
 -3.931370701546e-01    1.373609415901e-01  -6.347340978066e+01   5.222421400894e+00
 -3.207387841376e-01    1.217637355068e-01  -5.975453473410e+01   5.222421400894e+00
 -1.570196134760e-03   -9.655124712914e-04  -7.940470652164e+01   2.007645968761e+01
 -8.967490930198e-04    7.465137875196e-04  -7.321176645668e+01   2.007645968761e+01
 -2.749722687479e-01    3.885656743920e-02  -7.317257308725e+01   2.007645968761e+01
 -3.642315179352e-01    3.197916853145e-03  -5.752963654323e+01   1.237742876922e+00
 -3.983153913418e-01    9.521723355528e-02  -5.855342441925e+01   1.237742876922e+00
 -2.657349803282e-01    7.193655193012e-02  -5.727770408245e+01   1.237742876922e+00
 -1.375793764089e-01    4.125040785341e-02  -5.630129286609e+01   2.450790929148e+00
 -2.438490699229e-01    1.899128620930e-03  -5.646008181255e+01   2.450790929148e+00
 -2.651620411786e-01    7.188610839184e-02  -5.727362166435e+01   2.450790929148e+00
 -4.618213063792e-01    1.478416871440e-01  -6.100244594787e+01   4.030166970388e+00
 -5.380743085467e-01    1.506451767643e-01  -6.478349533880e+01   4.030166970388e+00
 -3.945835962275e-01    1.373630892119e-01  -6.350368768972e+01   4.030166970388e+00
 -3.206971483485e-01    1.217156331600e-01  -5.972754208672e+01   2.838113371374e+00
 -3.978213174059e-01    9.543095811402e-02  -5.852000528773e+01   2.838113371374e+00
 -4.628147957423e-01    1.476649960047e-01  -6.105935656723e+01   2.838113371374e+00
 -5.121294826504e-01    1.023493487971e-01  -5.942492507414e+01   1.180238725760e+00
 -4.614631840590e-01    1.471023435837e-01  -6.103198162062e+01   1.180238725760e+00
 -3.997866976510e-01    9.591687141271e-02  -5.858554948178e+01   1.180238725760e+00
 -4.633443627716e-01    1.477399799764e-01  -6.106449496165e+01   1.624907515814e+00
 -5.168759434318e-01    1.318373067846e-01  -6.211109357738e+01   1.624907515814e+00
 -5.363972876104e-01    1.503636760534e-01  -6.475129763734e+01   1.624907515814e+00
 -5.119389769807e-01    1.028268157365e-01  -5.941662249270e+01  -1.409343925622e-01
 -3.998927028571e-01    9.516094134598e-02  -5.858700524609e+01  -1.409343925622e-01
 -4.780982048631e-01    4.793641933149e-02  -5.815039103529e+01  -1.409343925622e-01
 -3.195809023351e-01    1.216645933146e-01  -5.970595563204e+01   3.776311059335e+00
 -2.655606026039e-01    7.216688591037e-02  -5.729007497978e+01   3.776311059335e+00
 -3.986576139316e-01    9.536975157571e-02  -5.853940583115e+01   3.776311059335e+00
 -3.694263963338e-01    3.042766972019e-02  -5.733644402337e+01  -3.027116231930e+00
 -4.981201736950e-01    4.146556064656e-02  -5.717918517591e+01  -3.027116231930e+00
 -3.653506563444e-01    1.359061449517e-02  -5.506467074543e+01  -3.027116231930e+00
 -6.586446766331e-01   -6.139661390858e-03  -4.813937365771e+01   3.978247508921e+00
 -3.757504462125e-03   -9.437672445634e-04  -4.964893897517e+01   3.978247508921e+00
 -6.395268448461e-03    7.383421860946e-04  -4.425319090810e+01   3.978247508921e+00
 -5.104313423841e-01    1.010415868519e-01  -5.939316385124e+01  -2.032237239839e+00
 -5.515317826630e-01    3.312443715625e-02  -5.702590450072e+01  -2.032237239839e+00
 -4.987110492851e-01    4.184050001390e-02  -5.719474575294e+01  -2.032237239839e+00
 -5.094363112069e-01    1.014077135504e-01  -5.937679770636e+01   3.320568820928e-02
 -4.802653515122e-01    4.902404452478e-02  -5.819532632167e+01   3.320568820928e-02
 -5.523563543401e-01    3.344551353381e-02  -5.704236017085e+01   3.320568820928e-02
 -5.531458011910e-01    3.295364048800e-02  -5.705066530595e+01   1.044342812784e-02
 -5.551871177038e-01    5.152727184770e-03  -5.680212101200e+01   1.044342812784e-02
 -5.988556142884e-01   -5.225644724961e-03  -5.514033853501e+01   1.044342812784e-02
 -5.167317026701e-01    1.319653760474e-01  -6.210727476465e+01   3.021003227635e-01
 -4.632335591223e-01    1.473090642841e-01  -6.106190162991e+01   3.021003227635e-01
 -5.102690078431e-01    1.019195575192e-01  -5.938005748985e+01   3.021003227635e-01
 -5.488648732598e-01    4.275045947501e-03  -5.322105182315e+01  -8.654663997625e-01
 -5.530366353924e-01    3.265190474924e-02  -5.706124348528e+01  -8.654663997625e-01
 -5.996034840715e-01   -4.939535964338e-03  -5.513775547546e+01  -8.654663997625e-01
 -5.532996211064e-01    3.446798679487e-02  -5.704284283063e+01  -4.382740901056e-01
 -4.798329697247e-01    4.763232269071e-02  -5.819632338915e+01  -4.382740901056e-01
 -5.552390389021e-01    4.013498592826e-03  -5.680419923749e+01  -4.382740901056e-01
 -3.979913456347e-01    9.461366172609e-02  -5.855009297987e+01   7.222887826750e-01
 -3.649357872157e-01    3.810599873684e-03  -5.756073740773e+01   7.222887826750e-01
 -4.792563300717e-01    4.816431513756e-02  -5.818814390217e+01   7.222887826750e-01
 -4.665285165237e-01    8.721515199182e-02  -6.053256628561e+01  -1.712700970412e+00
 -5.124212986199e-01    1.016694575245e-01  -5.941487429770e+01  -1.712700970412e+00
 -4.971938011405e-01    4.182647405707e-02  -5.717066928465e+01  -1.712700970412e+00
 -5.168967667080e-01    1.314347047557e-01  -6.211054684370e+01  -2.163775146808e+00
 -4.668125664243e-01    8.648500195386e-02  -6.054983811928e+01  -2.163775146808e+00
 -4.605030478258e-01    9.081738413887e-02  -6.275273499467e+01  -2.163775146808e+00
 -5.158237524347e-01    1.313288998873e-01  -6.210032735546e+01  -1.975051842462e+00
 -5.112919676633e-01    1.022119235310e-01  -5.939493654032e+01  -1.975051842462e+00
 -4.677354927507e-01    8.678024717509e-02  -6.056320138231e+01  -1.975051842462e+00
 -5.051592750196e-01    1.014333941605e-01  -6.561605189953e+01  -4.665295669162e+00
 -4.606233316576e-01    9.075577365434e-02  -6.275395284169e+01  -4.665295669162e+00
 -3.296939890049e-01    4.886524773053e-02  -6.433520564486e+01  -4.665295669162e+00
 -4.605593278719e-01    9.066922490970e-02  -6.275938122388e+01  -1.679700528494e+00
 -5.052682425443e-01    1.018630292894e-01  -6.561420178459e+01  -1.679700528494e+00
 -5.168857019542e-01    1.318269008984e-01  -6.210075946306e+01  -1.679700528494e+00
 -2.785870718103e-01    3.806408521754e-02  -6.086083072558e+01  -4.532205089580e+00
 -3.290787977987e-01    4.902039345392e-02  -6.431796013819e+01  -4.532205089580e+00
 -4.612545381903e-01    9.057108523089e-02  -6.276734325981e+01  -4.532205089580e+00
 -5.062010684253e-01    1.014187992137e-01  -6.561729836962e+01  -4.379223736361e+00
 -3.285241398001e-01    4.893822132793e-02  -6.432179298278e+01  -4.379223736361e+00
 -3.823435631789e-01    4.541620223336e-02  -6.937780889021e+01  -4.379223736361e+00
 -4.600775199321e-01    9.052111459939e-02  -6.275795859771e+01  -4.493139143826e+00
 -4.676771283486e-01    8.642639748441e-02  -6.055565615622e+01  -4.493139143826e+00
 -2.799201334789e-01    3.819381736521e-02  -6.087684137285e+01  -4.493139143826e+00
 -5.155403656109e-01    1.319332127816e-01  -6.207357008862e+01  -8.529436525420e-01
 -5.069025666592e-01    1.018548225397e-01  -6.563967248592e+01  -8.529436525420e-01
 -5.383380004866e-01    1.500698321082e-01  -6.478406363089e+01  -8.529436525420e-01
 -3.702895729220e-01    2.988270251286e-02  -5.735484427241e+01  -3.458934423838e+00
 -4.660794869309e-01    8.634391126937e-02  -6.053601383890e+01  -3.458934423838e+00
 -4.973727290695e-01    4.234758887849e-02  -5.717087066656e+01  -3.458934423838e+00
 -3.494346068255e-01    5.068439247105e-03  -5.310499190947e+01  -5.096084803914e+00
 -1.516362891928e-03   -2.534578920813e-04  -5.289938152167e+01  -5.096084803914e+00
 -3.654835728374e-01    1.356153603502e-02  -5.507690430218e+01  -5.096084803914e+00
 -3.492856003342e-01    5.063853319893e-03  -5.308497691618e+01  -2.818228012575e+00
 -5.478208231872e-01    4.092039890610e-03  -5.319253306829e+01  -2.818228012575e+00
 -4.816591284522e-01    6.455799184132e-03  -4.985583438688e+01  -2.818228012575e+00
 -1.472743002668e-03    2.645405033524e-04  -5.734347134295e+01  -5.234187362478e+00
 -3.670164664112e-01    1.377759692261e-02  -5.506545500601e+01  -5.234187362478e+00
 -3.281510775141e-04   -2.592420736182e-04  -5.289098711446e+01  -5.234187362478e+00
 -4.682679678152e-01   -4.479528409666e-03  -2.652058525624e-03  -1.535206917182e+00
 -5.551987719935e-01   -5.315697403791e-03  -3.762630312161e+00  -1.535206917182e+00
 -6.269765951278e-01   -1.434767053245e-03  -3.912482097649e-02  -1.535206917182e+00
  6.322348352129e-04    7.486795122904e-04  -9.727640145263e+01  -6.217469953255e+00
 -2.485756352502e-01   -4.316097586739e-02  -9.641962924248e+01  -6.217469953255e+00
 -1.002589502733e-03   -4.197937306631e-04  -9.602673150989e+01  -6.217469953255e+00
 -5.528028493391e-01    7.355235652064e-03  -4.440467813928e+01   4.220720910871e+00
 -6.535894515241e-01   -5.602851367829e-03  -4.812647639275e+01   4.220720910871e+00
 -9.574471287519e-03    8.474979579831e-04  -4.425372527007e+01   4.220720910871e+00
 -3.692000804324e-01    3.028485697505e-02  -5.732993199411e+01  -4.414455702035e+00
 -2.794257217419e-01    3.862541530206e-02  -6.086078616866e+01  -4.414455702035e+00
 -4.677595529658e-01    8.598073707726e-02  -6.055310168848e+01  -4.414455702035e+00
 -6.504033465764e-01   -1.156301651542e-03  -2.028210380800e+01  -8.482888815038e-02
 -5.992781210214e-01    2.687911374543e-03  -1.700867481375e+01  -8.482888815038e-02
 -5.737990337310e-01   -3.025445595308e-03  -1.633523900292e+01  -8.482888815038e-02
  4.098022622123e-04   -1.535809409051e-04  -6.083405035891e+01  -8.262657172267e+00
 -2.295306617253e-03    4.927756445110e-05  -6.763819114617e+01  -8.262657172267e+00
 -3.314187693269e-01    4.854155361279e-02  -6.432908886843e+01  -8.262657172267e+00
 -6.217059224273e-01    3.122596483800e-03  -4.506321749523e+01  -4.417228923281e+00
 -1.087561557387e-02    8.521460364249e-04  -4.935730363004e+01  -4.417228923281e+00
 -4.774596051074e-01    6.620004936469e-03  -4.982563995671e+01  -4.417228923281e+00
 -5.389228284540e-01    1.501981842640e-01  -6.479606161562e+01   3.894046205815e-01
 -5.062397473694e-01    1.017907460319e-01  -6.563081506121e+01   3.894046205815e-01
 -5.899730208482e-01    1.130235346169e-01  -6.914790074498e+01   3.894046205815e-01
 -5.557809268776e-01    4.855645882681e-03  -5.682484628535e+01   1.865864878226e-01
 -4.787958919486e-01    4.681236846120e-02  -5.818180649941e+01   1.865864878226e-01
 -4.699271943333e-01   -3.766047498720e-02  -5.819354641269e+01   1.865864878226e-01
 -2.666173882830e-03    6.834563984574e-04  -6.767315172859e+01  -8.670064694257e+00
 -4.189644443010e-01    1.974143398103e-02  -7.584871395079e+01  -8.670064694257e+00
 -3.820620963763e-01    4.477839442211e-02  -6.939025361992e+01  -8.670064694257e+00
 -6.468350646726e-01   -6.115871637863e-03  -4.804410986537e+01  -1.138598679653e+00
 -4.886729038368e-01    6.457698339689e-03  -4.984298328501e+01  -1.138598679653e+00
 -6.068841408413e-01   -1.482156983129e-03  -5.313841340191e+01  -1.138598679653e+00
 -5.611171606291e-01   -5.375073441632e-02  -7.423105371216e+01   3.433293098706e+00
 -5.566240769002e-01    1.897108221871e-03  -7.975908414474e+01   3.433293098706e+00
 -3.302038417013e-01   -1.635197130024e-02  -7.592562406513e+01   3.433293098706e+00
 -5.886354216154e-03   -2.558006424928e-04  -3.450004666374e+00  -4.210601718081e+00
 -5.567238049646e-01   -5.280062464252e-03  -3.737162374421e+00  -4.210601718081e+00
 -4.680809112839e-01   -4.549413077179e-03   1.572294154660e-02  -4.210601718081e+00
 -6.053611154311e-01   -1.541454425469e-03  -5.312286811677e+01  -7.844005179336e-01
 -5.490342671090e-01    4.436410675380e-03  -5.321446554929e+01  -7.844005179336e-01
 -5.991268173602e-01   -4.851544360072e-03  -5.513507380245e+01  -7.844005179336e-01
 -7.221734629093e-01   -5.628629124194e-03  -1.302694136165e+01  -3.210200404600e+00
 -5.948138445974e-01   -9.151854895281e-03  -7.798649385771e+00  -3.210200404600e+00
 -2.325243425362e-02    4.507137505974e-04  -1.202997732443e+01  -3.210200404600e+00
 -6.086597398153e-01   -1.438608540791e-03  -5.314399571227e+01  -9.061812742982e-01
 -4.859280068203e-01    6.410234782127e-03  -4.985256915065e+01  -9.061812742982e-01
 -5.456235947380e-01    4.188180786281e-03  -5.321375115731e+01  -9.061812742982e-01
 -4.818903936590e-01    6.269973421988e-03  -4.977403470590e+01  -9.588040097674e-01
 -6.512330829028e-01   -5.463220656523e-03  -4.803313625876e+01  -9.588040097674e-01
 -6.170424477628e-01    3.207308029633e-03  -4.503555297146e+01  -9.588040097674e-01
 -5.985181739801e-01   -4.998833094610e-03  -5.513467656255e+01   1.794417424752e+00
 -5.301276295812e-01   -2.754587931127e-02  -5.689962718813e+01   1.794417424752e+00
 -4.597480412448e-01   -3.542317615457e-02  -5.723604563442e+01   1.794417424752e+00
 -5.164053066093e-01   -1.000900708706e-02  -5.296028311789e+01   1.297839577052e+00
 -6.061206827957e-01   -1.303912680980e-03  -5.312291126916e+01   1.297839577052e+00
 -5.979630869539e-01   -5.258048844782e-03  -5.515044345847e+01   1.297839577052e+00
 -4.591392189967e-01   -3.492254091205e-02  -5.724466259649e+01   2.809255746999e+00
 -3.197814073951e-01   -1.222972552227e-02  -5.522992547071e+01   2.809255746999e+00
 -5.998558035179e-01   -5.557652870210e-03  -5.513835218955e+01   2.809255746999e+00
 -6.094632195424e-04    3.820580547603e-04  -5.485431696337e+01   5.389888432830e+00
 -3.236831539760e-01   -2.261952544459e-02  -5.717342536638e+01   5.389888432830e+00
 -7.516978855924e-04   -1.293803714157e-04  -5.731530285828e+01   5.389888432830e+00
 -3.221022798432e-01   -2.254702842903e-02  -5.716759076281e+01   5.414821306087e+00
 -1.741507231705e-03    4.697620692505e-04  -5.486483872945e+01   5.414821306087e+00
 -3.161788148078e-01   -1.178295115363e-02  -5.520415205359e+01   5.414821306087e+00
 -5.475439927626e-01    3.652857385533e-03  -5.321254290690e+01  -1.482083854951e+00
 -4.965302132808e-01    4.105889878515e-02  -5.716120590187e+01  -1.482083854951e+00
 -5.536802996009e-01    3.318091649428e-02  -5.706301751367e+01  -1.482083854951e+00
 -3.490414614804e-01    5.006662000476e-03  -5.309799406003e+01  -2.981763705561e+00
 -3.654005938820e-01    1.377669030956e-02  -5.509073943050e+01  -2.981763705561e+00
 -5.486700769061e-01    4.084808412073e-03  -5.320471162153e+01  -2.981763705561e+00
 -5.551083560885e-01   -4.658616136785e-03  -3.776749263899e+00  -4.879790096564e-01
 -5.976599925736e-01   -9.659771448818e-03  -8.014962931177e+00  -4.879790096564e-01
 -6.292523460705e-01   -8.020886422698e-03  -4.964498271851e+00  -4.879790096564e-01
 -9.136793604095e-03   -4.347995749211e-04  -3.972533178203e+01  -4.174043354119e+00
 -6.385950593223e-01    1.160692583570e-02  -3.601835227096e+01  -4.174043354119e+00
 -4.434869267710e-04   -3.658997111103e-04  -3.531330241191e+01  -4.174043354119e+00
 -1.730428994333e-02    2.811984406488e-04  -4.014848653191e+01   3.379375829599e+00
 -7.224211702157e-01    8.115427998668e-03  -4.039620318487e+01   3.379375829599e+00
 -5.540409963268e-01    6.928491915681e-03  -4.454698862192e+01   3.379375829599e+00
 -7.166284673638e-01    8.260364618318e-03  -4.041197858871e+01  -3.335330257004e+00
 -1.835142201423e-02   -3.492730628463e-04  -3.999278142304e+01  -3.335330257004e+00
 -6.199775661397e-01    2.672719575356e-03  -4.526113915803e+01  -3.335330257004e+00
 -5.696045538016e-01   -1.465705925560e-04  -2.312267416106e+01   8.745077570887e-01
 -6.626433122332e-01   -1.972472678798e-03  -2.549472961745e+01   8.745077570887e-01
 -5.679519583742e-01   -6.607927682122e-03  -2.792025091184e+01   8.745077570887e-01
 -5.742455145779e-01   -3.179188546789e-03  -1.634489839426e+01  -4.173714182255e+00
  1.894257398120e-04    6.878326527967e-05  -1.630795461030e+01  -4.173714182255e+00
 -6.933296384838e-03   -2.732454329387e-04  -2.046619854918e+01  -4.173714182255e+00
 -5.062772927309e-01    8.630429880073e-03  -3.233114507089e+01   1.132888628151e+00
 -6.613176692200e-01    8.676111527150e-03  -3.076606476628e+01   1.132888628151e+00
 -6.383013912989e-01    1.414820411987e-02  -3.622452746013e+01   1.132888628151e+00
 -6.572536966372e-01   -1.608793591560e-03  -2.524797160471e+01  -3.239514595283e+00
 -2.151212317847e-02    1.023876251077e-03  -3.066841800938e+01  -3.239514595283e+00
 -6.671530569361e-01    8.225297692083e-03  -3.074298940431e+01  -3.239514595283e+00
 -5.655779317795e-01   -1.246104609449e-04  -2.306888907965e+01   9.010549721313e-01
 -5.910354236652e-01    2.430526517229e-03  -1.698902876677e+01   9.010549721313e-01
 -6.561617632842e-01   -7.332195080365e-04  -2.026780290384e+01   9.010549721313e-01
 -6.686138154893e-01    9.233744859966e-03  -3.086178157229e+01  -3.152573585699e+00
 -1.950353179874e-02    1.324630228895e-04  -3.087950128098e+01  -3.152573585699e+00
 -6.324656942941e-01    1.276468009274e-02  -3.632272554186e+01  -3.152573585699e+00
 -6.353666186553e-01   -7.129348173343e-03  -4.964848229795e+00   4.109875945286e+00
 -6.440698938182e-03   -4.736463964845e-04  -8.237379159520e+00   4.109875945286e+00
 -4.040241541412e-03    6.435019911842e-04  -3.146171212001e+00   4.109875945286e+00
 -7.501253459943e-03    5.674196601834e-04  -7.599605984892e+00  -4.028879429992e+00
 -5.975254122908e-01   -8.633134565826e-03  -7.975002276018e+00  -4.028879429992e+00
 -5.560085189980e-01   -5.001921553413e-03  -3.747866684617e+00  -4.028879429992e+00
 -3.564012282747e-03    2.942767270737e-04  -7.603750335577e+00  -4.255610313235e+00
 -5.601416597263e-01   -5.125352757571e-03  -3.739447934874e+00  -4.255610313235e+00
 -2.895056052954e-03   -2.924705915188e-04  -3.477775503607e+00  -4.255610313235e+00
 -6.233300063285e-01   -1.259426963884e-03  -4.012461111823e-02  -5.470713583395e-01
 -5.589215706906e-01   -5.411123724386e-03  -3.744565111579e+00  -5.470713583395e-01
 -6.250050119272e-01   -6.909461889822e-03  -4.958608239224e+00  -5.470713583395e-01
  3.971727060473e-04   -1.405039995903e-04  -1.619508368636e+01  -4.171960100326e+00
 -5.733414534580e-01   -3.057972007889e-03  -1.654331136438e+01  -4.171960100326e+00
 -9.848897572320e-03   -3.066958249832e-05  -1.229627948806e+01  -4.171960100326e+00
 -6.026693277409e-01   -1.027616343339e-02  -8.016057006440e+00   4.154290049447e-01
 -7.091455821815e-01   -5.414143007898e-03  -1.310348494277e+01   4.154290049447e-01
 -5.491873254249e-01   -1.446917519367e-02  -9.511003433839e+00   4.154290049447e-01
 -6.019086482153e-01   -8.431059795149e-03  -7.893273374854e+00  -4.073192657347e+00
 -2.313400283146e-03    4.932007379976e-04  -7.671609936501e+00  -4.073192657347e+00
 -1.017953123399e-02    2.987544315674e-04  -1.201435833067e+01  -4.073192657347e+00
 -6.047541913604e-01   -1.035333164876e-02  -8.005346419239e+00   3.930252520258e-01
 -5.484259544104e-01   -1.451894809326e-02  -9.394850137535e+00   3.930252520258e-01
 -6.245664761881e-01   -8.081945940768e-03  -4.905329137077e+00   3.930252520258e-01
 -2.030293662383e-03   -2.639713862044e-04  -8.221861452232e+00   4.535851757602e+00
 -5.485388657649e-01   -1.336776723140e-02  -9.340851467440e+00   4.535851757602e+00
 -4.500611833705e-03    4.593324056310e-04  -1.254449687136e+01   4.535851757602e+00
 -1.364520401927e-02    8.465432447470e-04  -1.257215107004e+01   3.790961798949e+00
 -5.435304218693e-01   -1.352360323793e-02  -9.310849268608e+00   3.790961798949e+00
 -7.139010970271e-01   -4.915019018815e-03  -1.304146218670e+01   3.790961798949e+00
 -6.279394190721e-01    3.013671657343e-03  -4.509994151929e+01  -4.331838903302e+00
 -1.244917460055e-03   -4.199445674914e-04  -4.467100715799e+01  -4.331838903302e+00
 -6.007164279735e-03    5.139655198654e-04  -4.933049908113e+01  -4.331838903302e+00
 -5.586503223986e-01    6.699794386757e-03  -4.444329059129e+01   4.763058984447e-01
 -6.235335712327e-01    2.990196197978e-03  -4.507272137941e+01   4.763058984447e-01
 -6.455298417236e-01   -5.238186929005e-03  -4.812871647273e+01   4.763058984447e-01
 -2.275790227442e-03   -1.067094207317e-04  -3.505795279520e+01   4.378025462375e+00
 -5.625648448996e-01    1.334697868367e-02  -3.639139335145e+01   4.378025462375e+00
 -6.192208830735e-03   -9.623247559807e-05  -4.000823641452e+01   4.378025462375e+00
 -6.222850223522e-01    2.733557932608e-03  -4.506983199250e+01   6.495213994744e-01
 -5.608784036507e-01    6.663389004343e-03  -4.434993844799e+01   6.495213994744e-01
 -7.117755890817e-01    8.076569296042e-03  -4.036623717128e+01   6.495213994744e-01
 -5.588289975669e-01    7.478372665708e-03  -4.447302039137e+01   4.244467063620e+00
 -1.813927830815e-03    4.923024763322e-04  -4.425028032826e+01   4.244467063620e+00
 -7.040455453181e-03    1.619790544443e-04  -4.018418545495e+01   4.244467063620e+00
 -5.948081626529e-03    1.827151727401e-04  -1.273422463252e+01   4.544968695856e+00
 -6.003110759252e-01    2.663643593069e-03  -1.702267956407e+01   4.544968695856e+00
 -6.753821010125e-04   -1.717946762989e-05  -1.776138360260e+01   4.544968695856e+00
 -9.543721674201e-04   -2.071953163277e-04  -4.461060669003e+01  -4.324964026942e+00
 -6.270084763907e-01    2.566193866353e-03  -4.519814275172e+01  -4.324964026942e+00
 -8.393696484962e-03   -2.270937957380e-04  -4.000834589331e+01  -4.324964026942e+00
 -5.752528330702e-01   -2.901877008241e-03  -1.639872317841e+01  -3.691852110336e-01
 -5.971264901239e-01    2.768890145633e-03  -1.686893787448e+01  -3.691852110336e-01
 -7.094490628121e-01   -4.587889522389e-03  -1.300173218364e+01  -3.691852110336e-01
 -2.149512186120e-02   -6.123055343375e-06  -1.224948773534e+01  -2.935237701243e+00
 -5.667213197817e-01   -2.837316464959e-03  -1.666603728271e+01  -2.935237701243e+00
 -7.234184831709e-01   -5.107966481885e-03  -1.306690035515e+01  -2.935237701243e+00
 -5.691144185287e-01   -3.067121398773e-03  -1.623074382697e+01  -3.258498311151e+00
 -1.578791005760e-02   -6.615257069127e-04  -2.050058310748e+01  -3.258498311151e+00
 -6.560159055996e-01   -1.546149535873e-03  -2.021773326214e+01  -3.258498311151e+00
 -5.699843229155e-01   -4.652566026592e-04  -2.312313229846e+01   4.480481393348e+00
 -5.684018153963e-01   -6.136304762411e-03  -2.791374475525e+01   4.480481393348e+00
 -8.605830501892e-03    4.666533777321e-05  -2.658442544394e+01   4.480481393348e+00
 -6.659287264294e-01   -1.620960891849e-03  -2.555660152136e+01  -3.917824687312e+00
 -9.450973323367e-03   -4.517585642703e-04  -2.071068778835e+01  -3.917824687312e+00
 -1.427983909079e-03    1.966843722511e-04  -2.565845752245e+01  -3.917824687312e+00
 -1.130457156408e-03    9.041236880860e-05  -1.778310335005e+01   4.541207583609e+00
 -5.985550025911e-01    2.394681939110e-03  -1.699610684876e+01   4.541207583609e+00
 -5.182991763498e-03   -2.015261971253e-04  -2.202072701761e+01   4.541207583609e+00
 -5.599248946202e-01    1.419947736417e-02  -3.659468281842e+01   8.343150622195e-01
 -6.348003791732e-01    1.343263151314e-02  -3.614026182953e+01   8.343150622195e-01
 -7.096726436080e-01    8.269395437466e-03  -4.034513020791e+01   8.343150622195e-01
 -1.815153524226e-02    4.219453213714e-06  -4.000423858211e+01   3.564633725855e+00
 -5.547606094133e-01    1.340151459003e-02  -3.633738177834e+01   3.564633725855e+00
 -7.212565848546e-01    8.410640248810e-03  -4.035126868468e+01   3.564633725855e+00
 -5.551487476194e-03   -3.672374256067e-04  -3.499760352144e+01   4.442743436891e+00
 -4.970434522027e-01    7.662016493683e-03  -3.244446862585e+01   4.442743436891e+00
 -5.593799069089e-01    1.380751693106e-02  -3.644147978954e+01   4.442743436891e+00
 -4.989113230694e-01    6.610512319187e-03  -3.249106220581e+01   4.846426895034e+00
 -1.581912188999e-03    1.162589649388e-05  -3.498818138894e+01   4.846426895034e+00
 -1.998690249638e-03   -4.438304965967e-04  -3.134532496759e+01   4.846426895034e+00
 -3.071097390786e-03    2.262923126284e-04  -2.656821694942e+01   4.535040015595e+00
 -5.735700883118e-01   -6.271976644209e-03  -2.792418472974e+01   4.535040015595e+00
 -3.458902214503e-03   -1.972352018884e-04  -3.133802492982e+01   4.535040015595e+00
 -5.712915659138e-01   -7.117967487972e-03  -2.800347811419e+01   7.961465448792e-01
 -6.578140006188e-01   -1.992372479420e-03  -2.537259344836e+01   7.961465448792e-01
 -6.626617814668e-01    7.808560866696e-03  -3.072672915448e+01   7.961465448792e-01
 -1.056671603104e-02    6.568153329691e-04  -3.062677402640e+01  -3.920659056967e+00
 -6.657535723064e-01   -1.210148505002e-03  -2.536267496531e+01  -3.920659056967e+00
 -1.202531494056e-03   -5.044229572929e-06  -2.577205278802e+01  -3.920659056967e+00
 -2.230631616154e-04   -6.758778588357e-04  -3.520855365662e+01  -4.177612175322e+00
 -6.387925377476e-01    1.190907864616e-02  -3.619538949920e+01  -4.177612175322e+00
 -8.921300876773e-03    1.251518513618e-05  -3.090307542009e+01  -4.177612175322e+00
 -5.678293211968e-01   -6.608921892878e-03  -2.795310189783e+01   4.530815862001e+00
 -4.933830750480e-01    6.576265735718e-03  -3.249890964858e+01   4.530815862001e+00
 -8.091245315264e-03   -5.770078653698e-04  -3.134944856874e+01   4.530815862001e+00
 -5.654637284812e-01   -7.134969508512e-03  -2.797664677357e+01   1.453618708139e+00
 -6.670536630491e-01    8.333925211077e-03  -3.071073263844e+01   1.453618708139e+00
 -4.954870556264e-01    7.432634256348e-03  -3.244203859273e+01   1.453618708139e+00
 -5.737668118781e-01   -5.776609440886e-04  -2.311488039882e+01   4.478770831239e+00
 -3.894042139245e-03   -4.768984369837e-05  -2.659131007665e+01   4.478770831239e+00
 -3.049642748489e-03   -1.177274100496e-04  -2.200482025516e+01   4.478770831239e+00
 -5.927254568957e-01    2.393785070006e-03  -1.698742867265e+01   4.382224720495e+00
 -5.653409741853e-01   -3.191430041073e-04  -2.308097505196e+01   4.382224720495e+00
 -1.047436064963e-02   -2.971244812875e-04  -2.201967232625e+01   4.382224720495e+00
 -6.574424153849e-01   -1.788062536643e-03  -2.559950555784e+01   7.871346162434e-01
 -5.735123243366e-01    1.004047181440e-04  -2.306244027307e+01   7.871346162434e-01
 -6.505286655311e-01   -8.875242478711e-04  -2.029070874564e+01   7.871346162434e-01
