
  5.375369359758e-04   -6.468065960095e-04   6.701281476250e+01  -3.738341755596e+00
  1.690016464557e-01   -5.913498646921e-04   6.753360660501e+01  -3.738341755596e+00
 -9.283052210162e-05    2.646782141629e-04   6.720671701202e+01  -3.738341755596e+00
  2.047494494837e-01   -2.878974126630e-02   6.200605111684e+01  -6.806509864885e+00
 -1.491412774406e-04   -7.411213391272e-06   6.456218579002e+01  -6.806509864885e+00
  5.734591445897e-04    1.347043717286e-05   6.191075206470e+01  -6.806509864885e+00
  1.688629520941e-01    3.610141067904e-04   6.753856628263e+01  -3.931423341265e+00
  2.753716188496e-01   -5.830068495938e-02   6.742558282141e+01  -3.931423341265e+00
  2.952599059358e-01   -7.691665128897e-04   6.844896464105e+01  -3.931423341265e+00
  2.764722470389e-01   -5.779028169252e-02   6.740889812923e+01  -3.717513042923e+00
  1.679588389933e-01   -1.541633775001e-04   6.756418869048e+01  -3.717513042923e+00
  1.290083082586e-01   -2.312737898088e-02   6.684043235839e+01  -3.717513042923e+00
  3.429339938154e-01   -7.203521306862e-02   6.895096037499e+01  -2.616755821856e+00
  2.953841020526e-01   -7.559657250826e-04   6.848116243823e+01  -2.616755821856e+00
  2.755216614909e-01   -5.877548411949e-02   6.740633576271e+01  -2.616755821856e+00
  4.295144176451e-01    4.404084949588e-03   3.383707725374e+00  -2.850646720708e+00
  5.871249916265e-03   -3.697181327734e-04   2.124854671913e+00  -2.850646720708e+00
  3.149594477245e-01   -4.474208491422e-03  -1.932293368716e-02  -2.850646720708e+00
  1.293241151088e-01   -2.276820124405e-02   6.683591002351e+01  -3.577946649741e+00
  2.643859689196e-01   -6.363107762565e-02   6.612742198849e+01  -3.577946649741e+00
  2.764482151963e-01   -5.814641027348e-02   6.740166028178e+01  -3.577946649741e+00
  4.089200886651e-01    3.903586885976e-03   3.794722343252e+01  -1.618099021774e+00
  2.178168815410e-01    8.582241102853e-03   3.800472530271e+01  -1.618099021774e+00
  3.505786736555e-01    6.702474701894e-03   3.644647188497e+01  -1.618099021774e+00
  1.596259386454e-01   -3.109478546660e-02   6.511138802040e+01  -3.421699540569e+00
  2.049017426213e-01   -2.893972801237e-02   6.200367815397e+01  -3.421699540569e+00
  2.992557202625e-01   -7.093066996899e-02   6.434450223083e+01  -3.421699540569e+00
  5.817380366625e-04    1.287271974530e-04   6.628415767888e+01  -4.904400671808e+00
  1.591177253465e-01   -3.093600340613e-02   6.512198317381e+01  -4.904400671808e+00
  1.288959251391e-01   -2.294203882936e-02   6.685272298598e+01  -4.904400671808e+00
  2.647603941811e-01   -6.367840886041e-02   6.612183174486e+01  -1.746734267239e+00
  2.987292131009e-01   -7.131607345919e-02   6.434708290923e+01  -1.746734267239e+00
  3.249730820937e-01   -9.584962921076e-02   6.682204061537e+01  -1.746734267239e+00
  2.986834448648e-01   -7.097831714131e-02   6.434847047006e+01  -3.662096395688e+00
  2.647461576281e-01   -6.374474624286e-02   6.612414765504e+01  -3.662096395688e+00
  1.602410665344e-01   -3.105083515060e-02   6.510148835883e+01  -3.662096395688e+00
  3.462149680412e-01   -1.076504838189e-01   6.504434313117e+01  -1.107733028420e+00
  3.240765416838e-01   -9.591202864508e-02   6.684218648673e+01  -1.107733028420e+00
  2.998671547778e-01   -7.130788695584e-02   6.432849626420e+01  -1.107733028420e+00
  2.647037285388e-01   -6.376779425126e-02   6.612296793825e+01  -2.224641699079e+00
  3.250192326845e-01   -9.564055568302e-02   6.682210248902e+01  -2.224641699079e+00
  2.759009424897e-01   -5.829016576161e-02   6.741357456652e+01  -2.224641699079e+00
  3.465713355574e-01   -1.077410141065e-01   6.503340587133e+01  -2.607126827205e-01
  2.995008398839e-01   -7.123945703546e-02   6.433818348005e+01  -2.607126827205e-01
  3.716903143776e-01   -7.993258611253e-02   6.199734528992e+01  -2.607126827205e-01
  1.596065157753e-01   -3.119373423607e-02   6.511746209997e+01  -3.519212161823e+00
  2.651401003207e-01   -6.359651574887e-02   6.611573636093e+01  -3.519212161823e+00
  1.285553734606e-01   -2.277604167020e-02   6.685588628723e+01  -3.519212161823e+00
  6.102149548991e-04   -1.691675536026e-04   5.399621863055e+01  -7.471986753325e+00
  3.421009011982e-04    3.018457005367e-04   4.644462094838e+01  -7.471986753325e+00
  2.249161655730e-01    1.108615438616e-02   5.221517873711e+01  -7.471986753325e+00
  3.420413377077e-01   -7.220466339108e-02   6.894721418187e+01  -2.240116186542e+00
  2.764643869062e-01   -5.843965467091e-02   6.740049917422e+01  -2.240116186542e+00
  3.243356977630e-01   -9.566257802069e-02   6.683064195927e+01  -2.240116186542e+00
  3.803734599286e-01   -1.526357100578e-03   7.005902433401e+01  -1.469489086840e+00
  3.409981327835e-01   -7.151619853660e-02   6.894611489009e+01  -1.469489086840e+00
  3.519661594047e-01   -3.170556033643e-02   7.047324980190e+01  -1.469489086840e+00
  3.794574171127e-01   -4.179055708662e-04   7.004212375697e+01  -3.259746754388e+00
  2.962289654469e-01   -4.144862415317e-04   6.847367596185e+01  -3.259746754388e+00
  3.419095676972e-01   -7.205625102120e-02   6.896126047580e+01  -3.259746754388e+00
  3.808442293721e-01   -1.495346954310e-03   7.007436445748e+01  -1.528809972431e+00
  3.516703270245e-01   -3.136149629116e-02   7.047154436721e+01  -1.528809972431e+00
  4.217106691761e-01    5.124105570836e-04   7.125369391476e+01  -1.528809972431e+00
  3.503589609427e-01   -3.032877998572e-02   7.047326838432e+01  -8.122280710479e-01
  3.429198791873e-01   -7.257502777200e-02   6.894080068446e+01  -8.122280710479e-01
  2.835182972420e-01   -6.730366772063e-02   6.967331863679e+01  -8.122280710479e-01
  2.710196404461e-01    5.139995564368e-03   7.044782057957e+01   1.354814403512e-01
  3.512179367454e-01   -3.043925685683e-02   7.044489897736e+01   1.354814403512e-01
  2.821257707202e-01   -6.680713425234e-02   6.969500695217e+01   1.354814403512e-01
  3.508158307285e-01   -2.934385542483e-02   7.046245145604e+01  -4.936278565053e-01
  3.562832975097e-01    3.751196768543e-02   7.042902779253e+01  -4.936278565053e-01
  4.220902620514e-01   -1.332927261276e-03   7.125097040112e+01  -4.936278565053e-01
  3.429123178263e-01   -7.231781984667e-02   6.893520842309e+01   1.979095445778e-01
  3.081382160348e-01   -1.064417455426e-01   6.776458608671e+01   1.979095445778e-01
  2.835072845053e-01   -6.778733402773e-02   6.967644428635e+01   1.979095445778e-01
  2.381736605995e-01   -3.469262641517e-03   3.653019786129e+01   3.040132998220e+00
  3.279109387062e-01   -4.666121650384e-03   3.430858848604e+01   3.040132998220e+00
  3.651302180024e-03   -3.550347367647e-04   3.392628491761e+01   3.040132998220e+00
  2.194332711003e-01   -8.697964965621e-02   6.866170205158e+01   3.225857484143e+00
  3.093453152638e-01   -1.069302401852e-01   6.776702641919e+01   3.225857484143e+00
  2.614002252672e-01   -9.793551582254e-02   6.596423518504e+01   3.225857484143e+00
  3.094892892071e-01   -1.065738776078e-01   6.774839828325e+01  -5.148548184408e-01
  3.414103023818e-01   -7.203688869558e-02   6.895959876597e+01  -5.148548184408e-01
  3.250037178052e-01   -9.599848171886e-02   6.682126436512e+01  -5.148548184408e-01
  9.745443252562e-02   -2.729530418986e-02   7.102018607885e+01   3.521074853181e+00
  1.888471043609e-01   -4.955333617945e-02   7.046665671732e+01   3.521074853181e+00
  1.142190723867e-01   -5.088117692268e-02   6.941734914021e+01   3.521074853181e+00
  1.886971591106e-01   -4.933526853606e-02   7.044587260565e+01   2.328126153594e+00
  2.825119584721e-01   -6.726850040010e-02   6.970160778810e+01   2.328126153594e+00
  2.185342383650e-01   -8.692258423666e-02   6.869561163089e+01   2.328126153594e+00
  2.189890108917e-01   -8.686145372696e-02   6.867681555549e+01   3.927349057581e+00
  1.148266777126e-01   -5.098126983187e-02   6.940766521526e+01   3.927349057581e+00
  1.883287648741e-01   -4.951196025785e-02   7.047386014602e+01   3.927349057581e+00
  1.887268462723e-01   -4.919124861361e-02   7.045354552886e+01   4.949330579678e-01
  2.704109239422e-01    5.525564626706e-03   7.047023024877e+01   4.949330579678e-01
  2.823994509713e-01   -6.716168793016e-02   6.969336890444e+01   4.949330579678e-01
  3.460611036754e-01   -1.080433552158e-01   6.504203916386e+01   2.296015485904e+00
  2.624477686048e-01   -9.793936028014e-02   6.594411882498e+01   2.296015485904e+00
  3.084432267884e-01   -1.069193833264e-01   6.778772926079e+01   2.296015485904e+00
  2.193261523067e-01   -8.692328127049e-02   6.867996042978e+01   1.431115659077e+00
  2.819251402766e-01   -6.736760054794e-02   6.971589183986e+01   1.431115659077e+00
  3.092432916994e-01   -1.068238085416e-01   6.774880422967e+01   1.431115659077e+00
  3.448213640025e-01   -1.078487707428e-01   6.506415499515e+01   5.571146380174e-01
  3.095684536784e-01   -1.068696635498e-01   6.774499376129e+01   5.571146380174e-01
  3.251127428311e-01   -9.586306855955e-02   6.682004283920e+01   5.571146380174e-01
  1.884060717392e-01   -4.911238734116e-02   7.045525492081e+01   1.445044460305e+00
  9.768470012272e-02   -2.759570408517e-02   7.103385555373e+01   1.445044460305e+00
  1.787039211783e-01    4.122401780658e-03   7.108682652847e+01   1.445044460305e+00
  3.737184194870e-01   -7.966059799871e-02   6.196919320657e+01  -2.479290012047e+00
  2.978843359080e-01   -7.118050146452e-02   6.437387931553e+01  -2.479290012047e+00
  2.073500987566e-01   -2.883462333147e-02   6.196863279623e+01  -2.479290012047e+00
  4.259550973875e-01    4.513824156503e-03   3.399618314406e+00  -1.122809246167e+00
  3.165215456017e-01   -4.419086335287e-03   2.940023735802e-03  -1.122809246167e+00
  4.277830975234e-01    9.764329221696e-04   4.121810643855e-02  -1.122809246167e+00
  3.804977477845e-01   -4.225036863788e-02   5.860003777759e+01  -2.344790883669e+00
  2.223504783751e-01   -1.224138259259e-02   5.742200252605e+01  -2.344790883669e+00
  3.787309778269e-01   -3.309429115304e-03   5.482923530324e+01  -2.344790883669e+00
  3.796627896942e-01   -4.318392074221e-02   5.861848452040e+01  -1.797730738262e+00
  3.742026465836e-01   -7.937156448677e-02   6.195657837699e+01  -1.797730738262e+00
  2.071056530878e-01   -2.927446381347e-02   6.197531274153e+01  -1.797730738262e+00
  3.462071808338e-01   -1.081834627968e-01   6.506837317918e+01   3.611095546136e+00
  3.034489857391e-01   -8.214894341098e-02   6.260123908645e+01   3.611095546136e+00
  2.624834403124e-01   -9.784734242231e-02   6.591892957392e+01   3.611095546136e+00
  3.045426999737e-01   -8.211847054424e-02   6.257852200454e+01   2.598348220493e+00
  3.452392668602e-01   -1.080951067001e-01   6.509230061466e+01   2.598348220493e+00
  3.731373311998e-01   -7.999140484959e-02   6.196802338011e+01   2.598348220493e+00
  3.335963622817e-01   -4.750353384388e-02   5.883550353747e+01   3.536406123959e+00
  3.045009370871e-01   -8.182154406827e-02   6.254688861807e+01   3.536406123959e+00
  3.733849553205e-01   -8.034347354247e-02   6.200011457280e+01   3.536406123959e+00
  1.611562604132e-01   -4.983599061013e-02   6.313574548290e+01   7.695561429005e+00
  2.620982876127e-01   -9.788491887472e-02   6.596976509807e+01   7.695561429005e+00
  3.038764946800e-01   -8.201788577074e-02   6.256470698191e+01   7.695561429005e+00
  3.725125430042e-01   -8.032869458157e-02   6.202472667574e+01   2.352048262454e+00
  3.813260007060e-01   -4.252925478179e-02   5.858458850738e+01   2.352048262454e+00
  3.345219674935e-01   -4.733754580516e-02   5.881232113303e+01   2.352048262454e+00
  3.809712233931e-01   -4.283025906292e-02   5.860184512043e+01  -3.233520856293e+00
  2.054074863087e-01   -2.952174084470e-02   6.200713899684e+01  -3.233520856293e+00
  2.215441521086e-01   -1.175912949228e-02   5.742404299618e+01  -3.233520856293e+00
  3.465258104079e-01   -3.754877688704e-03   5.485213374351e+01   3.185949906161e+00
  3.342355617216e-01   -4.684347591016e-02   5.877559350702e+01   3.185949906161e+00
  3.818000775348e-01   -4.301378678611e-02   5.862015342096e+01   3.185949906161e+00
  6.461484324873e-04   -3.675214157408e-04   5.477246127908e+01   1.380097341083e+01
  1.926605597801e-01   -1.183542911726e-03   5.481726322870e+01   1.380097341083e+01
  5.993397703971e-04    8.403064278877e-04   5.052594167121e+01   1.380097341083e+01
  3.349995678436e-01   -4.709053872638e-02   5.882523481484e+01   8.677166739417e+00
  1.919149691269e-01   -1.820249556541e-03   5.482344109281e+01   8.677166739417e+00
  1.805660707245e-01   -3.035246224212e-02   5.906167868855e+01   8.677166739417e+00
  1.928961060722e-01   -1.781138863350e-03   5.482083920998e+01   8.716098960050e+00
  3.341629289530e-01   -4.697198565310e-02   5.883006998147e+01   8.716098960050e+00
  3.457535464296e-01   -3.223340756072e-03   5.479946210661e+01   8.716098960050e+00
  1.806041352248e-01   -3.002769236069e-02   5.909245070304e+01   1.485536293390e+01
  1.916077126572e-01   -2.443378893688e-03   5.476970734889e+01   1.485536293390e+01
  1.396964893026e-03   -8.492254948293e-04   5.909821399425e+01   1.485536293390e+01
  3.341089645658e-01   -4.723773379301e-02   5.879249829702e+01   8.498905278731e+00
  1.812810745086e-01   -3.033372430333e-02   5.909843310623e+01   8.498905278731e+00
  3.039979578110e-01   -8.183511218172e-02   6.260215575871e+01   8.498905278731e+00
  3.336026226313e-01    4.031585542918e-02   5.079422778811e+01   8.680441609160e+00
  1.928288850840e-01   -1.925428018909e-03   5.476761001622e+01   8.680441609160e+00
  3.457745138237e-01   -2.907048359275e-03   5.481333656771e+01   8.680441609160e+00
  3.476941968529e-01   -3.550559896490e-03   5.483654982923e+01   2.137664168313e+00
  3.807606820621e-01   -4.312105258169e-02   5.864068446200e+01   2.137664168313e+00
  3.785997813218e-01   -2.629064629064e-03   5.480770126208e+01   2.137664168313e+00
  2.214264149149e-01   -1.260294353801e-02   5.742977022279e+01  -3.374009885286e+00
  2.237563092969e-01    1.111553891429e-02   5.220852416393e+01  -3.374009885286e+00
  3.796890336704e-01   -2.885641121868e-03   5.482233678932e+01  -3.374009885286e+00
  1.603917522155e-01   -4.969200246906e-02   6.310348997119e+01   8.226442431368e+00
  3.048096026526e-01   -8.203073658387e-02   6.259451510772e+01   8.226442431368e+00
  1.803241728304e-01   -3.024765091512e-02   5.910670716143e+01   8.226442431368e+00
  3.210542981877e-05   -1.180368108708e-04   6.941254620881e+01   8.030274346511e+00
  1.155479395262e-01   -5.127436493089e-02   6.942352684023e+01   8.030274346511e+00
  8.392937854365e-04   -4.803892465945e-04   6.678039016018e+01   8.030274346511e+00
  1.144755649300e-01   -5.069056025042e-02   6.938996063039e+01   5.659529139253e+00
  2.196439450327e-01   -8.722415115996e-02   6.869509872908e+01   5.659529139253e+00
  1.377292079270e-01   -5.808470509022e-02   6.667453600222e+01   5.659529139253e+00
  1.904454025708e-01   -2.569597586425e-02   4.188644292360e+01   4.754053077424e+00
  8.230754439616e-05    3.058049529796e-04   3.947918637412e+01   4.754053077424e+00
  5.620814919226e-04   -9.835273937958e-05   4.190147994238e+01   4.754053077424e+00
  7.444011697016e-04   -1.077675515720e-03   7.129950672454e+01   2.576861969512e+00
  9.250399660237e-02    1.987564786067e-03   7.163791453326e+01   2.576861969512e+00
  9.721802487873e-02   -2.693002599129e-02   7.102611548133e+01   2.576861969512e+00
  4.957773589203e-04   -4.301349695820e-04   6.943798768595e+01   6.509581242033e+00
 -2.304367958896e-04    3.041688610533e-04   7.128079389086e+01   6.509581242033e+00
  1.146266760650e-01   -5.065062811265e-02   6.939784662644e+01   6.509581242033e+00
  2.115500639107e-01    4.112298443379e-02   6.451850836004e+01   4.932171678089e+00
  9.291224095435e-04   -1.697493426209e-04   6.586014472097e+01   4.932171678089e+00
  1.687230129320e-01    2.959863092459e-02   6.614536738043e+01   4.932171678089e+00
  1.149251975072e-01   -5.096709398364e-02   6.942712860419e+01   9.901664893788e+00
  1.375597689243e-01   -5.786159814758e-02   6.664492702567e+01   9.901664893788e+00
  1.452973679273e-03   -8.194944414193e-04   6.676854955935e+01   9.901664893788e+00
  2.763261206946e-04    5.336411319717e-05   7.127626495162e+01   5.119123388641e+00
  9.754439345427e-02   -2.754228013337e-02   7.103153779303e+01   5.119123388641e+00
  1.139692004181e-01   -5.040119454867e-02   6.940208804434e+01   5.119123388641e+00
  1.013054765312e-03    1.217624282446e-04   5.915264097886e+01   1.290844920526e+01
  1.840511123003e-04   -7.996653962284e-04   6.320111567631e+01   1.290844920526e+01
  1.808027879118e-01   -3.093106479142e-02   5.905927111838e+01   1.290844920526e+01
  4.078472593198e-04   -7.457854585681e-04   5.909222579575e+01   1.381887929843e+01
  1.926461788297e-01   -2.442245909981e-03   5.476974065623e+01   1.381887929843e+01
  6.934457877787e-04    3.158394090080e-04   5.482000147480e+01   1.381887929843e+01
  2.838958648421e-01    1.676213058791e-02   5.704892810368e+01   5.777608180618e+00
  2.189660876757e-03    3.082887684196e-04   6.144676548551e+01   5.777608180618e+00
  2.515741293170e-01    3.779099236874e-02   6.136181255976e+01   5.777608180618e+00
  1.997438294461e-04   -4.138263175715e-04   6.671924132037e+01   1.052200807748e+01
  1.388368126994e-01   -5.810450994068e-02   6.667877952530e+01   1.052200807748e+01
  1.185434384084e-03   -1.601602554861e-04   6.329119823334e+01   1.052200807748e+01
  1.226633855325e-03   -1.170830644515e-03   6.320531846490e+01   1.348156962788e+01
  1.604044423682e-01   -4.933164350318e-02   6.313196808592e+01   1.348156962788e+01
  1.798364562814e-01   -3.073665929611e-02   5.906044123601e+01   1.348156962788e+01
  2.214451082268e-01   -1.193409732806e-02   5.742846214498e+01  -6.828271977078e+00
  2.165960824124e-03    2.875193714947e-04   5.401780729198e+01  -6.828271977078e+00
  2.235177175187e-01    1.059381483617e-02   5.220918490050e+01  -6.828271977078e+00
  1.599433494408e-01   -3.085882870438e-02   6.511101165980e+01  -5.321360306652e+00
 -1.234167049424e-04    8.357522192007e-05   6.629842135430e+01  -5.321360306652e+00
  6.175101897988e-04   -2.374287101702e-05   6.456256481917e+01  -5.321360306652e+00
  2.167808953387e-03   -5.491869203006e-04   6.328035484516e+01   1.225122541230e+01
  1.380585706934e-01   -5.779726062356e-02   6.668351415741e+01   1.225122541230e+01
  1.598652169381e-01   -4.964617484512e-02   6.310717647742e+01   1.225122541230e+01
  1.376560511480e-01   -5.794438263946e-02   6.664286498063e+01   7.215516946845e+00
  2.627903290441e-01   -9.806881304539e-02   6.596251153396e+01   7.215516946845e+00
  1.603007757978e-01   -4.967039530738e-02   6.314368786441e+01   7.215516946845e+00
  2.056153445127e-01   -2.870993352841e-02   6.201499122338e+01  -6.828302946492e+00
  2.155479898240e-03    4.532088926489e-04   5.828531112255e+01  -6.828302946492e+00
  2.209303587017e-01   -1.223448754646e-02   5.742376006261e+01  -6.828302946492e+00
  3.476558960740e-01   -2.617249470510e-03   5.477658952589e+01   2.104582724028e+00
  3.786115286994e-01   -3.109673603532e-03   5.483505967211e+01   2.104582724028e+00
  3.822444200485e-01    3.636314247503e-02   5.100350695452e+01   2.104582724028e+00
  1.383781614327e-01   -5.822588070533e-02   6.666736652510e+01   6.101412727485e+00
  2.190766755424e-01   -8.711217549517e-02   6.870174465249e+01   6.101412727485e+00
  2.618362139655e-01   -9.783986113885e-02   6.593728817090e+01   6.101412727485e+00
 -6.571282991668e-05   -1.387334249065e-04   6.190733166820e+01  -6.869019758026e+00
  1.276005325135e-03    3.219538158536e-04   5.829351934909e+01  -6.869019758026e+00
  2.063372426962e-01   -2.848473006601e-02   6.201001000258e+01  -6.869019758026e+00
  9.299924323557e-02    1.924000785250e-03   7.163490425959e+01   7.743577990953e-01
  2.744343269051e-04   -8.883246112785e-04   7.130802788419e+01   7.743577990953e-01
  1.204243794691e-04    3.707108421678e-04   7.170319659560e+01   7.743577990953e-01
  3.594383069925e-01    8.610845507215e-02   6.872498462624e+01   6.369092121923e-01
  3.556540939867e-01    3.895412948265e-02   7.041803032859e+01   6.369092121923e-01
  2.907632758466e-01    7.931386555835e-02   6.953952448631e+01   6.369092121923e-01
  3.562936443779e-01    3.782999463759e-02   7.042350615115e+01   7.420609157875e-01
  4.220691139590e-01    1.190315614998e-03   7.092145853521e+01   7.420609157875e-01
  4.222991110106e-01   -1.561350002459e-03   7.126793370808e+01   7.420609157875e-01
  4.214090348731e-01   -3.458884213442e-04   7.091266813360e+01   2.592256220064e+00
  3.568484792850e-01    8.514312112145e-02   6.875235523465e+01   2.592256220064e+00
  3.802560828064e-01    7.092233266316e-04   6.928506747459e+01   2.592256220064e+00
  3.572413964077e-01    8.502089977107e-02   6.874713136379e+01   8.519415717359e-01
  4.210555915014e-01    7.238118910943e-07   7.091573073008e+01   8.519415717359e-01
  3.568549172278e-01    3.974017246196e-02   7.041280589161e+01   8.519415717359e-01
  3.793354742849e-01    3.932321882764e-04   6.928961873888e+01   3.524910092941e+00
  3.587934025262e-01    8.574856223359e-02   6.874127693493e+01   3.524910092941e+00
  2.965242052146e-01    3.721405558424e-04   6.762554732658e+01   3.524910092941e+00
  2.488724084202e-03   -1.290538698188e-04   2.132619803071e+00  -3.095595555567e+00
 -4.463072618580e-05    7.034793051141e-05   1.291037812536e-02  -3.095595555567e+00
  3.174174435753e-01   -4.459311808529e-03  -7.943301121643e-03  -3.095595555567e+00
  3.565744667938e-01    3.914849981751e-02   7.039287212222e+01  -2.775005747412e-01
  2.710343147707e-01    6.175737311382e-03   7.044929871237e+01  -2.775005747412e-01
  2.893415523767e-01    7.879425063117e-02   6.956164731958e+01  -2.775005747412e-01
  3.562915125486e-01    3.923246911526e-02   7.041859958328e+01  -7.711123480390e-02
  3.509012450164e-01   -3.058167030704e-02   7.046565485135e+01  -7.711123480390e-02
  2.715983901600e-01    5.680021619494e-03   7.042958205094e+01  -7.711123480390e-02
  1.925726538186e-01    5.835001217351e-02   7.037567783376e+01  -8.037873659664e-01
  2.895989833865e-01    7.913095844218e-02   6.956175959229e+01  -8.037873659665e-01
  2.704393383323e-01    5.801988868067e-03   7.047077474143e+01  -8.037873659664e-01
  2.263463970774e-01    9.543564026391e-02   6.849241927197e+01  -4.440535503367e+00
  1.922156873346e-01    5.866881449248e-02   7.039806217750e+01  -4.440535503367e+00
  1.171544773207e-01    5.411289957405e-02   6.920172367632e+01  -4.440535503367e+00
  2.891617242958e-01    7.938017969230e-02   6.958530872024e+01  -1.788485823182e+00
  2.267161901688e-01    9.556800941570e-02   6.849774235958e+01  -1.788485823182e+00
  3.234019666805e-01    1.196796470826e-01   6.750242082890e+01  -1.788485823182e+00
  2.259219549899e-01    9.554086907792e-02   6.851291483557e+01  -2.618329429482e+00
  2.897459414161e-01    7.930211014998e-02   6.957111247221e+01  -2.618329429482e+00
  1.925208060856e-01    5.844548101832e-02   7.036754223845e+01  -2.618329429482e+00
  3.669036737296e-01    1.203658487552e-01   6.472215791060e+01  -2.695745129947e+00
  3.226105033839e-01    1.197833174908e-01   6.754167811583e+01  -2.695745129947e+00
  2.734827553601e-01    1.063443791619e-01   6.571482328435e+01  -2.695745129947e+00
  2.907298758086e-01    7.975611801565e-02   6.954550255371e+01  -4.307716973777e-01
  3.223215620755e-01    1.193396588072e-01   6.751719095474e+01  -4.307716973777e-01
  3.594538235731e-01    8.585733572297e-02   6.871411772225e+01  -4.307716973777e-01
  1.922040169433e-01    5.823662245053e-02   7.037922530742e+01  -1.823404183826e+00
  1.787314273115e-01    4.756156298084e-03   7.108589549155e+01  -1.823404183826e+00
  9.948161711514e-02    3.295670091252e-02   7.100608297161e+01  -1.823404183826e+00
  1.919497732011e-01    5.831544808578e-02   7.038994605711e+01  -1.030359385496e+00
  2.710479726552e-01    5.740748641145e-03   7.045600910141e+01  -1.030359385496e+00
  1.789225175364e-01    4.521435078105e-03   7.106436006348e+01  -1.030359385496e+00
  2.710215626357e-01    5.625493763578e-03   7.045605654602e+01   7.701082473538e-01
  1.881085192407e-01   -4.918571424351e-02   7.046715149812e+01   7.701082473538e-01
  1.789352088189e-01    4.354936869915e-03   7.106435315505e+01   7.701082473538e-01
  3.579368176349e-01    8.557088691142e-02   6.873422658565e+01   2.561099045125e-01
  3.236836670581e-01    1.194852411412e-01   6.750321253169e+01   2.561099045125e-01
  3.481351939837e-01    1.101031466795e-01   6.643929346442e+01   2.561099045125e-01
  2.952272085833e-01    9.148765116978e-04   6.761302476574e+01   4.124279117538e+00
  3.024146623931e-01    6.855443581581e-02   6.687905168831e+01   4.124279117538e+00
  1.690497513629e-01   -6.416770767636e-04   6.668000099676e+01   4.124279117538e+00
  2.958682581634e-01    7.397889126642e-04   6.763576223748e+01   2.574569184220e+00
  3.596423875214e-01    8.561967412678e-02   6.872398821943e+01   2.574569184220e+00
  3.020453651378e-01    6.932522662565e-02   6.686439179066e+01   2.574569184220e+00
  1.686726965784e-01    5.604097123279e-04   6.667611980359e+01   4.283517999784e+00
  1.682424061995e-01    2.928439260357e-02   6.614883379222e+01   4.283517999784e+00
 -1.467555219330e-04   -7.714166194148e-04   6.670527163112e+01   4.283517999784e+00
  1.690608310392e-01    3.034620550636e-02   6.613331582057e+01   3.465206363353e+00
  1.682662895943e-01   -2.983110453698e-04   6.670125882339e+01   3.465206363353e+00
  3.033970181999e-01    6.818905731051e-02   6.686313242103e+01   3.465206363353e+00
  2.137510454981e-01    4.104141013470e-02   6.451071902792e+01   5.335242001000e+00
  1.915069034322e-03   -2.283924543191e-05   6.149391985446e+01   5.335242001000e+00
 -4.790522844007e-04   -5.555187128170e-05   6.589347688684e+01   5.335242001000e+00
  1.269947371413e-03   -1.215044996846e-04   3.392046486507e+01   3.418228374488e+00
  1.076792586919e-04    1.022888363193e-04   3.640560450984e+01   3.418228374488e+00
  2.394975719880e-01   -3.513030198134e-03   3.652807678833e+01   3.418228374488e+00
  3.032384057504e-01    6.870518518332e-02   6.685776304930e+01   3.392372074961e+00
  2.978025415740e-01    7.571076062373e-02   6.557747694471e+01   3.392372074961e+00
  1.694517056447e-01    2.984956819122e-02   6.612807633097e+01   3.392372074961e+00
  2.062310565724e-01    7.760192059106e-03   3.678138242026e+01  -3.436209073534e+00
 -4.976377866438e-05   -1.468905043260e-04   3.654912121455e+01  -3.436209073534e+00
  1.149023897545e-03    1.012229791432e-04   3.417159860732e+01  -3.436209073534e+00
  3.471826414141e-01    1.100013097300e-01   6.645957819537e+01   7.252560954638e-01
  3.670814855839e-01    1.199956040302e-01   6.472469316375e+01   7.252560954638e-01
  3.349682183737e-01    8.391291845913e-02   6.385891046224e+01   7.252560954638e-01
  3.656721221248e-01    1.201691584635e-01   6.474367090467e+01  -8.564247577665e-01
  3.482633574650e-01    1.099766063655e-01   6.643860381062e+01  -8.564247577665e-01
  3.237230722326e-01    1.197449272325e-01   6.749987024373e+01  -8.564247577665e-01
  2.981601043773e-01    7.584987341217e-02   6.557314307487e+01   3.182916130183e+00
  3.338999638915e-01    8.359589937891e-02   6.388159817464e+01   3.182916130183e+00
  2.118237246785e-01    4.125629909800e-02   6.450305306157e+01   3.182916130183e+00
  3.338969417207e-01    8.392146243263e-02   6.387790288631e+01   1.453890757654e+00
  2.982233425357e-01    7.578844092980e-02   6.557294848375e+01   1.453890757654e+00
  3.480176304308e-01    1.099388740516e-01   6.643954086960e+01   1.453890757654e+00
  2.112930113852e-01    4.135855498067e-02   6.451771302146e+01   2.983334775323e+00
  3.344907599581e-01    8.352732695051e-02   6.387753291531e+01   2.983334775323e+00
  2.517842476567e-01    3.819382858915e-02   6.136313494005e+01   2.983334775323e+00
  2.985141854960e-01    7.572993598335e-02   6.556417745363e+01   3.185411882672e+00
  2.113756245742e-01    4.136926575290e-02   6.451652261011e+01   3.185411882672e+00
  1.686423833981e-01    2.969170348732e-02   6.614869251343e+01   3.185411882672e+00
  3.674063435003e-01    1.200649087002e-01   6.471351314598e+01  -1.347671147206e-01
  3.991440687705e-01    9.051037481897e-02   6.164541800127e+01  -1.347671147206e-01
  3.346278170310e-01    8.386588340393e-02   6.386903287788e+01  -1.347671147206e-01
  3.481386052298e-01    1.097876802262e-01   6.644165862419e+01   1.986453062092e+00
  2.981040385337e-01    7.583487862120e-02   6.557252772033e+01   1.986453062092e+00
  3.026260220872e-01    6.891979221820e-02   6.687274411520e+01   1.986453062092e+00
  3.585320443695e-01    8.571535645422e-02   6.871994389611e+01   2.095772851005e+00
  3.475071927996e-01    1.098168638662e-01   6.644997289547e+01   2.095772851005e+00
  3.030945402892e-01    6.906794780821e-02   6.686041005825e+01   2.095772851005e+00
  2.127137614534e-01    4.123967696504e-02   6.452536502891e+01   6.141604800948e+00
  2.505186631060e-01    3.806392069184e-02   6.135778209088e+01   6.141604800948e+00
  3.465692881132e-03   -2.139046678559e-04   6.146378662522e+01   6.141604800948e+00
  3.235281383717e-01    1.198104096378e-01   6.752133749892e+01  -3.588301527806e+00
  2.267833408833e-01    9.557842249829e-02   6.847869263061e+01  -3.588301527806e+00
  2.724260624337e-01    1.063207532215e-01   6.573416415377e+01  -3.588301527806e+00
  6.712181766876e-03    1.770198605520e-04   5.653931983777e+00  -2.985309981470e+00
  4.315503334286e-01    5.329796370477e-03   3.400175987921e+00  -2.985309981470e+00
  3.717377040352e-01    9.517575132038e-03   6.437753462729e+00  -2.985309981470e+00
  9.255253903453e-02    3.152549972934e-03   7.164034360651e+01  -3.102830563970e+00
  6.106447423146e-04    8.987908927839e-04   7.118309309982e+01  -3.102830563970e+00
  9.913417724991e-02    3.239008657607e-02   7.099949761682e+01  -3.102830563970e+00
  9.301691421340e-02    3.203014800593e-03   7.163688592536e+01  -1.131476842641e+00
  1.267153499368e-04   -3.026859983115e-04   7.170193285035e+01  -1.131476842641e+00
  2.244767372800e-04    7.883377348582e-04   7.119330892016e+01  -1.131476842641e+00
  9.933709978760e-02    3.313711901951e-02   7.102425596373e+01  -6.925886809602e+00
  1.263332075347e-03    1.243340716061e-03   6.948009980811e+01  -6.925886809602e+00
  1.163653234960e-01    5.346185580362e-02   6.918560926306e+01  -6.925886809602e+00
  1.414404594907e-01    6.232838583140e-02   6.645182999858e+01  -9.181272084846e+00
  1.169265448031e-01    5.381891156904e-02   6.920004287415e+01  -9.181272084846e+00
  3.146543849142e-04    5.953647823218e-04   6.943380822679e+01  -9.181272084846e+00
  1.428668397101e-01    6.267988166528e-02   6.647035295356e+01  -6.568184025593e+00
  2.728757268283e-01    1.062434210837e-01   6.570695729204e+01  -6.568184025593e+00
  2.264149019841e-01    9.565913153229e-02   6.851806828867e+01  -6.568184025593e+00
  1.420576946862e-01    6.251447201556e-02   6.648014438868e+01  -6.101887249560e+00
  2.270670530783e-01    9.579682216626e-02   6.851066449902e+01  -6.101887249560e+00
  1.166925323930e-01    5.377502119109e-02   6.918133046144e+01  -6.101887249560e+00
  6.813681510633e-04    8.620144932123e-04   6.949058493791e+01  -5.008018940799e+00
  9.984197057183e-02    3.336797388478e-02   7.101864962106e+01  -5.008018940799e+00
  4.274559306245e-05   -1.092615978273e-04   7.115716721446e+01  -5.008018940799e+00
  1.927473528312e-01    5.875860863456e-02   7.039150578452e+01  -3.845393666054e+00
  9.910949588380e-02    3.259598697680e-02   7.099612770830e+01  -3.845393666054e+00
  1.165313763386e-01    5.394240697114e-02   6.920931898024e+01  -3.845393666054e+00
 -3.332851481085e-04    1.744985026408e-04   6.943491914488e+01  -9.805783234250e+00
  8.864802637570e-04    4.029605242981e-04   6.659621341293e+01  -9.805783234250e+00
  1.421518821918e-01    6.261707313331e-02   6.644761226993e+01  -9.805783234250e+00
  2.241681086038e-01    1.096304317110e-02   5.220982588383e+01  -6.337947716076e+00
  1.128339600432e-03    4.341601700746e-04   4.645409012320e+01  -6.337947716076e+00
  2.051121519423e-01    2.393645115418e-02   4.759462826253e+01  -6.337947716076e+00
  4.310846836307e-01   -8.168241220710e-03   2.469666430519e+01   2.314875930485e+00
  1.309276255431e-02    5.260913525493e-04   2.731884692774e+01   2.314875930485e+00
  4.878985806048e-01   -5.695362058668e-03   2.771435453123e+01   2.314875930485e+00
  1.686005186944e-01   -8.424427000369e-04   6.754581559752e+01  -4.592508816839e+00
  7.692285660432e-04   -4.805869814115e-04   6.700716312163e+01  -4.592508816839e+00
  1.282834310606e-01   -2.265552771995e-02   6.685242807087e+01  -4.592508816839e+00
  1.708775953822e-01    5.453621648928e-02   6.297964997824e+01  -1.292264225837e+01
  3.044923897158e-04    4.565485449064e-04   6.293443418764e+01  -1.292264225837e+01
  1.011661875343e-03   -3.031223402978e-04   5.893930867654e+01  -1.292264225837e+01
  1.698847265160e-01    5.521358083910e-02   6.293592148833e+01  -1.214740031815e+01
 -1.920329830321e-04    5.022720268887e-04   6.655828936327e+01  -1.214740031815e+01
  8.191823957861e-04    9.153254736554e-05   6.297754835494e+01  -1.214740031815e+01
  1.713402176141e-01    2.470429093891e-02   4.397302560400e+01  -5.035059186324e+00
  2.946448403506e-04   -2.422151667509e-04   4.179004410653e+01  -5.035059186324e+00
  1.434577026152e-01    1.924356175803e-02   4.164167052641e+01  -5.035059186324e+00
  1.425437035861e-01    6.233024289543e-02   6.646751040781e+01  -1.225060377627e+01
  6.081260629554e-04    8.671591681581e-04   6.655923749777e+01  -1.225060377627e+01
  1.689269180654e-01    5.492605659545e-02   6.293753081731e+01  -1.225060377627e+01
  3.137911854048e-01    2.451740000211e-02   3.940388536415e+01  -2.153774377992e+00
  2.190401701123e-01    1.585557049470e-02   3.934651856933e+01  -2.153774377992e+00
  2.164994349656e-01    8.143332254124e-03   3.800334606590e+01  -2.153774377992e+00
  1.884572711119e-01    3.135695809828e-02   5.891353768642e+01  -1.380196542066e+01
  6.648003697727e-04    5.451888479400e-04   5.887083685196e+01  -1.380196542066e+01
  1.026253407269e-03   -6.772965727952e-04   5.462043373786e+01  -1.380196542066e+01
  2.730453320523e-01    1.062555019682e-01   6.573932486041e+01  -8.075311181258e+00
  1.702207070390e-01    5.481033681514e-02   6.296841736478e+01  -8.075311181258e+00
  3.182914264236e-01    8.929216210983e-02   6.233302666990e+01  -8.075311181258e+00
  1.694124512449e-01    5.469552428255e-02   6.297650636217e+01  -7.709122366445e+00
  2.737198306343e-01    1.064222225671e-01   6.573232006648e+01  -7.709122366445e+00
  1.423217284174e-01    6.245076910189e-02   6.644222226563e+01  -7.709122366445e+00
  4.128563204449e-01    5.006121277499e-02   5.827156574744e+01   1.324935281567e+00
  2.543738312851e-01    3.852831818404e-02   6.133519512736e+01   1.324935281567e+00
  4.015965087526e-01    8.996762534508e-02   6.160674832488e+01   1.324935281567e+00
  2.545129984810e-01    3.808558833850e-02   6.133047174995e+01   2.055124860218e+00
  3.330406400228e-01    8.379891063884e-02   6.390519341428e+01   2.055124860218e+00
  4.011779146710e-01    9.026563730806e-02   6.161841695421e+01   2.055124860218e+00
  4.005642286440e-01    9.055276050507e-02   6.161598145697e+01  -3.057193926500e+00
  3.661122152221e-01    1.204192149941e-01   6.477162688186e+01  -3.057193926500e+00
  3.189467799341e-01    8.939309896811e-02   6.234583254248e+01  -3.057193926500e+00
  3.188840561722e-01    8.908753933797e-02   6.231481855630e+01  -4.007653500642e+00
  3.494987831427e-01    5.220181746375e-02   5.860856124870e+01  -4.007653500642e+00
  4.008528588666e-01    9.091558927293e-02   6.164779867514e+01  -4.007653500642e+00
  3.192350113663e-01    8.933161570606e-02   6.236354678637e+01  -8.626126161754e+00
  1.695191116559e-01    5.465355556675e-02   6.293745447384e+01  -8.626126161754e+00
  1.875147850581e-01    3.186662027849e-02   5.891539253504e+01  -8.626126161754e+00
  2.734819827755e-01    1.062450074382e-01   6.568991929515e+01  -4.021074264244e+00
  3.178606238992e-01    8.941959179941e-02   6.236832001712e+01  -4.021074264244e+00
  3.670818834244e-01    1.205129402728e-01   6.474810683980e+01  -4.021074264244e+00
  1.873334631881e-01    3.197187072117e-02   5.887110228546e+01  -9.114687526410e+00
  1.950195168504e-01    2.414010492731e-03   5.461225743785e+01  -9.114687526410e+00
  3.510085708837e-01    5.175833643505e-02   5.859954235021e+01  -9.114687526410e+00
  1.872712915620e-01    3.204512555751e-02   5.887594924240e+01  -1.478340970440e+01
  1.699139535497e-01    5.422632204268e-02   6.298218978049e+01  -1.478340970440e+01
  1.967860596796e-03   -4.710697727695e-05   5.892935103253e+01  -1.478340970440e+01
  4.149279654159e-01    4.983911160247e-02   5.827873493242e+01  -3.737489069896e+00
  3.500649727632e-01    5.154947057661e-02   5.854764574988e+01  -3.737489069896e+00
  3.622206417757e-01    5.437028957074e-03   5.464408288134e+01  -3.737489069896e+00
  3.504035933988e-01    5.204274667650e-02   5.858535244693e+01  -2.919959946199e+00
  4.143956654398e-01    4.937269928776e-02   5.824087993054e+01  -2.919959946199e+00
  3.999957125988e-01    9.090368202675e-02   6.167203303681e+01  -2.919959946199e+00
  2.842761843889e-01    1.665774439308e-02   5.704384910108e+01   1.528303777995e+00
  4.135457228833e-01    4.904225966253e-02   5.825225536232e+01   1.528303777995e+00
  4.143179548393e-01    5.294413689900e-03   5.462009832440e+01   1.528303777995e+00
  4.140724858741e-01    4.970858387126e-02   5.825494299587e+01   2.521178627729e+00
  2.836293538759e-01    1.604756437450e-02   5.704146564895e+01   2.521178627729e+00
  2.525878742334e-01    3.874320248239e-02   6.136172703471e+01   2.521178627729e+00
  3.613981756523e-01    4.938828014803e-03   5.458844008421e+01  -9.399913922802e+00
  3.501024990727e-01    5.161741669344e-02   5.860456813187e+01  -9.399913922802e+00
  1.961412206671e-01    2.401492545090e-03   5.460904974421e+01  -9.399913922802e+00
  1.883320550680e-01    3.198304938852e-02   5.890786598807e+01  -9.048872710091e+00
  3.499249270780e-01    5.191371915538e-02   5.856553968465e+01  -9.048872710091e+00
  3.184990765609e-01    8.912764860507e-02   6.237079050179e+01  -9.048872710091e+00
  2.266034864230e-03   -6.488032589046e-04   5.461243382872e+01  -1.547674245500e+01
  1.944642862776e-01    2.840788132733e-03   5.456822393261e+01  -1.547674245500e+01
  1.874416857369e-01    3.125675811623e-02   5.891525715994e+01  -1.547674245500e+01
  2.838040739105e-01    1.640397475414e-02   5.705124162338e+01   6.371409290907e+00
  2.848276921950e-01   -1.220208978185e-02   5.216440405094e+01   6.371409290907e+00
  2.909853060744e-03   -2.352363343284e-04   5.394292027493e+01   6.371409290907e+00
  2.303873046718e-03    6.549094052700e-04   5.453020744627e+01  -1.538825986453e+01
  1.859469385140e-01   -2.563739763080e-02   5.028396546435e+01  -1.538825986453e+01
  1.944398720775e-01    2.165422480836e-03   5.459315633077e+01  -1.538825986453e+01
  9.900944690505e-02    3.286962759007e-02   7.101317230083e+01  -1.154438653989e+00
  1.792461876694e-01    4.769832161543e-03   7.108033503551e+01  -1.154438653989e+00
  9.249494115355e-02    2.490064058807e-03   7.161833482439e+01  -1.154438653989e+00
  1.792401258724e-01    4.117045618114e-03   7.108118200073e+01   8.365205775083e-01
  9.715746903486e-02   -2.749648083432e-02   7.104128958423e+01   8.365205775083e-01
  9.248002313311e-02    2.669418177220e-03   7.161766800328e+01   8.365205775083e-01
  1.169995566027e-03   -3.852031775267e-04   5.396142077051e+01   7.099825187164e+00
  6.219876699565e-04    4.058604032657e-04   6.145592076952e+01   7.099825187164e+00
  2.854025719453e-01    1.663521928921e-02   5.704470482653e+01   7.099825187164e+00
  1.735180732373e-01    2.474348114283e-02   4.397763410356e+01  -5.789044501057e+00
  1.446073707553e-03   -1.376118165504e-05   4.646782330477e+01  -5.789044501057e+00
 -2.712062017853e-04   -6.395703626366e-06   4.374597928825e+01  -5.789044501057e+00
  4.133237698620e-01    7.362592679522e-04   3.654354556373e+01  -8.802819032503e-01
  3.514964972155e-01    6.822769243485e-03   3.643458360739e+01  -8.802819032503e-01
  4.403355048135e-01    4.263660045578e-03   3.305339627079e+01  -8.802819032503e-01
  3.833022067941e-01    3.621261270246e-02   5.102361260143e+01   3.210435059800e+00
  3.337427246323e-01    4.016220305230e-02   5.084831030202e+01   3.210435059800e+00
  3.464715961459e-01   -2.371364838951e-03   5.476127864673e+01   3.210435059800e+00
  3.825066480547e-01    3.606011660397e-02   5.104461609424e+01  -3.291808980235e+00
  2.243130705172e-01    1.020890530072e-02   5.221858016864e+01  -3.291808980235e+00
  2.058420109954e-01    2.465356798298e-02   4.759352069408e+01  -3.291808980235e+00
  1.786382185209e-01    2.571624887099e-02   5.052108395139e+01   1.463474523949e+01
  1.802707861932e-03    1.024970587871e-03   5.052061912787e+01   1.463474523949e+01
  1.915470229485e-01   -1.202900110101e-03   5.481706640807e+01   1.463474523949e+01
  1.918062769159e-01   -1.857772442695e-03   5.476455495605e+01   8.704207185897e+00
  3.344630773518e-01    4.041314685890e-02   5.079946033369e+01   8.704207185897e+00
  1.788281406386e-01    2.613909184064e-02   5.055180618382e+01   8.704207185897e+00
  1.796743181712e-01    2.616871859062e-02   5.051548777427e+01   8.456870356910e+00
  3.335326417208e-01    4.054436726130e-02   5.083171352611e+01   8.456870356910e+00
  3.026053665567e-01    7.413440069939e-02   4.706130314406e+01   8.456870356910e+00
  2.488480386265e-03   -1.407375421987e-05   5.044085663108e+01   1.387040494141e+01
  1.782316799633e-01    2.623180728475e-02   5.054696228464e+01   1.387040494141e+01
  1.614507536621e-01    4.658698766634e-02   4.650641159311e+01   1.387040494141e+01
  3.828744529408e-01    3.572787436126e-02   5.105869502319e+01   2.291980887311e+00
  3.750656075146e-01    7.067801080330e-02   4.757460893213e+01   2.291980887311e+00
  3.339828176448e-01    4.065938551474e-02   5.081250164710e+01   2.291980887311e+00
  5.390972342478e-04    7.844990274698e-05   6.455387365073e+01  -5.618888234757e+00
  2.039636943727e-01   -2.891837784221e-02   6.201038229499e+01  -5.618888234757e+00
  1.600563283683e-01   -3.101850845360e-02   6.511195789164e+01  -5.618888234757e+00
  2.108690265168e-01    7.944526812948e-02   4.124407738199e+01   3.279347461390e+00
  2.568552049315e-01    8.907687011398e-02   4.381733191563e+01   3.279347461390e+00
  3.010347342219e-01    9.435207865539e-02   4.205194696227e+01   3.279347461390e+00
  3.759292977836e-01    7.063908239180e-02   4.759927865947e+01   3.573634746430e+00
  3.030504307240e-01    7.402831526425e-02   4.711700522360e+01   3.573634746430e+00
  3.330414867046e-01    4.086468544442e-02   5.078957045219e+01   3.573634746430e+00
  1.616685910367e-01    4.706065579715e-02   4.652103615392e+01   7.488280185906e+00
  3.024202560889e-01    7.426645905212e-02   4.709835082075e+01   7.488280185906e+00
  2.574623825791e-01    8.901411933500e-02   4.381347959916e+01   7.488280185906e+00
  1.609670342105e-01    4.693871343945e-02   4.655019492966e+01   8.077395166977e+00
  1.787550870318e-01    2.609311458495e-02   5.050729011998e+01   8.077395166977e+00
  3.033634968418e-01    7.430201015644e-02   4.706909224093e+01   8.077395166977e+00
  3.457972329321e-01    9.535306923530e-02   4.458426793438e+01   3.667372293649e+00
  2.578862832561e-01    8.898196646646e-02   4.386125915695e+01   3.667372293649e+00
  3.019832582254e-01    7.439600271257e-02   4.706477092649e+01   3.667372293649e+00
  1.293692985919e-03   -2.542994792201e-04   5.043146184995e+01   1.217310566445e+01
  1.624858500035e-01    4.687202153205e-02   4.650905272456e+01   1.217310566445e+01
  1.630086430591e-04    4.007884820195e-04   4.654898275350e+01   1.217310566445e+01
  3.757409196232e-01    7.026557895879e-02   4.762910429569e+01   2.581158899879e+00
  3.448818322795e-01    9.529326350545e-02   4.456013448915e+01   2.581158899879e+00
  3.030375987825e-01    7.433201934431e-02   4.708789518258e+01   2.581158899879e+00
  3.811237096564e-01    3.642412331253e-02   5.103165680044e+01  -1.903110149314e+00
  2.077979895290e-01    2.442718404197e-02   4.761561482803e+01  -1.903110149314e+00
  3.769984800658e-01    6.968881709412e-02   4.763627456456e+01  -1.903110149314e+00
  5.051411118488e-04   -9.028704294327e-05   5.828068116057e+01  -7.385520745211e+00
  9.479617115488e-04    2.608954722914e-04   5.402486567510e+01  -7.385520745211e+00
  2.224635226693e-01   -1.181186262897e-02   5.742539927048e+01  -7.385520745211e+00
  1.337657195172e-01    5.301194095167e-02   4.319925893548e+01   7.128874560309e+00
  1.609147594878e-01    4.696133485083e-02   4.651211593150e+01   7.128874560309e+00
  2.580935474368e-01    8.916668208338e-02   4.382104904273e+01   7.128874560309e+00
  1.614593179476e-01    4.749427891245e-02   4.655070380139e+01   1.133404684071e+01
 -9.082237266378e-05    5.627706572183e-04   4.305638843971e+01   1.133404684071e+01
  7.252883154346e-04    4.740111422106e-05   4.650776268706e+01   1.133404684071e+01
  7.763343557098e-04    9.983063233537e-04   4.305552658529e+01   1.125532418978e+01
  1.604943803247e-01    4.719775138126e-02   4.654863973280e+01   1.125532418978e+01
  1.338577249917e-01    5.280725421014e-02   4.317613022180e+01   1.125532418978e+01
  1.290384568694e-01   -2.278206741560e-02   6.684319438120e+01  -4.296013869594e+00
 -2.491911461554e-05   -1.863810350963e-05   6.702636900659e+01  -4.296013869594e+00
  4.192286519560e-04   -4.032935055088e-05   6.629437368772e+01  -4.296013869594e+00
  1.104996511178e-01    4.757127547518e-02   4.051657825115e+01   7.622399999106e+00
 -7.348003268935e-05    7.233218352130e-05   4.051073303924e+01   7.622399999106e+00
  1.072334349501e-03    5.565408470767e-04   4.298639032999e+01   7.622399999106e+00
  1.094977102696e-01    4.699264151107e-02   4.054026736172e+01   6.133954661858e+00
 -2.710829381201e-04   -2.504248263656e-04   3.873064452430e+01   6.133954661858e+00
  4.734550527571e-04    3.793562422533e-04   4.048707024298e+01   6.133954661858e+00
  1.432243364652e-01    1.888935455910e-02   4.163916096006e+01  -4.768251874474e+00
  3.403111367750e-04    7.996112708537e-05   4.178190166174e+01  -4.768251874474e+00
 -9.870517957387e-05   -2.033484847837e-04   3.944880078535e+01  -4.768251874474e+00
  1.098196354944e-01    4.723863337089e-02   4.051333307404e+01   9.485771088537e+00
  1.869330830004e-03    9.853659048948e-04   4.299629705185e+01   9.485771088537e+00
  1.332409250701e-01    5.280467893893e-02   4.319570210742e+01   9.485771088537e+00
  2.524886328550e-01   -2.091596281567e-02   3.946361108209e+01   3.759887371705e+00
  2.494457651271e-01   -9.671723672246e-03   3.788021949741e+01   3.759887371705e+00
  2.255234229036e-03   -1.092572472157e-04   3.947602006204e+01   3.759887371705e+00
  9.125519607727e-02    2.607501690045e-02   3.900155107964e+01   3.410860101610e+00
  1.091536333953e-01    4.715096669514e-02   4.052161522762e+01   3.410860101610e+00
  1.766021626707e-01    4.640417036365e-02   3.954960202920e+01   3.410860101610e+00
  2.111681725616e-01    7.970993864034e-02   4.121084495263e+01   5.500119792051e+00
  1.092851420379e-01    4.696499368687e-02   4.054838001565e+01   5.500119792051e+00
  1.336620678166e-01    5.309499861301e-02   4.316576705991e+01   5.500119792051e+00
  2.504887829144e-04    8.127979249756e-04   3.870156742934e+01   8.653254360365e-01
  8.609686573973e-02    3.574922718982e-04   3.842485010555e+01   8.653254360365e-01
  1.545003768809e-04   -3.387119029510e-04   3.824057624255e+01   8.653254360365e-01
  6.825740002200e-04    1.001631391660e-03   3.870975794251e+01   2.532343870996e+00
  9.104874650917e-02    2.573009156176e-02   3.899642912593e+01   2.532343870996e+00
  8.566351967050e-02    2.717659281400e-04   3.842002030095e+01   2.532343870996e+00
  1.653432025742e-01   -6.558725935221e-04   3.895431741481e+01   8.846642669616e-01
  8.569449169074e-02   -3.488095587725e-04   3.843931272853e+01   8.846642669616e-01
  9.098136436212e-02    2.623676433335e-02   3.898200069176e+01   8.846642669616e-01
  2.568676234463e-04    4.739420085013e-04   3.823066580860e+01  -1.267417309054e+00
  8.591150226487e-02   -4.961413000680e-04   3.843638604166e+01  -1.267417309054e+00
  9.241551366372e-02   -2.711239023399e-02   3.884643136268e+01  -1.267417309054e+00
  1.761041210980e-01    4.635663141637e-02   3.954284033477e+01   3.927284373773e+00
  1.097224316021e-01    4.724585966462e-02   4.053087874698e+01   3.927284373773e+00
  2.104415210296e-01    7.934925480801e-02   4.122925942518e+01   3.927284373773e+00
  9.137205778842e-02    2.628243307231e-02   3.899045727062e+01   4.963744893527e+00
  1.998035964670e-04   -3.580660540938e-06   3.873432460599e+01   4.963744893527e+00
  1.088668874299e-01    4.674396444987e-02   4.053654948746e+01   4.963744893527e+00
  1.343906463739e-01    5.326631568186e-02   4.317338021987e+01   6.085530009727e+00
  2.572386479284e-01    8.897962338047e-02   4.384459134570e+01   6.085530009727e+00
  2.105790423850e-01    7.957916119983e-02   4.120397325607e+01   6.085530009727e+00
  2.865483846833e-01   -1.281470394714e-02   5.217023630637e+01   7.128983149919e+00
  6.545076854413e-04   -4.381105758009e-04   4.657535978554e+01   7.128983149919e+00
  1.057923446419e-03    2.842130781803e-04   5.392175962278e+01   7.128983149919e+00
  3.764571088767e-01    6.994654437159e-02   4.762783328468e+01  -2.643570159338e+00
  2.081097217948e-01    2.404179753364e-02   4.761461857169e+01  -2.643570159338e+00
  3.061049210927e-01    6.032652579564e-02   4.500856963549e+01  -2.643570159338e+00
  2.532304410763e-01   -2.136973825565e-02   3.946874586606e+01   3.879622662212e+00
  1.324904485098e-03    5.429775457952e-04   3.949010623962e+01   3.879622662212e+00
  1.897582949215e-01   -2.597697057843e-02   4.188797738565e+01   3.879622662212e+00
  1.716760820172e-01    2.492147570569e-02   4.397676371432e+01  -3.432049473111e+00
  1.434256052100e-01    1.916081774921e-02   4.164109381618e+01  -3.432049473111e+00
  2.772997815368e-01    5.246095146394e-02   4.302693012325e+01  -3.432049473111e+00
  1.725771898099e-01    2.483933904500e-02   4.397362532896e+01  -6.439745581764e+00
  2.041273542370e-01    2.414629398469e-02   4.758445404561e+01  -6.439745581764e+00
  2.562315088055e-03   -5.979763092742e-05   4.647377494178e+01  -6.439745581764e+00
  3.071430372081e-01    6.034732714422e-02   4.503378150222e+01  -1.493252199025e+00
  2.767330768873e-01    5.253202335930e-02   4.302200614788e+01  -1.493252199025e+00
  3.271010982355e-01    8.113736193052e-02   4.268192969235e+01  -1.493252199025e+00
  2.768185831546e-01    5.258723076992e-02   4.301806236313e+01  -3.619559938999e+00
  3.070154672240e-01    6.005051412290e-02   4.503551941407e+01  -3.619559938999e+00
  1.723169051906e-01    2.482822817258e-02   4.399060297927e+01  -3.619559938999e+00
  2.856790822809e-01    5.028401773519e-02   4.153074877063e+01  -1.802138768922e+00
  3.270507628464e-01    8.086392372692e-02   4.268837438575e+01  -1.802138768922e+00
  2.767272175007e-01    5.264369264713e-02   4.301781485662e+01  -1.802138768922e+00
  3.082766579549e-01    6.034047546611e-02   4.505189332199e+01  -9.734761982478e-01
  3.261624639502e-01    8.121368336069e-02   4.266279432728e+01  -9.734761982478e-01
  3.458461613999e-01    9.479764628332e-02   4.460868129214e+01  -9.734761982478e-01
  2.763876769667e-01    5.243647727949e-02   4.302028774497e+01  -3.306266862539e+00
  1.445123997147e-01    1.924152912313e-02   4.165322479176e+01  -3.306266862539e+00
  2.862780555858e-01    5.024847719500e-02   4.153525211091e+01  -3.306266862539e+00
  1.716568379458e-01    2.488423095879e-02   4.398097515540e+01  -3.486206640294e+00
  3.076920189921e-01    6.003691466599e-02   4.503620787253e+01  -3.486206640294e+00
  2.052991104687e-01    2.419725188437e-02   4.758179924637e+01  -3.486206640294e+00
  2.206014020999e-01    1.625595589642e-02   3.935441765217e+01  -3.900454558078e+00
  1.430209458687e-01    1.912845530278e-02   4.163856922235e+01  -3.900454558078e+00
  4.050176141532e-04   -4.128504142373e-04   3.945713424786e+01  -3.900454558078e+00
  2.055952322596e-01    7.717554230158e-03   3.677857288651e+01  -3.421061503824e+00
  2.156104906920e-01    8.004101407148e-03   3.799180011906e+01  -3.421061503824e+00
  5.862424496667e-04   -1.991607149985e-04   3.655178293649e+01  -3.421061503824e+00
  3.512865329550e-01    6.985342419045e-03   3.645180581240e+01  -2.087310267855e+00
  2.162260459223e-01    8.267951757150e-03   3.800380602051e+01  -2.087310267855e+00
  2.055915765082e-01    7.866073248528e-03   3.677935001389e+01  -2.087310267855e+00
  2.196470414764e-01    1.555837659534e-02   3.936314105898e+01  -2.451300742066e+00
  3.134756692017e-01    2.505516087876e-02   3.938475585315e+01  -2.451300742066e+00
  2.851987626639e-01    5.018583278486e-02   4.151771015163e+01  -2.451300742066e+00
  4.053699140509e-01   -1.992245218944e-03   1.169832915815e+01  -2.616916768211e+00
  1.006002825289e-02   -3.095484993335e-04   8.710137462487e+00  -2.616916768211e+00
  4.874712696821e-01    2.894755260218e-03   8.921880149259e+00  -2.616916768211e+00
  3.290799038300e-01    6.263226849114e-02   4.086070598313e+01  -1.593568286256e+00
  3.263124284031e-01    8.080637760820e-02   4.268126384154e+01  -1.593568286256e+00
  2.863323448787e-01    5.046846578588e-02   4.154009467999e+01  -1.593568286256e+00
  3.732944803393e-01   -2.724055354904e-03   3.661401569969e+01   2.032943627934e+00
  2.501807061580e-01   -9.723012505042e-03   3.790271941791e+01   2.032943627934e+00
  3.386336671628e-01   -2.838155599193e-02   3.934444601700e+01   2.032943627934e+00
  2.191969762151e-01    1.587503363066e-02   3.934398967790e+01  -3.238979196903e+00
  2.861582497748e-01    4.993015655238e-02   4.153161784196e+01  -3.238979196903e+00
  1.444080479571e-01    1.955568868492e-02   4.164402076909e+01  -3.238979196903e+00
  1.430286370085e-04   -1.213076640594e-04   3.655268232367e+01  -3.593207849963e+00
  2.160709203793e-01    7.964636258319e-03   3.798940903956e+01  -3.593207849963e+00
  5.501649047320e-04   -4.760575332007e-05   3.776816735136e+01  -3.593207849963e+00
  3.703224877570e-03    3.205947094500e-04   3.417256436918e+01  -2.762666956538e+00
  4.456118001629e-01    4.691564010956e-03   3.309806770619e+01  -2.762666956538e+00
  2.051989775612e-01    7.932821385241e-03   3.679782682893e+01  -2.762666956538e+00
  2.629609102836e-01    6.002760249787e-02   4.035373400034e+01   1.644859791253e+00
  2.108093991087e-01    7.940107905459e-02   4.122544854993e+01   1.644859791253e+00
  3.008910026618e-01    9.422266944169e-02   4.207020926730e+01   1.644859791253e+00
  3.445290311144e-01    9.500442989997e-02   4.458574257702e+01   8.098323273766e-01
  3.270534582662e-01    8.116032036736e-02   4.268890168205e+01   8.098323273766e-01
  3.012700767925e-01    9.426605673904e-02   4.207397878541e+01   8.098323273766e-01
  1.649935800352e-01   -8.724447822766e-04   3.897004993951e+01   8.069397820843e-01
  1.758631838285e-01    4.604373483700e-02   3.954921356033e+01   8.069397820843e-01
  2.470906428358e-01   -1.981520168491e-03   3.966778819883e+01   8.069397820843e-01
  1.763971088756e-01    4.621659350240e-02   3.957021966088e+01   2.343447547207e+00
  2.100560449066e-01    7.938645274008e-02   4.121029934132e+01   2.343447547207e+00
  2.635236151797e-01    5.997272668266e-02   4.036684075338e+01   2.343447547207e+00
  2.464589698503e-01   -1.908799248051e-03   3.965570383925e+01   5.870231240232e-01
  1.764835422014e-01    4.606615321256e-02   3.956096234354e+01   5.870231240232e-01
  2.633206714128e-01    5.988131266526e-02   4.037685230180e+01   5.870231240232e-01
  1.761290607403e-01    4.600157263504e-02   3.956061212090e+01   1.465609675628e+00
  1.648043493355e-01   -6.764540678948e-04   3.894938032066e+01   1.465609675628e+00
  9.150289683114e-02    2.634208497317e-02   3.898872770243e+01   1.465609675628e+00
  2.999382149499e-01    9.383288039306e-02   4.205063032612e+01   5.742359282758e-01
  3.296395479246e-01    6.268685829272e-02   4.088178639982e+01   5.742359282758e-01
  2.643451348055e-01    6.035614278031e-02   4.039903395106e+01   5.742359282758e-01
  3.002078440364e-01    9.433759194497e-02   4.203065547759e+01   2.418373009965e+00
  2.578420978243e-01    8.907972679240e-02   4.383772318062e+01   2.418373009965e+00
  3.456850549033e-01    9.519435213328e-02   4.460839570296e+01   2.418373009965e+00
  3.284648632372e-01    6.185333916842e-02   4.086037731696e+01  -1.542778874536e+00
  3.143750188685e-01    2.488363335617e-02   3.939766781887e+01  -1.542778874536e+00
  3.600247944646e-01    1.907170472978e-02   3.917606954702e+01  -1.542778874536e+00
  3.011552549657e-01    9.395526757930e-02   4.207160435077e+01  -7.292166125862e-02
  3.269694720278e-01    8.125829766852e-02   4.268664193475e+01  -7.292166125862e-02
  3.283523667086e-01    6.240211136573e-02   4.084998291353e+01  -7.292166125862e-02
  3.247683146514e-01   -3.315437402203e-02   4.006987143585e+01  -1.494265745218e-01
  2.476177327734e-01   -2.024205925159e-03   3.968962825658e+01  -1.494265745218e-01
  3.187726779739e-01    2.702699956735e-02   4.007921992217e+01  -1.494265745218e-01
  2.469870457769e-01   -1.519819728991e-03   3.967791334807e+01   2.688235130370e-01
  2.630652770143e-01    5.948575494961e-02   4.037375949118e+01   2.688235130370e-01
  3.192361077217e-01    2.683082932007e-02   4.009119565090e+01   2.688235130370e-01
  3.606928985563e-01    1.914601391301e-02   3.918729721308e+01  -1.855549609340e-01
  3.199822696664e-01    2.733831173290e-02   4.009814707363e+01  -1.855549609340e-01
  3.277935677654e-01    6.217892260449e-02   4.085180507382e+01  -1.855549609340e-01
  3.613530944286e-01    1.978229903763e-02   3.918332980396e+01  -6.042232166399e-01
  3.775392014571e-01   -3.910381156316e-03   3.910553224215e+01  -6.042232166399e-01
  3.196317067542e-01    2.643595003609e-02   4.010083314053e+01  -6.042232166399e-01
  4.073504022140e-01    3.354596147159e-03   3.795269821913e+01  -4.351033687448e-01
  3.777710779547e-01   -3.327300154002e-03   3.910697964893e+01  -4.351033687448e-01
  3.607412720030e-01    1.915976030924e-02   3.917189472580e+01  -4.351033687448e-01
  3.184347300315e-01    2.669211029350e-02   4.006618170542e+01  -3.684806659428e-01
  2.643822720405e-01    5.981915934992e-02   4.039874682694e+01  -3.684806659428e-01
  3.295360986178e-01    6.305375463555e-02   4.087798505677e+01  -3.684806659428e-01
  2.855672806835e-01    5.074306989423e-02   4.151844764108e+01  -1.376637723148e+00
  3.133465345889e-01    2.476161556914e-02   3.937984127410e+01  -1.376637723148e+00
  3.297767718857e-01    6.227346291659e-02   4.087325734616e+01  -1.376637723148e+00
  1.649689132915e-01   -1.047774739980e-03   3.896899199197e+01  -1.028533257118e+00
  2.471186013172e-01   -2.026089950420e-03   3.966911494629e+01  -1.028533257118e+00
  1.791443156036e-01   -4.862323138592e-02   3.948937719163e+01  -1.028533257118e+00
  4.469079770356e-01    1.063028993852e-03   1.394388962253e+01   2.289706085855e+00
  1.312288031957e-02    5.288625896048e-04   1.419432420212e+01   2.289706085855e+00
  4.494296764732e-01    1.233560780000e-03   1.762830401031e+01   2.289706085855e+00
  3.077661044330e-01    6.030618077495e-02   4.504556205355e+01  -1.530020253140e-01
  3.462948637768e-01    9.487873958836e-02   4.461718813184e+01  -1.530020253140e-01
  3.742995315925e-01    7.024647145252e-02   4.760139819808e+01  -1.530020253140e-01
  3.227090683967e-01    3.186430113869e-03  -4.871575922758e-03   3.143060231797e+00
  4.476645398604e-04   -4.325629527800e-05   8.233660744818e-03   3.143060231797e+00
  1.685266597224e-03    7.595895756564e-05   2.364260973356e+00   3.143060231797e+00
  8.578853870044e-02   -1.942401062497e-04   3.844231523648e+01  -1.042971915543e+00
  1.653173413371e-01   -1.205952944844e-03   3.895534847469e+01  -1.042971915543e+00
  9.249859677085e-02   -2.773871263610e-02   3.884555236544e+01  -1.042971915543e+00
  1.409622942458e-01   -5.588164079372e-02   4.296205034722e+01  -1.055499918361e+01
  1.075458723985e-03   -9.706506301199e-05   4.627814205191e+01  -1.055499918361e+01
  8.582887529611e-05   -3.030362335944e-04   4.299091596401e+01  -1.055499918361e+01
  2.065972886097e-01    8.120688501970e-03   3.679513386091e+01  -2.064890326615e+00
  4.425222063859e-01    4.491705339192e-03   3.307946359685e+01  -2.064890326615e+00
  3.503636410829e-01    6.908152642073e-03   3.642782286092e+01  -2.064890326615e+00
  9.825975629087e-04    2.994486455147e-04   5.024160336516e+01  -1.244285490014e+01
  4.905350414214e-04   -5.278706645913e-04   4.634456360813e+01  -1.244285490014e+01
  1.671297060897e-01   -4.683987052913e-02   4.633512774382e+01  -1.244285490014e+01
 -1.564866965453e-04   -1.552926876862e-04   4.178478596501e+01  -5.722974457480e+00
  1.719712279233e-01    2.460700222016e-02   4.397592620853e+01  -5.722974457480e+00
  4.288700061712e-04    5.656278738298e-05   4.374768585513e+01  -5.722974457480e+00
  1.401769119297e-01   -5.555018136394e-02   4.295862592443e+01  -1.263153023622e+01
  1.657928883813e-01   -4.709582086627e-02   4.637223906848e+01  -1.263153023622e+01
  1.874767792718e-03   -4.176934036530e-04   4.628960797707e+01  -1.263153023622e+01
  1.892008888903e-03    8.653209697591e-05   5.025256561703e+01  -1.445266360527e+01
  1.663008374330e-01   -4.662602743158e-02   4.633123957099e+01  -1.445266360527e+01
  1.857663313666e-01   -2.640023045878e-02   5.032385999211e+01  -1.445266360527e+01
  6.924183708923e-04   -2.582650934890e-04   4.295682275826e+01  -9.332498165156e+00
 -3.279060396295e-04   -1.710521915470e-04   4.030368826591e+01  -9.332498165156e+00
  1.397734709089e-01   -5.592358252066e-02   4.299702190756e+01  -9.332498165156e+00
  4.388742827941e-01   -9.582342820386e-03   2.488937674272e+01  -4.794557821243e-01
  3.802847795432e-01   -9.479084886228e-03   2.512987473930e+01  -4.794557821243e-01
  3.429923026933e-01   -5.949906271768e-03   2.228329243361e+01  -4.794557821243e-01
  9.304693921817e-02   -2.805307641055e-02   3.883994478784e+01  -6.462537099110e+00
  1.114127687593e-01   -4.665173444966e-02   4.050671783802e+01  -6.462537099110e+00
  1.331769539212e-03   -1.148101699394e-03   4.026473386266e+01  -6.462537099110e+00
  2.970697452542e-04   -3.808860360386e-04   3.881383882052e+01  -2.802221087666e+00
 -1.157055078623e-04    5.614498261052e-04   3.822280238540e+01  -2.802221087666e+00
  9.294012196442e-02   -2.724780260427e-02   3.885135528444e+01  -2.802221087666e+00
  1.394824262847e-01   -5.571992573912e-02   4.296913057051e+01  -5.809712582034e+00
  1.117892978419e-01   -4.695932051068e-02   4.051108864333e+01  -5.809712582034e+00
  2.177887613593e-01   -8.248588949195e-02   4.114896714691e+01  -5.809712582034e+00
  1.389762229070e-01   -5.561385973459e-02   4.299438995787e+01  -8.699994639937e+00
  3.283782856166e-04   -5.606709394141e-04   4.030541087526e+01  -8.699994639937e+00
  1.119901783675e-01   -4.697130913805e-02   4.049426190337e+01  -8.699994639937e+00
  1.793986701173e-01   -4.898735300054e-02   3.948039340462e+01  -4.265448273394e+00
  2.170762450115e-01   -8.216308643083e-02   4.116600576545e+01  -4.265448273394e+00
  1.122537684848e-01   -4.725313692491e-02   4.049128998287e+01  -4.265448273394e+00
  1.661207031846e-01   -4.711949371811e-02   4.633785459195e+01  -7.421404447937e+00
  1.396036416901e-01   -5.562156461844e-02   4.300041163101e+01  -7.421404447937e+00
  2.684071783585e-01   -9.273791583196e-02   4.370230511661e+01  -7.421404447937e+00
  1.116492669017e-01   -4.709920088627e-02   4.048447115412e+01  -3.599384834084e+00
  9.269922889748e-02   -2.753565273143e-02   3.886659323330e+01  -3.599384834084e+00
  1.799131200749e-01   -4.906644898060e-02   3.948641595969e+01  -3.599384834084e+00
  7.413558546018e-04   -7.961594317734e-04   4.025590564245e+01  -4.514439240378e+00
 -5.373004553077e-05    1.587215543473e-04   3.882407447489e+01  -4.514439240378e+00
  9.358426148388e-02   -2.827472961065e-02   3.884265444905e+01  -4.514439240378e+00
  2.254743566943e-01   -3.318385042953e-02   4.427103741985e+01   6.136960739897e+00
  3.141450019404e-03    1.054827389225e-04   4.658747641483e+01   6.136960739897e+00
  2.598524000411e-01   -3.035734337838e-02   4.774790769368e+01   6.136960739897e+00
  2.675199332188e-01   -9.253747165333e-02   4.372565570134e+01  -6.335770615046e+00
  1.401901588360e-01   -5.583794861017e-02   4.297797289935e+01  -6.335770615046e+00
  2.172000629159e-01   -8.237846541280e-02   4.114190465706e+01  -6.335770615046e+00
  3.490085194435e-01   -4.127429529516e-02   5.061031703650e+01  -9.334476149322e+00
  3.613945335379e-01    4.576765605672e-03   5.460265131113e+01  -9.334476149322e+00
  1.961208076141e-01    2.639513455656e-03   5.455271456259e+01  -9.334476149322e+00
  3.488526168852e-01   -4.155582140195e-02   5.064906617838e+01  -8.909039211977e+00
  1.867520190561e-01   -2.628977552443e-02   5.029355856011e+01  -8.909039211977e+00
  3.157087317344e-01   -7.676212603636e-02   4.692318129086e+01  -8.909039211977e+00
  3.633026047388e-01    4.333745232298e-03   5.456383253060e+01  -2.723996170771e+00
  4.158109834242e-01   -3.888197958715e-02   5.090992129660e+01  -2.723996170771e+00
  4.142031383501e-01    5.042450853275e-03   5.462336533884e+01  -2.723996170771e+00
  2.857719057945e-01   -1.235402950119e-02   5.217334517482e+01   1.556068783769e+00
  4.142675970615e-01    4.315830838180e-03   5.460050084265e+01   1.556068783769e+00
  4.155726454255e-01   -3.800040860090e-02   5.095618443215e+01   1.556068783769e+00
  4.151997841114e-01    4.810407988822e-03   5.461043024933e+01   2.578116472460e+00
  2.848080101882e-01   -1.281376122454e-02   5.216226015607e+01   2.578116472460e+00
  2.834442311121e-01    1.713157556036e-02   5.705533144432e+01   2.578116472460e+00
  3.633657933922e-01    5.245611556790e-03   5.462782199260e+01  -2.771815454922e+00
  4.141756344285e-01    4.582790146200e-03   5.459374910245e+01  -2.771815454922e+00
  4.139191084461e-01    4.992396825453e-02   5.829941433674e+01  -2.771815454922e+00
  4.168545426969e-01   -3.873090025911e-02   5.093040069953e+01  -3.771875506323e+00
  3.621256958528e-01    4.077462186083e-03   5.454781246081e+01  -3.771875506323e+00
  3.490462350620e-01   -4.116830620168e-02   5.066748225676e+01  -3.771875506323e+00
  1.949995684429e-01    2.581214838597e-03   5.454896404020e+01  -9.085848051247e+00
  1.858046782845e-01   -2.631702139426e-02   5.032890891491e+01  -9.085848051247e+00
  3.499043564877e-01   -4.137466516825e-02   5.061585363814e+01  -9.085848051247e+00
  4.035321096912e-01   -7.582159955320e-02   4.759648532902e+01  -3.048409218703e+00
  3.161376694981e-01   -7.699735985007e-02   4.694875552370e+01  -3.048409218703e+00
  3.658595227017e-01   -1.019704102184e-01   4.454202721098e+01  -3.048409218703e+00
  3.164353214689e-01   -7.693937545729e-02   4.693081866436e+01  -8.512210424647e+00
  1.859364209891e-01   -2.620211873282e-02   5.028564953778e+01  -8.512210424647e+00
  1.660623731861e-01   -4.709525468441e-02   4.637495327526e+01  -8.512210424647e+00
  4.147630663496e-01   -3.899084833507e-02   5.094026831793e+01   1.305500299961e+00
  4.047047103962e-01   -7.525350860824e-02   4.760342469061e+01   1.305500299961e+00
  2.635702043922e-01   -3.080564892357e-02   4.777247146226e+01   1.305500299961e+00
  4.164073039472e-01   -3.826744109583e-02   5.096684457182e+01  -2.851914262157e+00
  3.493055332587e-01   -4.165131102127e-02   5.063123416516e+01  -2.851914262157e+00
  4.028927874609e-01   -7.623038767752e-02   4.754218728411e+01  -2.851914262157e+00
  2.681375202155e-01   -9.251075434763e-02   4.374403649096e+01  -4.057358857852e+00
  3.667733892867e-01   -1.020220469639e-01   4.456597512943e+01  -4.057358857852e+00
  3.150807887691e-01   -7.706233511322e-02   4.692574550508e+01  -4.057358857852e+00
  4.160460020847e-01   -3.860812256704e-02   5.095424817730e+01   2.583868863719e+00
  2.617084969351e-01   -3.105107644033e-02   4.774999289731e+01   2.583868863719e+00
  2.851965737657e-01   -1.184735753095e-02   5.217495189828e+01   2.583868863719e+00
  4.042383135400e-01   -7.552803076990e-02   4.759451698143e+01   2.066043063178e+00
  3.439562726814e-01   -6.896131611332e-02   4.513567172247e+01   2.066043063178e+00
  2.637686642407e-01   -3.038828302822e-02   4.777308228381e+01   2.066043063178e+00
  4.037473469292e-01   -7.618880534864e-02   4.756663956655e+01  -4.051952280801e+00
  3.483832857710e-01   -4.185860118404e-02   5.060807418597e+01  -4.051952280801e+00
  3.161281415013e-01   -7.669169461612e-02   4.697790215487e+01  -4.051952280801e+00
  1.668730936422e-01   -4.724783071655e-02   4.634561108884e+01  -7.942036530125e+00
  2.677855097810e-01   -9.258335712741e-02   4.369502594589e+01  -7.942036530125e+00
  3.154610826264e-01   -7.690804350372e-02   4.695981481565e+01  -7.942036530125e+00
  1.904909584236e-01   -2.609920946953e-02   4.189336576659e+01   5.032555556851e+00
  7.473204681630e-04    2.310159360771e-04   4.190311090177e+01   5.032555556851e+00
  2.250199524366e-01   -3.308818855653e-02   4.427566057952e+01   5.032555556851e+00
  3.149035098828e-01   -1.004021215278e-01   4.203581772022e+01  -3.593930421897e+00
  2.671358405187e-01   -9.260605008195e-02   4.370096164781e+01  -3.593930421897e+00
  2.175081145757e-01   -8.229913003532e-02   4.117864804729e+01  -3.593930421897e+00
  1.071462052392e-03    6.594993674614e-04   5.452181432117e+01  -1.364378259908e+01
  6.072001400442e-04   -5.061454537285e-04   5.031131587721e+01  -1.364378259908e+01
  1.869538722029e-01   -2.571031965820e-02   5.028600330704e+01  -1.364378259908e+01
  2.464804283334e-01   -2.089469157868e-03   3.965658469083e+01  -8.617251538365e-01
  2.700490218568e-01   -6.474921439038e-02   4.035057949879e+01  -8.617251538365e-01
  1.797683244480e-01   -4.865107630304e-02   3.950186542353e+01  -8.617251538365e-01
  9.300159327812e-02   -2.781311328253e-02   3.885489959973e+01  -1.669002296752e+00
  1.647892088248e-01   -1.205548160676e-03   3.894962256217e+01  -1.669002296752e+00
  1.793812084198e-01   -4.861115860877e-02   3.949910293434e+01  -1.669002296752e+00
  3.140743929334e-01   -1.003901261621e-01   4.201471421893e+01  -2.787095828029e+00
  3.666284764415e-01   -1.018601233195e-01   4.458958366981e+01  -2.787095828029e+00
  2.681159556355e-01   -9.260504182162e-02   4.372146425294e+01  -2.787095828029e+00
  2.174782521456e-01   -8.226637294911e-02   4.116047941196e+01  -1.971522541274e+00
  2.697194432983e-01   -6.490291504472e-02   4.032804393430e+01  -1.971522541274e+00
  3.147434087865e-01   -1.002708632471e-01   4.205317885006e+01  -1.971522541274e+00
  3.486484202237e-01   -7.021666494907e-02   4.091898401815e+01  -8.437304372131e-01
  3.138330314977e-01   -9.989864754814e-02   4.203478898723e+01  -8.437304372131e-01
  2.710595215409e-01   -6.523071709224e-02   4.037235355706e+01  -8.437304372131e-01
  3.151193167162e-01   -1.003238837834e-01   4.205669867638e+01  -1.152614194499e+00
  3.524876206663e-01   -8.982926719485e-02   4.276066648823e+01  -1.152614194499e+00
  3.654964295095e-01   -1.016744900623e-01   4.456792710669e+01  -1.152614194499e+00
  3.485127770630e-01   -7.053753062287e-02   4.091327711941e+01   6.730328298927e-02
  2.711289585942e-01   -6.471892063681e-02   4.037338387029e+01   6.730328298927e-02
  3.244563663167e-01   -3.284225821507e-02   4.005668609444e+01   6.730328298927e-02
  2.167227222532e-01   -8.223494169204e-02   4.114590153052e+01  -2.596008128443e+00
  1.796508703399e-01   -4.880153441779e-02   3.951017511183e+01  -2.596008128443e+00
  2.702849631031e-01   -6.485697778735e-02   4.034113472950e+01  -2.596008128443e+00
  2.521650061297e-01   -2.109744738553e-02   3.945928611094e+01   2.058198639597e+00
  3.395499032684e-01   -2.877888076465e-02   3.935441787025e+01   2.058198639597e+00
  2.493337518045e-01   -9.493357599399e-03   3.789059396877e+01   2.058198639597e+00
  4.492851100441e-01    4.095434001150e-03   3.310083501448e+01  -2.713723822562e+00
  2.521310538636e-03    6.352861302371e-04   3.413158938913e+01  -2.713723822562e+00
  4.460393958702e-03   -5.017283490859e-04   3.040974310577e+01  -2.713723822562e+00
  3.474938644369e-01   -6.932657618945e-02   4.089729840703e+01   1.373040758027e+00
  3.754169421866e-01   -2.300297145189e-02   3.925573692736e+01   1.373040758027e+00
  3.399641467002e-01   -2.904326687546e-02   3.936518229125e+01   1.373040758027e+00
  3.468032144462e-01   -6.957507955743e-02   4.088617866191e+01  -4.446142798414e-02
  3.259475340658e-01   -3.358109669436e-02   4.008725090757e+01  -4.446142798414e-02
  3.759845773313e-01   -2.322214231089e-02   3.926692957323e+01  -4.446142798414e-02
  3.765266462558e-01   -2.287577676948e-02   3.927259538049e+01  -1.883167537932e-02
  3.774891632905e-01   -3.521095943304e-03   3.910733462302e+01  -1.883167537932e-02
  4.078113649711e-01    3.591537052754e-03   3.795265111682e+01  -1.883167537932e-02
  3.523857450735e-01   -8.991507343394e-02   4.275797771137e+01  -2.451453082936e-01
  3.150397599052e-01   -1.000356056079e-01   4.205509174911e+01  -2.451453082936e-01
  3.473802137598e-01   -6.992732409405e-02   4.088852812352e+01  -2.451453082936e-01
  3.742870861799e-01   -3.119611167172e-03   3.662418639199e+01   5.895743255353e-01
  3.764637766408e-01   -2.266926609843e-02   3.927967713448e+01   5.895743255353e-01
  4.083199636475e-01    3.389988428213e-03   3.795098109760e+01   5.895743255353e-01
  3.766273126123e-01   -2.391721547562e-02   3.926727365954e+01   2.886584471547e-01
  3.256519162159e-01   -3.263085596231e-02   4.008790745796e+01   2.886584471547e-01
  3.775196570865e-01   -2.745182378951e-03   3.910880126952e+01   2.886584471547e-01
  2.698318634650e-01   -6.434957485242e-02   4.034836866055e+01  -5.095116797904e-01
  2.469620261236e-01   -2.496306080360e-03   3.967759342669e+01  -5.095116797904e-01
  3.252478216818e-01   -3.299095186022e-02   4.008225695466e+01  -5.095116797904e-01
  3.184788621400e-01   -5.981578980382e-02   4.167015338495e+01   1.147349825921e+00
  3.488627798744e-01   -6.975102605998e-02   4.091203204736e+01   1.147349825921e+00
  3.389211830074e-01   -2.903672102643e-02   3.934877180895e+01   1.147349825921e+00
  3.525002647010e-01   -8.955800009550e-02   4.276033283205e+01   1.449991610977e+00
  3.186771221756e-01   -5.931755624541e-02   4.168208297796e+01   1.449991610977e+00
  3.145288523072e-01   -6.193546978981e-02   4.319649295910e+01   1.449991610977e+00
  3.517671541865e-01   -8.948835946884e-02   4.275342882766e+01   1.315117890900e+00
  3.480892961897e-01   -7.012122187872e-02   4.089846297448e+01   1.315117890900e+00
  3.193109558580e-01   -5.951917275212e-02   4.169112036742e+01   1.315117890900e+00
  3.448490467453e-01   -6.871060267955e-02   4.516106649393e+01   3.165215924701e+00
  3.146146576590e-01   -6.189224140510e-02   4.319729911854e+01   3.165215924701e+00
  2.253270480536e-01   -3.322111238424e-02   4.428628518631e+01   3.165215924701e+00
  3.145692224516e-01   -6.183793828393e-02   4.320108341079e+01   1.117523680381e+00
  3.449287635839e-01   -6.899539974444e-02   4.515959475354e+01   1.117523680381e+00
  3.524952301562e-01   -8.981892556411e-02   4.275351645200e+01   1.117523680381e+00
  1.904463663041e-01   -2.608456751529e-02   4.189423105483e+01   3.085602733623e+00
  2.249063637682e-01   -3.332294217808e-02   4.427444918568e+01   3.085602733623e+00
  3.150449962830e-01   -6.176908289638e-02   4.320649353333e+01   3.085602733623e+00
  3.455548770735e-01   -6.869472476795e-02   4.516187733917e+01   2.976827511794e+00
  2.245286328960e-01   -3.327564691006e-02   4.427724100425e+01   2.976827511794e+00
  2.609459661534e-01   -3.049563920107e-02   4.774284530998e+01   2.976827511794e+00
  3.142412580255e-01   -6.173865961547e-02   4.320015289905e+01   3.051928558081e+00
  3.192713506248e-01   -5.927173371410e-02   4.168596270561e+01   3.051928558081e+00
  1.913581890535e-01   -2.617051917441e-02   4.190510422740e+01   3.051928558081e+00
  3.515736911234e-01   -8.989335544490e-02   4.273507368105e+01   5.473045536394e-01
  3.460442843293e-01   -6.898708715706e-02   4.517691065490e+01   5.473045536394e-01
  3.668208078851e-01   -1.014736842698e-01   4.459031453115e+01   5.473045536394e-01
  2.527648785729e-01   -2.072938097221e-02   3.947182358387e+01   2.349525517864e+00
  3.181748588124e-01   -5.922335337504e-02   4.167255951859e+01   2.349525517864e+00
  3.390446240358e-01   -2.939055248100e-02   3.934889540174e+01   2.349525517864e+00
  2.383480728162e-01   -3.506833579824e-03   3.654290209882e+01   3.478441402451e+00
  1.044023920894e-03    1.779143233807e-04   3.639760432583e+01   3.478441402451e+00
  2.494368876933e-01   -9.472699992486e-03   3.789915033756e+01   3.478441402451e+00
  2.382261211768e-01   -3.500803040224e-03   3.652923912269e+01   1.921586035950e+00
  3.735639876994e-01   -2.976839128596e-03   3.660538288623e+01   1.921586035950e+00
  3.280726762114e-01   -4.471837843821e-03   3.429918332446e+01   1.921586035950e+00
  1.009347470686e-03   -1.840440245094e-04   3.946255973209e+01   3.572259386263e+00
  2.504835243291e-01   -9.620869369427e-03   3.789125889451e+01   3.572259386263e+00
  2.272642579727e-04    1.809261835836e-04   3.639170398485e+01   3.572259386263e+00
  3.207346020445e-01    3.107575470157e-03   1.833709303664e-03   1.049690507987e+00
  3.798907913095e-01    3.696494403010e-03   2.574076015835e+00   1.049690507987e+00
  4.292601405355e-01    1.045923750684e-03   2.602688908225e-02   1.049690507987e+00
 -4.216305022583e-04   -5.037354860336e-04   6.672995863607e+01   4.220713516733e+00
  1.687482807751e-01    2.896730218107e-02   6.614102114486e+01   4.220713516733e+00
  6.771248199885e-04    2.829170036649e-04   6.587687032814e+01   4.220713516733e+00
  3.773175499318e-01   -4.958319662583e-03   3.051536481669e+01  -2.878722988796e+00
  4.458907130657e-01    3.736721281485e-03   3.309232250382e+01  -2.878722988796e+00
  6.627695594745e-03   -5.789361007907e-04   3.041014960350e+01  -2.878722988796e+00
  2.520114764166e-01   -2.100414658280e-02   3.945474494254e+01   3.006556529692e+00
  1.910147300003e-01   -2.646204318709e-02   4.189406085725e+01   3.006556529692e+00
  3.193277890209e-01   -5.897118627637e-02   4.168424816125e+01   3.006556529692e+00
  4.449001911704e-01    8.712428918784e-04   1.393716147433e+01   5.251057367281e-02
  4.091097714398e-01   -1.980113124285e-03   1.167621354277e+01   5.251057367281e-02
  3.921882492885e-01    2.061493208711e-03   1.121162844133e+01   5.251057367281e-02
 -2.755503363419e-04    9.971677185603e-05   4.188125868666e+01   5.646896368268e+00
  1.565976990271e-03   -2.904843819488e-05   4.656040680519e+01   5.646896368268e+00
  2.265058913202e-01   -3.300035934797e-02   4.428214590562e+01   5.646896368268e+00
  4.236531445785e-01   -2.065619324415e-03   3.096978170212e+01   3.009536432230e+00
  7.401920140468e-03   -5.782362754770e-04   3.394356886747e+01   3.009536432230e+00
  3.251374536772e-01   -4.587252754421e-03   3.427800784985e+01   3.009536432230e+00
  3.672260185272e-01   -1.015554395441e-01   4.459832142584e+01  -2.987710025958e-01
  3.455909606599e-01   -6.894733835451e-02   4.517110534093e+01  -2.987710025958e-01
  4.021269076415e-01   -7.581643882107e-02   4.756911722137e+01  -2.987710025958e-01
  3.778947221882e-01   -3.318893092435e-03   3.912286080211e+01  -1.283893000502e-01
  3.249371873665e-01   -3.206922331155e-02   4.007808903087e+01  -1.283893000502e-01
  3.188789917971e-01    2.594408584640e-02   4.008747924153e+01  -1.283893000502e-01
  1.844398865951e-03   -4.746709102014e-04   4.658471241849e+01   5.915843978782e+00
  2.854169224169e-01   -1.280688188110e-02   5.216501545875e+01   5.915843978782e+00
  2.607490643096e-01   -3.006116518275e-02   4.775117616714e+01   5.915843978782e+00
  4.410661538326e-01    4.070373841216e-03   3.303582757984e+01   7.788150189008e-01
  3.328870179556e-01   -4.485389579482e-03   3.429018543417e+01   7.788150189008e-01
  4.136629551719e-01    8.733303456566e-04   3.656908232219e+01   7.788150189008e-01
  3.820839049502e-01    3.547955983701e-02   5.104624532876e+01  -2.332771262749e+00
  3.786465505211e-01   -2.417026357159e-03   5.481409622493e+01  -2.332771262749e+00
  2.248625962264e-01    1.068619338546e-02   5.221896069874e+01  -2.332771262749e+00
  4.039369874505e-03    1.756115607278e-04   2.360178165363e+00   2.881269016814e+00
  3.809712961649e-01    3.673490357616e-03   2.556984775581e+00   2.881269016814e+00
  3.205754818125e-01    3.154706489537e-03  -1.092972190454e-02   2.881269016814e+00
  4.126078673803e-01    9.276297592638e-04   3.655859149174e+01   5.303060096536e-01
  3.743915208955e-01   -3.226819021662e-03   3.661996552188e+01   5.303060096536e-01
  4.080028823228e-01    3.329162763464e-03   3.794901568238e+01   5.303060096536e-01
  4.938208476466e-01    3.651070351254e-03   8.918788781525e+00   2.197076627603e+00
  4.071042351376e-01    6.293272079938e-03   5.342844156811e+00   2.197076627603e+00
  1.585831784714e-02   -3.056632177003e-04   8.232193909696e+00   2.197076627603e+00
  4.148819230931e-01    8.434612459637e-04   3.657295123313e+01   6.168095509389e-01
  3.310129769713e-01   -4.448606816911e-03   3.429688861292e+01   6.168095509389e-01
  3.720626234643e-01   -3.039864853513e-03   3.662004049052e+01   6.168095509389e-01
  3.281485792928e-01   -4.358135430895e-03   3.424275766066e+01   6.586868631347e-01
  4.441589813338e-01    3.633010747682e-03   3.302898879884e+01   6.586868631347e-01
  4.204643829698e-01   -2.116406330442e-03   3.095119082411e+01   6.586868631347e-01
  4.075713845133e-01    3.446689254331e-03   3.794881196504e+01  -1.215329562656e+00
  3.606178005586e-01    1.914309388819e-02   3.917242859054e+01  -1.215329562656e+00
  3.132021767157e-01    2.462947099045e-02   3.939792774332e+01  -1.215329562656e+00
  3.517555578147e-01    6.768306226746e-03   3.644751075527e+01  -8.898641265755e-01
  4.131230182580e-01    7.594919250463e-04   3.655838074362e+01  -8.898641265755e-01
  4.072366305523e-01    3.619528214240e-03   3.795960600636e+01  -8.898641265755e-01
  3.127899748909e-01    2.428396882268e-02   3.940373992036e+01  -1.915825533754e+00
  2.181403475969e-01    8.491899051460e-03   3.801412454104e+01  -1.915825533754e+00
  4.084884092852e-01    3.835728257696e-03   3.795142552589e+01  -1.915825533754e+00
  4.192815858281e-04   -2.646481502425e-04   3.775257191844e+01  -3.676959021201e+00
  2.208119561877e-01    1.568671900213e-02   3.935262371130e+01  -3.676959021201e+00
  5.140671486981e-04    8.978191500426e-05   3.945047202458e+01  -3.676959021201e+00
  2.197280517984e-01    1.563903745134e-02   3.934861836448e+01  -3.695237776768e+00
  1.196502789447e-03   -3.264072537590e-04   3.775983313265e+01  -3.695237776768e+00
  2.156684808494e-01    8.179552256323e-03   3.799636072752e+01  -3.695237776768e+00
  3.733743426772e-01   -2.685530143502e-03   3.661831029173e+01   1.001794728539e+00
  3.384455886171e-01   -2.849638603141e-02   3.934215506492e+01   1.001794728539e+00
  3.769106224904e-01   -2.303606240488e-02   3.928089685399e+01   1.001794728539e+00
  2.380780188291e-01   -3.463983417268e-03   3.653813457254e+01   2.034863947149e+00
  2.493770042370e-01   -9.623401709711e-03   3.790849877225e+01   2.034863947149e+00
  3.741309503625e-01   -2.976335158070e-03   3.661331246207e+01   2.034863947149e+00
  3.798561914292e-01    3.246796398939e-03   2.584187722095e+00   3.311460602171e-01
  4.090623265108e-01    6.647873056688e-03   5.492831565179e+00   3.311460602171e-01
  4.302649324227e-01    5.519546693748e-03   3.396080015055e+00   3.311460602171e-01
  6.198956213388e-03    2.997488536809e-04   2.728883904132e+01   2.850732275801e+00
  4.361448832128e-01   -7.745002208124e-03   2.475893897862e+01   2.850732275801e+00
  3.136124012414e-04    2.550413198742e-04   2.427173199955e+01   2.850732275801e+00
  1.187257498414e-02   -1.988446645205e-04   2.756763804148e+01  -2.304627870427e+00
  4.927895043223e-01   -5.414329252076e-03   2.774518002893e+01  -2.304627870427e+00
  3.780259124674e-01   -4.673117300242e-03   3.061216697346e+01  -2.304627870427e+00
  4.888109832797e-01   -5.508629145175e-03   2.775610283972e+01   2.274941514139e+00
  1.259515718795e-02    2.434892648522e-04   2.747120225689e+01   2.274941514139e+00
  4.225514393937e-01   -1.751430663471e-03   3.110422963433e+01   2.274941514139e+00
  3.889778530317e-01    2.404153697395e-04   1.588972759668e+01  -5.974168123282e-01
  4.527354690738e-01    1.450552845090e-03   1.751039748026e+01  -5.974168123282e-01
  3.880322954006e-01    4.535602920952e-03   1.918348242279e+01  -5.974168123282e-01
  3.925288762658e-01    2.180446351853e-03   1.121785274859e+01   2.852867400478e+00
 -1.231134894550e-04   -4.596638375935e-05   1.118562090565e+01   2.852867400478e+00
  4.772505582827e-03    1.953837132476e-04   1.406001172336e+01   2.852867400478e+00
  3.453858228204e-01   -5.973551338615e-03   2.224163368919e+01  -7.764141674778e-01
  4.513091682723e-01   -5.948142723073e-03   2.115124052960e+01  -7.764141674778e-01
  4.360042816960e-01   -9.484288486234e-03   2.490165486481e+01  -7.764141674778e-01
  4.489623903999e-01    1.180090966595e-03   1.734139880777e+01   2.211827412821e+00
  1.469810312776e-02   -7.067036962445e-04   2.107911696076e+01   2.211827412821e+00
  4.553507908987e-01   -5.653209709280e-03   2.113473524324e+01   2.211827412821e+00
  3.862210580159e-01    2.087255221462e-04   1.585285943677e+01  -6.247480382673e-01
  4.035062397585e-01   -1.799143024039e-03   1.166346091382e+01  -6.247480382673e-01
  4.487445070626e-01    5.772005128970e-04   1.392640837282e+01  -6.247480382673e-01
  4.563650659731e-01   -6.335511101422e-03   2.121657598553e+01   2.149840048049e+00
  1.340777021432e-02   -9.801720661731e-05   2.122360744698e+01   2.149840048049e+00
  4.320634858972e-01   -8.540567889342e-03   2.496875845077e+01   2.149840048049e+00
  4.345291816116e-01    4.899902230050e-03   3.395206154545e+00  -2.810641309039e+00
  4.387522638835e-03    3.239669282937e-04   5.646227517973e+00  -2.810641309039e+00
  2.813717032639e-03   -4.481928144422e-04   2.135669914788e+00  -2.810641309039e+00
  5.146583845736e-03   -3.821096197441e-04   5.203974253023e+00   2.757454320742e+00
  4.089581067667e-01    5.946477581345e-03   5.464717084638e+00   2.757454320742e+00
  3.804728725586e-01    3.484582780315e-03   2.565091055098e+00   2.757454320742e+00
  2.442256443978e-03   -1.981523096405e-04   5.206918084385e+00   2.912052584946e+00
  3.833081601371e-01    3.569686840261e-03   2.559069524156e+00   2.912052584946e+00
  1.988368760269e-03    1.994481788801e-04   2.378942466384e+00   2.912052584946e+00
  4.267753790472e-01    9.264310569086e-04   2.610376888690e-02   3.737977748997e-01
  3.823995194096e-01    3.761736884569e-03   2.562144551943e+00   3.737977748997e-01
  4.274212245773e-01    4.755029771653e-03   3.389967181355e+00   3.737977748997e-01
 -2.620196436539e-04    1.013452737913e-04   1.110880978661e+01   2.851603076382e+00
  3.919035467029e-01    2.087056596904e-03   1.135261942835e+01   2.851603076382e+00
  6.765299441541e-03    2.063262169496e-05   8.414028089740e+00   2.851603076382e+00
  4.125343872516e-01    7.066216622351e-03   5.492261159135e+00  -2.812501641894e-01
  4.850384184193e-01    3.500128313347e-03   8.970358398073e+00  -2.812501641894e-01
  3.760926405074e-01    9.844356180533e-03   6.519575165810e+00  -2.812501641894e-01
  4.119396957678e-01    5.805030493676e-03   5.407981386378e+00   2.787662943381e+00
  1.599818525934e-03   -3.317754286927e-04   5.253113280001e+00   2.787662943381e+00
  6.931576078461e-03   -2.053639634050e-04   8.221080398194e+00   2.787662943381e+00
  4.139233427580e-01    7.120471639814e-03   5.485680772267e+00  -2.684040411937e-01
  3.754329463043e-01    9.884069961120e-03   6.440922394646e+00  -2.684040411937e-01
  4.269852875278e-01    5.565886836806e-03   3.356637429504e+00  -2.684040411937e-01
  1.367710121418e-03    1.841846587225e-04   5.636083525370e+00  -3.105238851285e+00
  3.755240784581e-01    9.084182538989e-03   6.403370856011e+00  -3.105238851285e+00
  3.086170022168e-03   -3.236804143833e-04   8.588174521718e+00  -3.105238851285e+00
  9.334461929595e-03   -5.956750044537e-04   8.607364186337e+00  -2.591563718243e+00
  3.721797806936e-01    9.191249424679e-03   6.382212476037e+00  -2.591563718243e+00
  4.881861977409e-01    3.153560263337e-03   8.928237495737e+00  -2.591563718243e+00
  4.279447438666e-01   -1.990239480786e-03   3.099476428240e+01   2.951905125714e+00
  8.909867004173e-04    2.866372739548e-04   3.069972452477e+01   2.951905125714e+00
  4.082397920581e-03   -3.504344296764e-04   3.392525349575e+01   2.951905125714e+00
  3.812889980557e-01   -4.503548543398e-03   3.054156513255e+01  -3.187527621078e-01
  4.248970342831e-01   -1.962982917044e-03   3.097665100913e+01  -3.187527621078e-01
  4.404031075397e-01    3.486852143482e-03   3.309417973298e+01  -3.187527621078e-01
  1.551113133962e-03    7.284575662702e-05   2.410796408095e+01  -2.993273211892e+00
  3.846205951554e-01   -9.047332417716e-03   2.501084573506e+01  -2.993273211892e+00
  4.220642988758e-03    6.562867858780e-05   2.747084534032e+01  -2.993273211892e+00
  4.240393720524e-01   -1.786928104442e-03   3.097434975264e+01  -4.390649039175e-01
  3.826515893984e-01   -4.483209445027e-03   3.047796597298e+01  -4.390649039175e-01
  4.854226096198e-01   -5.386344344423e-03   2.772474134767e+01  -4.390649039175e-01
  3.813823310066e-01   -5.051506826587e-03   3.056163496905e+01  -2.896373727798e+00
  1.289019996506e-03   -3.377540911430e-04   3.040786108016e+01  -2.896373727798e+00
  4.816916264181e-03   -1.151691173398e-04   2.759192036722e+01  -2.896373727798e+00
  4.104378627437e-03   -1.321843644082e-04   8.717976745262e+00  -3.102839338986e+00
  4.098366193875e-01   -1.963860942165e-03   1.168481155267e+01  -3.102839338986e+00
  4.691473891469e-04    1.373717292770e-05   1.219455850020e+01  -3.102839338986e+00
  6.577184052401e-04    1.393549441439e-04   3.065876270985e+01   2.947922194897e+00
  4.273717820425e-01   -1.679884993679e-03   3.106143508192e+01   2.947922194897e+00
  5.775658307435e-03    1.585457287753e-04   2.748163256224e+01   2.947922194897e+00
  3.931063344069e-01    1.971655624671e-03   1.125441859108e+01   2.483551116152e-01
  4.075490417874e-01   -2.036351718034e-03   1.158002333081e+01   2.483551116152e-01
  4.848866657270e-01    2.929911827063e-03   8.900833980336e+00   2.483551116152e-01
  1.475654384816e-02    8.281216145212e-06   8.382287972078e+00   2.005581577417e+00
  3.873340981795e-01    1.927481308545e-03   1.143625753623e+01   2.005581577417e+00
  4.945632102695e-01    3.292251913940e-03   8.946193444649e+00   2.005581577417e+00
  3.889930760465e-01    2.098791575842e-03   1.114053186182e+01   2.228129568145e+00
  1.085548530028e-02    4.662896940885e-04   1.408313619147e+01   2.228129568145e+00
  4.486841323459e-01    1.139545918708e-03   1.389271395041e+01   2.228129568145e+00
  3.892467420348e-01    4.496452818335e-04   1.589003836469e+01  -3.059797394509e+00
  3.883351946403e-01    4.214100340018e-03   1.917927157668e+01  -3.059797394509e+00
  5.895507904119e-03   -3.310365989994e-05   1.826641817797e+01  -3.059797394509e+00
  4.550505087210e-01    1.204013614732e-03   1.755260517090e+01   2.677372388507e+00
  6.537833144369e-03    3.152942629695e-04   1.422627632742e+01   2.677372388507e+00
  9.517493223754e-04   -1.382800520264e-04   1.762311648030e+01   2.677372388507e+00
  7.823639090116e-04   -6.502439404754e-05   1.220892725039e+01  -3.100315138579e+00
  4.086400497599e-01   -1.769642611243e-03   1.166766492662e+01  -3.100315138579e+00
  3.549866376149e-03    1.428500307009e-04   1.513008349085e+01  -3.100315138579e+00
  3.829416907401e-01   -9.633115821610e-03   2.514951459798e+01  -5.648200764587e-01
  4.336225771261e-01   -8.999645843847e-03   2.484266581439e+01  -5.648200764587e-01
  4.842194209426e-01   -5.516537759686e-03   2.770882414478e+01  -5.648200764587e-01
  1.239375077495e-02   -6.922395001258e-06   2.746894329382e+01  -2.432607411022e+00
  3.793332288525e-01   -9.083422456549e-03   2.497267029663e+01  -2.432607411022e+00
  4.920900309655e-01   -5.616406324801e-03   2.771386944275e+01  -2.432607411022e+00
  3.799023244496e-03    2.501389623419e-04   2.406683151461e+01  -3.036945827311e+00
  3.391761089009e-01   -5.321547253416e-03   2.232003766684e+01  -3.036945827311e+00
  3.824544845286e-01   -9.362171611688e-03   2.504639243399e+01  -3.036945827311e+00
  3.404748838040e-01   -4.615001951742e-03   2.235026862902e+01  -3.307342997904e+00
  1.088810386440e-03   -6.975378560098e-06   2.406117129165e+01  -3.307342997904e+00
  1.374281540822e-03    2.949918196881e-04   2.154613658495e+01  -3.307342997904e+00
  2.111092044122e-03   -1.480382483056e-04   1.825531910209e+01  -3.098142223400e+00
  3.918628249084e-01    4.292767542083e-03   1.918589028263e+01  -3.098142223400e+00
  2.365785823042e-03    1.258451076995e-04   2.154068128438e+01  -3.098142223400e+00
  3.903516622219e-01    4.876502826183e-03   1.923974461116e+01  -5.409917594247e-01
  4.493993577815e-01    1.450469618789e-03   1.742676317600e+01  -5.409917594247e-01
  4.522858468417e-01   -5.373828722015e-03   2.112326365486e+01  -5.409917594247e-01
  7.205990718418e-03   -4.548596412262e-04   2.105044759842e+01   2.678316918844e+00
  4.548216483984e-01    9.104508074607e-04   1.741998066482e+01   2.678316918844e+00
  8.559223157812e-04    5.807852509235e-06   1.770081511384e+01   2.678316918844e+00
  1.267385293560e-04    4.695216257538e-04   2.419976020618e+01   2.853845115534e+00
  4.363613787826e-01   -7.953753882918e-03   2.488092019831e+01   2.853845115534e+00
  6.148493989453e-03   -1.355858367777e-05   2.124023173809e+01   2.853845115534e+00
  3.879318170571e-01    4.516647417884e-03   1.920501840927e+01  -3.092298051966e+00
  3.366668262211e-01   -4.590009407377e-03   2.235496485913e+01  -3.092298051966e+00
  5.543250158428e-03    3.791184514322e-04   2.154889024116e+01  -3.092298051966e+00
  3.863473890167e-01    4.874958263205e-03   1.922078284086e+01  -9.904708625345e-01
  4.552530651435e-01   -5.718727191692e-03   2.111285401433e+01  -9.904708625345e-01
  3.380633799066e-01   -5.166635766683e-03   2.231632576669e+01  -9.904708625345e-01
  3.918441106741e-01    5.193727968447e-04   1.588431904061e+01  -3.058636094163e+00
  2.667507298338e-03    3.182111088796e-05   1.827073858434e+01  -3.058636094163e+00
  2.090642945372e-03    7.966771668672e-05   1.511824325929e+01  -3.058636094163e+00
  4.046544496117e-01   -1.768591902548e-03   1.166225769156e+01  -2.993671193628e+00
  3.860776836709e-01    3.393059090619e-04   1.586129716836e+01  -2.993671193628e+00
  7.165339198120e-03    2.087079890009e-04   1.512902411848e+01  -2.993671193628e+00
  4.492251317246e-01    1.330510011018e-03   1.758190608922e+01  -5.421328610633e-01
  3.916171499862e-01    6.287740456385e-05   1.584825131441e+01  -5.421328610633e-01
  4.448919000434e-01    6.891361788575e-04   1.394173417312e+01  -5.421328610633e-01
