
 -7.141425924525e-04    8.696172654444e-04  -8.698718791584e+01   4.987172626622e+00
 -2.254422715991e-01    7.982843083585e-04  -8.766120394005e+01   4.987172626622e+00
  1.242125786604e-04   -3.582148310574e-04  -8.723511719152e+01   4.987172626622e+00
 -2.736133148702e-01    3.815785968460e-02  -8.033097161468e+01   9.095684064141e+00
  1.969285900673e-04    1.606950863944e-05  -8.373186214805e+01   9.095684064141e+00
 -7.601200592793e-04   -2.103129786811e-05  -8.020172215679e+01   9.095684064141e+00
 -2.252520362865e-01   -4.866541050089e-04  -8.766637889017e+01   5.264250471080e+00
 -3.679264308680e-01    7.877113963083e-02  -8.753978003882e+01   5.264250471080e+00
 -3.938764251583e-01    1.060209683479e-03  -8.888709623222e+01   5.264250471080e+00
 -3.693957261757e-01    7.806409330643e-02  -8.751726836831e+01   4.977050794879e+00
 -2.240407679528e-01    2.172825119173e-04  -8.770142793828e+01   4.977050794879e+00
 -1.722947774421e-01    3.114534322290e-02  -8.676147145204e+01   4.977050794879e+00
 -4.576971057030e-01    9.756885896018e-02  -8.957880179304e+01   3.504768080234e+00
 -3.940433032980e-01    1.057122667890e-03  -8.893189958016e+01   3.504768080234e+00
 -3.681268769564e-01    7.940037402634e-02  -8.751324990263e+01   3.504768080234e+00
 -5.701417739520e-01   -5.840697067581e-03  -4.359106196605e+00   3.782054332168e+00
 -7.638148089737e-03    4.732628168163e-04  -2.743096516185e+00   3.782054332168e+00
 -4.166271055844e-01    5.870985201998e-03   2.283068024440e-02   3.782054332168e+00
 -1.727174871994e-01    3.066545884699e-02  -8.675532986567e+01   4.772598998875e+00
 -3.535063184769e-01    8.543118475543e-02  -8.581688228508e+01   4.772598998875e+00
 -3.693681529347e-01    7.853790966534e-02  -8.750755910296e+01   4.772598998875e+00
 -5.454285101187e-01   -5.106735705502e-03  -4.866001683299e+01   2.167145615310e+00
 -2.892480001905e-01   -1.121492252389e-02  -4.873030752363e+01   2.167145615310e+00
 -4.671633305391e-01   -8.924654145702e-03  -4.673544816673e+01   2.167145615310e+00
 -2.134529002120e-01    4.160393570992e-02  -8.446472482222e+01   4.570118902324e+00
 -2.738263391140e-01    3.834267711737e-02  -8.032795952838e+01   4.570118902324e+00
 -4.002198148613e-01    9.460166848217e-02  -8.344834933526e+01   4.570118902324e+00
 -7.737299940605e-04   -1.716181493845e-04  -8.602430236050e+01   6.549680824208e+00
 -2.127675587096e-01    4.139031314656e-02  -8.447897024889e+01   6.549680824208e+00
 -1.721483791924e-01    3.089765974298e-02  -8.677778111656e+01   6.549680824208e+00
 -3.540118842450e-01    8.549126404087e-02  -8.580938912606e+01   2.308856236710e+00
 -3.995285063678e-01    9.511227017028e-02  -8.345194433426e+01   2.308856236710e+00
 -4.342556449629e-01    1.286016633021e-01  -8.674616857727e+01   2.308856236710e+00
 -3.994615875750e-01    9.467293208739e-02  -8.345359377466e+01   4.879560999514e+00
 -3.539930460295e-01    8.557240832585e-02  -8.581256793061e+01   4.879560999514e+00
 -2.142724588318e-01    4.154013378777e-02  -8.445155642832e+01   4.879560999514e+00
 -4.624473448518e-01    1.432764979960e-01  -8.439171095661e+01   1.439154940249e+00
 -4.330524619038e-01    1.286859401577e-01  -8.677297468083e+01   1.439154940249e+00
 -4.010527099729e-01    9.509972334427e-02  -8.342720498883e+01   1.439154940249e+00
 -3.539312974385e-01    8.560413252393e-02  -8.581096518741e+01   2.952277625601e+00
 -4.343174863089e-01    1.283352500214e-01  -8.674618691466e+01   2.952277625601e+00
 -3.686370927930e-01    7.874632657025e-02  -8.752341293995e+01   2.952277625601e+00
 -4.629278298252e-01    1.433887836281e-01  -8.437727402149e+01   3.108676728876e-01
 -4.005653945578e-01    9.501509950728e-02  -8.343988667421e+01   3.108676728876e-01
 -4.966117149041e-01    1.056648769854e-01  -8.034072151928e+01   3.108676728876e-01
 -2.134238763746e-01    4.172743350762e-02  -8.447298051440e+01   4.702248624015e+00
 -3.545138778057e-01    8.537746961871e-02  -8.580132151176e+01   4.702248624015e+00
 -1.716888050368e-01    3.068186483228e-02  -8.678199026456e+01   4.702248624015e+00
 -8.192871961303e-04    2.238521304515e-04  -6.968111477910e+01   9.950701102203e+00
 -4.373755413780e-04   -3.982659507411e-04  -5.969495970316e+01   9.950701102203e+00
 -2.995274837643e-01   -1.535737503191e-02  -6.732783078204e+01   9.950701102203e+00
 -4.564952556115e-01    9.778235090993e-02  -8.957310152503e+01   2.967768912522e+00
 -3.693967689891e-01    7.894908587589e-02  -8.750589293457e+01   2.967768912522e+00
 -4.334004821119e-01    1.283676971936e-01  -8.675754697692e+01   2.967768912522e+00
 -5.074324326070e-01    2.113283045969e-03  -9.108345181834e+01   1.967222077405e+00
 -4.550914329883e-01    9.686973865433e-02  -8.956998001162e+01   1.967222077405e+00
 -4.688596052163e-01    4.297050865380e-02  -9.161093394187e+01   1.967222077405e+00
 -5.061842173960e-01    5.926356315408e-04  -9.105848963431e+01   4.377583541113e+00
 -3.951709156531e-01    5.773753112441e-04  -8.892247534845e+01   4.377583541113e+00
 -4.563278425585e-01    9.762478544289e-02  -8.959193554791e+01   4.377583541113e+00
 -5.080522719833e-01    2.052255750849e-03  -9.110594587108e+01   2.052234557920e+00
 -4.684643753606e-01    4.251593374967e-02  -9.160765112887e+01   2.052234557920e+00
 -5.625297600075e-01   -6.960360033183e-04  -9.271024868494e+01   2.052234557920e+00
 -4.666834558803e-01    4.110643929731e-02  -9.161007472085e+01   1.054550699258e+00
 -4.576659529796e-01    9.827516466967e-02  -8.956408819515e+01   1.054550699258e+00
 -3.771304258204e-01    9.013669959459e-02  -9.053726071190e+01   1.054550699258e+00
 -3.599615664894e-01   -7.055421430510e-03  -9.156262397077e+01  -2.064932627564e-01
 -4.678376588485e-01    4.123359226654e-02  -9.157211364485e+01  -2.064932627564e-01
 -3.752628213287e-01    8.948019421395e-02  -9.056606019399e+01  -2.064932627564e-01
 -4.673078056021e-01    3.976532660457e-02  -9.159539412574e+01   6.629739952195e-01
 -4.744552428959e-01   -5.101666018318e-02  -9.154455476392e+01   6.629739952195e-01
 -5.630525258328e-01    1.810678523788e-03  -9.270578664612e+01   6.629739952195e-01
 -4.576600254779e-01    9.793386622914e-02  -8.955663979070e+01  -3.144025708623e-01
 -4.108746046047e-01    1.422781042835e-01  -8.800444208820e+01  -3.144025708623e-01
 -3.771210633594e-01    9.078044819843e-02  -9.054151902357e+01  -3.144025708623e-01
 -3.163916751148e-01    4.529619905428e-03  -4.684767864122e+01  -4.052947802633e+00
 -4.368292742390e-01    6.054404293268e-03  -4.401270323121e+01  -4.052947802633e+00
 -4.811869735038e-03    4.791376344325e-04  -4.354811290295e+01  -4.052947802633e+00
 -2.917526265827e-01    1.156090324082e-01  -8.920051473035e+01  -4.361976944285e+00
 -4.124775807881e-01    1.429102787413e-01  -8.800791823820e+01  -4.361976944285e+00
 -3.482109065009e-01    1.298519299840e-01  -8.562684776000e+01  -4.361976944285e+00
 -4.126859890535e-01    1.424508254034e-01  -8.798300793882e+01   6.412596543071e-01
 -4.556425736808e-01    9.756122348428e-02  -8.958911174564e+01   6.412596543071e-01
 -4.342928618447e-01    1.288074714988e-01  -8.674531858237e+01   6.412596543071e-01
 -1.291683556326e-01    3.618181444699e-02  -9.231486327446e+01  -4.697905268655e+00
 -2.505454361707e-01    6.591261482291e-02  -9.158893367489e+01  -4.697905268655e+00
 -1.516309248414e-01    6.741170452931e-02  -9.019832766868e+01  -4.697905268655e+00
 -2.503439839111e-01    6.562283456191e-02  -9.156148897746e+01  -3.146867392663e+00
 -3.757756423551e-01    9.008289888736e-02  -9.057485941929e+01  -3.146867392663e+00
 -2.905532716590e-01    1.155380457324e-01  -8.924535034993e+01  -3.146867392663e+00
 -2.911552338155e-01    1.154496548113e-01  -8.922056708147e+01  -5.257765773546e+00
 -1.524356513283e-01    6.754220329606e-02  -9.018555618911e+01  -5.257765773546e+00
 -2.498589945557e-01    6.586074247891e-02  -9.159841536084e+01  -5.257765773546e+00
 -2.503790560955e-01    6.544227872823e-02  -9.157159391522e+01  -6.876173849523e-01
 -3.591406393209e-01   -7.548893789420e-03  -9.159248324648e+01  -6.876173849523e-01
 -3.756248739514e-01    8.993332570767e-02  -9.056398006772e+01  -6.876173849523e-01
 -4.622245042823e-01    1.437931451817e-01  -8.438904306837e+01  -3.123704654019e+00
 -3.496046189792e-01    1.298550337220e-01  -8.560020426077e+01  -3.123704654019e+00
 -4.112787567901e-01    1.428985595634e-01  -8.803537455029e+01  -3.123704654019e+00
 -2.916052214701e-01    1.155343334271e-01  -8.922464976865e+01  -1.963278492040e+00
 -3.749977920591e-01    9.022255996430e-02  -9.059374381385e+01  -1.963278492040e+00
 -4.123410030683e-01    1.427743576136e-01  -8.798381287437e+01  -1.963278492040e+00
 -4.605800956365e-01    1.435388823283e-01  -8.441812623477e+01  -7.998959227630e-01
 -4.127949132576e-01    1.428392834277e-01  -8.797869583068e+01  -7.998959227630e-01
 -4.344456175422e-01    1.286264544635e-01  -8.674349267916e+01  -7.998959227630e-01
 -2.499572215410e-01    6.532638381804e-02  -9.157383554947e+01  -1.933972238041e+00
 -1.294727937728e-01    3.658497454321e-02  -9.233297932016e+01  -1.933972238041e+00
 -2.368643859517e-01   -5.588513755838e-03  -9.240915142515e+01  -1.933972238041e+00
 -4.993254324791e-01    1.053038913412e-01  -8.030318060964e+01   3.292874759329e+00
 -3.983900404399e-01    9.493414049324e-02  -8.348749608038e+01   3.292874759329e+00
 -2.770995126841e-01    3.820368634810e-02  -8.028111252252e+01   3.292874759329e+00
 -5.654797019469e-01   -5.978350470925e-03  -4.380574015786e+00   1.503123873935e+00
 -4.186656794535e-01    5.800580533790e-03  -6.287316265519e-03   1.503123873935e+00
 -5.676553691669e-01   -1.199804840737e-03  -5.532346916108e-02   1.503123873935e+00
 -5.079701154630e-01    5.502537541276e-02  -7.582355242698e+01   3.126347565921e+00
 -2.966584404351e-01    1.577871670893e-02  -7.423624275980e+01   3.126347565921e+00
 -5.051355853203e-01    2.967705674150e-03  -7.081594038515e+01   3.126347565921e+00
 -5.068683932585e-01    5.627799050654e-02  -7.584787406545e+01   2.386790277633e+00
 -4.999689598074e-01    1.049070957627e-01  -8.028663076881e+01   2.386790277633e+00
 -2.767798547985e-01    3.880010438233e-02  -8.028965724415e+01   2.386790277633e+00
 -4.624156279494e-01    1.439720428184e-01  -8.442381458093e+01  -4.871638952705e+00
 -4.046227980949e-01    1.083879120457e-01  -8.116627158405e+01  -4.871638952705e+00
 -3.496577715122e-01    1.297366381976e-01  -8.556690528091e+01  -4.871638952705e+00
 -4.060805658652e-01    1.083466027414e-01  -8.113616237318e+01  -3.512071345168e+00
 -4.611261117907e-01    1.438534271886e-01  -8.445553834617e+01  -3.512071345168e+00
 -4.985308234204e-01    1.057374145368e-01  -8.030209753849e+01  -3.512071345168e+00
 -4.449274713117e-01    6.187450928751e-02  -7.616706077795e+01  -4.755440362774e+00
 -4.060344284754e-01    1.079555533829e-01  -8.109428501638e+01  -4.755440362774e+00
 -4.988508555592e-01    1.062009176964e-01  -8.034456084316e+01  -4.755440362774e+00
 -2.145874989030e-01    6.573182875112e-02  -8.188373606365e+01  -1.028358146111e+01
 -3.491385756394e-01    1.297776534878e-01  -8.563423478824e+01  -1.028358146111e+01
 -4.051903844821e-01    1.082188682360e-01  -8.111800843299e+01  -1.028358146111e+01
 -4.976827607217e-01    1.061812922160e-01  -8.037725268463e+01  -3.160427724503e+00
 -5.090820526066e-01    5.539357907608e-02  -7.580323198379e+01  -3.160427724503e+00
 -4.461650686458e-01    6.165196716861e-02  -7.613626257270e+01  -3.160427724503e+00
 -5.086117263633e-01    5.580776495212e-02  -7.582571223234e+01   4.312863374193e+00
 -2.745042563026e-01    3.913245174932e-02  -8.033197444606e+01   4.312863374193e+00
 -2.955758262112e-01    1.513375506500e-02  -7.423915327397e+01   4.312863374193e+00
 -4.621389775308e-01    3.370152104731e-03  -7.087668374421e+01  -4.267643088222e+00
 -4.457948199963e-01    6.099786388027e-02  -7.608752463856e+01  -4.267643088222e+00
 -5.097025556919e-01    5.603422259612e-02  -7.585040724791e+01  -4.267643088222e+00
 -8.597347506233e-04    4.883499904168e-04  -7.078632507457e+01  -1.840720621218e+01
 -2.568480641049e-01    7.131418982434e-04  -7.084584619367e+01  -1.840720621218e+01
 -8.019505208813e-04   -1.122046088390e-03  -6.513792152931e+01  -1.840720621218e+01
 -4.467990284529e-01    6.132194680402e-02  -7.615367214583e+01  -1.158240445712e+01
 -2.558503456653e-01    1.558639018229e-03  -7.085391067107e+01  -1.158240445712e+01
 -2.406194343556e-01    3.966427268600e-02  -7.648094618427e+01  -1.158240445712e+01
 -2.571578840539e-01    1.500884732623e-03  -7.085043622863e+01  -1.163129556380e+01
 -4.456847045528e-01    6.116718929481e-02  -7.616008907201e+01  -1.163129556380e+01
 -4.611188258772e-01    2.669114161968e-03  -7.080675776302e+01  -1.163129556380e+01
 -2.406695040878e-01    3.922885246669e-02  -7.652181194320e+01  -1.979513773886e+01
 -2.554408130237e-01    2.395382838293e-03  -7.078260388368e+01  -1.979513773886e+01
 -1.855265327146e-03    1.127638891827e-03  -7.653127496545e+01  -1.979513773886e+01
 -4.456165585720e-01    6.152515910043e-02  -7.611018070586e+01  -1.134741893816e+01
 -2.415656722455e-01    3.963017820202e-02  -7.652975141700e+01  -1.134741893816e+01
 -4.053507961307e-01    1.079683160278e-01  -8.116761924641e+01  -1.134741893816e+01
 -4.448604797620e-01   -5.531758421154e-02  -6.548669624152e+01  -1.158160041733e+01
 -2.570760701048e-01    1.695496987544e-03  -7.077957633831e+01  -1.158160041733e+01
 -4.611463595914e-01    2.246479758505e-03  -7.082521529794e+01  -1.158160041733e+01
 -4.637020990621e-01    3.093726696183e-03  -7.085596396403e+01  -2.856739473427e+00
 -5.083083298769e-01    5.617993754475e-02  -7.587770711661e+01  -2.856739473427e+00
 -5.049616228129e-01    2.059487088810e-03  -7.078764373926e+01  -2.856739473427e+00
 -2.954274822917e-01    1.626344831219e-02  -7.424651560173e+01   4.503347044823e+00
 -2.980084904599e-01   -1.540653532879e-02  -6.731900242255e+01   4.503347044823e+00
 -5.064105544037e-01    2.404496470049e-03  -7.080671825836e+01   4.503347044823e+00
 -2.135747937507e-01    6.555090948659e-02  -8.184101662415e+01  -1.098263644296e+01
 -4.064286412886e-01    1.082262417832e-01  -8.115748402610e+01  -1.098263644296e+01
 -2.402922963143e-01    3.951913721741e-02  -7.654076290221e+01  -1.098263644296e+01
 -3.857299199867e-05    1.559675277426e-04  -9.018133047688e+01  -1.065328599584e+01
 -1.533962615717e-01    6.792395912340e-02  -9.020659913600e+01  -1.065328599584e+01
 -1.118718797268e-03    6.322706608525e-04  -8.670636232949e+01  -1.065328599584e+01
 -1.519659091586e-01    6.715834131422e-02  -9.016221544558e+01  -7.557691204547e+00
 -2.920302747891e-01    1.159247976898e-01  -8.924467369068e+01  -7.557691204547e+00
 -1.831530315055e-01    7.685815454495e-02  -8.657099343221e+01  -7.557691204547e+00
 -2.525160398786e-01    3.412591714028e-02  -5.373903733147e+01  -6.303742703199e+00
 -9.713359533726e-05   -4.096242762158e-04  -5.062461104147e+01  -6.303742703199e+00
 -7.398502899358e-04    1.318452724429e-04  -5.374601265512e+01  -6.303742703199e+00
 -9.875945283102e-04    1.426562878873e-03  -9.266985710046e+01  -3.419600642576e+00
 -1.225316684866e-01   -2.686907352413e-03  -9.313095615653e+01  -3.419600642576e+00
 -1.288577939718e-01    3.569890320375e-02  -9.232268345261e+01  -3.419600642576e+00
 -6.588375918987e-04    5.682879886678e-04  -9.021460963918e+01  -8.632847360978e+00
  3.122874541254e-04   -4.046210270597e-04  -9.264531253333e+01  -8.632847360978e+00
 -1.521639361234e-01    6.709977583799e-02  -9.017297602933e+01  -8.632847360978e+00
 -2.829155369537e-01   -5.506407009256e-02  -8.366327689883e+01  -6.586297025283e+00
 -1.234647942109e-03    2.258630693804e-04  -8.544607094761e+01  -6.586297025283e+00
 -2.253947963550e-01   -3.992874472893e-02  -8.581819652961e+01  -6.586297025283e+00
 -1.525705537755e-01    6.752023345044e-02  -9.021126764314e+01  -1.316209574511e+01
 -1.829233804261e-01    7.656645514750e-02  -8.653198959656e+01  -1.316209574511e+01
 -1.932272519876e-03    1.079335184245e-03  -8.669079510815e+01  -1.316209574511e+01
 -3.591870260095e-04   -7.440753669416e-05  -9.263945362483e+01  -6.799865987237e+00
 -1.292954486019e-01    3.651083962029e-02  -9.232970582090e+01  -6.799865987237e+00
 -1.512927656891e-01    6.677258939493e-02  -9.017841949108e+01  -6.799865987237e+00
 -1.349891273829e-03   -1.655962893321e-04  -7.660330370659e+01  -1.717965777813e+01
 -2.364370836581e-04    1.064309545980e-03  -8.197137875113e+01  -1.717965777813e+01
 -2.409245298891e-01    4.043230423558e-02  -7.647803778968e+01  -1.717965777813e+01
 -5.383113060570e-04    9.934408299357e-04  -7.652339416298e+01  -1.841437470692e+01
 -2.568231561515e-01    2.391125504088e-03  -7.078266333769e+01  -1.841437470692e+01
 -9.245885866487e-04   -4.229032755115e-04  -7.084956237102e+01  -1.841437470692e+01
 -3.789432323215e-01   -2.159108157692e-02  -7.373785557508e+01  -7.716276786904e+00
 -2.932087939546e-03   -4.200786919147e-04  -7.957333847338e+01  -7.716276786904e+00
 -3.363823929480e-01   -5.006180870947e-02  -7.946641915571e+01  -7.716276786904e+00
 -2.606791084193e-04    5.484599252302e-04  -8.662579166140e+01  -1.397642584995e+01
 -1.846264595646e-01    7.688162963757e-02  -8.657668188852e+01  -1.397642584995e+01
 -1.580056767564e-03    2.061616698090e-04  -8.209043740528e+01  -1.397642584995e+01
 -1.622302070003e-03    1.553566100343e-03  -8.197690772297e+01  -1.794779852371e+01
 -2.135954886301e-01    6.506869298300e-02  -8.187868437182e+01  -1.794779852371e+01
 -2.396398925242e-01    4.017706158214e-02  -7.647957973213e+01  -1.794779852371e+01
 -2.954428046983e-01    1.536992753876e-02  -7.424485137480e+01   9.098969271819e+00
 -2.872371574990e-03   -3.825584774428e-04  -6.971016575111e+01   9.098969271819e+00
 -2.976934124987e-01   -1.470844319519e-02  -6.731984155694e+01   9.098969271819e+00
 -2.138685795467e-01    4.128491961330e-02  -8.446436758267e+01   7.115440110212e+00
  1.693567905101e-04   -1.097710259031e-04  -8.604330702676e+01   7.115440110212e+00
 -8.250729186338e-04    3.078413195032e-05  -8.373256195901e+01   7.115440110212e+00
 -2.884780821381e-03    7.188743450298e-04  -8.207608834264e+01  -1.630112225571e+01
 -1.835931780653e-01    7.647747174882e-02  -8.658294964557e+01  -1.630112225571e+01
 -2.128706366300e-01    6.548984738334e-02  -8.184598991305e+01  -1.630112225571e+01
 -1.830521324461e-01    7.667817858702e-02  -8.652917365839e+01  -9.635869992518e+00
 -3.500548490758e-01    1.300190110927e-01  -8.562462704919e+01  -9.635869992518e+00
 -2.134518104459e-01    6.551481890371e-02  -8.189426332447e+01  -9.635869992518e+00
 -2.747613277513e-01    3.803854373693e-02  -8.034266361445e+01   9.106577411761e+00
 -2.860578428909e-03   -6.103138612959e-04  -7.537909867306e+01   9.106577411761e+00
 -2.947682775510e-01    1.577528487811e-02  -7.423865966543e+01   9.106577411761e+00
 -4.636667503462e-01    1.849771761540e-03  -7.077612991253e+01  -2.807287882467e+00
 -5.049720355915e-01    2.700227387506e-03  -7.082405351348e+01  -2.807287882467e+00
 -5.093446651445e-01   -4.996309666980e-02  -6.574395331577e+01  -2.807287882467e+00
 -1.840127261342e-01    7.704290470209e-02  -8.656152199603e+01  -8.161858016076e+00
 -2.912800662533e-01    1.157798565495e-01  -8.925344482235e+01  -8.161858016076e+00
 -3.487856062572e-01    1.297256977297e-01  -8.559129710690e+01  -8.161858016076e+00
  8.652128775049e-05    1.879726835612e-04  -8.019726166855e+01   9.178414105434e+00
 -1.691081170419e-03   -4.349150903757e-04  -7.539001469016e+01   9.178414105434e+00
 -2.757171808777e-01    3.773818963190e-02  -8.033613681570e+01   9.178414105434e+00
 -1.231885094268e-01   -2.602828103183e-03  -9.312718675912e+01  -1.022089610871e+00
 -3.647246630037e-04    1.176748292622e-03  -9.268088052245e+01  -1.022089610871e+00
 -1.582607931844e-04   -4.915398459226e-04  -9.320058242839e+01  -1.022089610871e+00
 -4.795769254607e-01   -1.169017231437e-01  -8.926516594087e+01  -8.190212723978e-01
 -4.736089957986e-01   -5.298362801274e-02  -9.153046868254e+01  -8.190212723978e-01
 -3.867503511874e-01   -1.065080538415e-01  -9.035523489769e+01  -8.190212723978e-01
 -4.744694722449e-01   -5.146177124966e-02  -9.153684775178e+01  -1.009001172049e+00
 -5.630147599841e-01   -1.643281924550e-03  -9.224040263102e+01  -1.009001172049e+00
 -5.633273123979e-01    2.120610292185e-03  -9.272946674303e+01  -1.009001172049e+00
 -5.621197243262e-01    4.412828280770e-04  -9.222420526783e+01  -3.498344329943e+00
 -4.760975179989e-01   -1.156734903602e-01  -8.930088132862e+01  -3.498344329943e+00
 -5.072626285501e-01   -9.801530229437e-04  -9.001240172186e+01  -3.498344329943e+00
 -4.766173281766e-01   -1.154744012478e-01  -8.929334923382e+01  -1.139500608674e+00
 -5.616462535452e-01   -5.065899288698e-05  -9.222930389867e+01  -1.139500608674e+00
 -4.752319255482e-01   -5.403460004264e-02  -9.152442619122e+01  -1.139500608674e+00
 -5.060132043276e-01   -5.570181470777e-04  -9.001777050470e+01  -4.742803036116e+00
 -4.787349252155e-01   -1.164801074534e-01  -8.928757246446e+01  -4.742803036116e+00
 -3.955705882224e-01   -5.174600306354e-04  -8.776924230636e+01  -4.742803036116e+00
 -3.235644326139e-03    1.638560380835e-04  -2.753714746035e+00   4.094722218461e+00
  5.540981223893e-05   -8.846332351264e-05  -1.642229710065e-02   4.094722218461e+00
 -4.198605464131e-01    5.849634660961e-03   9.154520414063e-03   4.094722218461e+00
 -4.748486306101e-01   -5.322614824573e-02  -9.149681983459e+01   3.946150935232e-01
 -3.599806903601e-01   -8.425793265972e-03  -9.156459888751e+01   3.946150935232e-01
 -3.848408236982e-01   -1.058209750880e-01  -9.038461004859e+01   3.946150935232e-01
 -4.744645955922e-01   -5.332161108385e-02  -9.153112427884e+01   9.980334933212e-02
 -4.674101660875e-01    4.141195017729e-02  -9.159982631547e+01   9.980334933212e-02
 -3.607368916379e-01   -7.772264378305e-03  -9.153825797988e+01   9.980334933212e-02
 -2.554806373371e-01   -7.782247215393e-02  -9.146713895115e+01   1.105191315738e+00
 -3.851806080493e-01   -1.062480694733e-01  -9.038495535790e+01   1.105191315738e+00
 -3.591773184567e-01   -7.946529628336e-03  -9.159312861658e+01   1.105191315738e+00
 -3.009533257708e-01   -1.269849144125e-01  -8.897521041285e+01   5.945926092713e+00
 -2.550142397077e-01   -7.823624590964e-02  -9.149672478074e+01   5.945926092713e+00
 -1.555570107750e-01   -7.177699211875e-02  -8.991214909605e+01   5.945926092713e+00
 -3.846029536224e-01   -1.065949558376e-01  -9.041602615057e+01   2.448323981431e+00
 -3.014464119454e-01   -1.271626437032e-01  -8.898220462745e+01   2.448323981431e+00
 -4.312315799457e-01   -1.601639284214e-01  -8.765223746285e+01   2.448323981431e+00
 -3.003914439920e-01   -1.271314166672e-01  -8.900223063143e+01   3.541263115196e+00
 -3.853776812899e-01   -1.064831060498e-01  -9.039730015564e+01   3.541263115196e+00
 -2.554157050743e-01   -7.793792237847e-02  -9.145644919699e+01   3.541263115196e+00
 -4.901272790846e-01   -1.602894291239e-01  -8.396162535519e+01   3.667209140898e+00
 -4.301816168453e-01   -1.602975405390e-01  -8.770423146278e+01   3.667209140898e+00
 -3.643322005808e-01   -1.410528295590e-01  -8.529758333713e+01   3.667209140898e+00
 -3.867073065095e-01   -1.070945036371e-01  -9.036332569395e+01   6.321040085261e-01
 -4.297999650532e-01   -1.597254829480e-01  -8.767147521048e+01   6.321040085261e-01
 -4.796077641851e-01   -1.165665261018e-01  -8.925069505027e+01   6.321040085261e-01
 -2.549948763687e-01   -7.765987550693e-02  -9.147184150145e+01   2.444147682272e+00
 -2.369010636802e-01   -6.437565344040e-03  -9.240790466567e+01   2.444147682272e+00
 -1.318466510303e-01   -4.378209114417e-02  -9.229616716085e+01   2.444147682272e+00
 -2.546532856286e-01   -7.777923503921e-02  -9.148597363717e+01   1.383677569676e+00
 -3.599860143989e-01   -7.862191896694e-03  -9.157366938916e+01   1.383677569676e+00
 -2.371572229513e-01   -6.116742938679e-03  -9.237947118972e+01   1.383677569676e+00
 -3.599513220970e-01   -7.684939920543e-03  -9.157378710471e+01  -1.030578849343e+00
 -2.495579771983e-01    6.543801621721e-02  -9.158957246045e+01  -1.030578849343e+00
 -2.371738396553e-01   -5.906575373848e-03  -9.237943723716e+01  -1.030578849343e+00
 -4.775735285111e-01   -1.161862060941e-01  -8.927744029438e+01  -2.862157899534e-01
 -4.316248558564e-01   -1.599157830058e-01  -8.765300322264e+01  -2.862157899534e-01
 -4.652266359284e-01   -1.479243198243e-01  -8.622916526823e+01  -2.862157899534e-01
 -3.938352947333e-01   -1.262075604213e-03  -8.774994625005e+01  -5.527812209897e+00
 -4.040610506966e-01   -9.277330071897e-02  -8.679868048783e+01  -5.527812209897e+00
 -2.254979241888e-01    8.659183005491e-04  -8.649642493383e+01  -5.527812209897e+00
 -3.946951296892e-01   -1.036959470083e-03  -8.778227940290e+01  -3.449780400400e+00
 -4.798750542164e-01   -1.162690604586e-01  -8.926495971312e+01  -3.449780400400e+00
 -4.035697049161e-01   -9.380162424299e-02  -8.677825144157e+01  -3.449780400400e+00
 -2.250055361034e-01   -7.614797742304e-04  -8.649229379716e+01  -5.722955131104e+00
 -2.247322057557e-01   -3.950549442449e-02  -8.582262661338e+01  -5.722955131104e+00
  2.065927015265e-04    1.041611741988e-03  -8.654104442189e+01  -5.722955131104e+00
 -2.258399431857e-01   -4.093192844066e-02  -8.580228964418e+01  -4.640209552988e+00
 -2.244458826434e-01    3.938206964175e-04  -8.652551775226e+01  -4.640209552988e+00
 -4.053731745730e-01   -9.226078526257e-02  -8.677722196205e+01  -4.640209552988e+00
 -2.858443879605e-01   -5.494244466845e-02  -8.365296094680e+01  -7.134601692675e+00
 -2.555040672470e-03    4.088462545039e-05  -7.963677247807e+01  -7.134601692675e+00
  6.467267768332e-04    6.767719738866e-05  -8.549053686817e+01  -7.134601692675e+00
 -1.676342297313e-03    1.652998694952e-04  -4.354011994201e+01  -4.540729845041e+00
 -1.166720594645e-04   -1.352267787860e-04  -4.668935491440e+01  -4.540729845041e+00
 -3.181207238680e-01    4.590348361057e-03  -4.684526210734e+01  -4.540729845041e+00
 -4.051676192738e-01   -9.295061460810e-02  -8.676994256183e+01  -4.522532939195e+00
 -3.982658814760e-01   -1.017872235986e-01  -8.507377221723e+01  -4.522532939195e+00
 -2.263656372117e-01   -4.026782315138e-02  -8.579518134194e+01  -4.522532939195e+00
 -2.742667196527e-01   -1.030278628425e-02  -4.717852818917e+01   4.570036862239e+00
  7.981708333647e-05    1.949357542942e-04  -4.687122444563e+01   4.570036862239e+00
 -1.498737478512e-03   -1.357839359568e-04  -4.388328233521e+01   4.570036862239e+00
 -4.639540404069e-01   -1.477816091033e-01  -8.625599461549e+01  -9.196469695819e-01
 -4.903836306723e-01   -1.598035375609e-01  -8.396454294137e+01  -9.196469695819e-01
 -4.480679261244e-01   -1.119830266267e-01  -8.279516503053e+01  -9.196469695819e-01
 -4.884953733631e-01   -1.600325722461e-01  -8.398986661309e+01   1.209007053412e+00
 -4.654058677030e-01   -1.477553537110e-01  -8.622803957476e+01   1.209007053412e+00
 -4.316800457552e-01   -1.602548642546e-01  -8.764880061929e+01   1.209007053412e+00
 -3.987489036570e-01   -1.019594729840e-01  -8.506810145442e+01  -4.234627929727e+00
 -4.466290384994e-01   -1.115753004671e-01  -8.282514317085e+01  -4.234627929727e+00
 -2.832842500558e-01   -5.524046747171e-02  -8.364256311959e+01  -4.234627929727e+00
 -4.466331500978e-01   -1.119969707455e-01  -8.282045301911e+01  -1.909911418758e+00
 -3.988313063564e-01   -1.018852871590e-01  -8.506773366083e+01  -1.909911418758e+00
 -4.650752105382e-01   -1.476969064832e-01  -8.622934967443e+01  -1.909911418758e+00
 -2.825733266505e-01   -5.538468246918e-02  -8.366202655763e+01  -3.979859859877e+00
 -4.474115427353e-01   -1.114733708394e-01  -8.281976309950e+01  -3.979859859877e+00
 -3.366620343812e-01   -5.059983612654e-02  -7.946802993245e+01  -3.979859859877e+00
 -3.992167912231e-01   -1.018041015859e-01  -8.505608164660e+01  -4.255520101663e+00
 -2.826869750438e-01   -5.538576334580e-02  -8.366069933361e+01  -4.255520101663e+00
 -2.252832827240e-01   -4.006316413844e-02  -8.582269124514e+01  -4.255520101663e+00
 -4.908235569450e-01   -1.598868957899e-01  -8.394981933098e+01   2.257513171647e-01
 -5.334073539579e-01   -1.196454564231e-01  -7.987237340677e+01   2.257513171647e-01
 -4.476134551985e-01   -1.119272574420e-01  -8.280836815444e+01   2.257513171647e-01
 -4.652355255556e-01   -1.475104059369e-01  -8.623208923146e+01  -2.628832377293e+00
 -3.986674550988e-01   -1.019397527372e-01  -8.506721815361e+01  -2.628832377293e+00
 -4.043497928025e-01   -9.325819214173e-02  -8.678984288153e+01  -2.628832377293e+00
 -4.783805223254e-01   -1.163761663816e-01  -8.925889856227e+01  -2.767805067134e+00
 -4.643874316010e-01   -1.475530020894e-01  -8.624314793287e+01  -2.767805067134e+00
 -4.049830765971e-01   -9.345828441842e-02  -8.677333080092e+01  -2.767805067134e+00
 -2.844661835901e-01   -5.520948314589e-02  -8.367237890905e+01  -8.200144765059e+00
 -3.349766060482e-01   -5.044215349188e-02  -7.946069829269e+01  -8.200144765059e+00
 -4.625985085643e-03    2.981828275478e-04  -7.959646383769e+01  -8.200144765059e+00
 -4.314009242837e-01   -1.603309610300e-01  -8.767727288913e+01   4.853596450067e+00
 -3.015401987380e-01   -1.271767649012e-01  -8.895701809888e+01   4.853596450067e+00
 -3.629267475150e-01   -1.410232673443e-01  -8.532316716471e+01   4.853596450067e+00
 -8.800577776305e-03   -2.346454656519e-04  -7.282868818074e+00   3.961734511503e+00
 -5.729849413257e-01   -7.052449987951e-03  -4.376718614239e+00   3.961734511503e+00
 -4.928913663553e-01   -1.269140357390e-02  -8.289635657902e+00   3.961734511503e+00
 -1.225959587382e-01   -4.231193024481e-03  -9.313414758792e+01   4.122825819092e+00
 -8.097552803209e-04   -1.190286294582e-03  -9.251605146769e+01   4.122825819092e+00
 -1.313894521784e-01   -4.302620634635e-02  -9.228749039143e+01   4.122825819092e+00
 -1.232117764451e-01   -4.298091730044e-03  -9.312979203823e+01   1.502913433730e+00
 -1.667253992344e-04    4.013419873911e-04  -9.319892300701e+01   1.502913433730e+00
 -2.981537594177e-04   -1.044413277234e-03  -9.252931505112e+01   1.502913433730e+00
 -1.316628187139e-01   -4.401530100428e-02  -9.232002169443e+01   9.206989538198e+00
 -1.679901979551e-03   -1.641455619795e-03  -9.027095723388e+01   9.206989538198e+00
 -1.545083257779e-01   -7.091768614168e-02  -8.989091293428e+01   9.206989538198e+00
 -1.881078913769e-01   -8.249341270531e-02  -8.627778165552e+01   1.220907475910e+01
 -1.552614675337e-01   -7.138851108597e-02  -8.990978212996e+01   1.220907475910e+01
 -4.067421574047e-04   -7.875529163180e-04  -9.021019531722e+01   1.220907475910e+01
 -1.900086840221e-01   -8.295128103840e-02  -8.630206860082e+01   8.790010516274e+00
 -3.635187919373e-01   -1.409218151025e-01  -8.528730272289e+01   8.790010516274e+00
 -3.010527718778e-01   -1.272781558306e-01  -8.900903952592e+01   8.790010516274e+00
 -1.889365620200e-01   -8.273476965366e-02  -8.631497706221e+01   8.150991584653e+00
 -3.019153189710e-01   -1.274568068230e-01  -8.899929820929e+01   8.150991584653e+00
 -1.549419856847e-01   -7.133228099261e-02  -8.988519088198e+01   8.150991584653e+00
 -9.081727604199e-04   -1.138354019408e-03  -9.028463897152e+01   6.644724507385e+00
 -1.323330844645e-01   -4.431915067851e-02  -9.231273613866e+01   6.644724507385e+00
 -5.317016974611e-05    1.448398429529e-04  -9.248193992067e+01   6.644724507385e+00
 -2.557187595648e-01   -7.835195498900e-02  -9.148811205364e+01   5.138078994759e+00
 -1.313530451194e-01   -4.329959752533e-02  -9.228297326933e+01   5.138078994759e+00
 -1.547314008800e-01   -7.155395859012e-02  -8.992213379105e+01   5.138078994759e+00
  4.524544023811e-04   -2.322937420056e-04  -9.021162365849e+01   1.301906581921e+01
 -1.178701582104e-03   -5.303978206778e-04  -8.646277680086e+01   1.301906581921e+01
 -1.890512244491e-01   -8.287336528539e-02  -8.627228952616e+01   1.301906581921e+01
 -2.985415693762e-01   -1.519680757981e-02  -6.732072056600e+01   8.426050493557e+00
 -1.469429813502e-03   -5.714537532571e-04  -5.970771180787e+01   8.426050493557e+00
 -2.727007480593e-01   -3.232479330531e-02  -6.122051833791e+01   8.426050493557e+00
 -5.728628435354e-01    1.109228475105e-02  -3.171458623572e+01  -3.080511710731e+00
 -1.728183567222e-02   -6.917691651791e-04  -3.509079012004e+01  -3.080511710731e+00
 -6.493860412929e-01    7.706316410892e-03  -3.561150662620e+01  -3.080511710731e+00
 -2.249054671521e-01    1.141012059463e-03  -8.767732705819e+01   6.137543078907e+00
 -1.020227022683e-03    6.446886693222e-04  -8.697975283904e+01   6.137543078907e+00
 -1.713197551176e-01    3.051412318964e-02  -8.677725207594e+01   6.137543078907e+00
 -2.275014659501e-01   -7.190706382204e-02  -8.168374384394e+01   1.718632902401e+01
 -4.012714437842e-04   -6.065640482509e-04  -8.162176473170e+01   1.718632902401e+01
 -1.348895456691e-03    4.089651709479e-04  -7.633110740633e+01   1.718632902401e+01
 -2.261711272117e-01   -7.281324322659e-02  -8.162611297623e+01   1.614244812553e+01
  2.642363008709e-04   -6.685808386732e-04  -8.641306989248e+01   1.614244812553e+01
 -1.090048524315e-03   -1.177975484378e-04  -8.167857688765e+01   1.614244812553e+01
 -2.273564607442e-01   -3.301345244856e-02  -5.645468683858e+01   6.683364447603e+00
 -3.707810221256e-04    3.286846624799e-04  -5.359838418359e+01   6.683364447603e+00
 -1.902249975094e-01   -2.553959241671e-02  -5.341219024660e+01   6.683364447603e+00
 -1.895843368623e-01   -8.249100196400e-02  -8.629822404377e+01   1.629482195096e+01
 -7.980921026531e-04   -1.149588377941e-03  -8.641430463393e+01   1.629482195096e+01
 -2.249005874362e-01   -7.243482433391e-02  -8.162815794932e+01   1.629482195096e+01
 -4.178367968418e-01   -3.209943458052e-02  -5.052589085296e+01   2.882904268957e+00
 -2.908887021736e-01   -2.079755283255e-02  -5.045068325561e+01   2.882904268957e+00
 -2.874965003673e-01   -1.063577778442e-02  -4.872920448106e+01   2.882904268957e+00
 -2.511301615153e-01   -4.090678432771e-02  -7.629447841720e+01   1.838427792396e+01
 -8.813338049253e-04   -7.240105377359e-04  -7.624026332566e+01   1.838427792396e+01
 -1.370320179045e-03    9.067310209397e-04  -7.059952636962e+01   1.838427792396e+01
 -3.637504363052e-01   -1.409290366067e-01  -8.533005833525e+01   1.079718216156e+01
 -2.266267004831e-01   -7.227029606856e-02  -8.166872125303e+01   1.079718216156e+01
 -4.244439398688e-01   -1.177989409752e-01  -8.081536444373e+01   1.079718216156e+01
 -2.255540128514e-01   -7.211984746934e-02  -8.167943896267e+01   1.029582159024e+01
 -3.646429942650e-01   -1.411479175569e-01  -8.532079820532e+01   1.029582159024e+01
 -1.892828712884e-01   -8.265609073303e-02  -8.626489758090e+01   1.029582159024e+01
 -5.513723817276e-01   -6.518390743372e-02  -7.538872295652e+01  -1.748585637244e+00
 -3.401378761594e-01   -5.105546819667e-02  -7.943045000580e+01  -1.748585637244e+00
 -5.366846476607e-01   -1.189104254568e-01  -7.982106772273e+01  -1.748585637244e+00
 -3.403125337921e-01   -5.045457139107e-02  -7.942445010341e+01  -2.718845846616e+00
 -4.454735231202e-01   -1.118350219661e-01  -8.285656397759e+01  -2.718845846616e+00
 -5.361289337269e-01   -1.193202302846e-01  -7.983636454409e+01  -2.718845846616e+00
 -5.352909648250e-01   -1.196961772445e-01  -7.983365786601e+01   4.134016236973e+00
 -4.890711356472e-01   -1.603502937405e-01  -8.402702119183e+01   4.134016236973e+00
 -4.253213390559e-01   -1.179260285194e-01  -8.083213931643e+01   4.134016236973e+00
 -4.252462791018e-01   -1.175245219905e-01  -8.079110899782e+01   5.391672063189e+00
 -4.661963504006e-01   -6.793175297674e-02  -7.587330626619e+01   5.391672063189e+00
 -5.356662849403e-01   -1.201726224974e-01  -7.987573754454e+01   5.391672063189e+00
 -4.256964678778e-01   -1.178394909774e-01  -8.085575089671e+01   1.151965771635e+01
 -2.256952532195e-01   -7.207453802797e-02  -8.162778459124e+01   1.151965771635e+01
 -2.498697389049e-01   -4.158353367343e-02  -7.629676139175e+01   1.151965771635e+01
 -3.643360448668e-01   -1.409254981064e-01  -8.526468922878e+01   5.426583323566e+00
 -4.238738315668e-01   -1.179617514520e-01  -8.086192969099e+01   5.426583323566e+00
 -4.903622793670e-01   -1.604764604003e-01  -8.399585529172e+01   5.426583323566e+00
 -2.496346675667e-01   -4.173303401863e-02  -7.623800370426e+01   1.217031720587e+01
 -2.600414965521e-01   -2.237384133143e-03  -7.058444391683e+01   1.217031720587e+01
 -4.682087022449e-01   -6.733876821629e-02  -7.586160504093e+01   1.217031720587e+01
 -2.495462930343e-01   -4.182857352390e-02  -7.624454943254e+01   1.968556411605e+01
 -2.262220201838e-01   -7.149996183815e-02  -8.168708558575e+01   1.968556411605e+01
 -2.619410730666e-03    7.259534187537e-05  -7.631787720473e+01   1.968556411605e+01
 -5.541091018065e-01   -6.486817740887e-02  -7.539865519597e+01   5.009722708958e+00
 -4.669678731799e-01   -6.706688298242e-02  -7.579241404428e+01   5.009722708958e+00
 -4.831597614637e-01   -5.348528196827e-03  -7.061012674849e+01   5.009722708958e+00
 -4.674064038256e-01   -6.771853653875e-02  -7.584246917257e+01   3.926010834278e+00
 -5.534141538759e-01   -6.425289980600e-02  -7.534840454189e+01   3.926010834278e+00
 -5.345188873798e-01   -1.201561639495e-01  -7.990791481155e+01   3.926010834278e+00
 -3.794478762436e-01   -2.144119971644e-02  -7.373110220965e+01  -2.034900959446e+00
 -5.522775924900e-01   -6.381542098339e-02  -7.536326810523e+01  -2.034900959446e+00
 -5.527275259833e-01   -5.276933367574e-03  -7.054293229271e+01  -2.034900959446e+00
 -5.529926416035e-01   -6.471532226065e-02  -7.536652774744e+01  -3.359800381770e+00
 -3.785787109750e-01   -2.062376446842e-02  -7.372817350364e+01  -3.359800381770e+00
 -3.377491442964e-01   -5.134433589758e-02  -7.946582217303e+01  -3.359800381770e+00
 -4.820763087465e-01   -4.693632076617e-03  -7.053620588311e+01   1.254678263348e+01
 -4.670014738630e-01   -6.715456917034e-02  -7.586828053207e+01   1.254678263348e+01
 -2.615369768253e-01   -2.214195272317e-03  -7.058017779364e+01   1.254678263348e+01
 -2.509575309116e-01   -4.173538549002e-02  -7.628676460707e+01   1.208597856896e+01
 -4.667704028308e-01   -6.755484866009e-02  -7.581643650782e+01   1.208597856896e+01
 -4.247191133156e-01   -1.175701482377e-01  -8.086535485324e+01   1.208597856896e+01
 -3.020785233407e-03    8.740134368907e-04  -7.058885139941e+01   2.063256430672e+01
 -2.593035192324e-01   -2.812427686191e-03  -7.052585417593e+01   2.063256430672e+01
 -2.497790187899e-01   -4.077792203055e-02  -7.629677876565e+01   2.063256430672e+01
 -3.788063073431e-01   -2.110749718284e-02  -7.374093353524e+01  -8.491400040836e+00
 -3.793978233551e-01    1.711082831069e-02  -6.726057827897e+01  -8.491400040836e+00
 -3.861966036756e-03    3.132444892981e-04  -6.960405408410e+01  -8.491400040836e+00
 -3.065490057991e-03   -8.652494886786e-04  -7.047952528018e+01   2.052663145613e+01
 -2.480946064501e-01    3.512024386760e-02  -6.482810474026e+01   2.052663145613e+01
 -2.592771181532e-01   -1.911937176974e-03  -7.055896884478e+01   2.052663145613e+01
 -1.312218622636e-01   -4.366763987970e-02  -9.230547263971e+01   1.539626382944e+00
 -2.375820969286e-01   -6.455712312884e-03  -9.240064489906e+01   1.539626382944e+00
 -1.225169779118e-01   -3.350372802613e-03  -9.310509107872e+01   1.539626382944e+00
 -2.375738355139e-01   -5.581455028731e-03  -9.240179071021e+01  -1.110203874995e+00
 -1.287748921299e-01    3.645477239976e-02  -9.234272413538e+01  -1.110203874995e+00
 -1.224972670505e-01   -3.593335708915e-03  -9.310419684200e+01  -1.110203874995e+00
 -1.541187498868e-03    5.168569989964e-04  -6.962865749560e+01  -9.476563774515e+00
 -8.410277219793e-04   -5.485139553894e-04  -7.958534816766e+01  -9.476563774515e+00
 -3.809416284418e-01   -2.142633819938e-02  -7.373212724428e+01  -9.476563774515e+00
 -2.302551316851e-01   -3.307373781633e-02  -5.646081403154e+01   7.682236995525e+00
 -1.919222215904e-03    1.452767828987e-05  -5.972656137469e+01   7.682236995525e+00
  3.635700588471e-04    1.068636331636e-05  -5.615202856609e+01   7.682236995525e+00
 -5.508682556377e-01   -1.143401248942e-03  -4.686694672660e+01   1.173658914501e+00
 -4.684303863350e-01   -9.076430558070e-03  -4.672021174944e+01   1.173658914501e+00
 -5.862843232627e-01   -5.767168384058e-03  -4.242675626368e+01   1.173658914501e+00
 -5.107500158622e-01   -4.976595272530e-02  -6.577078617967e+01  -4.269090082017e+00
 -4.450359466863e-01   -5.511338071627e-02  -6.555868227834e+01  -4.269090082017e+00
 -4.620885536303e-01    1.526582902329e-03  -7.075571195429e+01  -4.269090082017e+00
 -5.096641449630e-01   -4.954406771376e-02  -6.579843782384e+01   4.394709381936e+00
 -2.987590370562e-01   -1.419936984413e-02  -6.733256310924e+01   4.394709381936e+00
 -2.736549069387e-01   -3.327408399582e-02  -6.121872879802e+01   4.394709381936e+00
 -2.382692248253e-01   -3.511070750123e-02  -6.513057447784e+01  -1.952247875752e+01
 -2.405871496208e-03   -1.372777874305e-03  -6.513079111790e+01  -1.952247875752e+01
 -2.553641473559e-01    7.425569311123e-04  -7.084557653063e+01  -1.952247875752e+01
 -2.557120333062e-01    1.611802651080e-03  -7.077552981302e+01  -1.160476006066e+01
 -4.460083863948e-01   -5.545114383800e-02  -6.549367312229e+01  -1.160476006066e+01
 -2.385226399312e-01   -3.567436633460e-02  -6.517154095427e+01  -1.160476006066e+01
 -2.396596767816e-01   -3.572171010899e-02  -6.512301542185e+01  -1.127668737141e+01
 -4.447618965438e-01   -5.562074191497e-02  -6.553669570427e+01  -1.127668737141e+01
 -4.035930531617e-01   -1.001915964194e-01  -6.052653421222e+01  -1.127668737141e+01
 -3.315561378306e-03    9.816973500030e-06  -6.502438830707e+01  -1.851650775220e+01
 -2.377327516917e-01   -3.579723082881e-02  -6.516508909460e+01  -1.851650775220e+01
 -2.155130067020e-01   -6.287687524612e-02  -5.978430033267e+01  -1.851650775220e+01
 -5.101667702189e-01   -4.911468850634e-02  -6.581767987601e+01  -3.041557986940e+00
 -4.994099065948e-01   -9.551797788879e-02  -6.120685565470e+01  -3.041557986940e+00
 -4.453696485584e-01   -5.578035636998e-02  -6.551079578155e+01  -3.041557986940e+00
 -7.208732768058e-04   -9.748969868937e-05  -8.372084761744e+01   7.503953981804e+00
 -2.725729029546e-01    3.832802399571e-02  -8.033676634355e+01   7.503953981804e+00
 -2.140289133320e-01    4.149321063938e-02  -8.446562716229e+01   7.503953981804e+00
 -2.820087306553e-01   -1.065309490039e-01  -5.278456479340e+01  -4.326939251634e+00
 -3.428603378636e-01   -1.197635725607e-01  -5.621177003593e+01  -4.326939251634e+00
 -4.016574497922e-01   -1.260982145966e-01  -5.389355557627e+01  -4.326939251634e+00
 -5.005590039078e-01   -9.546791481572e-02  -6.123981719983e+01  -4.735669464151e+00
 -4.041748541595e-01   -1.000477171874e-01  -6.060099540225e+01  -4.735669464151e+00
 -4.441146778938e-01   -5.605125416091e-02  -6.548019009310e+01  -4.735669464151e+00
 -2.158091613821e-01   -6.351579778461e-02  -5.980361941840e+01  -9.976534766498e+00
 -4.033436291967e-01   -1.003622891175e-01  -6.057611100712e+01  -9.976534766498e+00
 -3.436730667471e-01   -1.196847244264e-01  -5.620667353682e+01  -9.976534766498e+00
 -2.148694018793e-01   -6.334383858544e-02  -5.984274975256e+01  -1.076747195968e+01
 -2.384329124127e-01   -3.561680076134e-02  -6.511208938553e+01  -1.076747195968e+01
 -4.046068987608e-01   -1.004180015335e-01  -6.053692601195e+01  -1.076747195968e+01
 -4.605456983239e-01   -1.279693012607e-01  -5.725047316903e+01  -4.847238990682e+00
 -3.442353900373e-01   -1.196364390328e-01  -5.627071411591e+01  -4.847238990682e+00
 -4.027587570636e-01   -1.005390088480e-01  -6.053101563157e+01  -4.847238990682e+00
 -1.721470923991e-03    3.350133759102e-04  -6.501193434489e+01  -1.626768383957e+01
 -2.168952705408e-01   -6.326173742498e-02  -5.978778879202e+01  -1.626768383957e+01
 -2.206338214666e-04   -5.355066603525e-04  -5.983568565488e+01  -1.626768383957e+01
 -5.002968645402e-01   -9.496487341364e-02  -6.127983016834e+01  -3.407363084107e+00
 -4.593213555504e-01   -1.278882692803e-01  -5.721818310611e+01  -3.407363084107e+00
 -4.041679703104e-01   -1.004564381860e-01  -6.056192734397e+01  -3.407363084107e+00
 -5.078199194380e-01   -5.003135213765e-02  -6.578122776492e+01   2.550555973200e+00
 -2.762500721974e-01   -3.297404902324e-02  -6.124818371836e+01   2.550555973200e+00
 -5.019566454589e-01   -9.419812268913e-02  -6.128922520605e+01   2.550555973200e+00
 -6.750381211757e-04    1.208214733493e-04  -7.537295620242e+01   9.853303848558e+00
 -1.252584430344e-03   -3.480861868557e-04  -6.971961702518e+01   9.853303848558e+00
 -2.967959029618e-01    1.520976621476e-02  -7.424079319143e+01   9.853303848558e+00
 -1.787508505236e-01   -7.131107481829e-02  -5.537295847330e+01  -9.504194820968e+00
 -2.147997021414e-01   -6.338018390998e-02  -5.979173989057e+01  -9.504194820968e+00
 -3.445205000862e-01   -1.198914259937e-01  -5.621676859463e+01  -9.504194820968e+00
 -2.155332596736e-01   -6.408935904909e-02  -5.984362244377e+01  -1.515963037936e+01
  1.148682231815e-04   -7.517619934760e-04  -5.517156583177e+01  -1.515963037936e+01
 -9.674659163324e-04   -6.588751556266e-05  -5.978036797738e+01  -1.515963037936e+01
 -1.044195950044e-03   -1.337448365870e-03  -5.517037968423e+01  -1.504470995230e+01
 -2.142429683852e-01   -6.368996407008e-02  -5.984083859759e+01  -1.504470995230e+01
 -1.788678857689e-01   -7.103926615304e-02  -5.534188700208e+01  -1.504470995230e+01
 -1.723307277843e-01    3.068088439105e-02  -8.676500519143e+01   5.737397194109e+00
  3.936679878605e-05    2.480335639631e-05  -8.700535866918e+01   5.737397194109e+00
 -5.615580582691e-04    5.342134564813e-05  -8.603807584356e+01   5.737397194109e+00
 -1.479166656907e-01   -6.389565963807e-02  -5.178984723470e+01  -1.021466097988e+01
  9.432120109037e-05   -9.648924816027e-05  -5.176595290784e+01  -1.021466097988e+01
 -1.428020562547e-03   -7.505747563499e-04  -5.507764134303e+01  -1.021466097988e+01
 -1.465856260066e-01   -6.311549305390e-02  -5.182179732507e+01  -8.224494701292e+00
  3.573584919495e-04    3.370487174632e-04  -4.938074908045e+01  -8.224494701292e+00
 -6.325367553069e-04   -5.107853030554e-04  -5.173397092903e+01  -8.224494701292e+00
 -1.899090524234e-01   -2.506425377039e-02  -5.340873938462e+01   6.322665424596e+00
 -4.472458061369e-04   -1.067239206548e-04  -5.358779357840e+01   6.322665424596e+00
  1.354178467379e-04    2.718461909860e-04  -5.057656990014e+01   6.322665424596e+00
 -1.470070406756e-01   -6.344733349604e-02  -5.178554139809e+01  -1.268514370658e+01
 -2.493808433030e-03   -1.327591141989e-03  -5.509087260215e+01  -1.268514370658e+01
 -1.780506757369e-01   -7.103290933672e-02  -5.536818777708e+01  -1.268514370658e+01
 -3.353479605495e-01    2.747472178472e-02  -5.061231239803e+01  -4.993778186515e+00
 -3.311754731499e-01    1.259773087337e-02  -4.857919235951e+01  -4.993778186515e+00
 -2.946449562895e-03    1.405727398054e-04  -5.062112515241e+01  -4.993778186515e+00
 -1.223844211058e-01   -3.496075247524e-02  -4.976490845809e+01  -4.548662723200e+00
 -1.461180513055e-01   -6.332720426206e-02  -5.179657191418e+01  -4.548662723200e+00
 -2.367398430771e-01   -6.210118754519e-02  -5.052496555010e+01  -4.548662723200e+00
 -2.824093729146e-01   -1.068923509305e-01  -5.273991594278e+01  -7.332696977539e+00
 -1.462994644097e-01   -6.307632612845e-02  -5.183258548411e+01  -7.332696977539e+00
 -1.786101844923e-01   -7.142706927252e-02  -5.532798336240e+01  -7.332696977539e+00
 -3.335099971174e-04   -1.092287401919e-03  -4.934151582651e+01  -1.156807084065e+00
 -1.155582739043e-01   -4.183494072545e-04  -4.899467628287e+01  -1.156807084065e+00
 -2.084773468342e-04    4.556213951544e-04  -4.872506846101e+01  -1.156807084065e+00
 -9.120352027675e-04   -1.346054138912e-03  -4.935256912288e+01  -3.388950330671e+00
 -1.221059258966e-01   -3.449689973448e-02  -4.975801891681e+01  -3.388950330671e+00
 -1.149784157820e-01   -3.034009680537e-04  -4.898816157154e+01  -3.388950330671e+00
 -2.219054456322e-01    9.902243209046e-04  -4.973181529972e+01  -1.178356829489e+00
 -1.150230532372e-01    5.296960190979e-04  -4.901411591519e+01  -1.178356829489e+00
 -1.220165661990e-01   -3.517570176882e-02  -4.973862074316e+01  -1.178356829489e+00
 -3.455605703680e-04   -6.355539123974e-04  -4.871177445285e+01   1.701672874762e+00
 -1.153108842576e-01    7.281065964498e-04  -4.901016148545e+01   1.701672874762e+00
 -1.239767520829e-01    3.648849313264e-02  -4.956015493964e+01   1.701672874762e+00
 -2.360721797393e-01   -6.203559658941e-02  -5.051590338945e+01  -5.223126739953e+00
 -1.468807770562e-01   -6.345603582127e-02  -5.180899414957e+01  -5.223126739953e+00
 -2.814421454769e-01   -1.064032511572e-01  -5.276469800560e+01  -5.223126739953e+00
 -1.225341856205e-01   -3.523912497562e-02  -4.974992549103e+01  -6.639580795022e+00
 -2.732763535517e-04    5.031568077909e-06  -4.938570917459e+01  -6.639580795022e+00
 -1.457406586468e-01   -6.278015568507e-02  -5.181676259115e+01  -6.639580795022e+00
 -1.795866821369e-01   -7.165915599171e-02  -5.533816740977e+01  -8.101163205018e+00
 -3.433782278834e-01   -1.196326009435e-01  -5.624840066476e+01  -8.101163205018e+00
 -2.816183662932e-01   -1.067143068173e-01  -5.273073023780e+01  -8.101163205018e+00
 -3.816529872075e-01    1.791632390463e-02  -6.726811583778e+01  -9.495132181407e+00
 -8.409331973546e-04    5.769396754835e-04  -5.986517229060e+01  -9.495132181407e+00
 -1.420878137792e-03   -3.768660061178e-04  -6.957580453187e+01  -9.495132181407e+00
 -5.012330379437e-01   -9.453271734213e-02  -6.127777143115e+01   3.539774335824e+00
 -2.766738283720e-01   -3.246680760569e-02  -6.124706059241e+01   3.539774335824e+00
 -4.068971798365e-01   -8.087170994532e-02  -5.781885184949e+01   3.539774335824e+00
 -3.363249332056e-01    2.807749995728e-02  -5.061930608703e+01  -5.155264023443e+00
 -1.718782846853e-03   -7.262059209593e-04  -5.063916004216e+01  -5.155264023443e+00
 -2.516212406572e-01    3.450025686960e-02  -5.374110829979e+01  -5.155264023443e+00
 -2.278105002955e-01   -3.330991797388e-02  -5.645976789424e+01   4.572705976846e+00
 -1.901802934266e-01   -2.542409147090e-02  -5.341132775623e+01   4.572705976846e+00
 -3.683699845320e-01   -6.992005718410e-02  -5.522123733831e+01   4.572705976846e+00
 -2.290107783441e-01   -3.320038325741e-02  -5.645547722774e+01   8.565728107070e+00
 -2.713784276756e-01   -3.259703693949e-02  -6.120680442946e+01   8.565728107070e+00
 -3.392330870016e-03    7.643451460885e-05  -5.973439975404e+01   8.565728107070e+00
 -4.082645924315e-01   -8.090275179936e-02  -5.785269815060e+01   2.020228887431e+00
 -3.676205969115e-01   -7.001195797324e-02  -5.521469525565e+01   2.020228887431e+00
 -4.353076817010e-01   -1.081959569238e-01  -5.475660809897e+01   2.020228887431e+00
 -3.677304555699e-01   -7.009090306783e-02  -5.520950123115e+01   4.834170363596e+00
 -4.081007320248e-01   -8.049758509706e-02  -5.785480463936e+01   4.834170363596e+00
 -2.286601062781e-01   -3.318185437550e-02  -5.647810753114e+01   4.834170363596e+00
 -3.797119138645e-01   -6.667736025519e-02  -5.326786358218e+01   2.429282207789e+00
 -4.352447624600e-01   -1.078240914536e-01  -5.476503218909e+01   2.429282207789e+00
 -3.676145779113e-01   -7.016488884578e-02  -5.520917672440e+01   2.429282207789e+00
 -4.097725152468e-01   -8.089692504393e-02  -5.787684955803e+01   1.334829223671e+00
 -4.340627254250e-01   -1.082948817645e-01  -5.473102436404e+01   1.334829223671e+00
 -4.605936743988e-01   -1.272166500113e-01  -5.728295332301e+01   1.334829223671e+00
 -3.671612794545e-01   -6.988349695675e-02  -5.521234893342e+01   4.414950006610e+00
 -1.916161967534e-01   -2.553411241241e-02  -5.342750211001e+01   4.414950006610e+00
 -3.805014733526e-01   -6.663613992418e-02  -5.327396815126e+01   4.414950006610e+00
 -2.277846482105e-01   -3.325214047780e-02  -5.646519438188e+01   4.648143951040e+00
 -4.090048690575e-01   -8.048536966639e-02  -5.785576222360e+01   4.648143951040e+00
 -2.729415329721e-01   -3.267366795889e-02  -6.120335694213e+01   4.648143951040e+00
 -2.929457422879e-01   -2.132902919381e-02  -5.046120327410e+01   5.181059635552e+00
 -1.896482368586e-01   -2.538290657635e-02  -5.340801805364e+01   5.181059635552e+00
 -5.199432250237e-04    5.511639763489e-04  -5.058760886344e+01   5.181059635552e+00
 -2.734168418728e-01   -1.023971367122e-02  -4.717446182267e+01   4.547740297213e+00
 -2.863036799857e-01   -1.046508306002e-02  -4.871329453806e+01   4.547740297213e+00
 -7.527414932974e-04    2.574313447451e-04  -4.687485509643e+01   4.547740297213e+00
 -4.681180736745e-01   -9.294787397220e-03  -4.674265148597e+01   2.786702362093e+00
 -2.871202902183e-01   -1.080575955461e-02  -4.872888255446e+01   2.786702362093e+00
 -2.734292775541e-01   -1.043897416535e-02  -4.717568224204e+01   2.786702362093e+00
 -2.916865658531e-01   -2.039380113292e-02  -5.047273250904e+01   3.282849589227e+00
 -4.174131866274e-01   -3.281238227863e-02  -5.050043582746e+01   3.282849589227e+00
 -3.790753180596e-01   -6.654544769589e-02  -5.325070990615e+01   3.282849589227e+00
 -5.389425348041e-01    2.483167536211e-03  -1.504357759585e+01   3.477236295726e+00
 -1.310662285219e-02    3.906367629554e-04  -1.122249214742e+01   3.477236295726e+00
 -6.475404059249e-01   -4.131578607044e-03  -1.150225611947e+01   3.477236295726e+00
 -4.387873222385e-01   -8.296905353568e-02  -5.237380865119e+01   2.162525836109e+00
 -4.342635461686e-01   -1.077442634698e-01  -5.475550166239e+01   2.162525836109e+00
 -3.805755869086e-01   -6.692366910736e-02  -5.328039424068e+01   2.162525836109e+00
 -4.970170180084e-01    3.345401343281e-03  -4.695997235416e+01  -2.720645805307e+00
 -3.321653711023e-01    1.266479486364e-02  -4.860887634714e+01  -2.720645805307e+00
 -4.508621802114e-01    3.727470122923e-02  -5.045340298090e+01  -2.720645805307e+00
 -2.910956377238e-01   -2.081523649595e-02  -5.044733888538e+01   4.316975317872e+00
 -3.803442601399e-01   -6.620839744807e-02  -5.326914268631e+01   4.316975317872e+00
 -1.914807207321e-01   -2.595565565326e-02  -5.341533845167e+01   4.316975317872e+00
 -1.790144299487e-04    1.553692358593e-04  -4.687594077645e+01   4.771368310866e+00
 -2.869065178942e-01   -1.041399446229e-02  -4.871046899584e+01   4.771368310866e+00
 -7.136897041939e-04    6.420611371438e-05  -4.842089355132e+01   4.771368310866e+00
 -4.838391636976e-03   -4.279946341247e-04  -4.388460574265e+01   3.677906574171e+00
 -5.932422991351e-01   -6.327281254705e-03  -4.248621680569e+01   3.677906574171e+00
 -2.729565709849e-01   -1.053158891459e-02  -4.720037919378e+01   3.677906574171e+00
 -3.519043129502e-01   -7.999567246275e-02  -5.163807267768e+01  -2.145247311052e+00
 -2.819314518830e-01   -1.064718013932e-01  -5.275950531534e+01  -2.145247311052e+00
 -4.014675181793e-01   -1.259214702881e-01  -5.391809284724e+01  -2.145247311052e+00
 -4.588393450485e-01   -1.274913609633e-01  -5.725249657240e+01  -1.026620903293e+00
 -4.352469654962e-01   -1.082221537618e-01  -5.476577182476e+01  -1.026620903293e+00
 -4.019556060454e-01   -1.259782417283e-01  -5.392311384213e+01  -1.026620903293e+00
 -2.214349539618e-01    1.275890966909e-03  -4.975295234431e+01  -1.068861514018e+00
 -2.357564282383e-01   -6.160892587570e-02  -5.052448667444e+01  -1.068861514018e+00
 -3.312841080679e-01    2.787187159554e-03  -5.072670859228e+01  -1.068861514018e+00
 -2.364692978879e-01   -6.184853783456e-02  -5.055272423782e+01  -3.092670520927e+00
 -2.809222026997e-01   -1.064490113443e-01  -5.273920992812e+01  -3.092670520927e+00
 -3.526590054827e-01   -7.992669310599e-02  -5.165564857863e+01  -3.092670520927e+00
 -3.304403281537e-01    2.691468270627e-03  -5.071046913548e+01  -7.574992484984e-01
 -2.365861439327e-01   -6.164062028847e-02  -5.054026185612e+01  -7.574992484984e-01
 -3.523923273454e-01   -7.980947681266e-02  -5.166909489281e+01  -7.574992484984e-01
 -2.361102254517e-01   -6.156046867771e-02  -5.053977717060e+01  -1.947327103219e+00
 -2.211828960574e-01    1.017528855181e-03  -4.972517031216e+01  -1.947327103219e+00
 -1.227157733729e-01   -3.531777101376e-02  -4.974766872541e+01  -1.947327103219e+00
 -4.001855510476e-01   -1.253894210295e-01  -5.389178206796e+01  -7.175034716825e-01
 -4.395474957586e-01   -8.303685062050e-02  -5.240177136859e+01  -7.175034716825e-01
 -3.537476744015e-01   -8.043727833396e-02  -5.169877903235e+01  -7.175034716825e-01
 -4.005484239385e-01   -1.260764132664e-01  -5.386508040569e+01  -3.175205186302e+00
 -3.441818471239e-01   -1.197700635645e-01  -5.623904561808e+01  -3.175205186302e+00
 -4.603921962615e-01   -1.277519047020e-01  -5.728293868573e+01  -3.175205186302e+00
 -4.379778685111e-01   -8.192712103419e-02  -5.237328742707e+01   2.079034504234e+00
 -4.186129211670e-01   -3.258478821240e-02  -5.051761303712e+01   2.079034504234e+00
 -4.805059114860e-01   -2.494860569201e-02  -5.021885856960e+01   2.079034504234e+00
 -4.018081437395e-01   -1.255571258896e-01  -5.391977309012e+01   1.437043190666e-01
 -4.351390128382e-01   -1.083554132014e-01  -5.476284538849e+01   1.437043190666e-01
 -4.378320509206e-01   -8.265403975715e-02  -5.235930687784e+01   1.437043190666e-01
 -4.344381644676e-01    4.407952544904e-02  -5.131807589529e+01   1.989892911706e-01
 -3.319809413891e-01    2.836748798161e-03  -5.075595473703e+01   1.989892911706e-01
 -4.264124699424e-01   -3.570567162680e-02  -5.132918455871e+01   1.989892911706e-01
 -3.311412651929e-01    2.160845790364e-03  -5.074023969910e+01  -3.362379575766e-01
 -3.520481883053e-01   -7.926917366684e-02  -5.166494825292e+01  -3.362379575766e-01
 -4.270220792931e-01   -3.543786909176e-02  -5.134526753483e+01  -3.362379575766e-01
 -4.813880083642e-01   -2.504877191105e-02  -5.023381424145e+01   2.752000847287e-01
 -4.280006812636e-01   -3.611194200803e-02  -5.135441962362e+01   2.752000847287e-01
 -4.370969409015e-01   -8.235949917647e-02  -5.236184479081e+01   2.752000847287e-01
 -4.822750056809e-01   -2.590046982402e-02  -5.022846834010e+01   8.138655883752e-01
 -5.042883841573e-01    5.254361634600e-03  -5.012401688432e+01   8.138655883752e-01
 -4.275322289798e-01   -3.490939365819e-02  -5.135803107971e+01   8.138655883752e-01
 -5.433618855064e-01   -4.391936711608e-03  -4.866743178993e+01   5.861807863425e-01
 -5.045860719959e-01    4.476020471598e-03  -5.012594928866e+01   5.861807863425e-01
 -4.814732627537e-01   -2.507771820054e-02  -5.021323942970e+01   5.861807863425e-01
 -4.259567727130e-01   -3.524606264008e-02  -5.131178714552e+01   5.267150274013e-01
 -3.538013920935e-01   -7.971749578401e-02  -5.169835241953e+01   5.267150274013e-01
 -4.394163031080e-01   -8.353120208290e-02  -5.239673517522e+01   5.267150274013e-01
 -3.795637909500e-01   -6.728996207547e-02  -5.325171477414e+01   1.862180394287e+00
 -4.172490212533e-01   -3.242025950198e-02  -5.049390250013e+01   1.862180394287e+00
 -4.397155955571e-01   -8.249246579037e-02  -5.239051090229e+01   1.862180394287e+00
 -2.214020077076e-01    1.517127648919e-03  -4.975154714815e+01   1.369101165674e+00
 -3.313213492376e-01    2.832552880589e-03  -5.072846085360e+01   1.369101165674e+00
 -2.402038725839e-01    6.528375833508e-02  -5.044731610190e+01   1.369101165674e+00
 -5.934610183512e-01   -1.267096820128e-03  -1.791428668396e+01  -3.042446697949e+00
 -1.707926868761e-02   -6.925030397142e-04  -1.823168492397e+01  -3.042446697949e+00
 -5.969186401721e-01   -1.512886354254e-03  -2.265172589243e+01  -3.042446697949e+00
 -4.090945452436e-01   -8.084559792672e-02  -5.786818722646e+01   2.408187824915e-01
 -4.611835514912e-01   -1.273320403132e-01  -5.729446567763e+01   2.408187824915e-01
 -4.983620896309e-01   -9.493154371110e-02  -6.124258242348e+01   2.408187824915e-01
 -4.273172642017e-01   -4.153153664647e-03   6.134601260222e-03  -4.162042122754e+00
 -5.801794818282e-04    5.632717440484e-05  -1.069702420551e-02  -4.162042122754e+00
 -2.188182972097e-03   -9.952905642735e-05  -3.041733129197e+00  -4.162042122754e+00
 -1.151487129874e-01    3.239146589035e-04  -4.901817052561e+01   1.398109168816e+00
 -2.218709753563e-01    1.725167446634e-03  -4.973317177252e+01   1.398109168816e+00
 -1.240883756292e-01    3.732720677600e-02  -4.955889713473e+01   1.398109168816e+00
 -1.884595688532e-01    7.529687192812e-02  -5.506540647891e+01   1.413626137911e+01
 -1.432648343465e-03    1.345434339527e-04  -5.948696561849e+01   1.413626137911e+01
 -1.184082712648e-04    4.060470040579e-04  -5.509296507789e+01   1.413626137911e+01
 -2.748011499773e-01   -1.077689870451e-02  -4.719690106468e+01   2.758792487879e+00
 -5.891800363661e-01   -6.066386808223e-03  -4.246155614798e+01   2.758792487879e+00
 -4.669166871200e-01   -9.191655783028e-03  -4.671119246784e+01   2.758792487879e+00
 -1.307195560324e-03   -3.969301554531e-04  -6.477252965136e+01   1.663658533149e+01
 -6.583022517442e-04    7.073759978526e-04  -5.957583577828e+01   1.663658533149e+01
 -2.231746578689e-01    6.333775448221e-02  -5.956722536578e+01   1.663658533149e+01
  2.194789945820e-04    2.116087442310e-04  -5.359135678112e+01   7.593957015509e+00
 -2.281889881650e-01   -3.288301046851e-02  -5.645850756164e+01   7.593957015509e+00
 -5.712017102093e-04   -7.745629814462e-05  -5.615428409650e+01   7.593957015509e+00
 -1.874085012881e-01    7.484932782736e-02  -5.506086911887e+01   1.688923643118e+01
 -2.213953110749e-01    6.367501976591e-02  -5.961684256113e+01   1.688923643118e+01
 -2.501756286657e-03    5.668374203162e-04  -5.950223306506e+01   1.688923643118e+01
 -2.521649873281e-03   -1.089322288458e-04  -6.478706602840e+01   1.930150394570e+01
 -2.220671630444e-01    6.304846089050e-02  -5.956209008008e+01   1.930150394570e+01
 -2.478601493353e-01    3.613901924274e-02  -6.488114925724e+01   1.930150394570e+01
 -9.248086479304e-04    3.489293109485e-04  -5.504697759975e+01   1.250992399695e+01
  4.313997464810e-04    2.284483541212e-04  -5.149425174103e+01   1.250992399695e+01
 -1.868798400208e-01    7.534837116657e-02  -5.511249340997e+01   1.250992399695e+01
 -5.832252486952e-01    1.297183721687e-02  -3.196807864918e+01   6.389923285899e-01
 -5.046571946294e-01    1.268478963050e-02  -3.226978379571e+01   6.389923285899e-01
 -4.561373283221e-01    7.829410542845e-03  -2.857048562117e+01   6.389923285899e-01
 -1.248177457847e-01    3.775354634210e-02  -4.955136816880e+01   8.658501350051e+00
 -1.491901847591e-01    6.277236297900e-02  -5.178280086846e+01   8.658501350051e+00
 -1.778611606221e-03    1.546256447018e-03  -5.144174755151e+01   8.658501350051e+00
 -3.983502620281e-04    5.125964009929e-04  -4.949583120451e+01   3.767393711105e+00
  1.535595078630e-04   -7.538955104607e-04  -4.870114992894e+01   3.767393711105e+00
 -1.246791241737e-01    3.667211495946e-02  -4.956682522968e+01   3.767393711105e+00
 -1.864809063925e-01    7.507682961855e-02  -5.507481448374e+01   7.753201764435e+00
 -1.496948460468e-01    6.318593667573e-02  -5.178867709138e+01   7.753201764435e+00
 -2.913539798608e-01    1.108177444278e-01  -5.266316617784e+01   7.753201764435e+00
 -1.858116680290e-01    7.493025757671e-02  -5.510892152619e+01   1.164724477418e+01
 -4.474072394664e-04    7.533764156116e-04  -5.149656122789e+01   1.164724477418e+01
 -1.499558554186e-01    6.320304907150e-02  -5.176597884625e+01   1.164724477418e+01
 -2.405386181338e-01    6.577913738365e-02  -5.043524211820e+01   5.682333189400e+00
 -2.904051496627e-01    1.103790306857e-01  -5.268612559415e+01   5.682333189400e+00
 -1.503144454263e-01    6.358384244571e-02  -5.176200582337e+01   5.682333189400e+00
 -2.218319696895e-01    6.371309235744e-02  -5.957070269439e+01   9.898345579362e+00
 -1.866475438396e-01    7.494002084936e-02  -5.511687304523e+01   9.898345579362e+00
 -3.584132898775e-01    1.248882734561e-01  -5.606681920038e+01   9.898345579362e+00
 -1.495038853732e-01    6.337467429741e-02  -5.175285272719e+01   4.806131761207e+00
 -1.243589299856e-01    3.705711512760e-02  -4.958722492087e+01   4.806131761207e+00
 -2.412281217023e-01    6.588789991107e-02  -5.044331545688e+01   4.806131761207e+00
 -9.881026405880e-04    1.071869655407e-03  -5.142987682018e+01   6.063207873345e+00
  6.881089534572e-05   -2.130946212225e-04  -4.950975215611e+01   6.063207873345e+00
 -1.255367064161e-01    3.805301331734e-02  -4.955500741288e+01   6.063207873345e+00
 -2.992178520344e-01    4.439569639136e-02  -5.685210006115e+01  -8.166366524810e+00
 -4.151536214287e-03   -1.390365899666e-04  -5.988188909038e+01  -8.166366524810e+00
 -3.454673028945e-01    4.107552426032e-02  -6.142559605173e+01  -8.166366524810e+00
 -3.572278165765e-01    1.246103214514e-01  -5.609822047091e+01   8.439468303149e+00
 -1.874303789717e-01    7.523786814955e-02  -5.508663758715e+01   8.439468303149e+00
 -2.905628891613e-01    1.106701695872e-01  -5.265372125732e+01   8.439468303149e+00
 -4.655202703880e-01    5.685622805523e-02  -6.525276512844e+01   1.245634744855e+01
 -4.820715735173e-01   -4.210028260074e-03  -7.055510768974e+01   1.245634744855e+01
 -2.615203196035e-01   -2.533831814490e-03  -7.050518465093e+01   1.245634744855e+01
 -4.653062886270e-01    5.722956039888e-02  -6.530443406304e+01   1.188287820298e+01
 -2.491781896513e-01    3.599991166809e-02  -6.484057520797e+01   1.188287820298e+01
 -4.211944648772e-01    1.039410049295e-01  -6.035267739938e+01   1.188287820298e+01
 -4.846306830647e-01   -3.873519015601e-03  -7.050329790945e+01   3.634612658781e+00
 -5.541569806423e-01    5.366508971051e-02  -6.562581430123e+01   3.634612658781e+00
 -5.525710384260e-01   -4.939496048947e-03  -7.054764799221e+01   3.634612658781e+00
 -3.806543346279e-01    1.731843580275e-02  -6.727262201604e+01  -2.082679771261e+00
 -5.526587479278e-01   -3.970100259944e-03  -7.051687843711e+01  -2.082679771261e+00
 -5.538154947685e-01    5.248034014310e-02  -6.568732308314e+01  -2.082679771261e+00
 -5.539029319847e-01   -4.633063322872e-03  -7.053002038493e+01  -3.442724865154e+00
 -3.793699656305e-01    1.792986710464e-02  -6.725783348574e+01  -3.442724865154e+00
 -3.783378184523e-01   -2.207729077671e-02  -7.374633000849e+01  -3.442724865154e+00
 -4.846933210113e-01   -5.088689153984e-03  -7.058850301676e+01   3.705691098918e+00
 -5.525425905144e-01   -4.326683989018e-03  -7.050822860980e+01   3.705691098918e+00
 -5.527546762435e-01   -6.498388418024e-02  -7.542617172706e+01   3.705691098918e+00
 -5.555429529341e-01    5.346753098648e-02  -6.565312567289e+01   5.016286123251e+00
 -4.830629016687e-01   -3.537386427009e-03  -7.048193932229e+01   5.016286123251e+00
 -4.655566834800e-01    5.671551267629e-02  -6.532880024912e+01   5.016286123251e+00
 -2.600256654326e-01   -2.463147822386e-03  -7.050019224474e+01   1.211587249141e+01
 -2.479063004611e-01    3.602696149624e-02  -6.488785148619e+01   1.211587249141e+01
 -4.667151306770e-01    5.699423193968e-02  -6.526014294246e+01   1.211587249141e+01
 -5.374054820735e-01    1.026776243681e-01  -6.124306640278e+01   4.027849754313e+00
 -4.217654007211e-01    1.042570514730e-01  -6.038671337900e+01   4.027849754313e+00
 -4.873699032198e-01    1.370432784885e-01  -5.720042510925e+01   4.027849754313e+00
 -4.221670657488e-01    1.041807940439e-01  -6.036286018817e+01   1.135123971147e+01
 -2.480887226463e-01    3.587862308680e-02  -6.483004603738e+01   1.135123971147e+01
 -2.217521862592e-01    6.367351362149e-02  -5.962046923787e+01   1.135123971147e+01
 -5.527219069989e-01    5.379519851064e-02  -6.566593079217e+01  -1.760092825334e+00
 -5.389529320671e-01    1.019237821654e-01  -6.125212405456e+01  -1.760092825334e+00
 -3.504051299183e-01    4.167781339293e-02  -6.145805300321e+01  -1.760092825334e+00
 -5.549306420702e-01    5.284353054945e-02  -6.570181885586e+01   3.786305597807e+00
 -4.659179035797e-01    5.736477394152e-02  -6.528033197923e+01   3.786305597807e+00
 -5.365666744037e-01    1.032272197647e-01  -6.117033475349e+01   3.786305597807e+00
 -3.580445232594e-01    1.245751064226e-01  -5.612282362921e+01   5.365476239339e+00
 -4.885929459219e-01    1.371139594495e-01  -5.723247442041e+01   5.365476239339e+00
 -4.203524362189e-01    1.043403974895e-01  -6.035594444135e+01   5.365476239339e+00
 -5.544344646240e-01    5.328313849158e-02  -6.568450780484e+01  -3.454969624565e+00
 -3.479326118044e-01    4.200247740435e-02  -6.142808419913e+01  -3.454969624565e+00
 -3.798919887395e-01    1.664239530760e-02  -6.727485802442e+01  -3.454969624565e+00
 -5.383306061488e-01    1.022805145699e-01  -6.124000408828e+01  -2.776817786846e+00
 -4.572866295475e-01    9.256509240786e-02  -5.799149655129e+01  -2.776817786846e+00
 -3.506792441924e-01    4.112822226244e-02  -6.145911763876e+01  -2.776817786846e+00
 -5.377040628193e-01    1.031737897777e-01  -6.120300594291e+01   5.371408405263e+00
 -4.646882625738e-01    5.763772865607e-02  -6.524943080667e+01   5.371408405263e+00
 -4.217418845040e-01    1.038442693130e-01  -6.042585645286e+01   5.371408405263e+00
 -2.228395055111e-01    6.388809331670e-02  -5.958105160450e+01   1.058596270684e+01
 -3.575784579898e-01    1.246782920186e-01  -5.605710887503e+01   1.058596270684e+01
 -4.208614613904e-01    1.041295619405e-01  -6.040172939280e+01   1.058596270684e+01
 -2.525837663906e-01    3.466652713152e-02  -5.374844700907e+01  -6.682129604181e+00
 -9.660826423032e-04   -3.143379714578e-04  -5.374786353611e+01  -6.682129604181e+00
 -2.986045923690e-01    4.426229661303e-02  -5.685823133947e+01  -6.682129604181e+00
 -4.202523496702e-01    1.343955021306e-01  -5.387688292241e+01   4.746763160077e+00
 -3.567080644923e-01    1.247028265319e-01  -5.606498513179e+01   4.746763160077e+00
 -2.909784343631e-01    1.105604332199e-01  -5.270309495712e+01   4.746763160077e+00
 -1.422953271312e-03   -8.764793679798e-04  -7.046843629515e+01   1.821194988804e+01
 -8.125205299082e-04    6.769694921519e-04  -6.486540177273e+01   1.821194988804e+01
 -2.494376499137e-01    3.522165544615e-02  -6.483077799196e+01   1.821194988804e+01
 -3.304691609786e-01    2.915111458433e-03  -5.071162349430e+01   1.127294949083e+00
 -3.614523175174e-01    8.655651700316e-02  -5.163660987975e+01   1.127294949083e+00
 -2.410385976704e-01    6.532328698038e-02  -5.046408388483e+01   1.127294949083e+00
 -1.247630132072e-01    3.742833987965e-02  -4.957145843266e+01   2.226513421988e+00
 -2.211627338429e-01    1.724146042752e-03  -4.972547222787e+01   2.226513421988e+00
 -2.405192892665e-01    6.527576759799e-02  -5.046040241397e+01   2.226513421988e+00
 -4.191397534538e-01    1.343758311835e-01  -5.384865849362e+01   3.665179646438e+00
 -4.883957179993e-01    1.368907827457e-01  -5.726428005618e+01   3.665179646438e+00
 -3.580209752465e-01    1.247050757545e-01  -5.609241194663e+01   3.665179646438e+00
 -2.909404635763e-01    1.105173834698e-01  -5.267860663968e+01   2.581730414977e+00
 -3.610043521165e-01    8.675229866894e-02  -5.160632592033e+01   2.581730414977e+00
 -4.200411446837e-01    1.342154449203e-01  -5.390024606418e+01   2.581730414977e+00
 -4.649019426307e-01    9.317407144377e-02  -5.245438212760e+01   1.074472069492e+00
 -4.188141965475e-01    1.337058729359e-01  -5.387546002345e+01   1.074472069492e+00
 -3.627902141557e-01    8.719352705517e-02  -5.166576433741e+01   1.074472069492e+00
 -4.205241760656e-01    1.342843461026e-01  -5.390493732203e+01   1.478703246373e+00
 -4.691542059176e-01    1.199158563611e-01  -5.486532508354e+01   1.478703246373e+00
 -4.868736314291e-01    1.366354878815e-01  -5.723512651738e+01   1.478703246373e+00
 -4.647292714712e-01    9.360721480970e-02  -5.244686516639e+01  -1.273027961150e-01
 -3.628856616589e-01    8.650752610845e-02  -5.166704846365e+01  -1.273027961150e-01
 -4.340177707197e-01    4.364829357011e-02  -5.130043760248e+01  -1.273027961150e-01
 -2.899278813146e-01    1.104712178703e-01  -5.265906516557e+01   3.432279613942e+00
 -2.408807895922e-01    6.553070550693e-02  -5.047531367634e+01   3.432279613942e+00
 -3.617627293451e-01    8.669614053099e-02  -5.162388569797e+01   3.432279613942e+00
 -3.349174660259e-01    2.771309643936e-02  -5.060664661908e+01  -2.755995898282e+00
 -4.520686628299e-01    3.779869839782e-02  -5.046650760383e+01  -2.755995898282e+00
 -3.310444908721e-01    1.236225135649e-02  -4.859289884605e+01  -2.755995898282e+00
 -5.978737018279e-01   -5.526565564445e-03  -4.248959890395e+01   3.611541316914e+00
 -3.343394935200e-03   -8.487900472986e-04  -4.383096380658e+01   3.611541316914e+00
 -5.721898980210e-03    6.680731637019e-04  -3.905294954644e+01   3.611541316914e+00
 -4.633578615671e-01    9.198530921902e-02  -5.242557621749e+01  -1.852549510788e+00
 -5.008505836273e-01    3.022088675585e-02  -5.032939876074e+01  -1.852549510788e+00
 -4.526110898697e-01    3.814146077452e-02  -5.048059119884e+01  -1.852549510788e+00
 -4.624521627918e-01    9.231721120904e-02  -5.241078099895e+01   2.917839589415e-02
 -4.359900488356e-01    4.463719770679e-02  -5.134119149884e+01   2.917839589415e-02
 -5.016010587434e-01    3.051331045371e-02  -5.034427406304e+01   2.917839589415e-02
 -5.023248719715e-01    3.006462767623e-02  -5.035191213505e+01   9.278717812498e-03
 -5.042024128852e-01    4.734646490776e-03  -5.012653447245e+01   9.278717812498e-03
 -5.439845758565e-01   -4.712081512932e-03  -4.866733093000e+01   9.278717812498e-03
 -4.690227872654e-01    1.200318309356e-01  -5.486184880540e+01   2.758741484924e-01
 -4.204235335164e-01    1.338939812133e-01  -5.390257423120e+01   2.758741484924e-01
 -4.632103910717e-01    9.278332626316e-02  -5.241368554749e+01   2.758741484924e-01
 -4.983155767713e-01    3.857709038683e-03  -4.697363968833e+01  -7.899163901229e-01
 -5.022236662486e-01    2.979046605097e-02  -5.036149315232e+01  -7.899163901229e-01
 -5.446696860843e-01   -4.451444658436e-03  -4.866504495472e+01  -7.899163901229e-01
 -5.024616948025e-01    3.144336615146e-02  -5.034469352862e+01  -3.988595732781e-01
 -4.355951066996e-01    4.337187923116e-02  -5.134209823557e+01  -3.988595732781e-01
 -5.042519791320e-01    3.698459457215e-03  -5.012848414209e+01  -3.988595732781e-01
 -3.611583067900e-01    8.601024655771e-02  -5.163360227844e+01   6.582930242663e-01
 -3.311088535308e-01    3.469640113705e-03  -5.073983204260e+01   6.582930242663e-01
 -4.350692692193e-01    4.385449127314e-02  -5.133467556550e+01   6.582930242663e-01
 -4.233131902600e-01    7.938864070558e-02  -5.345610352438e+01  -1.559978491264e+00
 -4.651691840772e-01    9.255599766267e-02  -5.244525820815e+01  -1.559978491264e+00
 -4.512288232727e-01    3.812840334736e-02  -5.045875438446e+01  -1.559978491264e+00
 -4.691729205244e-01    1.195505339004e-01  -5.486483507109e+01  -1.966995605221e+00
 -4.235738826677e-01    7.872491154110e-02  -5.347175907127e+01  -1.966995605221e+00
 -4.178541564399e-01    8.262137355266e-02  -5.544974547778e+01  -1.966995605221e+00
 -4.681979087978e-01    1.194542971688e-01  -5.485556229853e+01  -1.796781876918e+00
 -4.641406916558e-01    9.304846693958e-02  -5.242720308065e+01  -1.796781876918e+00
 -4.244127816763e-01    7.899376624869e-02  -5.348390315590e+01  -1.796781876918e+00
 -4.584643223684e-01    9.222293769417e-02  -5.802537966873e+01  -4.237396455639e+00
 -4.179630511406e-01    8.256535501119e-02  -5.545084049790e+01  -4.237396455639e+00
 -2.990212779218e-01    4.444264283136e-02  -5.687247443680e+01  -4.237396455639e+00
 -4.179061977742e-01    8.248735708297e-02  -5.545578833041e+01  -1.526742106277e+00
 -4.585635130978e-01    9.261251449707e-02  -5.802367786204e+01  -1.526742106277e+00
 -4.691615719816e-01    1.199058542351e-01  -5.485594744675e+01  -1.526742106277e+00
 -2.525266367132e-01    3.464017223424e-02  -5.374945735610e+01  -4.117612678246e+00
 -2.984633089064e-01    4.458327012579e-02  -5.685680265367e+01  -4.117612678246e+00
 -4.185348542572e-01    8.239767818694e-02  -5.546299800006e+01  -4.117612678246e+00
 -4.594084709578e-01    9.220886178715e-02  -5.802649312630e+01  -3.977584868844e+00
 -2.979603251795e-01    4.450952842935e-02  -5.686032093673e+01  -3.977584868844e+00
 -3.469289324154e-01    4.127048262977e-02  -6.141890582460e+01  -3.977584868844e+00
 -4.174680003541e-01    8.235273608682e-02  -5.545449327900e+01  -4.082532544848e+00
 -4.243568111099e-01    7.867048145368e-02  -5.347703059264e+01  -4.082532544848e+00
 -2.537343118497e-01    3.475763908787e-02  -5.376397264558e+01  -4.082532544848e+00
 -4.679391123346e-01    1.200022477144e-01  -5.483127311823e+01  -7.728182654092e-01
 -4.600487156349e-01    9.260540697868e-02  -5.804677786813e+01  -7.728182654092e-01
 -4.886380681313e-01    1.363695941610e-01  -5.726484358084e+01  -7.728182654092e-01
 -3.357046527728e-01    2.721794941877e-02  -5.062326309798e+01  -3.148193982519e+00
 -4.229067710206e-01    7.859673034768e-02  -5.345919338378e+01  -3.148193982519e+00
 -4.513880921056e-01    3.860189432117e-02  -5.045900399346e+01  -3.148193982519e+00
 -3.166033784518e-01    4.574195246360e-03  -4.686501478974e+01  -4.618697860770e+00
 -1.343482932750e-03   -2.308439532343e-04  -4.667876661378e+01  -4.618697860770e+00
 -3.311524936240e-01    1.233565549148e-02  -4.860394062032e+01  -4.618697860770e+00
 -3.164719901435e-01    4.567286221007e-03  -4.684655838758e+01  -2.568066038302e+00
 -4.973545975892e-01    3.687054776110e-03  -4.694776396663e+01  -2.568066038302e+00
 -4.370245549464e-01    5.794345860331e-03  -4.400007501429e+01  -2.568066038302e+00
 -1.320606879848e-03    2.404685842482e-04  -5.060370575830e+01  -4.742479287672e+00
 -3.325228250970e-01    1.253186592393e-02  -4.859354712177e+01  -4.742479287672e+00
 -2.825783332909e-04   -2.365520917458e-04  -4.667112334400e+01  -4.742479287672e+00
 -4.247104683186e-01   -4.048128873713e-03  -2.855000387251e-03  -1.402253700081e+00
 -5.039219279598e-01   -4.798150577057e-03  -3.315217064171e+00  -1.402253700081e+00
 -5.696568011386e-01   -1.296970294276e-03  -3.516076787831e-02  -1.402253700081e+00
  5.736204280093e-04    6.792226359328e-04  -8.657402716391e+01  -5.638021369140e+00
 -2.254063035759e-01   -3.907466838490e-02  -8.581226178778e+01  -5.638021369140e+00
 -9.052765239349e-04   -3.802919099874e-04  -8.546878932906e+01  -5.638021369140e+00
 -5.016489131126e-01    6.634406671716e-03  -3.920121022312e+01   3.830490301904e+00
 -5.933268415002e-01   -5.045351641358e-03  -4.247819063841e+01   3.830490301904e+00
 -8.578104583712e-03    7.682147850357e-04  -3.905331577384e+01   3.830490301904e+00
 -3.347157858077e-01    2.758377873356e-02  -5.060061770133e+01  -4.012121451230e+00
 -2.532850197173e-01    3.514985038181e-02  -5.374936557702e+01  -4.012121451230e+00
 -4.244312826007e-01    7.826557379425e-02  -5.347470455124e+01  -4.012121451230e+00
 -5.907007174372e-01   -1.018241139730e-03  -1.790537963718e+01  -7.736068861719e-02
 -5.439130441004e-01    2.473227741201e-03  -1.501345424965e+01  -7.736068861719e-02
 -5.206654103407e-01   -2.743524989651e-03  -1.442217545407e+01  -7.736068861719e-02
  3.787239412036e-04   -1.393789647050e-04  -5.371867264818e+01  -7.493779349934e+00
 -2.079734347565e-03    4.411119165845e-05  -5.984595011347e+01  -7.493779349934e+00
 -3.005746768014e-01    4.414811467715e-02  -5.686683851387e+01  -7.493779349934e+00
 -5.641122117864e-01    2.804881943806e-03  -3.977919375396e+01  -4.008810930220e+00
 -9.739757392783e-03    7.701546749975e-04  -4.357167873817e+01  -4.008810930220e+00
 -4.332212224181e-01    5.947300545806e-03  -4.397264063852e+01  -4.008810930220e+00
 -4.891687177317e-01    1.364853679502e-01  -5.727572890426e+01   3.553642344929e-01
 -4.594478329093e-01    9.254763800068e-02  -5.803876879172e+01   3.553642344929e-01
 -5.355191113055e-01    1.026629314293e-01  -6.120620557450e+01   3.553642344929e-01
 -5.047442039694e-01    4.464140396938e-03  -5.014719736550e+01   1.708630199160e-01
 -4.346527241089e-01    4.262575549195e-02  -5.132900384275e+01   1.708630199160e-01
 -4.265471759698e-01   -3.425525304256e-02  -5.134014733266e+01   1.708630199160e-01
 -2.407339176585e-03    6.218649967787e-04  -5.987776653157e+01  -7.865865570331e+00
 -3.801544568410e-01    1.791065503572e-02  -6.726124009590e+01  -7.865865570331e+00
 -3.466734118290e-01    4.069057968156e-02  -6.143015986765e+01  -7.865865570331e+00
 -5.872597922643e-01   -5.510598749404e-03  -4.240344738349e+01  -1.036493096796e+00
 -4.434194711957e-01    5.794896643843e-03  -4.398886858414e+01  -1.036493096796e+00
 -5.512856214395e-01   -1.331940169499e-03  -4.690097314494e+01  -1.036493096796e+00
 -5.091130889970e-01   -4.877706289237e-02  -6.580081578667e+01   3.115437621809e+00
 -5.050180270595e-01    1.776520911475e-03  -7.079580826286e+01   3.115437621809e+00
 -2.994841858822e-01   -1.483575804344e-02  -6.733296037590e+01   3.115437621809e+00
 -5.256813099685e-03   -2.303774606861e-04  -3.036267339325e+00  -3.822174636170e+00
 -5.052839103518e-01   -4.766356023017e-03  -3.292457360408e+00  -3.822174636170e+00
 -4.245202551867e-01   -4.111078475837e-03   1.385232049250e-02  -3.822174636170e+00
 -5.498953824448e-01   -1.387800904945e-03  -4.688668491461e+01  -7.163950730936e-01
 -4.984706214183e-01    4.003436170252e-03  -4.696766296702e+01  -7.163950730936e-01
 -5.442332277939e-01   -4.370763884598e-03  -4.866255426276e+01  -7.163950730936e-01
 -6.558177799896e-01   -5.121617052345e-03  -1.149819188228e+01  -2.916152319268e+00
 -5.399249916375e-01   -8.342106579720e-03  -6.859754443469e+00  -2.916152319268e+00
 -2.091713754918e-02    4.063726061102e-04  -1.061386340739e+01  -2.916152319268e+00
 -5.529033434239e-01   -1.293235964589e-03  -4.690606869279e+01  -8.274133296580e-01
 -4.409144701534e-01    5.752197173052e-03  -4.399741433552e+01  -8.274133296580e-01
 -4.953581081921e-01    3.775233767829e-03  -4.696692554291e+01  -8.274133296580e-01
 -4.372462513172e-01    5.630219026591e-03  -4.392592755075e+01  -8.728197516846e-01
 -5.912774734715e-01   -4.926291687354e-03  -4.239377662983e+01  -8.728197516846e-01
 -5.599252130787e-01    2.879828619429e-03  -3.975389750265e+01  -8.728197516846e-01
 -5.436674868181e-01   -4.503804512266e-03  -4.866210500923e+01   1.637196874083e+00
 -4.812982585742e-01   -2.505909456432e-02  -5.021418523391e+01   1.637196874083e+00
 -4.170743654305e-01   -3.224353869442e-02  -5.051796256067e+01   1.637196874083e+00
 -4.687363628934e-01   -9.004660828484e-03  -4.673725512779e+01   1.184165234150e+00
 -5.505938550990e-01   -1.169784050249e-03  -4.688683036969e+01   1.184165234150e+00
 -5.431647706367e-01   -4.741621885328e-03  -4.867646626425e+01   1.184165234150e+00
 -4.165205251668e-01   -3.178786516267e-02  -5.052576821005e+01   2.560173046021e+00
 -2.896620353885e-01   -1.109259501958e-02  -4.874330981026e+01   2.560173046021e+00
 -5.448826904954e-01   -5.012670868184e-03  -4.866547739065e+01   2.560173046021e+00
 -5.364534693261e-04    3.484157322185e-04  -4.840017571024e+01   4.882588708855e+00
 -2.932071750782e-01   -2.057647449155e-02  -5.045865705259e+01   4.882588708855e+00
 -6.734019581836e-04   -1.175044565405e-04  -5.057910625658e+01   4.882588708855e+00
 -2.917885303345e-01   -2.051136932865e-02  -5.045339953581e+01   4.906410012225e+00
 -1.548697068588e-03    4.284742782972e-04  -4.840971933227e+01   4.906410012225e+00
 -2.863950314076e-01   -1.068802774772e-02  -4.871996806398e+01   4.906410012225e+00
 -4.971099033771e-01    3.290646042448e-03  -4.696587344630e+01  -1.353373869746e+00
 -4.506224854705e-01    3.742885667493e-02  -5.045016800752e+01  -1.353373869746e+00
 -5.028096938754e-01    3.027226635465e-02  -5.036309234641e+01  -1.353373869746e+00
 -3.162532206407e-01    4.515619903393e-03  -4.685858280674e+01  -2.716979041481e+00
 -3.310933672778e-01    1.253260339913e-02  -4.861655617327e+01  -2.716979041481e+00
 -4.981278449223e-01    3.681709961935e-03  -4.695874198637e+01  -2.716979041481e+00
 -5.038393113941e-01   -4.202878790517e-03  -3.328202639169e+00  -4.443840768344e-01
 -5.425401928388e-01   -8.798573324760e-03  -7.055976523720e+00  -4.443840768344e-01
 -5.713781426591e-01   -7.295193586014e-03  -4.371056669741e+00  -4.443840768344e-01
 -8.185306661705e-03   -3.967739202474e-04  -3.505122694617e+01  -3.788122060207e+00
 -5.795193994615e-01    1.053774788825e-02  -3.179654917041e+01  -3.788122060207e+00
 -3.708521978341e-04   -3.322529298146e-04  -3.115936608346e+01  -3.788122060207e+00
 -1.554476850723e-02    2.547982427533e-04  -3.543927634957e+01   3.069481426965e+00
 -6.559413453753e-01    7.328364148242e-03  -3.565143610568e+01   3.069481426965e+00
 -5.027504687584e-01    6.248801345379e-03  -3.932933235832e+01   3.069481426965e+00
 -6.507032425812e-01    7.459351522472e-03  -3.566552022318e+01  -3.029539923314e+00
 -1.648121805195e-02   -3.174846740415e-04  -3.529418582107e+01  -3.029539923314e+00
 -5.625655788196e-01    2.398512261771e-03  -3.995792399928e+01  -3.029539923314e+00
 -5.169871810613e-01   -1.270646671257e-04  -2.039957663739e+01   7.945534169536e-01
 -6.014890184786e-01   -1.803743031315e-03  -2.249572434711e+01   7.945534169536e-01
 -5.154463419875e-01   -6.008912361029e-03  -2.464954295794e+01   7.945534169536e-01
 -5.209530584444e-01   -2.885614616019e-03  -1.443086575994e+01  -3.786525910758e+00
  1.934129864297e-04    6.238572878609e-05  -1.439765745901e+01  -3.786525910758e+00
 -6.199922024303e-03   -2.498740438866e-04  -1.805269951543e+01  -3.786525910758e+00
 -4.593778225195e-01    7.864100352421e-03  -2.851639157818e+01   1.031169107101e+00
 -6.005454694369e-01    7.918013350540e-03  -2.714547836804e+01   1.031169107101e+00
 -5.793895294750e-01    1.284909720880e-02  -3.198301633993e+01   1.031169107101e+00
 -5.965139936136e-01   -1.472753833411e-03  -2.227248747781e+01  -2.943096735152e+00
 -1.931706552515e-02    9.325219003431e-04  -2.706727825424e+01  -2.943096735152e+00
 -6.058598545432e-01    7.505732007648e-03  -2.712565088306e+01  -2.943096735152e+00
 -5.133330475440e-01   -1.043899043771e-04  -2.035121161085e+01   8.228428769334e-01
 -5.363808453720e-01    2.238312566931e-03  -1.499615648978e+01   8.228428769334e-01
 -5.959532592447e-01   -6.309683407884e-04  -1.789144429489e+01   8.228428769334e-01
 -6.071819429222e-01    8.423485813169e-03  -2.723278545001e+01  -2.863848389292e+00
 -1.750779441326e-02    1.226156097283e-04  -2.725896483893e+01  -2.863848389292e+00
 -5.740362279935e-01    1.159543101073e-02  -3.207197081802e+01  -2.863848389292e+00
 -5.768086198562e-01   -6.495300063478e-03  -4.371882445703e+00   3.731507849614e+00
 -5.772426503058e-03   -4.281748037317e-04  -7.272524916094e+00   3.731507849614e+00
 -3.599500164305e-03    5.805718923413e-04  -2.758224960521e+00   3.731507849614e+00
 -6.698589711898e-03    5.116779690524e-04  -6.699183180275e+00  -3.657394457352e+00
 -5.423861492943e-01   -7.870017248289e-03  -7.019595240261e+00  -3.657394457352e+00
 -5.046246247124e-01   -4.515887372415e-03  -3.302207686775e+00  -3.657394457352e+00
 -3.170714613557e-03    2.649517474624e-04  -6.702902054281e+00  -3.862311397462e+00
 -5.083335243603e-01   -4.627673560395e-03  -3.294573716018e+00  -3.862311397462e+00
 -2.582889367638e-03   -2.631640676412e-04  -3.061172687430e+00  -3.862311397462e+00
 -5.663325542779e-01   -1.138501178406e-03  -3.601150087052e-02  -4.990491709238e-01
 -5.073185503099e-01   -4.883277182842e-03  -3.298462545014e+00  -4.990491709238e-01
 -5.675038952135e-01   -6.290713871234e-03  -4.365939681341e+00  -4.990491709238e-01
  3.839246846811e-04   -1.276886505559e-04  -1.429573445077e+01  -3.785019206073e+00
 -5.201419663527e-01   -2.773918222156e-03  -1.461016226228e+01  -3.785019206073e+00
 -8.844982642512e-03   -2.869307016595e-05  -1.085560571153e+01  -3.785019206073e+00
 -5.471069839494e-01   -9.359924634172e-03  -7.057076714809e+00   3.778940128270e-01
 -6.439902871734e-01   -4.927362172363e-03  -1.156823201059e+01   3.778940128270e-01
 -4.984728026450e-01   -1.313806184796e-02  -8.401224163109e+00   3.778940128270e-01
 -5.463039575087e-01   -7.688991730029e-03  -6.945468509783e+00  -3.697334163231e+00
 -2.047996285557e-03    4.461901574832e-04  -6.764402250198e+00  -3.697334163231e+00
 -9.135115129354e-03    2.695230937248e-04  -1.059973171832e+01  -3.697334163231e+00
 -5.490158594815e-01   -9.427634255460e-03  -7.047173557064e+00   3.574429804876e-01
 -4.977625613769e-01   -1.318403513411e-02  -8.295175709911e+00   3.574429804876e-01
 -5.670817880947e-01   -7.352001001251e-03  -4.317162970718e+00   3.574429804876e-01
 -1.806275098673e-03   -2.378808787108e-04  -7.258365661352e+00   4.116442480762e+00
 -4.977743932297e-01   -1.213582323052e-02  -8.246310216880e+00   4.116442480762e+00
 -4.023293363055e-03    4.174335124195e-04  -1.106088920258e+01   4.116442480762e+00
 -1.223963427652e-02    7.686147504437e-04  -1.108582904279e+01   3.443553772459e+00
 -4.932915389949e-01   -1.227945083554e-02  -8.219566509584e+00   3.443553772459e+00
 -6.483047657565e-01   -4.474306097717e-03  -1.151149232369e+01   3.443553772459e+00
 -5.697160424813e-01    2.706806949362e-03  -3.981235604739e+01  -3.930387935274e+00
 -1.098020427483e-03   -3.788820339426e-04  -3.942963788953e+01  -3.930387935274e+00
 -5.372056412539e-03    4.642557129325e-04  -4.354744014300e+01  -3.930387935274e+00
 -5.069744248115e-01    6.042717584214e-03  -3.923596860075e+01   4.314032323026e-01
 -5.658634418783e-01    2.681593069912e-03  -3.978751635367e+01   4.314032323026e-01
 -5.860649814140e-01   -4.721512733930e-03  -4.248082296662e+01   4.314032323026e-01
 -2.030010007498e-03   -9.435780775897e-05  -3.093352663224e+01   3.972728200027e+00
 -5.104358651700e-01    1.212802587877e-02  -3.211311148915e+01   3.972728200027e+00
 -5.542179826798e-03   -8.697249898625e-05  -3.531198279808e+01   3.972728200027e+00
 -5.647108758189e-01    2.451746992673e-03  -3.978439078484e+01   5.898252040082e-01
 -5.089940828374e-01    6.008936527348e-03  -3.915069834692e+01   5.898252040082e-01
 -6.462746323327e-01    7.293514021949e-03  -3.562357735122e+01   5.898252040082e-01
 -5.070451318310e-01    6.747034202641e-03  -3.926265685287e+01   3.851488783424e+00
 -1.606882165206e-03    4.458555643963e-04  -3.905040747462e+01   3.851488783424e+00
 -6.308463825702e-03    1.464258653613e-04  -3.547142143277e+01   3.851488783424e+00
 -5.329104032722e-03    1.644706635800e-04  -1.123291748875e+01   4.124273845128e+00
 -5.447132773352e-01    2.443777548365e-03  -1.502551483625e+01   4.124273845128e+00
 -5.873994867161e-04   -1.549038372342e-05  -1.567763161505e+01   4.124273845128e+00
 -8.361854107976e-04   -1.864489392629e-04  -3.937516438062e+01  -3.924195271716e+00
 -5.688791336911e-01    2.302527676288e-03  -3.990104409197e+01  -3.924195271716e+00
 -7.522040383066e-03   -2.060493446944e-04  -3.530829756662e+01  -3.924195271716e+00
 -5.219900235916e-01   -2.628994630185e-03  -1.447896482226e+01  -3.366375096159e-01
 -5.419445746761e-01    2.544209365511e-03  -1.488592735202e+01  -3.366375096159e-01
 -6.442471022656e-01   -4.175801582040e-03  -1.147388168819e+01  -3.366375096159e-01
 -1.933590948170e-02   -7.965659860137e-06  -1.081326794727e+01  -2.666785534468e+00
 -5.142004210637e-01   -2.571514612221e-03  -1.472113355837e+01  -2.666785534468e+00
 -6.569436716317e-01   -4.648193346912e-03  -1.153385203646e+01  -2.666785534468e+00
 -5.163647116925e-01   -2.782871932418e-03  -1.432774409757e+01  -2.960834269599e+00
 -1.414903404929e-02   -6.039547047453e-04  -1.808374515563e+01  -2.960834269599e+00
 -5.957875442069e-01   -1.375194008302e-03  -1.784636547035e+01  -2.960834269599e+00
 -5.172986277508e-01   -4.180239557921e-04  -2.040036117697e+01   4.067001393916e+00
 -5.158280374452e-01   -5.577536123717e-03  -2.464328106594e+01   4.067001393916e+00
 -7.712651639263e-03    4.358479040243e-05  -2.346226217238e+01   4.067001393916e+00
 -6.043215263134e-01   -1.481368694697e-03  -2.255149768225e+01  -3.555654033608e+00
 -8.464549620400e-03   -4.105361688202e-04  -1.827424186397e+01  -3.555654033608e+00
 -1.251334926601e-03    1.791097910761e-04  -2.264212837133e+01  -3.555654033608e+00
 -9.990857340748e-04    8.230840697088e-05  -1.569691954121e+01   4.120812704279e+00
 -5.431238803191e-01    2.201204156798e-03  -1.500208573234e+01   4.120812704279e+00
 -4.631386628479e-03   -1.850281059198e-04  -1.943299996643e+01   4.120812704279e+00
 -5.081472801617e-01    1.289417798183e-02  -3.229793594723e+01   7.589064617872e-01
 -5.762087834745e-01    1.219251231814e-02  -3.190754227159e+01   7.589064617872e-01
 -6.443868271783e-01    7.465402253858e-03  -3.560602417077e+01   7.589064617872e-01
 -1.630685219271e-02    4.757357369386e-06  -3.530828256586e+01   3.237659651658e+00
 -5.034168756775e-01    1.217404904564e-02  -3.206437138242e+01   3.237659651658e+00
 -6.548919877539e-01    7.594805241527e-03  -3.561116779455e+01   3.237659651658e+00
 -4.958075967951e-03   -3.308930070479e-04  -3.087885449278e+01   4.032072393449e+00
 -4.509518529012e-01    6.982982637274e-03  -2.861972318063e+01   4.032072393449e+00
 -5.075976762510e-01    1.254453639115e-02  -3.215856267546e+01   4.032072393449e+00
 -4.525900592984e-01    6.028673265022e-03  -2.866203347185e+01   4.396784084412e+00
 -1.407511003395e-03    1.059481207734e-05  -3.087036410132e+01   4.396784084412e+00
 -1.774659883648e-03   -4.033398827714e-04  -2.767226019156e+01   4.396784084412e+00
 -2.746067521635e-03    2.060007902753e-04  -2.344750497245e+01   4.115444551256e+00
 -5.204573484695e-01   -5.698277336473e-03  -2.465273234980e+01   4.115444551256e+00
 -3.082764962222e-03   -1.779923517150e-04  -2.766563608018e+01   4.115444551256e+00
 -5.185034078081e-01   -6.471756269722e-03  -2.472514365811e+01   7.237403526043e-01
 -5.970684244323e-01   -1.822387236034e-03  -2.238555687019e+01   7.237403526043e-01
 -6.017775552213e-01    7.126853551405e-03  -2.711106365056e+01   7.237403526043e-01
 -9.467286365514e-03    5.977544470523e-04  -2.702955409924e+01  -3.558146297916e+00
 -6.041561962782e-01   -1.109079482731e-03  -2.237620307948e+01  -3.558146297916e+00
 -1.051228309485e-03   -4.842757060822e-06  -2.274468931372e+01  -3.558146297916e+00
 -1.698475871993e-04   -6.154377676661e-04  -3.106474345233e+01  -3.791331848924e+00
 -5.797016059477e-01    1.081716743240e-02  -3.195666353903e+01  -3.791331848924e+00
 -7.989060929065e-03    1.335285051362e-05  -2.728030163662e+01  -3.791331848924e+00
 -5.152959738355e-01   -6.004796509030e-03  -2.467908182556e+01   4.111733303469e+00
 -4.476262313700e-01    5.999098356039e-03  -2.866893462260e+01   4.111733303469e+00
 -7.234558618160e-03   -5.228483478200e-04  -2.767600670718e+01   4.111733303469e+00
 -5.131757260423e-01   -6.484681964986e-03  -2.470076364718e+01   1.324089187326e+00
 -6.057803523822e-01    7.604389318906e-03  -2.709598634328e+01   1.324089187326e+00
 -4.495470828164e-01    6.777936501014e-03  -2.861702973830e+01   1.324089187326e+00
 -5.206847659004e-01   -5.200445389089e-04  -2.039304683227e+01   4.064807876498e+00
 -3.483658358570e-03   -4.307352854712e-05  -2.346845596057e+01   4.064807876498e+00
 -2.715467809175e-03   -1.085278497187e-04  -1.941843841288e+01   4.064807876498e+00
 -5.378861641853e-01    2.202629812463e-03  -1.499450988495e+01   3.978314864893e+00
 -5.131081099914e-01   -2.822340291624e-04  -2.036240918043e+01   3.978314864893e+00
 -9.381502245832e-03   -2.741610948494e-04  -1.943194470443e+01   3.978314864893e+00
 -5.967322221083e-01   -1.635403391236e-03  -2.259007728488e+01   7.160495169565e-01
 -5.205635306696e-01    9.949973892841e-05  -2.034510221884e+01   7.160495169565e-01
 -5.908146836171e-01   -7.740806986830e-04  -1.791162113911e+01   7.160495169565e-01
