
 -1.755685426856e-03    2.142767707451e-03  -2.130646295085e+02   1.210526014259e+01
 -5.471440472164e-01    1.974124778385e-03  -2.147456494446e+02   1.210526014259e+01
  3.072587560981e-04   -8.839436182889e-04  -2.136882126864e+02   1.210526014259e+01
 -6.653407385532e-01    9.201344533244e-02  -1.967346055628e+02   2.211748272833e+01
  4.577200703717e-04    5.330770358718e-05  -2.050477983256e+02   2.211748272833e+01
 -1.838626865019e-03   -5.771700003513e-05  -1.964081368606e+02   2.211748272833e+01
 -5.466733956878e-01   -1.173744435737e-03  -2.147582151555e+02   1.282248265941e+01
 -8.940572041917e-01    1.935558763359e-01  -2.144312396020e+02   1.282248265941e+01
 -9.559199728572e-01    2.660982190635e-03  -2.178110242074e+02   1.282248265941e+01
 -8.976234114121e-01    1.917697400982e-01  -2.143762310461e+02   1.211125466420e+01
 -5.437246375280e-01    5.824089852351e-04  -2.148446440601e+02   1.211125466420e+01
 -4.188935518700e-01    7.637952390050e-02  -2.125078335506e+02   1.211125466420e+01
 -1.111029305615e+00    2.400306847262e-01  -2.194333080545e+02   8.536502716014e+00
 -9.563338968642e-01    2.700663708174e-03  -2.179246872450e+02   8.536502716014e+00
 -8.945345615443e-01    1.950513827662e-01  -2.143641691722e+02   8.536502716014e+00
 -1.376881090816e+00   -1.403664064986e-02  -1.080151640879e+01   9.130602850186e+00
 -1.859210590431e-02    1.127668184741e-03  -6.855685938225e+00   9.130602850186e+00
 -1.005074899317e+00    1.421396707838e-02   5.257909886547e-02   9.130602850186e+00
 -4.199295361650e-01    7.521685139106e-02  -2.124930931054e+02   1.156505108661e+01
 -8.596327761246e-01    2.085041651711e-01  -2.101868199674e+02   1.156505108661e+01
 -8.975606372575e-01    1.929071941910e-01  -2.143520210200e+02   1.156505108661e+01
 -1.320812768212e+00   -1.233751089528e-02  -1.197037690366e+02   5.234001466819e+00
 -7.012631899161e-01   -2.683443606121e-02  -1.198828729855e+02   5.234001466819e+00
 -1.131807449908e+00   -2.191992533945e-02  -1.149917502176e+02   5.234001466819e+00
 -5.194654640840e-01    1.012181674633e-01  -2.068576417790e+02   1.108787166666e+01
 -6.658494490393e-01    9.242771922256e-02  -1.967276664418e+02   1.108787166666e+01
 -9.732734712321e-01    2.293605811642e-01  -2.043752986894e+02   1.108787166666e+01
 -1.898219269353e-03   -4.143348153862e-04  -2.106820247287e+02   1.591730517161e+01
 -5.177911265639e-01    1.006976417515e-01  -2.068924702138e+02   1.591730517161e+01
 -4.185562955568e-01    7.577510681797e-02  -2.125479711253e+02   1.591730517161e+01
 -8.608662435985e-01    2.086399931272e-01  -2.101684688322e+02   5.544557454527e+00
 -9.716112347575e-01    2.305892391149e-01  -2.043843195507e+02   5.544557454527e+00
 -1.055144250065e+00    3.134966876191e-01  -2.124519034107e+02   5.544557454527e+00
 -9.714426530020e-01    2.295484347564e-01  -2.043880906739e+02   1.181140861548e+01
 -8.608218538414e-01    2.088199671996e-01  -2.101761940012e+02   1.181140861548e+01
 -5.214538623372e-01    1.010536153688e-01  -2.068256118972e+02   1.181140861548e+01
 -1.123214356131e+00    3.467453112493e-01  -2.066736765507e+02   3.404445653684e+00
 -1.052215495380e+00    3.137006619087e-01  -2.125168736577e+02   3.404445653684e+00
 -9.753154515212e-01    2.305561087557e-01  -2.043243463805e+02   3.404445653684e+00
 -8.606602404879e-01    2.089013121676e-01  -2.101723193710e+02   7.114170700955e+00
 -1.055295547196e+00    3.128770931478e-01  -2.124519873940e+02   7.114170700955e+00
 -8.957861040948e-01    1.934451338657e-01  -2.143905190608e+02   7.114170700955e+00
 -1.124389094187e+00    3.470026059446e-01  -2.066388579332e+02   6.764355430550e-01
 -9.741374144095e-01    2.303627677648e-01  -2.043547891396e+02   6.764355430550e-01
 -1.206388240406e+00    2.542306985396e-01  -1.967950065251e+02   6.764355430550e-01
 -5.193870272594e-01    1.014985262904e-01  -2.068779115613e+02   1.141313286667e+01
 -8.620800331105e-01    2.083578154711e-01  -2.101488325642e+02   1.141313286667e+01
 -4.174286165826e-01    7.526863719196e-02  -2.125582677729e+02   1.141313286667e+01
 -2.003116088377e-03    5.380765215243e-04  -1.707802596982e+02   2.412624229716e+01
 -1.041923941218e-03   -9.553065094508e-04  -1.465409217962e+02   2.412624229716e+01
 -7.262298607782e-01   -3.824949900120e-02  -1.650739162876e+02   2.412624229716e+01
 -1.108089402234e+00    2.405145011852e-01  -2.194174164507e+02   7.146249698373e+00
 -8.976421836510e-01    1.939441999174e-01  -2.143477684184e+02   7.146249698373e+00
 -1.053063261313e+00    3.129629935044e-01  -2.124794922056e+02   7.146249698373e+00
 -1.231545489856e+00    5.307585139235e-03  -2.233089405932e+02   4.795999543271e+00
 -1.104667637996e+00    2.383159953504e-01  -2.194061299255e+02   4.795999543271e+00
 -1.136474067372e+00    1.059691557300e-01  -2.243973509464e+02   4.795999543271e+00
 -1.228468423108e+00    1.520594465445e-03  -2.232429281023e+02   1.068814144371e+01
 -9.590733823037e-01    1.472255829227e-03  -2.179037385661e+02   1.068814144371e+01
 -1.107704465576e+00    2.402401518318e-01  -2.194634265921e+02   1.068814144371e+01
 -1.233036206852e+00    5.108915988912e-03  -2.233683834420e+02   5.013081533505e+00
 -1.135511205224e+00    1.048856941525e-01  -2.243867234614e+02   5.013081533505e+00
 -1.365177924991e+00   -1.708722285076e-03  -2.273624650505e+02   5.013081533505e+00
 -1.131133669928e+00    1.013923611889e-01  -2.243930248248e+02   2.498453655884e+00
 -1.110928709257e+00    2.416955824022e-01  -2.193946474157e+02   2.498453655884e+00
 -9.131849753466e-01    2.195360170361e-01  -2.216428572637e+02   2.498453655884e+00
 -8.705758115296e-01   -1.714222567807e-02  -2.241350997028e+02  -5.547411760443e-01
 -1.133947415292e+00    1.016532325337e-01  -2.243004642745e+02  -5.547411760443e-01
 -9.086387737602e-01    2.179601722732e-01  -2.217126378483e+02  -5.547411760443e-01
 -1.132678728243e+00    9.808168632874e-02  -2.243567311501e+02   1.623291257228e+00
 -1.149669224105e+00   -1.253686032407e-01  -2.242261796548e+02   1.623291257228e+00
 -1.366475512943e+00    4.467910220722e-03  -2.273500466167e+02   1.623291257228e+00
 -1.110919888379e+00    2.408713344213e-01  -2.193764262155e+02  -8.666058109087e-01
 -9.967078361389e-01    3.456883502578e-01  -2.154746756303e+02  -8.666058109087e-01
 -9.131746794568e-01    2.210929840011e-01  -2.216535861502e+02  -8.666058109087e-01
 -7.669568878898e-01    1.092175527954e-02  -1.152785197044e+02  -9.821544765938e+00
 -1.058820512203e+00    1.463658502484e-02  -1.083168022830e+02  -9.821544765938e+00
 -1.187346111775e-02    1.177931576108e-03  -1.071806187457e+02  -9.821544765938e+00
 -7.063627306235e-01    2.797298112998e-01  -2.183237283953e+02  -1.069160752008e+01
 -1.000581945011e+00    3.471813758322e-01  -2.154835444417e+02  -1.069160752008e+01
 -8.442115823138e-01    3.134600821500e-01  -2.096501869470e+02  -1.069160752008e+01
 -1.001116387867e+00    3.460964091235e-01  -2.154230287354e+02   1.459766374466e+00
 -1.106000956522e+00    2.399781378383e-01  -2.194549967162e+02   1.459766374466e+00
 -1.055228242974e+00    3.140122149937e-01  -2.124504179873e+02   1.459766374466e+00
 -3.120519528433e-01    8.747655883381e-02  -2.258211267160e+02  -1.140603033914e+01
 -6.056079170965e-01    1.597119673903e-01  -2.241157060605e+02  -1.140603033914e+01
 -3.667860033346e-01    1.627915325224e-01  -2.206994226029e+02  -1.140603033914e+01
 -6.051162312286e-01    1.590122703493e-01  -2.240497034560e+02  -7.714692001904e+00
 -9.098784594001e-01    2.193921255502e-01  -2.217338442146e+02  -7.714692001904e+00
 -7.034517780392e-01    2.795658233758e-01  -2.184318258215e+02  -7.714692001904e+00
 -7.049045947295e-01    2.793412489570e-01  -2.183721866802e+02  -1.279270441877e+01
 -3.687293785594e-01    1.631025976605e-01  -2.206685756855e+02  -1.279270441877e+01
 -6.039504913081e-01    1.595920833142e-01  -2.241386124416e+02  -1.279270441877e+01
 -6.051925088117e-01    1.585943373277e-01  -2.240738502106e+02  -1.723164510421e+00
 -8.685673915902e-01   -1.829594385617e-02  -2.242074676398e+02  -1.723164510421e+00
 -9.095118771005e-01    2.190180801850e-01  -2.217078001440e+02  -1.723164510421e+00
 -1.122643983218e+00    3.479857548248e-01  -2.066678579763e+02  -7.690109212654e+00
 -8.475850534171e-01    3.134624090532e-01  -2.095858127911e+02  -7.690109212654e+00
 -9.976823124521e-01    3.471587765682e-01  -2.155499498708e+02  -7.690109212654e+00
 -7.059957227862e-01    2.795469405194e-01  -2.183818182818e+02  -4.864912514444e+00
 -9.080004141027e-01    2.197456578496e-01  -2.217794685300e+02  -4.864912514444e+00
 -1.000250370670e+00    3.468659883025e-01  -2.154254657312e+02  -4.864912514444e+00
 -1.118674675626e+00    3.473785004681e-01  -2.067376725642e+02  -2.055328184415e+00
 -1.001387181198e+00    3.470293523748e-01  -2.154130627132e+02  -2.055328184415e+00
 -1.055613286252e+00    3.135681894898e-01  -2.124456005954e+02  -2.055328184415e+00
 -6.041800324003e-01    1.582949390137e-01  -2.240793609276e+02  -4.709886467509e+00
 -3.127866384336e-01    8.845704468773e-02  -2.258647641117e+02  -4.709886467509e+00
 -5.720841595832e-01   -1.347478018311e-02  -2.261053186128e+02  -4.709886467509e+00
 -1.212980389756e+00    2.533590995609e-01  -1.967038708744e+02   7.949805678166e+00
 -9.688304045442e-01    2.301610464956e-01  -2.044703109632e+02   7.949805678166e+00
 -6.738038655270e-01    9.209483676932e-02  -1.966137390528e+02   7.949805678166e+00
 -1.365653148123e+00   -1.436648595197e-02  -1.085461667829e+01   3.624116550296e+00
 -1.009868900368e+00    1.405395645072e-02  -1.707649500218e-02   3.624116550296e+00
 -1.369060204379e+00   -2.764065384536e-03  -1.360116749636e-01   3.624116550296e+00
 -1.233160425631e+00    1.307642212404e-01  -1.857834598574e+02   7.579161190009e+00
 -7.202284107625e-01    3.717672448084e-02  -1.818749692594e+02   7.579161190009e+00
 -1.225359261977e+00    4.446310996087e-03  -1.735952558928e+02   7.579161190009e+00
 -1.230512269849e+00    1.338123845149e-01  -1.858421954016e+02   5.762361599222e+00
 -1.214536202206e+00    2.523763589065e-01  -1.966640972427e+02   5.762361599222e+00
 -6.730414652307e-01    9.355883296605e-02  -1.966339725642e+02   5.762361599222e+00
 -1.123099820480e+00    3.484026991445e-01  -2.067516302605e+02  -1.191597392423e+01
 -9.816274674174e-01    2.605542402398e-01  -1.988151490017e+02  -1.191597392423e+01
 -8.477258279874e-01    3.131858472408e-01  -2.095055424154e+02  -1.191597392423e+01
 -9.851591806823e-01    2.604514914451e-01  -1.987423694644e+02  -8.601295447043e+00
 -1.119975854387e+00    3.481136687745e-01  -2.068283203907e+02  -8.601295447043e+00
 -1.211016657640e+00    2.543954375560e-01  -1.967020839408e+02  -8.601295447043e+00
 -1.079521195043e+00    1.471632138682e-01  -1.866641878245e+02  -1.160036063476e+01
 -9.850675787173e-01    2.595136443376e-01  -1.986412333541e+02  -1.160036063476e+01
 -1.211771853792e+00    2.555078666962e-01  -1.968046373046e+02  -1.160036063476e+01
 -5.202243745790e-01    1.580863706445e-01  -2.005536945473e+02  -2.497766695803e+01
 -8.464561140961e-01    3.132694958177e-01  -2.096682201167e+02  -2.497766695803e+01
 -9.830022839694e-01    2.601566325279e-01  -1.986987567587e+02  -2.497766695803e+01
 -1.208931944278e+00    2.554608471816e-01  -1.968837961200e+02  -7.701680565721e+00
 -1.235865886460e+00    1.316462580995e-01  -1.857346412606e+02  -7.701680565721e+00
 -1.082525165690e+00    1.466200279312e-01  -1.865895704568e+02  -7.701680565721e+00
 -1.234737025248e+00    1.326768787870e-01  -1.857883844839e+02   1.045399764239e+01
 -6.675014025469e-01    9.436786050004e-02  -1.967365155061e+02   1.045399764239e+01
 -7.175868357051e-01    3.561124380905e-02  -1.818822746682e+02   1.045399764239e+01
 -1.121147753287e+00    5.045803530620e-03  -1.738026614800e+02  -1.037692107242e+01
 -1.081651893977e+00    1.450427220380e-01  -1.864715799466e+02  -1.037692107242e+01
 -1.237347549901e+00    1.331902771687e-01  -1.858488515963e+02  -1.037692107242e+01
 -2.084709401335e-03    1.181814853115e-03  -1.736140605671e+02  -4.468242248372e+01
 -6.232655390315e-01    7.575132254869e-05  -1.737584567867e+02  -4.468242248372e+01
 -1.957520920764e-03   -2.725938882516e-03  -1.598796686669e+02  -4.468242248372e+01
 -1.084065219843e+00    1.458219346565e-01  -1.866323368650e+02  -2.810806915151e+01
 -6.208285993657e-01    2.124799772447e-03  -1.737776333435e+02  -2.810806915151e+01
 -5.836790237797e-01    9.467497658497e-02  -1.874439303342e+02  -2.810806915151e+01
 -6.239999787186e-01    1.973082583831e-03  -1.737691849064e+02  -2.821219206184e+01
 -1.081362786699e+00    1.454530818283e-01  -1.866478877941e+02  -2.821219206184e+01
 -1.118694985283e+00    3.357646401928e-03  -1.736332446975e+02  -2.821219206184e+01
 -5.837989307942e-01    9.361651975947e-02  -1.875430222579e+02  -4.801284979331e+01
 -6.198394170470e-01    4.163316165551e-03  -1.736047936857e+02  -4.801284979331e+01
 -4.497006533234e-03    2.727755680221e-03  -1.875661431973e+02  -4.801284979331e+01
 -1.081206660781e+00    1.463250657781e-01  -1.865268612958e+02  -2.753942549261e+01
 -5.859602001931e-01    9.457715821207e-02  -1.875621837882e+02  -2.753942549261e+01
 -9.833864152362e-01    2.595371605583e-01  -1.988187497454e+02  -2.753942549261e+01
 -1.079189797741e+00   -1.370030986595e-01  -1.606990968802e+02  -2.808535249071e+01
 -6.238160496398e-01    2.442728934790e-03  -1.735970717058e+02  -2.808535249071e+01
 -1.118760987830e+00    2.334221090576e-03  -1.736780582354e+02  -2.808535249071e+01
 -1.124943262352e+00    4.367402100299e-03  -1.737524129111e+02  -6.929727343191e+00
 -1.233953990004e+00    1.335490921644e-01  -1.859150425267e+02  -6.929727343191e+00
 -1.224934612320e+00    2.244172120783e-03  -1.735272130563e+02  -6.929727343191e+00
 -7.172442150746e-01    3.835464757533e-02  -1.818998223358e+02   1.092291514011e+01
 -7.225595482217e-01   -3.838939627109e-02  -1.650523519951e+02   1.092291514011e+01
 -1.228446346550e+00    3.087134409719e-03  -1.735727375761e+02   1.092291514011e+01
 -5.177804262994e-01    1.576677385923e-01  -2.004504722572e+02  -2.665818958885e+01
 -9.859948349879e-01    2.601575768200e-01  -1.987941903188e+02  -2.665818958885e+01
 -5.828742913318e-01    9.431560999835e-02  -1.875889143880e+02  -2.665818958885e+01
 -8.641792315897e-05    3.772227621869e-04  -2.206274595273e+02  -2.575527881585e+01
 -3.710609818793e-01    1.640165289542e-01  -2.207194444162e+02  -2.575527881585e+01
 -2.716624289833e-03    1.519622622499e-03  -2.122261945994e+02  -2.575527881585e+01
 -3.675871975695e-01    1.621806469615e-01  -2.206124950668e+02  -1.835297304240e+01
 -7.070306352923e-01    2.804766318052e-01  -2.184301470458e+02  -1.835297304240e+01
 -4.435991277536e-01    1.853574859986e-01  -2.119165884372e+02  -1.835297304240e+01
 -6.109061908292e-01    8.213923925744e-02  -1.321237581357e+02  -1.525065942956e+01
 -2.658967442096e-04   -9.911283762839e-04  -1.245670841089e+02  -1.525065942956e+01
 -1.780128242436e-03    3.194686192002e-04  -1.321416826952e+02  -1.525065942956e+01
 -2.391137767940e-03    3.443597398024e-03  -2.266361935616e+02  -8.275923480552e+00
 -2.958505415202e-01   -6.451134653430e-03  -2.277962928455e+02  -8.275923480552e+00
 -3.113056062568e-01    8.631182906621e-02  -2.258399665184e+02  -8.275923480552e+00
 -1.595577076972e-03    1.369247963666e-03  -2.207072284402e+02  -2.086488738848e+01
  7.658109003105e-04   -9.770757640339e-04  -2.265774022385e+02  -2.086488738848e+01
 -3.680623651775e-01    1.620324433068e-01  -2.206387650671e+02  -2.086488738848e+01
 -6.881624419877e-01   -1.339120361488e-01  -2.048990494258e+02  -1.599397910903e+01
 -3.023610554366e-03    5.409339904343e-04  -2.092600377521e+02  -1.599397910903e+01
 -5.478764517437e-01   -9.798602063727e-02  -2.101985649121e+02  -1.599397910903e+01
 -3.690641014933e-01    1.630461242550e-01  -2.207307407705e+02  -3.186664509974e+01
 -4.430362362232e-01    1.846625647659e-01  -2.118226784818e+02  -3.186664509974e+01
 -4.684048739408e-03    2.596460642139e-03  -2.121885818092e+02  -3.186664509974e+01
 -8.574705243556e-04   -1.818277599117e-04  -2.265633195398e+02  -1.646066339700e+01
 -3.123726743391e-01    8.827277782281e-02  -2.258566911996e+02  -1.646066339700e+01
 -3.659568155598e-01    1.612467136908e-01  -2.206517810290e+02  -1.646066339700e+01
 -3.277428193757e-03   -4.078784982560e-04  -1.877404912781e+02  -4.163045699323e+01
 -5.620056428492e-04    2.580868754762e-03  -2.007611275748e+02  -4.163045699323e+01
 -5.844043407121e-01    9.653578126580e-02  -1.874372678328e+02  -4.163045699323e+01
 -1.300816173535e-03    2.408989268463e-03  -1.875471509627e+02  -4.466786853183e+01
 -6.231942956734e-01    4.147249447887e-03  -1.736049801917e+02  -4.466786853183e+01
 -2.245624552929e-03   -1.029657008165e-03  -1.737677075346e+02  -4.466786853183e+01
 -9.197443075436e-01   -5.078935513883e-02  -1.806703523859e+02  -1.874013569614e+01
 -7.183290282325e-03   -1.034741635219e-03  -1.948688196005e+02  -1.874013569614e+01
 -8.176480270379e-01   -1.205538271892e-01  -1.946341989974e+02  -1.874013569614e+01
 -6.237941313574e-04    1.326465067678e-03  -2.120319102496e+02  -3.381849008938e+01
 -4.471727225251e-01    1.854122682616e-01  -2.119305278111e+02  -3.381849008938e+01
 -3.837511688072e-03    4.878903384814e-04  -2.010490673681e+02  -3.381849008938e+01
 -3.921351692950e-03    3.758888186189e-03  -2.007744152382e+02  -4.349983739475e+01
 -5.178362703128e-01    1.564952143461e-01  -2.005415486904e+02  -4.349983739475e+01
 -5.812904874744e-01    9.592313038563e-02  -1.874410014618e+02  -4.349983739475e+01
 -7.172669240093e-01    3.618807772532e-02  -1.818957654921e+02   2.207381330954e+01
 -6.967420145484e-03   -9.243021145971e-04  -1.708510638457e+02   2.207381330954e+01
 -7.218079884888e-01   -3.669455636496e-02  -1.650544865731e+02   2.207381330954e+01
 -5.204758574570e-01    1.004372817755e-01  -2.068568597609e+02   1.731584464541e+01
  4.101733506446e-04   -2.604559461848e-04  -2.107282936651e+02   1.731584464541e+01
 -2.015514749606e-03    7.236017772159e-05  -2.050499360535e+02   1.731584464541e+01
 -6.997832803676e-03    1.722395854176e-03  -2.010142308659e+02  -3.949241919265e+01
 -4.446709165592e-01    1.844402049402e-01  -2.119458060753e+02  -3.949241919265e+01
 -5.160664738908e-01    1.575203704478e-01  -2.004625889067e+02  -3.949241919265e+01
 -4.433496285031e-01    1.849350388918e-01  -2.118158029160e+02  -2.339607016080e+01
 -8.486683959126e-01    3.138484756481e-01  -2.096449324527e+02  -2.339607016080e+01
 -5.174767223648e-01    1.575669001062e-01  -2.005792010975e+02  -2.339607016080e+01
 -6.680914659647e-01    9.169550417783e-02  -1.967626284150e+02   2.210411588624e+01
 -6.937273069355e-03   -1.490155999092e-03  -1.846453757591e+02   2.210411588624e+01
 -7.156533325890e-01    3.717976440693e-02  -1.818810112570e+02   2.210411588624e+01
 -1.124886896970e+00    1.350003534442e-03  -1.735585304625e+02  -6.797606297932e+00
 -1.224950324561e+00    3.799209249669e-03  -1.736156552632e+02  -6.797606297932e+00
 -1.234659696941e+00   -1.237300597847e-01  -1.612683214698e+02  -6.797606297932e+00
 -4.456754970446e-01    1.857992348311e-01  -2.118936780968e+02  -1.984234734940e+01
 -7.052212103771e-01    2.801327989566e-01  -2.184513689016e+02  -1.984234734940e+01
 -8.455948094365e-01    3.131592141288e-01  -2.095645768187e+02  -1.984234734940e+01
  2.013929413966e-04    4.616795398155e-04  -1.963974978358e+02   2.231680032326e+01
 -4.093228518017e-03   -1.064746553292e-03  -1.846718242561e+02   2.231680032326e+01
 -6.704116995766e-01    9.096870789943e-02  -1.967469028757e+02   2.231680032326e+01
 -2.974389486501e-01   -6.247577304018e-03  -2.277873365648e+02  -2.471061223269e+00
 -8.852262638319e-04    2.841195603536e-03  -2.266625858124e+02  -2.471061223269e+00
 -3.794937752757e-04   -1.186832663107e-03  -2.279191941032e+02  -2.471061223269e+00
 -1.163635142589e+00   -2.875221855634e-01  -2.186618983941e+02  -1.925578389694e+00
 -1.147601085502e+00   -1.302351225352e-01  -2.241927140451e+02  -1.925578389694e+00
 -9.362627375416e-01   -2.592302167404e-01  -2.211985156725e+02  -1.925578389694e+00
 -1.149698613925e+00   -1.264893813677e-01  -2.242061568199e+02  -2.479007760263e+00
 -1.366366049432e+00   -4.102326324941e-03  -2.261734047157e+02  -2.479007760263e+00
 -1.367138843572e+00    5.226972965181e-03  -2.274103718574e+02  -2.479007760263e+00
 -1.364170471535e+00    1.030893663541e-03  -2.261252436757e+02  -8.566347615277e+00
 -1.155153529871e+00   -2.846969632973e-01  -2.187464546930e+02  -8.566347615277e+00
 -1.231110060086e+00   -2.457999516955e-03  -2.206435097978e+02  -8.566347615277e+00
 -1.156409935663e+00   -2.841259129522e-01  -2.187273729369e+02  -2.769173242134e+00
 -1.363014762243e+00   -2.289524470963e-04  -2.261391005632e+02  -2.769173242134e+00
 -1.151575554758e+00   -1.327833490632e-01  -2.241799576643e+02  -2.769173242134e+00
 -1.228038803152e+00   -1.421226588773e-03  -2.206542336984e+02  -1.158757935348e+01
 -1.161632335592e+00   -2.866734591256e-01  -2.187182376196e+02  -1.158757935348e+01
 -9.600556975744e-01   -1.326290042081e-03  -2.150739501628e+02  -1.158757935348e+01
 -7.893717875801e-03    3.892250481009e-04  -6.881838767889e+00   9.879139412812e+00
  7.427147582012e-05   -2.100247447361e-04  -3.938325324292e-02   9.879139412812e+00
 -1.013028968204e+00    1.415901928838e-02   2.086915396947e-02   9.879139412812e+00
 -1.150627182471e+00   -1.307797599671e-01  -2.241107821152e+02   1.003897869354e+00
 -8.706204909666e-01   -2.043571966210e-02  -2.241399436581e+02   1.003897869354e+00
 -9.316110318767e-01   -2.575852830576e-01  -2.212697276340e+02   1.003897869354e+00
 -1.149685260014e+00   -1.309739543805e-01  -2.241943841516e+02   2.352284144705e-01
 -1.132903933084e+00    1.020577699805e-01  -2.243680188048e+02   2.352284144705e-01
 -8.724589567915e-01   -1.886896481107e-02  -2.240756053633e+02   2.352284144705e-01
 -6.173920748203e-01   -1.884393559482e-01  -2.238224132875e+02   2.734731744304e+00
 -9.324277206848e-01   -2.585762006930e-01  -2.212709855273e+02   2.734731744304e+00
 -8.686542518072e-01   -1.931379250072e-02  -2.242088980908e+02   2.734731744304e+00
 -7.283923107421e-01   -3.070593547836e-01  -2.177837730827e+02   1.445094835525e+01
 -6.162780308567e-01   -1.894240732560e-01  -2.238938883191e+02   1.445094835525e+01
 -3.761924266901e-01   -1.732322829575e-01  -2.200128219854e+02   1.445094835525e+01
 -9.310362476306e-01   -2.594428224729e-01  -2.213457137609e+02   6.045351299743e+00
 -7.295861195693e-01   -3.074878423423e-01  -2.178004665440e+02   6.045351299743e+00
 -1.045722733952e+00   -3.889219197374e-01  -2.146232302486e+02   6.045351299743e+00
 -7.270357368603e-01   -3.074237265974e-01  -2.178487797348e+02   8.672617873360e+00
 -9.329068001291e-01   -2.591555199972e-01  -2.213005458336e+02   8.672617873360e+00
 -6.172430751216e-01   -1.887000894712e-01  -2.237969183228e+02   8.672617873360e+00
 -1.189959246702e+00   -3.876603743155e-01  -2.056384044578e+02   9.015413402954e+00
 -1.043185610530e+00   -3.892358112368e-01  -2.147487352781e+02   9.015413402954e+00
 -8.829511462723e-01   -3.402304158290e-01  -2.088651415973e+02   9.015413402954e+00
 -9.361630364307e-01   -2.606462538638e-01  -2.212186359661e+02   1.647968327839e+00
 -1.042269560652e+00   -3.878872272791e-01  -2.146689816556e+02   1.647968327839e+00
 -1.163727227247e+00   -2.867060279047e-01  -2.186266226901e+02   1.647968327839e+00
 -6.162250007079e-01   -1.880272853976e-01  -2.238339317256e+02   5.939138335296e+00
 -5.721724998192e-01   -1.553924374532e-02  -2.261022729696e+02   5.939138335296e+00
 -3.184415509882e-01   -1.057439967400e-01  -2.257784828415e+02   5.939138335296e+00
 -6.153916234956e-01   -1.883414298053e-01  -2.238679083999e+02   3.367000307036e+00
 -8.706099675218e-01   -1.910343226979e-02  -2.241619261220e+02   3.367000307036e+00
 -5.727966066811e-01   -1.474839570535e-02  -2.260338598223e+02   3.367000307036e+00
 -8.705267830958e-01   -1.863042477442e-02  -2.241623100772e+02  -2.511943164437e+00
 -6.032072555054e-01    1.585900279461e-01  -2.241173109399e+02  -2.511943164437e+00
 -5.728363256225e-01   -1.425953536806e-02  -2.260337301266e+02  -2.511943164437e+00
 -1.158776227074e+00   -2.857974538403e-01  -2.186913666763e+02  -5.812335395792e-01
 -1.046706483085e+00   -3.883354166995e-01  -2.146245140132e+02  -5.812335395792e-01
 -1.129990950257e+00   -3.605109899631e-01  -2.111970349965e+02  -5.812335395792e-01
 -9.558255391553e-01   -3.162447326541e-03  -2.150196102492e+02  -1.346935160425e+01
 -9.815912660367e-01   -2.279201354114e-01  -2.126267077355e+02  -1.346935160425e+01
 -5.472686339150e-01    2.097462067226e-03  -2.118793012600e+02  -1.346935160425e+01
 -9.579298744299e-01   -2.658155813033e-03  -2.151037213125e+02  -8.401424490025e+00
 -1.164409637702e+00   -2.860664712656e-01  -2.186647185649e+02  -8.401424490025e+00
 -9.803871767357e-01   -2.303830298312e-01  -2.125740437066e+02  -8.401424490025e+00
 -5.460806595711e-01   -1.895034413525e-03  -2.118689978052e+02  -1.391068936322e+01
 -5.462318573924e-01   -9.696655356790e-02  -2.102094323547e+02  -1.391068936322e+01
  5.139351663765e-04    2.553597247726e-03  -2.119651999814e+02  -1.391068936322e+01
 -5.489324830810e-01   -1.004380735688e-01  -2.101593578805e+02  -1.128883817179e+01
 -5.447042812261e-01    9.123134609652e-04  -2.119511274063e+02  -1.128883817179e+01
 -9.847730239797e-01   -2.266128064136e-01  -2.125741964688e+02  -1.128883817179e+01
 -6.952742801255e-01   -1.335913103878e-01  -2.048737692202e+02  -1.735317444325e+01
 -6.214318468958e-03    1.223507567990e-04  -1.950238086953e+02  -1.735317444325e+01
  1.567337216677e-03    1.461408620997e-04  -2.093681717233e+02  -1.735317444325e+01
 -4.150833226889e-03    4.101672190944e-04  -1.071608298913e+02  -1.100796886227e+01
 -2.646711019803e-04   -3.290719007163e-04  -1.149052439166e+02  -1.100796886227e+01
 -7.711987520312e-01    1.107013406173e-02  -1.152728857122e+02  -1.100796886227e+01
 -9.842784682819e-01   -2.282766133851e-01  -2.125556109985e+02  -1.094692121040e+01
 -9.681751437249e-01   -2.484008837395e-01  -2.083770714500e+02  -1.094692121040e+01
 -5.502242099213e-01   -9.882637867249e-02  -2.101424104222e+02  -1.094692121040e+01
 -6.658381956935e-01   -2.516488541353e-02  -1.160751747585e+02   1.109485017931e+01
  2.084748234144e-04    4.772239686089e-04  -1.153280698524e+02   1.109485017931e+01
 -3.685828046969e-03   -3.377686954340e-04  -1.080267754276e+02   1.109485017931e+01
 -1.126903841314e+00   -3.601447371408e-01  -2.112614231299e+02  -2.128917269516e+00
 -1.190612374345e+00   -3.864951431086e-01  -2.056447084053e+02  -2.128917269516e+00
 -1.089148197529e+00   -2.713480951562e-01  -2.027891528164e+02  -2.128917269516e+00
 -1.186024145220e+00   -3.870470631111e-01  -2.057060661166e+02   3.061164345433e+00
 -1.130441362323e+00   -3.600943401037e-01  -2.111938256080e+02   3.061164345433e+00
 -1.046845705279e+00   -3.891495213894e-01  -2.146149357585e+02   3.061164345433e+00
 -9.693521386651e-01   -2.487864758686e-01  -2.083632137442e+02  -1.022635315496e+01
 -1.085643139326e+00   -2.703909010226e-01  -2.028615362935e+02  -1.022635315496e+01
 -6.890517470347e-01   -1.343382077648e-01  -2.048485671540e+02  -1.022635315496e+01
 -1.085664319488e+00   -2.713862544362e-01  -2.028504271879e+02  -4.559427312401e+00
 -9.695487864021e-01   -2.486233237488e-01  -2.083623113273e+02  -4.559427312401e+00
 -1.129632072261e+00   -3.599393901581e-01  -2.111969165824e+02  -4.559427312401e+00
 -6.873255289674e-01   -1.347023650846e-01  -2.048957398942e+02  -9.637514133144e+00
 -1.087528312024e+00   -2.701239744387e-01  -2.028483929378e+02  -9.637514133144e+00
 -8.183264373020e-01   -1.218582094652e-01  -1.946377491227e+02  -9.637514133144e+00
 -9.704811024266e-01   -2.484253231169e-01  -2.083339507878e+02  -1.031680763739e+01
 -6.876017861229e-01   -1.346752589907e-01  -2.048929221677e+02  -1.031680763739e+01
 -5.475976000453e-01   -9.833949805739e-02  -2.102096812605e+02  -1.031680763739e+01
 -1.191691345787e+00   -3.866826690268e-01  -2.056092934877e+02   6.383941434838e-01
 -1.295253366570e+00   -2.875836224676e-01  -1.956693228347e+02   6.383941434838e-01
 -1.088046711471e+00   -2.712238152632e-01  -2.028207201662e+02   6.383941434838e-01
 -1.130019871846e+00   -3.595170356667e-01  -2.112035196130e+02  -6.315280151547e+00
 -9.691416401069e-01   -2.487423578243e-01  -2.083610938708e+02  -6.315280151547e+00
 -9.822949748946e-01   -2.290596670440e-01  -2.126037087991e+02  -6.315280151547e+00
 -1.160757081732e+00   -2.862674674424e-01  -2.186478892772e+02  -6.643947492028e+00
 -1.127955160621e+00   -3.596282731322e-01  -2.112302671536e+02  -6.643947492028e+00
 -9.838435440933e-01   -2.295489292342e-01  -2.125634777421e+02  -6.643947492028e+00
 -6.919209130547e-01   -1.342407200490e-01  -2.049208930561e+02  -1.990489505298e+01
 -8.142485506847e-01   -1.215083490244e-01  -1.946197981325e+02  -1.990489505298e+01
 -1.126637386339e-02    7.499150249575e-04  -1.949256250447e+02  -1.990489505298e+01
 -1.046133598872e+00   -3.893096294523e-01  -2.146835525751e+02   1.188757214043e+01
 -7.298234175675e-01   -3.075260124025e-01  -2.177398485844e+02   1.188757214043e+01
 -8.795511365763e-01   -3.401651348087e-01  -2.089268974167e+02   1.188757214043e+01
 -2.145316574393e-02   -5.728113666609e-04  -1.796826067308e+01   9.567274163344e+00
 -1.384086966666e+00   -1.694678384771e-02  -1.083866341711e+01   9.567274163344e+00
 -1.190088134806e+00   -3.075938037956e-02  -2.044539231981e+01   9.567274163344e+00
 -2.960046390825e-01   -1.018040700783e-02  -2.278039292140e+02   9.962770211996e+00
 -1.957645127536e-03   -2.872010942261e-03  -2.262686473810e+02   9.962770211996e+00
 -3.173432327353e-01   -1.039128912989e-01  -2.257577131219e+02   9.962770211996e+00
 -2.974934835184e-01   -1.034133060599e-02  -2.277935692738e+02   3.626473926593e+00
 -4.010194074617e-04    9.695556730467e-04  -2.279152371593e+02   3.626473926593e+00
 -7.216104177734e-04   -2.521086209313e-03  -2.263004317627e+02   3.626473926593e+00
 -3.180109997839e-01   -1.062995093748e-01  -2.258359433380e+02   2.227060746855e+01
 -4.070102049942e-03   -3.953594578235e-03  -2.208485346781e+02   2.227060746855e+01
 -3.736550217260e-01   -1.711662421432e-01  -2.199618045267e+02   2.227060746855e+01
 -4.554433961324e-01   -1.987905088606e-01  -2.112187903422e+02   2.954569978122e+01
 -3.754902880599e-01   -1.722986830941e-01  -2.200070502843e+02   2.954569978122e+01
 -9.684674062374e-04   -1.901925890335e-03  -2.207025161007e+02   2.954569978122e+01
 -4.600505197091e-01   -1.998778368391e-01  -2.112770315105e+02   2.135733951451e+01
 -8.809755641736e-01   -3.399248799526e-01  -2.088405915908e+02   2.135733951451e+01
 -7.286467979372e-01   -3.077607900960e-01  -2.178652487823e+02   2.135733951451e+01
 -4.574613970541e-01   -1.993611289142e-01  -2.113081943090e+02   1.978225979381e+01
 -7.307267882319e-01   -3.081844097668e-01  -2.178417345711e+02   1.978225979381e+01
 -3.747031471037e-01   -1.721665992690e-01  -2.199479257176e+02   1.978225979381e+01
 -2.203954066823e-03   -2.742357968830e-03  -2.208814417691e+02   1.604976060384e+01
 -3.196327785162e-01   -1.070296169668e-01  -2.258184086688e+02   1.604976060384e+01
 -1.229120087886e-04    3.496940734766e-04  -2.261867329708e+02   1.604976060384e+01
 -6.179795334187e-01   -1.896966162922e-01  -2.238730953482e+02   1.247021770122e+01
 -3.172490718720e-01   -1.045739578790e-01  -2.257467779793e+02   1.247021770122e+01
 -3.741984007474e-01   -1.726998852077e-01  -2.200369179031e+02   1.247021770122e+01
  1.109434873834e-03   -5.647671263713e-04  -2.207060189426e+02   3.146919809195e+01
 -2.855287301737e-03   -1.274612307649e-03  -2.116449343486e+02   3.146919809195e+01
 -4.577241885090e-01   -1.997038490776e-01  -2.112055721020e+02   3.146919809195e+01
 -7.238431615117e-01   -3.786853644173e-02  -1.650567399777e+02   2.040873396026e+01
 -3.533938816282e-03   -1.367926296387e-03  -1.465720890950e+02   2.040873396026e+01
 -6.604129751567e-01   -7.895346692110e-02  -1.502496888345e+02   2.040873396026e+01
 -1.385319084226e+00    2.723691763822e-02  -7.808336156098e+01  -7.448908431032e+00
 -4.227109147825e-02   -1.652135657326e-03  -8.646975310751e+01  -7.448908431032e+00
 -1.570969943403e+00    1.902370343113e-02  -8.774954081901e+01  -7.448908431032e+00
 -5.458406566501e-01    2.832541974748e-03  -2.147853077761e+02   1.492867020107e+01
 -2.497358290431e-03    1.585719428224e-03  -2.130462114931e+02   1.492867020107e+01
 -4.165142658863e-01    7.484450418510e-02  -2.125466044303e+02   1.492867020107e+01
 -5.512594123083e-01   -1.727644265155e-01  -2.000927296548e+02   4.160498226560e+01
 -9.664666434829e-04   -1.467741424112e-03  -1.999333566979e+02   4.160498226560e+01
 -3.276089878248e-03    9.991204112905e-04  -1.871146700368e+02   4.160498226560e+01
 -5.480204230782e-01   -1.749679225806e-01  -1.999537386483e+02   3.905096967709e+01
  6.525649349258e-04   -1.621242807804e-03  -2.115255647536e+02   3.905096967709e+01
 -2.641630402126e-03   -2.782906837289e-04  -2.000703185907e+02   3.905096967709e+01
 -5.503113205179e-01   -7.993898181696e-02  -1.386953112410e+02   1.619162802746e+01
 -9.050689372476e-04    8.051315717575e-04  -1.317734389850e+02   1.619162802746e+01
 -4.606742032062e-01   -6.149954905074e-02  -1.313213451185e+02   1.619162802746e+01
 -4.590337636431e-01   -1.987746997498e-01  -2.112677042241e+02   3.944596248837e+01
 -1.918732098079e-03   -2.778803686695e-03  -2.115284406553e+02   3.944596248837e+01
 -5.449469547685e-01   -1.740581628322e-01  -1.999586025897e+02   3.944596248837e+01
 -1.012653613901e+00   -7.645394712052e-02  -1.242849889215e+02   6.976946526169e+00
 -7.051330472507e-01   -4.964071801130e-02  -1.241136787011e+02   6.976946526169e+00
 -6.970067997142e-01   -2.543939434503e-02  -1.198814784269e+02   6.976946526169e+00
 -6.088911995282e-01   -9.741426767937e-02  -1.870236320612e+02   4.455891905695e+01
 -2.131575131704e-03   -1.751377165683e-03  -1.868943714240e+02   4.455891905695e+01
 -3.333953218630e-03    2.205233928161e-03  -1.732030441026e+02   4.455891905695e+01
 -8.815446988287e-01   -3.399261376975e-01  -2.089437126350e+02   2.621588785772e+01
 -5.491319374529e-01   -1.736373471671e-01  -2.000560682708e+02   2.621588785772e+01
 -1.029272949913e+00   -2.828947679313e-01  -1.979853217678e+02   2.621588785772e+01
 -5.465386319828e-01   -1.732787572290e-01  -2.000820135215e+02   2.498364488910e+01
 -8.836979381102e-01   -3.404501329409e-01  -2.089213089696e+02   2.498364488910e+01
 -4.582938912020e-01   -1.991821534800e-01  -2.111874444030e+02   2.498364488910e+01
 -1.338103310968e+00   -1.547246774356e-01  -1.847432876905e+02  -4.200073276753e+00
 -8.267960177573e-01   -1.229802053957e-01  -1.945460930990e+02  -4.200073276753e+00
 -1.303201789128e+00   -2.857830813557e-01  -1.955451940777e+02  -4.200073276753e+00
 -8.271972345473e-01   -1.215062631068e-01  -1.945319112161e+02  -6.540009861415e+00
 -1.082821217991e+00   -2.709941201918e-01  -2.029375500502e+02  -6.540009861415e+00
 -1.301860181040e+00   -2.867975684111e-01  -1.955819245407e+02  -6.540009861415e+00
 -1.299795564635e+00   -2.876960401443e-01  -1.955763462641e+02   1.011653361075e+01
 -1.187396232736e+00   -3.877870093780e-01  -2.057960682148e+02   1.011653361075e+01
 -1.031399938199e+00   -2.831851145937e-01  -1.980255009761e+02   1.011653361075e+01
 -1.031237388442e+00   -2.822249450464e-01  -1.979264934362e+02   1.314625318071e+01
 -1.130657989430e+00   -1.612958631890e-01  -1.859779655371e+02   1.314625318071e+01
 -1.300684981358e+00   -2.888363077550e-01  -1.956779015785e+02   1.314625318071e+01
 -1.032298913448e+00   -2.829727207135e-01  -1.980828556963e+02   2.795009431933e+01
 -5.468826543201e-01   -1.731863776740e-01  -1.999573299886e+02   2.795009431933e+01
 -6.058191115779e-01   -9.905092301036e-02  -1.870286738162e+02   2.795009431933e+01
 -8.829722343316e-01   -3.399348983230e-01  -2.087859308191e+02   1.326522709829e+01
 -1.027894701535e+00   -2.832747831652e-01  -1.980974692567e+02   1.326522709829e+01
 -1.190521966489e+00   -3.880938869973e-01  -2.057207696731e+02   1.326522709829e+01
 -6.052632832098e-01   -9.942670863962e-02  -1.868864412801e+02   2.952464295361e+01
 -6.307756239279e-01   -3.522150323201e-03  -1.731576904505e+02   2.952464295361e+01
 -1.135540900164e+00   -1.598576857295e-01  -1.859502833615e+02   2.952464295361e+01
 -6.050392582742e-01   -9.965620233390e-02  -1.869024437170e+02   4.769674643192e+01
 -5.481621805833e-01   -1.717867180986e-01  -2.001008811027e+02   4.769674643192e+01
 -6.353271181979e-03    1.917597858990e-04  -1.870824761238e+02   4.769674643192e+01
 -1.344678923449e+00   -1.539242231088e-01  -1.847680213535e+02   1.217855539524e+01
 -1.132558828493e+00   -1.592069426990e-01  -1.857820705210e+02   1.217855539524e+01
 -1.171696998989e+00   -9.279637958600e-03  -1.731864369510e+02   1.217855539524e+01
 -1.133594102813e+00   -1.607749658060e-01  -1.859032526175e+02   9.563585701135e+00
 -1.343023916811e+00   -1.524444144339e-01  -1.846463234688e+02   9.563585701135e+00
 -1.297896866389e+00   -2.887964215544e-01  -1.957557778577e+02   9.563585701135e+00
 -9.209410060740e-01   -5.040609535556e-02  -1.806541078917e+02  -4.923392275853e+00
 -1.340266730157e+00   -1.513949438779e-01  -1.846818388454e+02  -4.923392275853e+00
 -1.340202046916e+00   -9.349521374700e-03  -1.729523753628e+02  -4.923392275853e+00
 -1.342024962502e+00   -1.535945661574e-01  -1.846892970753e+02  -8.130919726862e+00
 -9.188217354825e-01   -4.842084242298e-02  -1.806472947385e+02  -8.130919726862e+00
 -8.209928945259e-01   -1.236826429684e-01  -1.946319974381e+02  -8.130919726862e+00
 -1.169099490977e+00   -7.706655508420e-03  -1.730072676449e+02   3.042187663302e+01
 -1.132612917369e+00   -1.594184488270e-01  -1.859664801193e+02   3.042187663302e+01
 -6.344040676632e-01   -3.452565131203e-03  -1.731473412484e+02   3.042187663302e+01
 -6.084545913230e-01   -9.941168787386e-02  -1.870044328192e+02   2.932116336490e+01
 -1.132065016726e+00   -1.603948212012e-01  -1.858407686599e+02   2.932116336490e+01
 -1.029934646578e+00   -2.823248895138e-01  -1.981061219830e+02   2.932116336490e+01
 -7.337932445181e-03    2.135942499406e-03  -1.731769871829e+02   5.003536984273e+01
 -6.289898536312e-01   -4.924477318904e-03  -1.730153668658e+02   5.003536984273e+01
 -6.056152061913e-01   -9.710998137348e-02  -1.870292976078e+02   5.003536984273e+01
 -9.193786161344e-01   -4.960674530149e-02  -1.806777507406e+02  -2.058915728286e+01
 -9.193323694024e-01    4.298171280239e-02  -1.649189887047e+02  -2.058915728286e+01
 -9.366748848158e-03    7.570149581821e-04  -1.705880682122e+02  -2.058915728286e+01
 -7.435618446436e-03   -2.081417600575e-03  -1.729113537966e+02   4.980126381257e+01
 -6.021134239873e-01    8.694691898593e-02  -1.591590005568e+02   4.980126381257e+01
 -6.289376559835e-01   -2.740560396329e-03  -1.730957938482e+02   4.980126381257e+01
 -3.169339429651e-01   -1.054702161471e-01  -2.258009265436e+02   3.727106878798e+00
 -5.738155427399e-01   -1.558231066217e-02  -2.260847734492e+02   3.727106878798e+00
 -2.958096127973e-01   -8.049709367076e-03  -2.277339980149e+02   3.727106878798e+00
 -5.737960077310e-01   -1.345723595529e-02  -2.260875858080e+02  -2.692225395998e+00
 -3.111017851842e-01    8.814459499670e-02  -2.258882533890e+02  -2.692225395998e+00
 -2.957616611242e-01   -8.643810518453e-03  -2.277318214545e+02  -2.692225395998e+00
 -3.713257463149e-03    1.256834970175e-03  -1.706474669385e+02  -2.300057690921e+01
 -2.084361666270e-03   -1.342133096124e-03  -1.948976407842e+02  -2.300057690921e+01
 -9.245924779939e-01   -5.039970046665e-02  -1.806562108384e+02  -2.300057690921e+01
 -5.573380949742e-01   -8.010134421318e-02  -1.387102498512e+02   1.859532213986e+01
 -4.650234508853e-03    2.681399501338e-05  -1.466188657225e+02   1.859532213986e+01
  8.778032240765e-04    2.995870417492e-05  -1.379603245999e+02   1.859532213986e+01
 -1.333154364654e+00   -3.104143980687e-03  -1.153065327778e+02   2.821852301618e+00
 -1.134954334017e+00   -2.227368611313e-02  -1.149560812026e+02   2.821852301618e+00
 -1.419106730921e+00   -1.425274608827e-02  -1.044482677994e+02   2.821852301618e+00
 -1.238054473467e+00   -1.232570190193e-01  -1.613335727245e+02  -1.031901526791e+01
 -1.079590737388e+00   -1.365042029022e-01  -1.608739050807e+02  -1.031901526791e+01
 -1.121066245231e+00    5.735421207644e-04  -1.735088927041e+02  -1.031901526791e+01
 -1.235381192467e+00   -1.226814821837e-01  -1.614000367021e+02   1.066128173974e+01
 -7.243999193586e-01   -3.547199134675e-02  -1.650858308168e+02   1.066128173974e+01
 -6.626974793745e-01   -8.123550066180e-02  -1.502446166066e+02   1.066128173974e+01
 -5.783719381391e-01   -8.671441517111e-02  -1.598566680235e+02  -4.738882744398e+01
 -5.853941317980e-03   -3.343483270900e-03  -1.598622446068e+02  -4.738882744398e+01
 -6.196607564462e-01    1.532527092311e-04  -1.737577905167e+02  -4.738882744398e+01
 -6.205048588165e-01    2.250929100253e-03  -1.735872784236e+02  -2.813451739068e+01
 -1.081977345784e+00   -1.373336116161e-01  -1.607160822089e+02  -2.813451739068e+01
 -5.789889874421e-01   -8.807928343338e-02  -1.599563670517e+02  -2.813451739068e+01
 -5.817647413632e-01   -8.821284362301e-02  -1.598382356622e+02  -2.733417053963e+01
 -1.078942066164e+00   -1.377308425445e-01  -1.608207496817e+02  -2.733417053963e+01
 -9.792667328777e-01   -2.452737776372e-01  -1.486361181331e+02  -2.733417053963e+01
 -8.051801230881e-03    2.568282196762e-06  -1.596030695360e+02  -4.497124480135e+01
 -5.770811323864e-01   -8.837708762476e-02  -1.599407671689e+02  -4.497124480135e+01
 -5.234959928732e-01   -1.539237402953e-01  -1.468427558008e+02  -4.497124480135e+01
 -1.236616692423e+00   -1.216667936304e-01  -1.614477909394e+02  -7.333008194376e+00
 -1.209892814937e+00   -2.335454842778e-01  -1.502525323700e+02  -7.333008194376e+00
 -1.080423384101e+00   -1.381300110480e-01  -1.607572814429e+02  -7.333008194376e+00
 -1.784403611966e-03   -2.194122729697e-04  -2.050211285611e+02   1.823785528325e+01
 -6.628152174908e-01    9.242193772214e-02  -1.967488290004e+02   1.823785528325e+01
 -5.208660209323e-01    1.009286980263e-01  -2.068600701157e+02   1.823785528325e+01
 -6.858178334208e-01   -2.591556322583e-01  -1.297847068176e+02  -1.039195821642e+01
 -8.325137505079e-01   -2.919721216541e-01  -1.381341230447e+02  -1.039195821642e+01
 -9.746561400871e-01   -3.055768730223e-01  -1.324827190688e+02  -1.039195821642e+01
 -1.212671906917e+00   -2.334252278747e-01  -1.503327243233e+02  -1.141432049001e+01
 -9.806521779437e-01   -2.449144128711e-01  -1.488174130668e+02  -1.141432049001e+01
 -1.077383852411e+00   -1.387841126634e-01  -1.606828566153e+02  -1.141432049001e+01
 -5.242219236699e-01   -1.554864756055e-01  -1.468895459628e+02  -2.416364302266e+01
 -9.786580009480e-01   -2.456736533646e-01  -1.487569923908e+02  -2.416364302266e+01
 -8.344903792359e-01   -2.917938350420e-01  -1.381217551142e+02  -2.416364302266e+01
 -5.219344859417e-01   -1.550488725324e-01  -1.469850788663e+02  -2.609830057205e+01
 -5.787848602000e-01   -8.795133819802e-02  -1.598116611802e+02  -2.609830057205e+01
 -9.817336592628e-01   -2.458282299343e-01  -1.486614294011e+02  -2.609830057205e+01
 -1.115968413609e+00   -3.111557286134e-01  -1.406445133022e+02  -1.165792270363e+01
 -8.358478147280e-01   -2.916624612579e-01  -1.382779723866e+02  -1.165792270363e+01
 -9.772320618351e-01   -2.461102418926e-01  -1.486468109017e+02  -1.165792270363e+01
 -4.176496268113e-03    8.023324472155e-04  -1.595728001350e+02  -3.954713002924e+01
 -5.268586638859e-01   -1.548688154543e-01  -1.468512939000e+02  -3.954713002924e+01
 -5.429822506055e-04   -1.301718938731e-03  -1.469626919980e+02  -3.954713002924e+01
 -1.212017139714e+00   -2.321948125115e-01  -1.504303857564e+02  -8.181143466933e+00
 -1.112994414171e+00   -3.109586451960e-01  -1.405658626920e+02  -8.181143466933e+00
 -9.806528846446e-01   -2.459125858398e-01  -1.487220657344e+02  -8.181143466933e+00
 -1.230905743850e+00   -1.238661750484e-01  -1.613584193558e+02   6.209173021876e+00
 -6.689715967095e-01   -8.051086322428e-02  -1.503160704306e+02   6.209173021876e+00
 -1.216011025276e+00   -2.303420470987e-01  -1.504528380966e+02   6.209173021876e+00
 -1.649095750861e-03    2.933543787204e-04  -1.846306890803e+02   2.392153758486e+01
 -3.029745448852e-03   -8.429303882782e-04  -1.708740339518e+02   2.392153758486e+01
 -7.205558765265e-01    3.580649706581e-02  -1.818859654382e+02   2.392153758486e+01
 -4.345641610835e-01   -1.740822256661e-01  -1.360896135636e+02  -2.303761491837e+01
 -5.217634896645e-01   -1.551522485470e-01  -1.468606475761e+02  -2.303761491837e+01
 -8.365590292924e-01   -2.923017117099e-01  -1.381463665668e+02  -2.303761491837e+01
 -5.235659118556e-01   -1.568719650969e-01  -1.469878210498e+02  -3.687626877075e+01
  2.626764155084e-04   -1.828496907452e-03  -1.355877020745e+02  -3.687626877075e+01
 -2.350043228428e-03   -1.656758957339e-04  -1.468273312011e+02  -3.687626877075e+01
 -2.559101914335e-03   -3.261023525577e-03  -1.355848404077e+02  -3.657278819773e+01
 -5.204236307138e-01   -1.558936404702e-01  -1.469808927802e+02  -3.657278819773e+01
 -4.348349895782e-01   -1.734256794480e-01  -1.360135540558e+02  -3.657278819773e+01
 -4.189930566989e-01    7.524490247658e-02  -2.125165707927e+02   1.394917978423e+01
  9.915183328381e-05    6.530776070467e-05  -2.131091264282e+02   1.394917978423e+01
 -1.377570056328e-03    1.276854822880e-04  -2.107160779841e+02   1.394917978423e+01
 -3.601109964195e-01   -1.557983784288e-01  -1.273491186474e+02  -2.487979462085e+01
  2.215415293166e-04   -2.346267801778e-04  -1.272688729215e+02  -2.487979462085e+01
 -3.465685986491e-03   -1.840128140514e-03  -1.353578497697e+02  -2.487979462085e+01
 -3.568891599084e-01   -1.538891211114e-01  -1.274276218453e+02  -2.003741346142e+01
  8.581808014216e-04    8.215190017922e-04  -1.214395164811e+02  -2.003741346142e+01
 -1.538367086252e-03   -1.248877606784e-03  -1.271901889568e+02  -2.003741346142e+01
 -4.599457343159e-01   -6.034648792434e-02  -1.313130901288e+02   1.531313755261e+01
 -1.076758141568e-03   -2.577690410503e-04  -1.317481101189e+02   1.531313755261e+01
  3.094113927859e-04    6.569571310468e-04  -1.244325569476e+02   1.531313755261e+01
 -3.578958701207e-01   -1.546993553333e-01  -1.273384769244e+02  -3.084583169398e+01
 -6.060997641782e-03   -3.252140039216e-03  -1.353902735746e+02  -3.084583169398e+01
 -4.328622801810e-01   -1.734037933016e-01  -1.360780119868e+02  -3.084583169398e+01
 -8.120505945716e-01    6.552380485564e-02  -1.245161275791e+02  -1.208443785927e+01
 -8.024295558115e-01    2.991837784475e-02  -1.195440094829e+02  -1.208443785927e+01
 -7.172629123637e-03    3.335756104188e-04  -1.245590813595e+02  -1.208443785927e+01
 -2.983651979296e-01   -8.510926333592e-02  -1.224052958110e+02  -1.102882911740e+01
 -3.557356966063e-01   -1.543975907884e-01  -1.273653366550e+02  -1.102882911740e+01
 -5.767861507595e-01   -1.508315825589e-01  -1.242760411249e+02  -1.102882911740e+01
 -6.867953770419e-01   -2.600504572427e-01  -1.296757324255e+02  -1.777156511063e+01
 -3.561882360975e-01   -1.537856335744e-01  -1.274534279806e+02  -1.777156511063e+01
 -4.342164602701e-01   -1.743737500745e-01  -1.359797321655e+02  -1.777156511063e+01
 -8.107839574873e-04   -2.665630252706e-03  -1.213432362864e+02  -2.813285628534e+00
 -2.818638246299e-01   -9.077620557138e-04  -1.205285631957e+02  -2.813285628534e+00
 -5.107168421098e-04    1.112835578944e-03  -1.198387299274e+02  -2.813285628534e+00
 -2.220577781921e-03   -3.285499336951e-03  -1.213705769122e+02  -8.244436826615e+00
 -2.976814731462e-01   -8.397583273967e-02  -1.223884275603e+02  -8.244436826615e+00
 -2.804518638199e-01   -6.276425860605e-04  -1.205123816747e+02  -8.244436826615e+00
 -5.410764698554e-01    2.599877787683e-03  -1.223455597674e+02  -2.859185109938e+00
 -2.805658238260e-01    1.401504998533e-03  -1.205758295815e+02  -2.859185109938e+00
 -2.974678124009e-01   -8.562478422581e-02  -1.223410253552e+02  -2.859185109938e+00
 -8.464257300090e-04   -1.545983571659e-03  -1.198064577426e+02   4.149968450533e+00
 -2.812610185486e-01    1.887607451388e-03  -1.205661996223e+02   4.149968450533e+00
 -3.022607071477e-01    8.908775982225e-02  -1.219167143723e+02   4.149968450533e+00
 -5.751582524453e-01   -1.506677897623e-01  -1.242538285695e+02  -1.263295850191e+01
 -3.575957607588e-01   -1.547146061893e-01  -1.273957426322e+02  -1.263295850191e+01
 -6.844514690994e-01   -2.588483842041e-01  -1.297362953239e+02  -1.263295850191e+01
 -2.987156186549e-01   -8.578647083188e-02  -1.223684717376e+02  -1.614855919149e+01
 -6.790221577089e-04    9.176146777957e-06  -1.214518853941e+02  -1.614855919149e+01
 -3.548295749892e-01   -1.530665097291e-01  -1.274150294987e+02  -1.614855919149e+01
 -4.365970023462e-01   -1.749442549515e-01  -1.360046340713e+02  -1.960949014955e+01
 -8.337836770564e-01   -2.916539987941e-01  -1.382236445901e+02  -1.960949014955e+01
 -6.848644489620e-01   -2.596107104105e-01  -1.296532653237e+02  -1.960949014955e+01
 -9.247596143117e-01    4.490638573963e-02  -1.649367741847e+02  -2.300695734965e+01
 -2.005537551394e-03    1.380751616814e-03  -1.469564830192e+02  -2.300695734965e+01
 -3.475028571762e-03   -9.067643614104e-04  -1.705197527671e+02  -2.300695734965e+01
 -1.214251770318e+00   -2.311325671084e-01  -1.504245810152e+02   8.611514636250e+00
 -6.700160752837e-01   -7.929746248480e-02  -1.503138243294e+02   8.611514636250e+00
 -9.849337932184e-01   -1.963376440624e-01  -1.420081238267e+02   8.611514636250e+00
 -8.144018207906e-01    6.697423746866e-02  -1.245334702842e+02  -1.248276700765e+01
 -4.217162691794e-03   -1.753624594995e-03  -1.246022542722e+02  -1.248276700765e+01
 -6.087288408230e-01    8.304160273541e-02  -1.321288778838e+02  -1.248276700765e+01
 -5.514061135375e-01   -8.066979092693e-02  -1.387077095623e+02   1.107460130475e+01
 -4.605695760002e-01   -6.121056196591e-02  -1.313191160095e+02   1.107460130475e+01
 -8.916354676999e-01   -1.689009199301e-01  -1.357043388548e+02   1.107460130475e+01
 -5.543175490628e-01   -8.040466866108e-02  -1.386971932088e+02   2.075633593861e+01
 -6.571905294137e-01   -7.959593486929e-02  -1.502160118375e+02   2.075633593861e+01
 -8.216094951909e-03    1.770749269633e-04  -1.466377161188e+02   2.075633593861e+01
 -9.882206640784e-01   -1.964180454231e-01  -1.420907066628e+02   4.939221083972e+00
 -8.898159706075e-01   -1.691164742604e-01  -1.356884326018e+02   4.939221083972e+00
 -1.054353654999e+00   -2.615172549808e-01  -1.345769693744e+02   4.939221083972e+00
 -8.900801202632e-01   -1.693186295232e-01  -1.356760080727e+02   1.173004654729e+01
 -9.878367251981e-01   -1.954187522638e-01  -1.420953873777e+02   1.173004654729e+01
 -5.534624043263e-01   -8.035276852702e-02  -1.387519495856e+02   1.173004654729e+01
 -9.194814345163e-01   -1.603558288299e-01  -1.309627794335e+02   5.922906078564e+00
 -1.054203611802e+00   -2.606014268191e-01  -1.345971023224e+02   5.922906078564e+00
 -8.898077925644e-01   -1.694955712035e-01  -1.356751737412e+02   5.922906078564e+00
 -9.918652482715e-01   -1.964085773196e-01  -1.421492938293e+02   3.301971518285e+00
 -1.051349977023e+00   -2.617520003962e-01  -1.345148049605e+02   3.301971518285e+00
 -1.116046531151e+00   -3.093046342282e-01  -1.407231527616e+02   3.301971518285e+00
 -8.887078205013e-01   -1.688038550962e-01  -1.356827267591e+02   1.070645815669e+01
 -4.640447137823e-01   -6.148243335216e-02  -1.313583615533e+02   1.070645815669e+01
 -9.213882021968e-01   -1.602708574115e-01  -1.309777528532e+02   1.070645815669e+01
 -5.513419608858e-01   -8.051354301643e-02  -1.387205010363e+02   1.126449549357e+01
 -9.900390805904e-01   -1.954022794184e-01  -1.420978162623e+02   1.126449549357e+01
 -6.609831258188e-01   -7.979931297591e-02  -1.502079218684e+02   1.126449549357e+01
 -7.101110476768e-01   -5.092398506354e-02  -1.241393691771e+02   1.255718038786e+01
 -4.593022455841e-01   -6.111526121609e-02  -1.313114315919e+02   1.255718038786e+01
 -1.300098965616e-03    1.329934043591e-03  -1.244592131923e+02   1.255718038786e+01
 -6.636767903424e-01   -2.499134652891e-02  -1.160638721463e+02   1.103097654148e+01
 -6.941285511456e-01   -2.505630112680e-02  -1.198419020538e+02   1.103097654148e+01
 -1.875908805860e-03    6.084144821157e-04  -1.153376627102e+02   1.103097654148e+01
 -1.134152931948e+00   -2.280642613197e-02  -1.150094393614e+02   6.726030401344e+00
 -6.960791819143e-01   -2.586013749836e-02  -1.198789285473e+02   6.726030401344e+00
 -6.637188776663e-01   -2.548592154732e-02  -1.160673373761e+02   6.726030401344e+00
 -7.070326495842e-01   -4.865384425126e-02  -1.241670363489e+02   7.950364381394e+00
 -1.011624750548e+00   -7.816338459756e-02  -1.242231684013e+02   7.950364381394e+00
 -9.179517128868e-01   -1.600348362729e-01  -1.309216076962e+02   7.950364381394e+00
 -1.303981004036e+00    5.629763899753e-03  -3.708322830695e+01   8.398486010379e+00
 -3.175820273417e-02    9.174458223933e-04  -2.773009943125e+01   8.398486010379e+00
 -1.564037785658e+00   -1.042176421842e-02  -2.840945844652e+01   8.398486010379e+00
 -1.063947129250e+00   -1.993863651660e-01  -1.287818594619e+02   5.288487877869e+00
 -1.051832556988e+00   -2.604027775507e-01  -1.345739247813e+02   5.288487877869e+00
 -9.215608277103e-01   -1.609505165762e-01  -1.309932513033e+02   5.288487877869e+00
 -1.203015329520e+00    7.708415080000e-03  -1.155389075673e+02  -6.567571700826e+00
 -8.047871855935e-01    3.007784850442e-02  -1.196156826179e+02  -6.567571700826e+00
 -1.091901451837e+00    8.875786883154e-02  -1.241209198851e+02  -6.567571700826e+00
 -7.056220675203e-01   -4.967046919814e-02  -1.241057992829e+02   1.045151052331e+01
 -9.210103862269e-01   -1.592305839893e-01  -1.309660849952e+02   1.045151052331e+01
 -4.637257180933e-01   -6.250657589925e-02  -1.313290760415e+02   1.045151052331e+01
 -4.651056230276e-04    3.621064303234e-04  -1.153401100880e+02   1.156806555035e+01
 -6.956225793372e-01   -2.493457927821e-02  -1.198358177775e+02   1.156806555035e+01
 -1.740472810110e-03    1.573852467002e-04  -1.191512591276e+02   1.156806555035e+01
 -1.186943089142e-02   -1.057614465631e-03  -1.080300859498e+02   8.904310876659e+00
 -1.435971763244e+00   -1.561950028144e-02  -1.045934185263e+02   8.904310876659e+00
 -6.626716557288e-01   -2.572370685811e-02  -1.161288172420e+02   8.904310876659e+00
 -8.557977916898e-01   -1.934262071558e-01  -1.269924183594e+02  -5.104239964320e+00
 -6.856362701773e-01   -2.590089817878e-01  -1.297235465733e+02  -5.104239964320e+00
 -9.741983941748e-01   -3.051413186257e-01  -1.325425700044e+02  -5.104239964320e+00
 -1.111805890094e+00   -3.099713800955e-01  -1.406494550103e+02  -2.388706903491e+00
 -1.054204105337e+00   -2.615707201586e-01  -1.345990088526e+02  -2.388706903491e+00
 -9.753441121087e-01   -3.052741089249e-01  -1.325546763013e+02  -2.388706903491e+00
 -5.399229796887e-01    3.281667552212e-03  -1.223969431287e+02  -2.582113918388e+00
 -5.744051592438e-01   -1.496118883548e-01  -1.242748685654e+02  -2.582113918388e+00
 -8.067019504394e-01    6.964420092301e-03  -1.247768691895e+02  -2.582113918388e+00
 -5.761339013784e-01   -1.502160747573e-01  -1.243438562378e+02  -7.430836181285e+00
 -6.831796928643e-01   -2.589474489514e-01  -1.296739989429e+02  -7.430836181285e+00
 -8.576370630469e-01   -1.932684241622e-01  -1.270353836371e+02  -7.430836181285e+00
 -8.046511078373e-01    6.735548170960e-03  -1.247370641422e+02  -1.787851839095e+00
 -5.764234915032e-01   -1.496924185422e-01  -1.243134799156e+02  -1.787851839095e+00
 -8.569951931294e-01   -1.929976213140e-01  -1.270680967849e+02  -1.787851839095e+00
 -5.752596199955e-01   -1.495152488634e-01  -1.243121441569e+02  -4.707498492878e+00
 -5.393138340694e-01    2.665687640406e-03  -1.223291311662e+02  -4.707498492878e+00
 -2.991732163908e-01   -8.597267636210e-02  -1.223632931903e+02  -4.707498492878e+00
 -9.710728000393e-01   -3.038253589986e-01  -1.324782808082e+02  -1.652271211303e+00
 -1.065807568931e+00   -1.995388630568e-01  -1.288495388767e+02  -1.652271211303e+00
 -8.602531772701e-01   -1.945032407919e-01  -1.271402973531e+02  -1.652271211303e+00
 -9.719559243842e-01   -3.055193944085e-01  -1.324133477393e+02  -7.592214048491e+00
 -8.357273853930e-01   -2.919916430733e-01  -1.382005914936e+02  -7.592214048491e+00
 -1.115590031739e+00   -3.106169903800e-01  -1.407238706321e+02  -7.592214048491e+00
 -1.062007168238e+00   -1.968597209403e-01  -1.287804543331e+02   5.043469916767e+00
 -1.014497586523e+00   -7.761520799410e-02  -1.242649910891e+02   5.043469916767e+00
 -1.165044861172e+00   -5.943414910282e-02  -1.235289424021e+02   5.043469916767e+00
 -9.749969918230e-01   -3.042386860680e-01  -1.325463167724e+02   4.277789762622e-01
 -1.053951654948e+00   -2.618995587413e-01  -1.345920612314e+02   4.277789762622e-01
 -1.061662004618e+00   -1.986072751356e-01  -1.287463864300e+02   4.277789762622e-01
 -1.055230847237e+00    1.060940228075e-01  -1.262132654964e+02   4.754538579918e-01
 -8.083745220856e-01    7.065807972581e-03  -1.248479982551e+02   4.754538579918e-01
 -1.035938726224e+00   -8.570134698891e-02  -1.262360027483e+02   4.754538579918e-01
 -8.063402286174e-01    5.421954642788e-03  -1.248095414356e+02  -7.767791263806e-01
 -8.561558924115e-01   -1.916595213585e-01  -1.270580097930e+02  -7.767791263806e-01
 -1.037404622999e+00   -8.503937408635e-02  -1.262754059324e+02  -7.767791263806e-01
 -1.167157987926e+00   -5.967806729366e-02  -1.235653171567e+02   7.023510501245e-01
 -1.039729562770e+00   -8.666301104426e-02  -1.262973183174e+02   7.023510501245e-01
 -1.059906322590e+00   -1.979035497684e-01  -1.287525153610e+02   7.023510501245e-01
 -1.169306460882e+00   -6.174258014250e-02  -1.235523109255e+02   1.970342082494e+00
 -1.222817530034e+00    1.257750887932e-02  -1.232948917776e+02   1.970342082494e+00
 -1.038600369714e+00   -8.375662190584e-02  -1.263061567937e+02   1.970342082494e+00
 -1.315848170144e+00   -1.064463684975e-02  -1.197222156762e+02   1.416156381715e+00
 -1.223515427169e+00    1.069661409803e-02  -1.232996567577e+02   1.416156381715e+00
 -1.167402746895e+00   -5.977233447054e-02  -1.235155398930e+02   1.416156381715e+00
 -1.034830730789e+00   -8.456030951804e-02  -1.261938787480e+02   1.329781033697e+00
 -8.603940401930e-01   -1.927516197244e-01  -1.271393344753e+02   1.329781033697e+00
 -1.065500321426e+00   -2.007468461052e-01  -1.288372628945e+02   1.329781033697e+00
 -9.191389025877e-01   -1.618369485408e-01  -1.309239879624e+02   4.537035651932e+00
 -1.011225458903e+00   -7.721451184398e-02  -1.242075515252e+02   4.537035651932e+00
 -1.066182180640e+00   -1.982368727968e-01  -1.288224100790e+02   4.537035651932e+00
 -5.398436136069e-01    3.885455707273e-03  -1.223935589018e+02   3.309506830640e+00
 -8.067910532742e-01    7.039337086118e-03  -1.247810555417e+02   3.309506830640e+00
 -5.851900251147e-01    1.589130284066e-01  -1.240961232992e+02   3.309506830640e+00
 -1.432921504387e+00   -2.930489203222e-03  -4.412098360742e+01  -7.347260360538e+00
 -4.137877681736e-02   -1.650061254871e-03  -4.492985306560e+01  -7.347260360538e+00
 -1.442903476920e+00   -3.396597376201e-03  -5.581982796794e+01  -7.347260360538e+00
 -9.902223868436e-01   -1.962725701876e-01  -1.421278291650e+02   6.516189316486e-01
 -1.117462968194e+00   -3.095999906831e-01  -1.407514048693e+02   6.516189316486e-01
 -1.207304219953e+00   -2.321003127317e-01  -1.503393127787e+02   6.516189316486e-01
 -1.032069897062e+00   -9.973064244791e-03   1.500061718592e-02  -1.005186243330e+01
 -1.444010671293e-03    1.368835444166e-04  -2.601420507831e-02  -1.005186243330e+01
 -5.355731776517e-03   -2.412523556844e-04  -7.535264392118e+00  -1.005186243330e+01
 -2.808718142791e-01    9.066327570504e-04  -1.205858230479e+02   3.403169047573e+00
 -5.409917340853e-01    4.379740917263e-03  -1.223487656051e+02   3.403169047573e+00
 -3.025329490085e-01    9.112361825732e-02  -1.219133783129e+02   3.403169047573e+00
 -4.581811268860e-01    1.840422238726e-01  -1.353691052498e+02   3.440903789819e+01
 -3.476425222107e-03    3.391188807256e-04  -1.461496058146e+02   3.440903789819e+01
 -2.963406942790e-04    9.894633996191e-04  -1.354224109338e+02   3.440903789819e+01
 -6.671187347827e-01   -2.631564615877e-02  -1.161200959436e+02   6.665556302441e+00
 -1.426144467033e+00   -1.498628885871e-02  -1.045335203696e+02   6.665556302441e+00
 -1.131272656134e+00   -2.254967509722e-02  -1.149335016760e+02   6.665556302441e+00
 -3.169449923780e-03   -9.557662477397e-04  -1.590285099302e+02   4.044252478702e+01
 -1.608447210037e-03    1.723956665184e-03  -1.463665482445e+02   4.044252478702e+01
 -5.420224392005e-01    1.552397272819e-01  -1.463475247003e+02   4.044252478702e+01
  5.261533457506e-04    5.200600151819e-04  -1.317563249926e+02   1.838157399205e+01
 -5.523353433470e-01   -7.962272000909e-02  -1.387046031100e+02   1.838157399205e+01
 -1.385014143016e-03   -1.915159922631e-04  -1.379657220613e+02   1.838157399205e+01
 -4.556208369694e-01    1.829433426305e-01  -1.353579628037e+02   4.105293693366e+01
 -5.377080080724e-01    1.560467572865e-01  -1.464685190865e+02   4.105293693366e+01
 -6.079478478774e-03    1.398594849487e-03  -1.461868438440e+02   4.105293693366e+01
 -6.122620602281e-03   -2.482172504439e-04  -1.590638153201e+02   4.687375576856e+01
 -5.393282429208e-01    1.545284152900e-01  -1.463350422809e+02   4.687375576856e+01
 -6.015561817844e-01    8.941988167540e-02  -1.592879081918e+02   4.687375576856e+01
 -2.247713203305e-03    8.557565848190e-04  -1.353094321274e+02   3.046875549541e+01
  1.031896733762e-03    5.576713793806e-04  -1.266255816954e+02   3.046875549541e+01
 -4.543593109412e-01    1.841583277797e-01  -1.354846486100e+02   3.046875549541e+01
 -1.410052403065e+00    3.176823301405e-02  -7.869449900353e+01   1.543109077381e+00
 -1.219386728656e+00    3.077515056996e-02  -7.947151457475e+01   1.543109077381e+00
 -1.104168248472e+00    1.866926873222e-02  -7.034590431856e+01   1.543109077381e+00
 -3.042988606506e-01    9.217556315148e-02  -1.218949527249e+02   2.107582721604e+01
 -3.631718651692e-01    1.532283468656e-01  -1.273503229773e+02   2.107582721604e+01
 -4.324699128549e-03    3.783812311191e-03  -1.264967731825e+02   2.107582721604e+01
 -9.711762280602e-04    1.252328313669e-03  -1.217298946405e+02   9.193939071050e+00
  3.698717165815e-04   -1.836914918774e-03  -1.197801543800e+02   9.193939071050e+00
 -3.039714010598e-01    8.954035343234e-02  -1.219333655497e+02   9.193939071050e+00
 -4.533640462405e-01    1.834946724051e-01  -1.353918212271e+02   1.879753034783e+01
 -3.644028605475e-01    1.542385532740e-01  -1.273646529007e+02   1.879753034783e+01
 -7.084328382123e-01    2.699128697076e-01  -1.295067908726e+02   1.879753034783e+01
 -4.517548591163e-01    1.831319268828e-01  -1.354756908645e+02   2.833717688955e+01
 -1.110018391449e-03    1.843700276930e-03  -1.266313593986e+02   2.833717688955e+01
 -3.650202692162e-01    1.542816158182e-01  -1.273088942592e+02   2.833717688955e+01
 -5.859919781160e-01    1.601361719558e-01  -1.240666288077e+02   1.375273033021e+01
 -7.061341805273e-01    2.688330217135e-01  -1.295629680245e+02   1.375273033021e+01
 -3.659064553938e-01    1.552139225192e-01  -1.272994526178e+02   1.375273033021e+01
 -5.387645670279e-01    1.561534293228e-01  -1.463557577428e+02   2.398768638512e+01
 -4.537809370409e-01    1.831511809636e-01  -1.354946870045e+02   2.398768638512e+01
 -8.701212197933e-01    3.047770153286e-01  -1.378067151125e+02   2.398768638512e+01
 -3.639298278843e-01    1.546984149367e-01  -1.272769933207e+02   1.165647321933e+01
 -3.031960382826e-01    9.047391302184e-02  -1.219826976259e+02   1.165647321933e+01
 -5.876727107999e-01    1.604070342743e-01  -1.240864317812e+02   1.165647321933e+01
 -2.398481966043e-03    2.621430275954e-03  -1.264674833223e+02   1.478936683070e+01
  1.610539482830e-04   -5.189527971584e-04  -1.217643562915e+02   1.478936683070e+01
 -3.060493439157e-01    9.291115417521e-02  -1.219040943899e+02   1.478936683070e+01
 -7.236194368652e-01    1.075262985293e-01  -1.396666175023e+02  -1.977977396088e+01
 -1.004391609007e-02   -3.310233674132e-04  -1.469983041952e+02  -1.977977396088e+01
 -8.359560647112e-01    1.004149736289e-01  -1.507554231265e+02  -1.977977396088e+01
 -8.672422690819e-01    3.040800305558e-01  -1.378834870878e+02   2.042524015778e+01
 -4.556796577236e-01    1.838921710233e-01  -1.354206864907e+02   2.042524015778e+01
 -7.065008396559e-01    2.695458215607e-01  -1.294836923258e+02   2.042524015778e+01
 -1.128947053733e+00    1.412073561354e-01  -1.601626302622e+02   3.019537332181e+01
 -1.169088108094e+00   -6.535889208667e-03  -1.730531591083e+02   3.019537332181e+01
 -6.343844309249e-01   -4.225238374372e-03  -1.729651943579e+02   3.019537332181e+01
 -1.128417313703e+00    1.421039075609e-01  -1.602883127137e+02   2.879373658324e+01
 -6.047586800629e-01    8.910041421833e-02  -1.591888899054e+02   2.879373658324e+01
 -1.021694673826e+00    2.547579433402e-01  -1.482430700321e+02   2.879373658324e+01
 -1.175311090703e+00   -5.693108763358e-03  -1.729270941716e+02   8.797315243952e+00
 -1.342586294544e+00    1.333037755624e-01  -1.610021360921e+02   8.797315243952e+00
 -1.339813160698e+00   -8.533133959584e-03  -1.729645218381e+02   8.797315243952e+00
 -9.223599972962e-01    4.349411165135e-02  -1.649482409483e+02  -5.060418749978e+00
 -1.340030809931e+00   -6.184097759911e-03  -1.728890910460e+02  -5.060418749978e+00
 -1.341714607972e+00    1.304157581584e-01  -1.611512789296e+02  -5.060418749978e+00
 -1.343047060832e+00   -7.795282002412e-03  -1.729208785046e+02  -8.345884959766e+00
 -9.192492994145e-01    4.497011363619e-02  -1.649122491835e+02  -8.345884959766e+00
 -9.182515520911e-01   -5.195255895528e-02  -1.806910168936e+02  -8.345884959766e+00
 -1.175421373621e+00   -8.639863360523e-03  -1.731339900893e+02   8.985151139429e+00
 -1.339759871805e+00   -7.045947788520e-03  -1.728687872913e+02   8.985151139429e+00
 -1.341381931969e+00   -1.542105216175e-01  -1.848347725811e+02   8.985151139429e+00
 -1.345931047904e+00    1.328304959598e-01  -1.610685049000e+02   1.211744364795e+01
 -1.171519366609e+00   -4.887390844878e-03  -1.728751867384e+02   1.211744364795e+01
 -1.129003712429e+00    1.408618913744e-01  -1.603471402459e+02   1.211744364795e+01
 -6.307584599488e-01   -4.066776664773e-03  -1.729530666531e+02   2.936047595156e+01
 -6.016570663918e-01    8.914379129282e-02  -1.593040609820e+02   2.936047595156e+01
 -1.131847336316e+00    1.415497336489e-01  -1.601805839382e+02   2.936047595156e+01
 -1.301284530552e+00    2.513362345392e-01  -1.503615708620e+02   9.670583506570e+00
 -1.023071005136e+00    2.555227783190e-01  -1.483257085667e+02   9.670583506570e+00
 -1.180451759890e+00    3.334524811588e-01  -1.405417303419e+02   9.670583506570e+00
 -1.024062234388e+00    2.553460069995e-01  -1.482678607858e+02   2.750711330902e+01
 -6.021117030898e-01    8.879858421520e-02  -1.591632983160e+02   2.750711330902e+01
 -5.385694704653e-01    1.560400522503e-01  -1.464772554766e+02   2.750711330902e+01
 -1.339036130698e+00    1.335855275064e-01  -1.610988811128e+02  -4.302149151671e+00
 -1.305001285900e+00    2.495176781349e-01  -1.503831330438e+02  -4.302149151671e+00
 -8.478879974875e-01    1.018777588522e-01  -1.508336188721e+02  -4.302149151671e+00
 -1.344417052953e+00    1.313042138079e-01  -1.611870520924e+02   9.125775751121e+00
 -1.129906479392e+00    1.424470354883e-01  -1.602291217237e+02   9.125775751121e+00
 -1.299278203807e+00    2.526810916553e-01  -1.501842636482e+02   9.125775751121e+00
 -8.692060109784e-01    3.039925919782e-01  -1.379433637758e+02   1.289968114129e+01
 -1.183422931730e+00    3.336254041044e-01  -1.406198033383e+02   1.289968114129e+01
 -1.019641933318e+00    2.557213832770e-01  -1.482507858820e+02   1.289968114129e+01
 -1.343189690215e+00    1.323415802146e-01  -1.611438186814e+02  -8.385150681258e+00
 -8.419131252360e-01    1.026605529247e-01  -1.507609357061e+02  -8.385150681258e+00
 -9.205245053088e-01    4.185906599515e-02  -1.649540606141e+02  -8.385150681258e+00
 -1.303490686251e+00    2.503608613056e-01  -1.503531812011e+02  -6.771301787156e+00
 -1.106209283389e+00    2.248323682784e-01  -1.424396083956e+02  -6.771301787156e+00
 -8.485726865467e-01    1.005631394934e-01  -1.508367936878e+02  -6.771301787156e+00
 -1.302028444133e+00    2.525530109261e-01  -1.502637450799e+02   1.294077635435e+01
 -1.126930210411e+00    1.431049331056e-01  -1.601539983760e+02   1.294077635435e+01
 -1.022995744244e+00    2.545118172579e-01  -1.484212912130e+02   1.294077635435e+01
 -5.412180247484e-01    1.565850469824e-01  -1.463809714571e+02   2.563592302729e+01
 -8.680835077514e-01    3.042598059460e-01  -1.377830408373e+02   2.563592302729e+01
 -1.020883209632e+00    2.551995747094e-01  -1.483627115926e+02   2.563592302729e+01
 -6.110255073540e-01    8.345008681328e-02  -1.321464185187e+02  -1.617620399936e+01
 -2.339643470572e-03   -7.715007266651e-04  -1.321458195855e+02  -1.617620399936e+01
 -7.221293907332e-01    1.071923614052e-01  -1.396814861418e+02  -1.617620399936e+01
 -1.019420222554e+00    3.259478083406e-01  -1.324568321767e+02   1.139965872333e+01
 -8.659651364481e-01    3.043043830419e-01  -1.378021339883e+02   1.139965872333e+01
 -7.075183768525e-01    2.692711074372e-01  -1.296043569247e+02   1.139965872333e+01
 -3.447200488981e-03   -2.118844696559e-03  -1.728845010122e+02   4.421472470176e+01
 -1.979810896223e-03    1.646813577396e-03  -1.592544743641e+02   4.421472470176e+01
 -6.053764258089e-01    8.720196696915e-02  -1.591654774225e+02   4.421472470176e+01
 -8.047203861925e-01    7.235135071614e-03  -1.247397965867e+02   2.679225513598e+00
 -8.788564302616e-01    2.096786526948e-01  -1.269973643136e+02   2.679225513598e+00
 -5.872206663923e-01    1.590133666896e-01  -1.241371533914e+02   2.679225513598e+00
 -3.041786573530e-01    9.137253150885e-02  -1.219441805424e+02   5.390409357781e+00
 -5.392641412352e-01    4.376455573762e-03  -1.223297924239e+02   5.390409357781e+00
 -5.859536009664e-01    1.589149741125e-01  -1.241281506811e+02   5.390409357781e+00
 -1.016710659854e+00    3.258933765632e-01  -1.323880765151e+02   8.766169412756e+00
 -1.182938573933e+00    3.330695753400e-01  -1.406976361552e+02   8.766169412756e+00
 -8.691577141459e-01    3.043149931701e-01  -1.378689648486e+02   8.766169412756e+00
 -7.074306417417e-01    2.691654402728e-01  -1.295444697471e+02   6.152890368755e+00
 -8.777544504096e-01    2.101301821425e-01  -1.269233638156e+02   6.152890368755e+00
 -1.018912610902e+00    3.255025124052e-01  -1.325139119944e+02   6.152890368755e+00
 -1.126681449257e+00    2.240036649858e-01  -1.289864377900e+02   2.503450767469e+00
 -1.015917208083e+00    3.242398457823e-01  -1.324531642771e+02   2.503450767469e+00
 -8.820726317045e-01    2.112059813566e-01  -1.270683010640e+02   2.503450767469e+00
 -1.020042452080e+00    3.256629461039e-01  -1.325252052175e+02   3.467247639354e+00
 -1.135662622739e+00    2.899295514058e-01  -1.348532726094e+02   3.467247639354e+00
 -1.179227953266e+00    3.324362095173e-01  -1.406262531995e+02   3.467247639354e+00
 -1.126276021455e+00    2.250639355993e-01  -1.289682914240e+02  -3.765107030712e-01
 -8.823121723060e-01    2.095365874640e-01  -1.270713743874e+02  -3.765107030712e-01
 -1.054208175899e+00    1.050180990834e-01  -1.261704940194e+02  -3.765107030712e-01
 -7.049652457628e-01    2.690455227217e-01  -1.294967382098e+02   8.249294683143e+00
 -5.868338994225e-01    1.595344140159e-01  -1.241646443103e+02   8.249294683143e+00
 -8.796026548764e-01    2.100052180101e-01  -1.269662950193e+02   8.249294683143e+00
 -8.110028371824e-01    6.609137161627e-02  -1.245023745664e+02  -6.668977584204e+00
 -1.094791943399e+00    9.001391408703e-02  -1.241523072123e+02  -6.668977584204e+00
 -8.020953933581e-01    2.935490609644e-02  -1.195771816986e+02  -6.668977584204e+00
 -1.446888131741e+00   -1.364710178898e-02  -1.045998661623e+02   8.739403505137e+00
 -8.322980692380e-03   -2.089740949379e-03  -1.079004805914e+02   8.739403505137e+00
 -1.378174433380e-02    1.627370838484e-03  -9.619626978995e+01   8.739403505137e+00
 -1.122941823780e+00    2.211271627219e-01  -1.289167292086e+02  -4.498099792393e+00
 -1.213566028593e+00    7.188484113375e-02  -1.238028421037e+02  -4.498099792393e+00
 -1.096065839936e+00    9.081786109543e-02  -1.241861407635e+02  -4.498099792393e+00
 -1.120783240469e+00    2.219342967934e-01  -1.288806923850e+02   2.192337808124e-02
 -1.058939247475e+00    1.074145483522e-01  -1.262694510610e+02   2.192337808124e-02
 -1.215365444605e+00    7.258997839609e-02  -1.238390588724e+02   2.192337808124e-02
 -1.217094063548e+00    7.153461491723e-02  -1.238573277889e+02  -4.307803496557e-03
 -1.222586550828e+00    1.131838454043e-02  -1.233013752356e+02  -4.307803496557e-03
 -1.317340418228e+00   -1.141948865628e-02  -1.197215764278e+02  -4.307803496557e-03
 -1.135353764644e+00    2.902146798162e-01  -1.348450507973e+02   5.731123952682e-01
 -1.019808530919e+00    3.247033790553e-01  -1.325191085885e+02   5.731123952682e-01
 -1.122592385458e+00    2.230506114267e-01  -1.288875081712e+02   5.731123952682e-01
 -1.206083347953e+00    8.913879062075e-03  -1.155719729524e+02  -1.904781530713e+00
 -1.216826719922e+00    7.087334823770e-02  -1.238808804077e+02  -1.904781530713e+00
 -1.318989151012e+00   -1.080521888443e-02  -1.197156911917e+02  -1.904781530713e+00
 -1.217440461475e+00    7.484184883212e-02  -1.238400420666e+02  -9.870389854613e-01
 -1.057990107641e+00    1.043590335997e-01  -1.262716984002e+02  -9.870389854613e-01
 -1.222712908894e+00    8.813048584246e-03  -1.233058203912e+02  -9.870389854613e-01
 -8.781356771971e-01    2.083253194313e-01  -1.269899376435e+02   1.548263895330e+00
 -8.062639952214e-01    8.606099086242e-03  -1.248085978406e+02   1.548263895330e+00
 -1.056748315894e+00    1.055336968444e-01  -1.262538651260e+02   1.548263895330e+00
 -1.024237879660e+00    1.909225048329e-01  -1.314291434254e+02  -3.813280815041e+00
 -1.127287774665e+00    2.225152596018e-01  -1.289645791969e+02  -3.813280815041e+00
 -1.092750345193e+00    9.078010091190e-02  -1.241332220801e+02  -3.813280815041e+00
 -1.135711837391e+00    2.890378205428e-01  -1.348519576365e+02  -4.815037715662e+00
 -1.024852058048e+00    1.893186980820e-01  -1.314667462150e+02  -4.815037715662e+00
 -1.010610668043e+00    1.996000248022e-01  -1.362691127325e+02  -4.815037715662e+00
 -1.133357581879e+00    2.887993693829e-01  -1.348293745656e+02  -4.414992284928e+00
 -1.124813701317e+00    2.237059457712e-01  -1.289207254667e+02  -4.414992284928e+00
 -1.026869698689e+00    1.899670739777e-01  -1.314963014414e+02  -4.414992284928e+00
 -1.109039881809e+00    2.239870868198e-01  -1.425218022958e+02  -1.028946421851e+01
 -1.010865869924e+00    1.994673445592e-01  -1.362718582176e+02  -1.028946421851e+01
 -7.231337847363e-01    1.076345218048e-01  -1.397159689772e+02  -1.028946421851e+01
 -1.010730017072e+00    1.992665454221e-01  -1.362836125746e+02  -3.756775615392e+00
 -1.109266639501e+00    2.249497208571e-01  -1.425182232338e+02  -3.756775615392e+00
 -1.135681085555e+00    2.899142529211e-01  -1.348307809378e+02  -3.756775615392e+00
 -6.108882742497e-01    8.337371640137e-02  -1.321486251502e+02  -9.971723505331e+00
 -7.217851817285e-01    1.079844704912e-01  -1.396782314736e+02  -9.971723505331e+00
 -1.012252487288e+00    1.990552897155e-01  -1.363011363251e+02  -9.971723505331e+00
 -1.111338330655e+00    2.239686158708e-01  -1.425246074486e+02  -9.645197133082e+00
 -7.205658740034e-01    1.077839735099e-01  -1.396862992906e+02  -9.645197133082e+00
 -8.395045857491e-01    1.009084108386e-01  -1.507394507237e+02  -9.645197133082e+00
 -1.009670140003e+00    1.989371194163e-01  -1.362804061063e+02  -9.902329170953e+00
 -1.026739827944e+00    1.892030382237e-01  -1.314797467994e+02  -9.902329170953e+00
 -6.138092958529e-01    8.366441297608e-02  -1.321839050062e+02  -9.902329170953e+00
 -1.132734719309e+00    2.901431614987e-01  -1.347707965211e+02  -1.953996680855e+00
 -1.112855273527e+00    2.249380391856e-01  -1.425742866532e+02  -1.953996680855e+00
 -1.183490451311e+00    3.317918223518e-01  -1.406981307837e+02  -1.953996680855e+00
 -8.128745240727e-01    6.488582743698e-02  -1.245428341007e+02  -7.625050314625e+00
 -1.023246585626e+00    1.890041782255e-01  -1.314365998073e+02  -7.625050314625e+00
 -1.093139275733e+00    9.192859512803e-02  -1.241337282155e+02  -7.625050314625e+00
 -7.674416680115e-01    1.101066493357e-02  -1.153201704755e+02  -1.118724793580e+01
 -3.293706000438e-03   -5.453459255061e-04  -1.148802776351e+02  -1.118724793580e+01
 -8.023536507049e-01    2.929286014088e-02  -1.196035575930e+02  -1.118724793580e+01
 -7.671630609959e-01    1.100570926335e-02  -1.152760555668e+02  -6.197318408993e+00
 -1.203812253742e+00    8.550711782908e-03  -1.155078707926e+02  -6.197318408993e+00
 -1.059196778880e+00    1.400869464389e-02  -1.082853408998e+02  -6.197318408993e+00
 -3.216972285358e-03    5.729014343015e-04  -1.245174102468e+02  -1.149067023840e+01
 -8.057086469512e-01    2.976563379372e-02  -1.195785846808e+02  -1.149067023840e+01
 -7.062799268332e-04   -5.604691532534e-04  -1.148622374199e+02  -1.149067023840e+01
 -1.025558854069e+00   -9.717103371625e-03  -5.983052802535e-03  -3.370420584191e+00
 -1.216980687728e+00   -1.150462093274e-02  -8.205090012526e+00  -3.370420584191e+00
 -1.373956647579e+00   -3.011649475448e-03  -8.741811955014e-02  -3.370420584191e+00
  1.411215643169e-03    1.660960598873e-03  -2.120467890698e+02  -1.370390852762e+01
 -5.478754022323e-01   -9.589863203139e-02  -2.101836318535e+02  -1.370390852762e+01
 -2.215888299509e-03   -9.300582973811e-04  -2.093167057912e+02  -1.370390852762e+01
 -1.213805818547e+00    1.630495753126e-02  -9.653027172855e+01   9.272755500099e+00
 -1.435684390796e+00   -1.245369484761e-02  -1.045709818367e+02   9.272755500099e+00
 -2.074812810492e-02    1.862050383012e-03  -9.619727879195e+01   9.272755500099e+00
 -8.105052942775e-01    6.576828686054e-02  -1.244882575657e+02  -9.710687187322e+00
 -6.127375394124e-01    8.461914612558e-02  -1.321488020394e+02  -9.710687187322e+00
 -1.026920258003e+00    1.882162732821e-01  -1.314740641452e+02  -9.710687187322e+00
 -1.426093794583e+00   -2.351258982324e-03  -4.409416389906e+01  -1.988443908583e-01
 -1.315739982149e+00    5.590656714724e-03  -3.700472932054e+01  -1.988443908583e-01
 -1.258652131198e+00   -6.669051438903e-03  -3.554738291598e+01  -1.988443908583e-01
  9.118940122989e-04   -3.490262459485e-04  -1.320750196547e+02  -1.812317667960e+01
 -5.039127703012e-03    1.185797231754e-04  -1.469115288393e+02  -1.812317667960e+01
 -7.269116812195e-01    1.069231267088e-01  -1.397024270153e+02  -1.812317667960e+01
 -1.366691472410e+00    7.000896437944e-03  -9.795542622296e+01  -9.712347464691e+00
 -2.386623351375e-02    1.876898058699e-03  -1.072374051162e+02  -9.712347464691e+00
 -1.050144574943e+00    1.436463303870e-02  -1.082203190375e+02  -9.712347464691e+00
 -1.184759893022e+00    3.320871446836e-01  -1.407249357696e+02   7.782730929929e-01
 -1.111402712776e+00    2.247880142530e-01  -1.425543042142e+02   7.782730929929e-01
 -1.296691557371e+00    2.512872769446e-01  -1.502713063192e+02   7.782730929929e-01
 -1.223890585372e+00    1.066482566804e-02  -1.233512623565e+02   4.077885217606e-01
 -1.055728980654e+00    1.025628117957e-01  -1.262396447033e+02   4.077885217606e-01
 -1.036250346646e+00   -8.217927012308e-02  -1.262624806993e+02   4.077885217606e-01
 -5.790801167347e-03    1.481882101647e-03  -1.469872822643e+02  -1.903968000937e+01
 -9.211240485170e-01    4.490267738982e-02  -1.649202669806e+02  -1.903968000937e+01
 -8.388973749153e-01    9.950576845089e-02  -1.507671367719e+02  -1.903968000937e+01
 -1.421387629967e+00   -1.361820504751e-02  -1.043908362162e+02  -2.497086877915e+00
 -1.074543024426e+00    1.398473866157e-02  -1.082578829196e+02  -2.497086877915e+00
 -1.334130083396e+00   -3.571854583479e-03  -1.153890111482e+02  -2.497086877915e+00
 -1.234068814791e+00   -1.208404078910e-01  -1.614063413580e+02   7.562812094430e+00
 -1.225062962902e+00    1.560466074952e-03  -1.735463388352e+02   7.562812094430e+00
 -7.261418235257e-01   -3.701116373633e-02  -1.650864030553e+02   7.562812094430e+00
 -1.283551438206e-02   -5.582906657082e-04  -7.522027523191e+00  -9.229331983932e+00
 -1.220228879116e+00   -1.142265492577e-02  -8.148545395567e+00  -9.229331983932e+00
 -1.025211524215e+00   -9.871864184607e-03   3.384160064310e-02  -9.229331983932e+00
 -1.330818514088e+00   -3.671900632265e-03  -1.153544092874e+02  -1.735831634200e+00
 -1.206481860582e+00    9.274379099332e-03  -1.155568754908e+02  -1.735831634200e+00
 -1.317921531014e+00   -1.061373471037e-02  -1.197100479261e+02  -1.735831634200e+00
 -1.583740577260e+00   -1.278439343846e-02  -2.839686248137e+01  -7.035974289083e+00
 -1.303552321347e+00   -1.997690211267e-02  -1.697961727394e+01  -7.035974289083e+00
 -5.098660143382e-02    9.938246812467e-04  -2.623093071714e+01  -7.035974289083e+00
 -1.338013733702e+00   -3.476978132512e-03  -1.154011279520e+02  -1.995609351092e+00
 -1.068513521805e+00    1.389067608071e-02  -1.082785058511e+02  -1.995609351092e+00
 -1.198991479888e+00    8.767941849215e-03  -1.155540087755e+02  -1.995609351092e+00
 -1.059906450505e+00    1.357337475463e-02  -1.081071408368e+02  -2.096251132556e+00
 -1.430838340311e+00   -1.217062315605e-02  -1.043653115675e+02  -2.096251132556e+00
 -1.356487092059e+00    7.203305093688e-03  -9.789386723836e+01  -2.096251132556e+00
 -1.316617797533e+00   -1.089887294032e-02  -1.197090284321e+02   3.965658587507e+00
 -1.166959029522e+00   -5.973200438285e-02  -1.235182261031e+02   3.965658587507e+00
 -1.010831274551e+00   -7.679006814386e-02  -1.242657605299e+02   3.965658587507e+00
 -1.135609986862e+00   -2.209779829340e-02  -1.149967135609e+02   2.843499232691e+00
 -1.332496990182e+00   -3.162567822560e-03  -1.153551857769e+02   2.843499232691e+00
 -1.315296884001e+00   -1.147811671273e-02  -1.197435574736e+02   2.843499232691e+00
 -1.009486246999e+00   -7.569922142284e-02  -1.242848550067e+02   6.176775274084e+00
 -7.022311793149e-01   -2.653142723287e-02  -1.199151960471e+02   6.176775274084e+00
 -1.319546099211e+00   -1.210899301184e-02  -1.197168730678e+02   6.176775274084e+00
 -1.323120891484e-03    8.303936854947e-04  -1.191014255963e+02   1.183562801059e+01
 -7.107774118992e-01   -4.912151709677e-02  -1.241331287629e+02   1.183562801059e+01
 -1.644302065110e-03   -2.805618189476e-04  -1.244388451572e+02   1.183562801059e+01
 -7.073249833979e-01   -4.895841693836e-02  -1.241203838233e+02   1.188792485576e+01
 -3.791263308227e-03    1.018676654641e-03  -1.191243600490e+02   1.188792485576e+01
 -6.943518284150e-01   -2.556728045786e-02  -1.198590247239e+02   1.188792485576e+01
 -1.203206183125e+00    7.568561251113e-03  -1.155534340533e+02  -3.280450079898e+00
 -1.091343919715e+00    8.913225008017e-02  -1.241127894947e+02  -3.280450079898e+00
 -1.218223338527e+00    7.202210106827e-02  -1.238847424431e+02  -3.280450079898e+00
 -7.665859701393e-01    1.087539063699e-02  -1.153047663224e+02  -6.552865605534e+00
 -8.021855230771e-01    2.975702441332e-02  -1.196341859153e+02  -6.552865605534e+00
 -1.205705609470e+00    8.525354504525e-03  -1.155354522671e+02  -6.552865605534e+00
 -1.216721318871e+00   -1.006567016780e-02  -8.235020516699e+00  -1.076617521353e+00
 -1.309783595898e+00   -2.107520258819e-02  -1.744958777641e+01  -1.076617521353e+00
 -1.380060997637e+00   -1.754369411406e-02  -1.082557678193e+01  -1.076617521353e+00
 -2.009930099352e-02   -9.472781879123e-04  -8.637455889391e+01  -9.161201525217e+00
 -1.401561462095e+00    2.590477334626e-02  -7.828174207173e+01  -9.161201525217e+00
 -9.360623943847e-04   -7.916737637044e-04  -7.674931398377e+01  -9.161201525217e+00
 -3.776742675360e-02    5.983330625303e-04  -8.732929524270e+01   7.425406199832e+00
 -1.587017715695e+00    1.809527917624e-02  -8.784679749947e+01   7.425406199832e+00
 -1.216834010301e+00    1.535342077358e-02  -9.684350984182e+01   7.425406199832e+00
 -1.574372762703e+00    1.842758880244e-02  -8.788107601910e+01  -7.328121274951e+00
 -4.004082593262e-02   -7.547751609320e-04  -8.696211780426e+01  -7.328121274951e+00
 -1.362722597581e+00    6.029548222052e-03  -9.839124802273e+01  -7.328121274951e+00
 -1.250306730393e+00   -2.186569972081e-06  -5.026119030492e+01   1.918846816455e+00
 -1.453982580457e+00   -4.091340679953e-03  -5.544056776523e+01   1.918846816455e+00
 -1.246211701432e+00   -1.443951757828e-02  -6.070522433299e+01   1.918846816455e+00
 -1.259494121378e+00   -6.977706340608e-03  -3.556944668026e+01  -9.154516957617e+00
  4.399900688452e-04    1.523663483584e-04  -3.550360833707e+01  -9.154516957617e+00
 -1.508811154750e-02   -5.810559889466e-04  -4.449558228823e+01  -9.154516957617e+00
 -1.112047399991e+00    1.876184291092e-02  -7.021770321988e+01   2.481428310830e+00
 -1.452424486947e+00    1.900671529886e-02  -6.685616141157e+01   2.481428310830e+00
 -1.400848307112e+00    3.147028121765e-02  -7.872969004651e+01   2.481428310830e+00
 -1.442335703941e+00   -3.342626140706e-03  -5.490042776278e+01  -7.112955247931e+00
 -4.709098472644e-02    2.229784139628e-03  -6.665897427464e+01  -7.112955247931e+00
 -1.465104999104e+00    1.798809338636e-02  -6.680752554062e+01  -7.112955247931e+00
 -1.241486036429e+00    6.034685696880e-06  -5.014363040305e+01   1.958066239995e+00
 -1.297576613046e+00    5.035800595171e-03  -3.696025391247e+01   1.958066239995e+00
 -1.438938866287e+00   -1.432793948645e-03  -4.406462782375e+01   1.958066239995e+00
 -1.468271739310e+00    2.021412095742e-02  -6.706660408073e+01  -6.928071255352e+00
 -4.250421085872e-02    2.736027328681e-04  -6.712131009668e+01  -6.928071255352e+00
 -1.387914313649e+00    2.843229239053e-02  -7.894510635782e+01  -6.928071255352e+00
 -1.393216086382e+00   -1.561453551067e-02  -1.082911464084e+01   9.012483395390e+00
 -1.412859385222e-02   -1.037675234449e-03  -1.794335014251e+01   9.012483395390e+00
 -8.712747530036e-03    1.390626396395e-03  -6.893962014628e+00   9.012483395390e+00
 -1.635307034367e-02    1.260716204440e-03  -1.656141597275e+01  -8.829822650913e+00
 -1.309500879078e+00   -1.882182640175e-02  -1.736371122980e+01  -8.829822650913e+00
 -1.218678150871e+00   -1.081035397656e-02  -8.170123201243e+00  -8.829822650913e+00
 -7.772848370781e-03    6.540138895322e-04  -1.657017706518e+01  -9.327629669485e+00
 -1.227696929331e+00   -1.107824435499e-02  -8.152299204454e+00  -9.327629669485e+00
 -6.310842506736e-03   -6.424184021837e-04  -7.583334628195e+00  -9.327629669485e+00
 -1.365935289915e+00   -2.626318229150e-03  -9.101885816838e-02  -1.201282889884e+00
 -1.225234223856e+00   -1.171352713849e-02  -8.164314264523e+00  -1.201282889884e+00
 -1.370603812305e+00   -1.511892561109e-02  -1.081759890394e+01  -1.201282889884e+00
  9.034202404627e-04   -2.974306240247e-04  -3.525494409733e+01  -9.150859776641e+00
 -1.257535044726e+00   -6.735128596861e-03  -3.600652516803e+01  -9.150859776641e+00
 -2.148533012206e-02   -6.793588057880e-05  -2.681549537455e+01  -9.150859776641e+00
 -1.320662422264e+00   -2.243341168676e-02  -1.745498159446e+01   9.176585224028e-01
 -1.554890739702e+00   -1.232286635328e-02  -2.856677596606e+01   9.176585224028e-01
 -1.203047381070e+00   -3.185143863670e-02  -2.071709080895e+01   9.176585224028e-01
 -1.319111949702e+00   -1.838570174130e-02  -1.718630167833e+01  -8.926735984809e+00
 -5.009712580939e-03    1.096087377092e-03  -1.671985593498e+01  -8.926735984809e+00
 -2.234293823261e-02    6.526102949700e-04  -2.619785544792e+01  -8.926735984809e+00
 -1.325324488132e+00   -2.259919044316e-02  -1.742974331701e+01   8.626586869507e-01
 -1.201693637084e+00   -3.194813246377e-02  -2.046025954057e+01   8.626586869507e-01
 -1.369947502740e+00   -1.766704145936e-02  -1.069334165350e+01   8.626586869507e-01
 -4.486231228396e-03   -5.709597158162e-04  -1.790830620579e+01   9.938197408795e+00
 -1.201861195845e+00   -2.945254163660e-02  -2.034318530497e+01   9.938197408795e+00
 -9.817922305984e-03    9.863660583485e-04  -2.733977506790e+01   9.938197408795e+00
 -2.983256523910e-02    1.819211733493e-03  -2.739974734190e+01   8.315571555049e+00
 -1.190726718771e+00   -2.979281634137e-02  -2.027890592310e+01   8.315571555049e+00
 -1.565552711888e+00   -1.124075401388e-02  -2.842999611329e+01   8.315571555049e+00
 -1.380261250757e+00    6.762964190127e-03  -9.803618444452e+01  -9.522461654976e+00
 -2.623318851955e-03   -9.225850500605e-04  -9.710098513991e+01  -9.522461654976e+00
 -1.319782141179e-02    1.128543540776e-03  -1.071786960454e+02  -9.522461654976e+00
 -1.226696979888e+00    1.488330487854e-02  -9.661526385261e+01   1.060195657981e+00
 -1.370749012101e+00    6.737931857947e-03  -9.797520933337e+01   1.060195657981e+00
 -1.417986704734e+00   -1.165875454697e-02  -1.045754264013e+02   1.060195657981e+00
 -4.989680953938e-03   -2.348938632588e-04  -7.616782841275e+01   9.601046914500e+00
 -1.233706210231e+00    2.942764515219e-02  -7.909643903150e+01   9.601046914500e+00
 -1.357274820758e-02   -2.123946200779e-04  -8.702370577016e+01   9.601046914500e+00
 -1.368012989624e+00    6.177915315189e-03  -9.796935951439e+01   1.436153284311e+00
 -1.231952090018e+00    1.479195771602e-02  -9.640981272280e+01   1.436153284311e+00
 -1.563888116716e+00    1.801505106656e-02  -8.778074164778e+01   1.436153284311e+00
 -1.227110265031e+00    1.655382164090e-02  -9.668116694525e+01   9.321152008173e+00
 -3.847265432939e-03    1.079222455725e-03  -9.618953330040e+01   9.321152008173e+00
 -1.539440947627e-02    3.430431681842e-04  -8.740778128129e+01   9.321152008173e+00
 -1.292290947907e-02    3.850604743392e-04  -2.775576500550e+01   9.977993942684e+00
 -1.317892442687e+00    5.536889209563e-03  -3.703750457272e+01   9.977993942684e+00
 -1.455513437966e-03   -3.247481699424e-05  -3.863664580900e+01   9.977993942684e+00
 -2.068705888750e-03   -4.606605535211e-04  -9.696760032603e+01  -9.505688115129e+00
 -1.378073083128e+00    5.792529364685e-03  -9.825248855592e+01  -9.505688115129e+00
 -1.827618438744e-02   -4.904456561040e-04  -8.699657493021e+01  -9.505688115129e+00
 -1.262013979616e+00   -6.410050912501e-03  -3.568769872241e+01  -8.195016393911e-01
 -1.311221917347e+00    5.766364921424e-03  -3.669938904212e+01  -8.195016393911e-01
 -1.556377800145e+00   -1.052455083443e-02  -2.834298568105e+01  -8.195016393911e-01
 -4.691438534869e-02   -4.367361437615e-06  -2.671249274251e+01  -6.440761075508e+00
 -1.243153025913e+00   -6.269911463042e-03  -3.627631990230e+01  -6.440761075508e+00
 -1.586717309303e+00   -1.164954240888e-02  -2.848441134555e+01  -6.440761075508e+00
 -1.248342174238e+00   -6.741830366220e-03  -3.531756371219e+01  -7.147252992292e+00
 -3.439081003031e-02   -1.421554546341e-03  -4.457160618668e+01  -7.147252992292e+00
 -1.438515260891e+00   -3.203173355287e-03  -4.395362584452e+01  -7.147252992292e+00
 -1.251102170697e+00   -7.222515487045e-04  -5.026241703776e+01   9.834477898021e+00
 -1.247198458411e+00   -1.340047627192e-02  -6.069024463313e+01   9.834477898021e+00
 -1.879562268947e-02    1.015170623985e-04  -5.779494060758e+01   9.834477898021e+00
 -1.460957619062e+00   -3.333960852185e-03  -5.557633582958e+01  -8.594861226986e+00
 -2.050009631028e-02   -9.776224296459e-04  -4.503307814390e+01  -8.594861226986e+00
 -3.168815845495e-03    4.236004591356e-04  -5.579688480694e+01  -8.594861226986e+00
 -2.446286310535e-03    1.926752513276e-04  -3.868547442570e+01   9.969684746704e+00
 -1.314041103432e+00    4.969024990220e-03  -3.697703492216e+01   9.969684746704e+00
 -1.131910197436e-02   -4.321231301358e-04  -4.787486938266e+01   9.969684746704e+00
 -1.227673034123e+00    3.128963687662e-02  -7.954326563603e+01   1.843431448346e+00
 -1.393141566051e+00    2.989186123654e-02  -7.854851259065e+01   1.843431448346e+00
 -1.558737306126e+00    1.844084779573e-02  -8.773822269756e+01   1.843431448346e+00
 -3.975465255367e-02   -2.700763298589e-06  -8.701292008534e+01   7.828683616431e+00
 -1.216511051795e+00    2.955059329278e-02  -7.898077284858e+01   7.828683616431e+00
 -1.584241153865e+00    1.874162507131e-02  -8.774956048059e+01   7.828683616431e+00
 -1.212852663480e-02   -8.091097208275e-04  -7.603501956395e+01   9.744934297113e+00
 -1.091549338437e+00    1.661291940675e-02  -7.046424523591e+01   9.744934297113e+00
 -1.226728879530e+00    3.043767899554e-02  -7.920333461370e+01   9.744934297113e+00
 -1.095564301545e+00    1.427987247291e-02  -7.057036888716e+01   1.064255325226e+01
 -3.441243517427e-03    2.623557603350e-05  -7.601243568184e+01   1.064255325226e+01
 -4.346668108995e-03   -9.922419692414e-04  -6.812877616864e+01   1.064255325226e+01
 -6.692739774351e-03    5.125130323940e-04  -5.775935665907e+01   9.951220914074e+00
 -1.258506723623e+00   -1.372870676301e-02  -6.071438595024e+01   9.951220914074e+00
 -7.556336756911e-03   -4.527537685956e-04  -6.811380410777e+01   9.951220914074e+00
 -1.253452884712e+00   -1.557569536486e-02  -6.088933394333e+01   1.754290789793e+00
 -1.443462161659e+00   -4.166327856232e-03  -5.517330860415e+01   1.754290789793e+00
 -1.455238038747e+00    1.706142339205e-02  -6.677283724256e+01   1.754290789793e+00
 -2.316131604273e-02    1.427387781920e-03  -6.656836392141e+01  -8.603306930069e+00
 -1.460822016754e+00   -2.462069019781e-03  -5.515146428441e+01  -8.603306930069e+00
 -2.542206697773e-03   -5.130108990078e-06  -5.604612314037e+01  -8.603306930069e+00
 -5.337539929794e-04   -1.465243724010e-03  -7.652009100320e+01  -9.167483245832e+00
 -1.401809652106e+00    2.656165812684e-02  -7.866770827066e+01  -9.167483245832e+00
 -1.940395383694e-02    1.594368766558e-05  -6.717156494969e+01  -9.167483245832e+00
 -1.245956070806e+00   -1.448270177594e-02  -6.077941727059e+01   9.949363833296e+00
 -1.083532741600e+00    1.421106652197e-02  -7.058917225932e+01   9.949363833296e+00
 -1.766220770479e-02   -1.299838422215e-03  -6.813793753067e+01   9.949363833296e+00
 -1.240702650685e+00   -1.564095100741e-02  -6.083198929667e+01   3.197725136484e+00
 -1.464955925747e+00    1.824601838823e-02  -6.673633110480e+01   3.197725136484e+00
 -1.088250868247e+00    1.611082465179e-02  -7.046373895969e+01   3.197725136484e+00
 -1.259343417621e+00   -9.859725841783e-04  -5.024458607974e+01   9.830616706092e+00
 -8.504686813455e-03   -1.052053717721e-04  -5.781088925233e+01   9.830616706092e+00
 -6.653244597456e-03   -2.620484415460e-04  -4.784202760389e+01   9.830616706092e+00
 -1.301285879927e+00    4.967321590220e-03  -3.695690952023e+01   9.617243695407e+00
 -1.240920162006e+00   -4.275219607307e-04  -5.016986067964e+01   9.617243695407e+00
 -2.289914831266e-02   -6.416364289185e-04  -4.787325479459e+01   9.617243695407e+00
 -1.442463056869e+00   -3.672738229406e-03  -5.567034130601e+01   1.717477695203e+00
 -1.258955829674e+00    5.197228656475e-04  -5.012984354695e+01   1.717477695203e+00
 -1.426581086352e+00   -1.757893116377e-03  -4.411541025471e+01   1.717477695203e+00
