
 -5.734276805372e-04    6.939493621266e-04  -7.072421090968e+01   3.960838921464e+00
 -1.790414858377e-01    6.368694661300e-04  -7.127970315720e+01   3.960838921464e+00
  9.968871069277e-05   -2.849155553729e-04  -7.093124817827e+01   3.960838921464e+00
 -2.173307472558e-01    3.030748776326e-02  -6.538925120882e+01   7.224658228756e+00
  1.532508656560e-04    1.262574040418e-05  -6.810735430508e+01   7.224658228756e+00
 -6.049077155927e-04   -1.655743051776e-05  -6.528499846890e+01   7.224658228756e+00
 -1.788911702103e-01   -3.823931584316e-04  -7.128458366714e+01   4.180287398668e+00
 -2.921318177554e-01    6.254580711432e-02  -7.116730791454e+01   4.180287398668e+00
 -3.128007248642e-01    8.427832889886e-04  -7.226983644590e+01   4.180287398668e+00
 -2.932984448993e-01    6.198310878529e-02  -7.114948892083e+01   3.950193889686e+00
 -1.779298960369e-01    1.780707776186e-04  -7.131223988655e+01   3.950193889686e+00
 -1.368864105345e-01    2.475133487197e-02  -7.054087234574e+01   3.950193889686e+00
 -3.634157328946e-01    7.740510966264e-02  -7.279552798229e+01   2.782510908497e+00
 -3.129345344328e-01    8.426088261014e-04  -7.230547959052e+01   2.782510908497e+00
 -2.922890166285e-01    6.304118214834e-02  -7.114611441601e+01   2.782510908497e+00
 -4.527840003743e-01   -4.619023402329e-03  -3.587206241632e+00   3.003891656477e+00
 -6.177895716423e-03    3.817065946681e-04  -2.266637478365e+00   3.003891656477e+00
 -3.313832364400e-01    4.709535429258e-03   1.904878213246e-02   3.003891656477e+00
 -1.372234904405e-01    2.437096136016e-02  -7.053609645912e+01   3.786806329628e+00
 -2.806834680096e-01    6.781502133488e-02  -6.978125832766e+01   3.786806329628e+00
 -2.932751374994e-01    6.235757098672e-02  -7.114167117256e+01   3.786806329628e+00
 -4.325914031080e-01   -4.090806059675e-03  -3.998476331247e+01   1.711347480467e+00
 -2.302282612669e-01   -8.939971806007e-03  -4.004561737838e+01   1.711347480467e+00
 -3.708529598301e-01   -7.149685962702e-03  -3.840805128445e+01   1.711347480467e+00
 -1.695581645270e-01    3.303156867123e-02  -6.869585471845e+01   3.625918907879e+00
 -2.174933216818e-01    3.045489138251e-02  -6.538685275912e+01   3.625918907879e+00
 -3.177436885982e-01    7.509655627809e-02  -6.788175944317e+01   3.625918907879e+00
 -6.199647610153e-04   -1.358940848573e-04  -6.994522433802e+01   5.202476886631e+00
 -1.690153119374e-01    3.286240008532e-02  -6.870715322129e+01   5.202476886631e+00
 -1.367720147395e-01    2.455412494618e-02  -7.055399539465e+01   5.202476886631e+00
 -2.810833015563e-01    6.786221012928e-02  -6.977528598329e+01   1.832168895381e+00
 -3.171922119589e-01    7.550182210015e-02  -6.788460383929e+01   1.832168895381e+00
 -3.447522168454e-01    1.020497244256e-01  -7.051961551439e+01   1.832168895381e+00
 -3.171406774934e-01    7.515238537223e-02  -6.788596790325e+01   3.871702483419e+00
 -2.810685851864e-01    6.792693571996e-02  -6.977776502261e+01   3.871702483419e+00
 -1.702095557693e-01    3.298151185859e-02  -6.868535609045e+01   3.871702483419e+00
 -3.671498031126e-01    1.137548081537e-01  -6.862747415719e+01   1.144119429111e+00
 -3.437983587980e-01    1.021160715547e-01  -7.054091671855e+01   1.144119429111e+00
 -3.184007993270e-01    7.549213794674e-02  -6.786493802452e+01   1.144119429111e+00
 -2.810196711074e-01    6.795250350500e-02  -6.977650498234e+01   2.341931233915e+00
 -3.448014401753e-01    1.018373144291e-01  -7.051967078932e+01   2.341931233915e+00
 -2.926949246262e-01    6.252121176977e-02  -7.115428312823e+01   2.341931233915e+00
 -3.675307603330e-01    1.138450938737e-01  -6.861598536677e+01   2.492465840123e-01
 -3.180139571684e-01    7.542406095818e-02  -6.787506680014e+01   2.492465840123e-01
 -3.942536272169e-01    8.394882135543e-02  -6.539348679446e+01   2.492465840123e-01
 -1.695350804786e-01    3.312998257837e-02  -6.870236877789e+01   3.730735313001e+00
 -2.814834265637e-01    6.777290874512e-02  -6.976883562089e+01   3.730735313001e+00
 -1.364070905547e-01    2.438342216059e-02  -7.055736090449e+01   3.730735313001e+00
 -6.511143336854e-04    1.776316427016e-04  -5.689011244538e+01   7.906604763944e+00
 -3.528938816705e-04   -3.161857118239e-04  -4.891318966929e+01   7.906604763944e+00
 -2.379989098057e-01   -1.211424147717e-02  -5.501055113757e+01   7.906604763944e+00
 -3.624619664616e-01    7.757424394824e-02  -7.279092707097e+01   2.355730286194e+00
 -2.932968099727e-01    6.268196060243e-02  -7.114036493653e+01   2.355730286194e+00
 -3.440743145196e-01    1.018630878476e-01  -7.052869820082e+01   2.355730286194e+00
 -4.029812508722e-01    1.675666976510e-03  -7.402413525840e+01   1.563118771876e+00
 -3.613497464428e-01    7.684922695110e-02  -7.278855270608e+01   1.563118771876e+00
 -3.723846031414e-01    3.412633480352e-02  -7.441512461889e+01   1.563118771876e+00
 -4.019932896238e-01    4.695471426437e-04  -7.400443432587e+01   3.474928454619e+00
 -3.138306177625e-01    4.608433608198e-04  -7.229810031862e+01   3.474928454619e+00
 -3.623289234388e-01    7.745026661825e-02  -7.280591423637e+01   3.474928454619e+00
 -4.034750931136e-01    1.627027574558e-03  -7.404193628322e+01   1.629914007059e+00
 -3.720701235122e-01    3.376695575837e-02  -7.441249073052e+01   1.629914007059e+00
 -4.467431079271e-01   -5.505354320156e-04  -7.532066829829e+01   1.629914007059e+00
 -3.706601247372e-01    3.264890372082e-02  -7.441441046678e+01   8.395865316879e-01
 -3.633920931401e-01    7.796304780438e-02  -7.278382558582e+01   8.395865316879e-01
 -2.996128718689e-01    7.156598748173e-02  -7.353414347043e+01   8.395865316879e-01
 -2.860300906329e-01   -5.507390052651e-03  -7.435316738344e+01  -1.620308185544e-01
 -3.715753380191e-01    3.275060213549e-02  -7.438424115187e+01  -1.620308185544e-01
 -2.981317251377e-01    7.104504736347e-02  -7.355706372512e+01  -1.620308185544e-01
 -3.711545945590e-01    3.158610894532e-02  -7.440277821302e+01   5.271148234269e-01
 -3.768308792956e-01   -4.033960909651e-02  -7.436400272707e+01   5.271148234269e-01
 -4.471559152610e-01    1.436492231168e-03  -7.531722856927e+01   5.271148234269e-01
 -3.633864444488e-01    7.769211423317e-02  -7.277787080470e+01  -2.456361726143e-01
 -3.262987975512e-01    1.129323040560e-01  -7.151156940994e+01  -2.456361726143e-01
 -2.996053026816e-01    7.207682077392e-02  -7.353757545107e+01  -2.456361726143e-01
 -2.517509453605e-01    3.631386871637e-03  -3.850009696962e+01  -3.216898472714e+00
 -3.469356542818e-01    4.878874447098e-03  -3.616548095368e+01  -3.216898472714e+00
 -3.892833442305e-03    3.809124027098e-04  -3.577153638744e+01  -3.216898472714e+00
 -2.318358992505e-01    9.185068297626e-02  -7.245013228441e+01  -3.456667003671e+00
 -3.275722999125e-01    1.134356697524e-01  -7.151430154028e+01  -3.456667003671e+00
 -2.766131146630e-01    1.031777710444e-01  -6.959943877113e+01  -3.456667003671e+00
 -3.277355322027e-01    1.130689917420e-01  -7.149454117196e+01   5.123909272049e-01
 -3.617863006285e-01    7.739744100747e-02  -7.280362828574e+01   5.123909272049e-01
 -3.447823248622e-01    1.022128327599e-01  -7.051896424868e+01   5.123909272049e-01
 -1.027016806990e-01    2.878032843926e-02  -7.492664345374e+01  -3.731563910335e+00
 -1.991546997657e-01    5.238897704091e-02  -7.435576290389e+01  -3.731563910335e+00
 -1.205388703524e-01    5.360069273121e-02  -7.323796792212e+01  -3.731563910335e+00
 -1.989949318005e-01    5.215900959631e-02  -7.433395170278e+01  -2.494627710367e+00
 -2.985390349700e-01    7.152394446956e-02  -7.356402047244e+01  -2.494627710367e+00
 -2.308832403240e-01    9.179346252189e-02  -7.248578883083e+01  -2.494627710367e+00
 -2.313620242593e-01    9.172457387949e-02  -7.246606764640e+01  -4.173081221657e+00
 -1.211788851616e-01    5.370468552249e-02  -7.322778239234e+01  -4.173081221657e+00
 -1.986088030715e-01    5.234735268669e-02  -7.436333539108e+01  -4.173081221657e+00
 -1.990231497748e-01    5.201399702205e-02  -7.434196081904e+01  -5.436153945808e-01
 -2.853790868180e-01   -5.900907390670e-03  -7.437687451031e+01  -5.436153945808e-01
 -2.984195897423e-01    7.140637377677e-02  -7.355539807294e+01  -5.436153945808e-01
 -3.669757087750e-01    1.141660559303e-01  -6.862527816838e+01  -2.472858842947e+00
 -2.777201060636e-01    1.031801778914e-01  -6.957823818196e+01  -2.472858842947e+00
 -3.266198371129e-01    1.134261961671e-01  -7.153613883683e+01  -2.472858842947e+00
 -2.317191008700e-01    9.179082892958e-02  -7.246930377627e+01  -1.552735766783e+00
 -2.979207467141e-01    7.163408183954e-02  -7.357906175282e+01  -1.552735766783e+00
 -3.274640908797e-01    1.133275885777e-01  -7.149514373208e+01  -1.552735766783e+00
 -3.656691716175e-01    1.139635326745e-01  -6.864843856720e+01  -6.303219189026e-01
 -3.278217392689e-01    1.133785297197e-01  -7.149111043960e+01  -6.303219189026e-01
 -3.449028657497e-01    1.020683244419e-01  -7.051754290738e+01  -6.303219189026e-01
 -1.986874192373e-01    5.192356250659e-02  -7.434377842707e+01  -1.536164232172e+00
 -1.029439426030e-01    2.909973230822e-02  -7.494102201821e+01  -1.536164232172e+00
 -1.882970620990e-01   -4.375683168540e-03  -7.501055300674e+01  -1.536164232172e+00
 -3.964061932401e-01    8.366211344676e-02  -6.536365492678e+01   2.613792139818e+00
 -3.162900293928e-01    7.535979502396e-02  -6.791286205860e+01   2.613792139818e+00
 -2.200917714461e-01    3.034478981878e-02  -6.534964310712e+01   2.613792139818e+00
 -4.490554361592e-01   -4.731941149866e-03  -3.604329032422e+00   1.185941314807e+00
 -3.329930120728e-01    4.654290269906e-03  -4.162460083589e-03   1.185941314807e+00
 -4.505173265601e-01   -9.691001330610e-04  -4.411218658725e-02   1.185941314807e+00
 -4.033121987201e-01    4.379829845953e-02  -6.178822420993e+01   2.482069442699e+00
 -2.356396224500e-01    1.257687340654e-02  -6.052390903287e+01   2.482069442699e+00
 -4.011130879246e-01    2.513227248921e-03  -5.779214013650e+01   2.482069442699e+00
 -4.024362063282e-01    4.479132517442e-02  -6.180763439575e+01   1.894987332555e+00
 -3.969174800310e-01    8.334846301663e-02  -6.535045791210e+01   1.894987332555e+00
 -2.198372569632e-01    3.081709722057e-02  -6.535651873984e+01   1.894987332555e+00
 -3.671277651303e-01    1.143086115861e-01  -6.865294629280e+01  -3.860976061502e+00
 -3.213665790726e-01    8.616724681862e-02  -6.604198535500e+01  -3.860976061502e+00
 -2.777619723264e-01    1.030861530324e-01  -6.955175946066e+01  -3.860976061502e+00
 -3.225238039756e-01    8.613425034962e-02  -6.601802977460e+01  -2.782375049754e+00
 -3.661038470663e-01    1.142145624343e-01  -6.867817572347e+01  -2.782375049754e+00
 -3.957777133959e-01    8.400700916467e-02  -6.536271755455e+01  -2.782375049754e+00
 -3.533536642875e-01    4.927092037366e-02  -6.205560549641e+01  -3.770025773377e+00
 -3.224865145396e-01    8.582344708100e-02  -6.598471923072e+01  -3.770025773377e+00
 -3.960326822572e-01    8.437560940528e-02  -6.539651110244e+01  -3.770025773377e+00
 -1.705073613432e-01    5.228159093387e-02  -6.660889939154e+01  -8.162596591926e+00
 -2.773503198696e-01    1.031199918745e-01  -6.960531751965e+01  -8.162596591926e+00
 -3.218181618026e-01    8.603270642371e-02  -6.600357094882e+01  -8.162596591926e+00
 -3.951060592696e-01    8.436009239669e-02  -6.542250713696e+01  -2.505113933979e+00
 -4.041933412857e-01    4.409035329856e-02  -6.177204082331e+01  -2.505113933979e+00
 -3.543353198267e-01    4.909410330017e-02  -6.203110575999e+01  -2.505113933979e+00
 -4.038206713061e-01    4.441820938288e-02  -6.179000236979e+01   3.422935071958e+00
 -2.180313147974e-01    3.108029185015e-02  -6.539016288237e+01   3.422935071958e+00
 -2.347803237610e-01    1.206534145002e-02  -6.052617066045e+01   3.422935071958e+00
 -3.670143600654e-01    2.851984653132e-03  -5.783752771856e+01  -3.384542248431e+00
 -3.540404776787e-01    4.857419787058e-02  -6.199233766216e+01  -3.384542248431e+00
 -4.046871767065e-01    4.459978380982e-02  -6.180957960739e+01  -3.384542248431e+00
 -6.835959256380e-04    3.881250637866e-04  -5.776414402059e+01  -1.462307126052e+01
 -2.040583262738e-01    6.592608265670e-04  -5.781152308453e+01  -1.462307126052e+01
 -6.380180416877e-04   -8.911711571460e-04  -5.326440730223e+01  -1.462307126052e+01
 -3.548407748830e-01    4.883287835074e-02  -6.204494548088e+01  -9.194978406333e+00
 -2.032643015680e-01    1.332134140512e-03  -5.781793811337e+01  -9.194978406333e+00
 -1.911729287972e-01    3.158782344069e-02  -6.230252907122e+01  -9.194978406333e+00
 -2.043030977456e-01    1.286675230713e-03  -5.781517204545e+01  -9.232312536784e+00
 -3.539552322015e-01    4.870964180827e-02  -6.205005439805e+01  -9.232312536784e+00
 -3.662038429819e-01    2.293929562987e-03  -5.778188332017e+01  -9.232312536784e+00
 -1.912127330383e-01    3.124273211038e-02  -6.233506362695e+01  -1.572669492192e+01
 -2.029397742847e-01    1.995534014683e-03  -5.776116243748e+01  -1.572669492192e+01
 -1.476487451586e-03    8.963534107303e-04  -6.234169803040e+01  -1.572669492192e+01
 -3.539010443159e-01    4.899290914085e-02  -6.201033174424e+01  -9.007288835472e+00
 -1.919251708343e-01    3.156217852694e-02  -6.234135483618e+01  -9.007288835472e+00
 -3.219453663021e-01    8.583469721102e-02  -6.604305615808e+01  -9.007288835472e+00
 -3.533050571480e-01   -4.372987044825e-02  -5.354037787741e+01  -9.192615907681e+00
 -2.042371854047e-01    1.439603204490e-03  -5.775879194039e+01  -9.192615907681e+00
 -3.662257677744e-01    1.959071953343e-03  -5.779658158967e+01  -9.192615907681e+00
 -3.682540949556e-01    2.632855640130e-03  -5.782104529738e+01  -2.265529024706e+00
 -4.035816034429e-01    4.471523474316e-02  -6.183128940586e+01  -2.265529024706e+00
 -4.009740795857e-01    1.792596287747e-03  -5.776957914916e+01  -2.265529024706e+00
 -2.346617045282e-01    1.296099663135e-02  -6.053209740288e+01   3.574119572651e+00
 -2.367814535136e-01   -1.215261112068e-02  -5.500348880147e+01   3.574119572651e+00
 -4.021257567639e-01    2.066378750574e-03  -5.778479453292e+01   3.574119572651e+00
 -1.697022547709e-01    5.213654805820e-02  -6.657492175884e+01  -8.719036868677e+00
 -3.228023557282e-01    8.603992566058e-02  -6.603498530799e+01  -8.719036868677e+00
 -1.909131293182e-01    3.147371991859e-02  -6.235011915078e+01  -8.719036868677e+00
 -3.123293724496e-05    1.243248221540e-04  -7.322329758240e+01  -8.469530674260e+00
 -1.219427021185e-01    5.400987719196e-02  -7.324451008919e+01  -8.469530674260e+00
 -8.893166870399e-04    5.033668141415e-04  -7.045202411926e+01  -8.469530674260e+00
 -1.208060540118e-01    5.339982501605e-02  -7.320922498235e+01  -6.000611458574e+00
 -2.320568298270e-01    9.210264015964e-02  -7.248524159389e+01  -6.000611458574e+00
 -1.455607747296e-01    6.111095126913e-02  -7.034557672991e+01  -6.000611458574e+00
 -2.009153575868e-01    2.703657741233e-02  -4.412734779513e+01  -5.015512418673e+00
 -8.983722858473e-05   -3.238827710763e-04  -4.160519993044e+01  -5.015512418673e+00
 -5.894394327646e-04    1.042889733313e-04  -4.413964488034e+01  -5.015512418673e+00
 -7.858738355814e-04    1.134618289315e-03  -7.520758633954e+01  -2.719912172065e+00
 -9.742733864454e-02   -2.101904565142e-03  -7.557764870536e+01  -2.719912172065e+00
 -1.024541682390e-01    2.839613866933e-02  -7.493287182325e+01  -2.719912172065e+00
 -5.238198284744e-04    4.520182304123e-04  -7.324984678976e+01  -6.863567301149e+00
  2.472593990499e-04   -3.209163632313e-04  -7.518804769558e+01  -6.863567301149e+00
 -1.209639526653e-01    5.335468996934e-02  -7.321768298862e+01  -6.863567301149e+00
 -2.246533427564e-01   -4.368331745317e-02  -6.806225060730e+01  -5.229353646362e+00
 -9.888367828574e-04    1.782535795942e-04  -6.948907346247e+01  -5.229353646362e+00
 -1.790213602668e-01   -3.170737446809e-02  -6.979615973675e+01  -5.229353646362e+00
 -1.212858756994e-01    5.368810849393e-02  -7.324827874448e+01  -1.046073395409e+01
 -1.453790024582e-01    6.087899634586e-02  -7.031450828930e+01  -1.046073395409e+01
 -1.536534674934e-03    8.593808928921e-04  -7.043958079829e+01  -1.046073395409e+01
 -2.869741812963e-04   -5.776635127044e-05  -7.518333228063e+01  -5.406107852832e+00
 -1.028016572123e-01    2.904139294835e-02  -7.493848724167e+01  -5.406107852832e+00
 -1.202709282445e-01    5.309379365456e-02  -7.322207318524e+01  -5.406107852832e+00
 -1.073202503043e-03   -1.311568960888e-04  -6.239909654707e+01  -1.365142964134e+01
 -1.897995269536e-04    8.460218918306e-04  -6.667715521416e+01  -1.365142964134e+01
 -1.914174015043e-01    3.219902312068e-02  -6.230014813328e+01  -1.365142964134e+01
 -4.292355364984e-04    7.892933154334e-04  -6.233541225721e+01  -1.463055780972e+01
 -2.040391713468e-01    1.992343814478e-03  -5.776120531069e+01  -1.463055780972e+01
 -7.349565802598e-04   -3.357670390272e-04  -5.781448900132e+01  -1.463055780972e+01
 -3.008654570689e-01   -1.720064249007e-02  -6.012946809028e+01  -6.126542397031e+00
 -2.337312542437e-03   -3.323895607151e-04  -6.478799699612e+01  -6.126542397031e+00
 -2.670268871504e-01   -3.974122832813e-02  -6.470491221169e+01  -6.126542397031e+00
 -2.080396678732e-04    4.363998139036e-04  -7.038779738309e+01  -1.110895105505e+01
 -1.467326136534e-01    6.113061942204e-02  -7.035010661022e+01  -1.110895105505e+01
 -1.256212456394e-03    1.649251982226e-04  -6.677204669644e+01  -1.110895105505e+01
 -1.292116861276e-03    1.235600372585e-03  -6.668155700734e+01  -1.426054238424e+01
 -1.697180120897e-01    5.175386890073e-02  -6.660492757629e+01  -1.426054238424e+01
 -1.903956801830e-01    3.199566094115e-02  -6.230138429642e+01  -1.426054238424e+01
 -2.346758304953e-01    1.225235809857e-02  -6.053072986467e+01   7.229650427457e+00
 -2.289332191479e-03   -3.034883473667e-04  -5.691311751622e+01   7.229650427457e+00
 -2.365323590595e-01   -1.159904646105e-02  -5.500419825717e+01   7.229650427457e+00
 -1.698926489457e-01    3.277898090256e-02  -6.869550405748e+01   5.652270730317e+00
  1.319466831605e-04   -8.681782811368e-05  -6.996035742082e+01   5.652270730317e+00
 -6.573776963681e-04    2.442433930252e-05  -6.810790443220e+01   5.652270730317e+00
 -2.294061162600e-03    5.732140230921e-04  -6.676059056307e+01  -1.295313147797e+01
 -1.459107348800e-01    6.080860148055e-02  -7.035512035121e+01  -1.295313147797e+01
 -1.691428184000e-01    5.208816251789e-02  -6.657884651045e+01  -1.295313147797e+01
 -1.454812932497e-01    6.096734764341e-02  -7.031229804160e+01  -7.649795926322e+00
 -2.780791433564e-01    1.033122511199e-01  -6.959766027897e+01  -7.649795926322e+00
 -1.696043541170e-01    5.210876977378e-02  -6.661728605432e+01  -7.649795926322e+00
 -2.182388659865e-01    3.021329680010e-02  -6.539858251086e+01   7.234267698662e+00
 -2.278548788530e-03   -4.837521616243e-04  -6.143548789355e+01   7.234267698662e+00
 -2.341387276349e-01    1.257360133413e-02  -6.052582612229e+01   7.234267698662e+00
 -3.682241976749e-01    1.644622905450e-03  -5.775754778970e+01  -2.226411351238e+00
 -4.009830172087e-01    2.301676912328e-03  -5.779855102718e+01  -2.226411351238e+00
 -4.045064265066e-01   -3.946268928472e-02  -5.374404787977e+01  -2.226411351238e+00
 -1.462444848014e-01    6.125809814586e-02  -7.033802308820e+01  -6.477919098632e+00
 -2.314600801932e-01    9.198695186387e-02  -7.249224103474e+01  -6.477919098632e+00
 -2.770706370158e-01    1.030779076492e-01  -6.957114303112e+01  -6.477919098632e+00
  6.755685016362e-05    1.489764457761e-04  -6.528144804204e+01   7.290401133785e+00
 -1.346531881578e-03   -3.446305327710e-04  -6.144416708192e+01   7.290401133785e+00
 -2.190018108899e-01    2.997512556043e-02  -6.539336098717e+01   7.290401133785e+00
 -9.794971547044e-02   -2.034880251949e-03  -7.557457294252e+01  -8.151663894999e-01
 -2.903636189874e-04    9.356377514049e-04  -7.521643636133e+01  -8.151663894999e-01
 -1.259152728306e-04   -3.906010706230e-04  -7.563193314747e+01  -8.151663894999e-01
 -3.807586340247e-01   -9.259070720385e-02  -7.255043834186e+01  -6.531501134893e-01
 -3.761591974730e-01   -4.189886806171e-02  -7.435265483994e+01  -6.531501134893e-01
 -3.072184221225e-01   -8.438514094782e-02  -7.339089625173e+01  -6.531501134893e-01
 -3.768410084868e-01   -4.069085179120e-02  -7.435778367656e+01  -7.978322254371e-01
 -4.471272127702e-01   -1.300243060619e-03  -7.495092759748e+01  -7.978322254371e-01
 -4.473754320099e-01    1.681487901614e-03  -7.533606628380e+01  -7.978322254371e-01
 -4.464186327796e-01    3.528031825054e-04  -7.493854783256e+01  -2.773424436620e+00
 -3.779995348578e-01   -9.161593736771e-02  -7.257876629069e+01  -2.773424436620e+00
 -4.028485027164e-01   -7.774147376384e-04  -7.317933325653e+01  -2.773424436620e+00
 -3.784134444613e-01   -9.145827756032e-02  -7.257291414986e+01  -9.040435387615e-01
 -4.460422413627e-01   -3.627181742494e-05  -7.494238281519e+01  -9.040435387615e-01
 -3.774451862251e-01   -4.273198911066e-02  -7.434778906303e+01  -9.040435387615e-01
 -4.018587459763e-01   -4.400316884787e-04  -7.318348722215e+01  -3.761782433989e+00
 -3.800890260214e-01   -9.226125054926e-02  -7.256829319099e+01  -3.761782433989e+00
 -3.141477272324e-01   -4.146765107012e-04  -7.138700493766e+01  -3.761782433989e+00
 -2.621523675232e-03    1.326007154116e-04  -2.275000587416e+00   3.257203569818e+00
  3.374152808579e-05   -7.201838994893e-05  -1.333770133763e-02   3.257203569818e+00
 -3.339974334878e-01    4.692690133860e-03   7.727359269222e-03   3.257203569818e+00
 -3.771414735057e-01   -4.209127946203e-02  -7.432592909793e+01   3.105252638594e-01
 -2.860451182827e-01   -6.595092474665e-03  -7.435474218992e+01   3.105252638594e-01
 -3.057047622594e-01   -8.384075740025e-02  -7.341427593483e+01   3.105252638594e-01
 -3.768377057172e-01   -4.216792779624e-02  -7.435324854722e+01   7.935347934125e-02
 -3.712370561137e-01    3.289239162226e-02  -7.440630049636e+01   7.935347934125e-02
 -2.866445709941e-01   -6.075958469226e-03  -7.433375085144e+01   7.935347934125e-02
 -2.030515250176e-01   -6.172412417410e-02  -7.425971431349e+01   8.720124874591e-01
 -3.059748201006e-01   -8.418177593652e-02  -7.341452872127e+01   8.720124874591e-01
 -2.854083446084e-01   -6.213086134804e-03  -7.437739986239e+01   8.720124874591e-01
 -2.390924451181e-01   -1.007815782197e-01  -7.227233162162e+01   4.715421070675e+00
 -2.026799150781e-01   -6.205447501705e-02  -7.428328179527e+01   4.715421070675e+00
 -1.236270477315e-01   -5.700969988557e-02  -7.301160419894e+01   4.715421070675e+00
 -3.055152108954e-01   -8.445520693740e-02  -7.343923848374e+01   1.934461106301e+00
 -2.394836232613e-01   -1.009216570294e-01  -7.227787427607e+01   1.934461106301e+00
 -3.423884730223e-01   -1.269892116275e-01  -7.123378111153e+01   1.934461106301e+00
 -2.386454797965e-01   -1.008967368777e-01  -7.229383052815e+01   2.804357273294e+00
 -3.061308982763e-01   -8.436701095760e-02  -7.342431606186e+01   2.804357273294e+00
 -2.029996890621e-01   -6.181774829791e-02  -7.425123874841e+01   2.804357273294e+00
 -3.890066385754e-01   -1.271659697021e-01  -6.828780529683e+01   2.900696692902e+00
 -3.415538139608e-01   -1.270956345389e-01  -7.127511739443e+01   2.900696692902e+00
 -2.893382621197e-01   -1.119988588270e-01  -6.933908398203e+01   2.900696692902e+00
 -3.071845059209e-01   -8.485114244525e-02  -7.339736959399e+01   4.964421448678e-01
 -3.412508421554e-01   -1.266395553595e-01  -7.124910608372e+01   4.964421448678e-01
 -3.807815467597e-01   -9.232434462634e-02  -7.253890100553e+01   4.964421448678e-01
 -2.026651724688e-01   -6.159703787752e-02  -7.426348821349e+01   1.936784519316e+00
 -1.883260616173e-01   -5.048979598417e-03  -7.500956134990e+01   1.936784519316e+00
 -1.048188696525e-01   -3.475597554068e-02  -7.491228123866e+01   1.936784519316e+00
 -2.023941697155e-01   -6.168976393916e-02  -7.427472959896e+01   1.096158209599e+00
 -2.860508080415e-01   -6.146275996606e-03  -7.436187994536e+01   1.096158209599e+00
 -1.885294559819e-01   -4.795521894271e-03  -7.498695658013e+01   1.096158209599e+00
 -2.860232199091e-01   -6.008472734259e-03  -7.436196587493e+01  -8.191275699027e-01
 -1.983706868089e-01    5.201027749181e-02  -7.435629136908e+01  -8.191275699027e-01
 -1.885426737311e-01   -4.626994428776e-03  -7.498693268175e+01  -8.191275699027e-01
 -3.791682274616e-01   -9.202435639870e-02  -7.256013286248e+01  -2.320029688848e-01
 -3.426980189875e-01   -1.267898819751e-01  -7.123442080755e+01  -2.320029688848e-01
 -3.692480552355e-01   -1.172641426250e-01  -7.011226695433e+01  -2.320029688848e-01
 -3.127679219920e-01   -1.001570290387e-03  -7.137147164018e+01  -4.387830156733e+00
 -3.207671514925e-01   -7.357704725802e-02  -7.058375892374e+01  -4.387830156733e+00
 -1.790878774335e-01    6.819308446433e-04  -7.036015831783e+01  -4.387830156733e+00
 -3.134522342330e-01   -8.269240016514e-04  -7.139728074464e+01  -2.737765533700e+00
 -3.809930626833e-01   -9.209440451422e-02  -7.255038062433e+01  -2.737765533700e+00
 -3.203737896710e-01   -7.438716874846e-02  -7.056733896310e+01  -2.737765533700e+00
 -1.786928704471e-01   -6.073455928265e-04  -7.035627508261e+01  -4.544910322167e+00
 -1.784984875236e-01   -3.137484861621e-02  -6.979979100408e+01  -4.544910322167e+00
  1.612865809187e-04    8.261929983121e-04  -7.038545415893e+01  -4.544910322167e+00
 -1.793728171952e-01   -3.250475343449e-02  -6.978329718158e+01  -3.681732915369e+00
 -1.782535219108e-01    3.060504519969e-04  -7.038313176586e+01  -3.681732915369e+00
 -3.218080340854e-01   -7.316976482402e-02  -7.056674094876e+01  -3.681732915369e+00
 -2.269843648664e-01   -4.358790302421e-02  -6.805396779906e+01  -5.665375352187e+00
 -2.032074296675e-03    3.196742907074e-05  -6.483832768370e+01  -5.665375352187e+00
  5.093371921502e-04    5.329177828342e-05  -6.952442971042e+01  -5.665375352187e+00
 -1.357750688836e-03    1.315413570751e-04  -3.576523125775e+01  -3.613259531632e+00
 -1.025434134646e-04   -1.082000661570e-04  -3.837269851872e+01  -3.613259531632e+00
 -2.531527347629e-01    3.678586570333e-03  -3.849801187956e+01  -3.613259531632e+00
 -3.216425905873e-01   -7.371500519792e-02  -7.056082831682e+01  -3.587199212269e+00
 -3.161239165121e-01   -8.072174259239e-02  -6.919477054470e+01  -3.587199212269e+00
 -1.797914376587e-01   -3.197806194676e-02  -6.977778756526e+01  -3.587199212269e+00
 -2.182907984095e-01   -8.240406308841e-03  -3.876350077096e+01   3.637245763576e+00
  5.980829919359e-05    1.562073648553e-04  -3.851799989978e+01   3.637245763576e+00
 -1.218111322591e-03   -1.092872033690e-04  -3.604078232955e+01   3.637245763576e+00
 -3.682384565822e-01   -1.171502577579e-01  -7.013354158706e+01  -7.332069858617e-01
 -3.892068456686e-01   -1.267789725052e-01  -6.829020498797e+01  -7.332069858617e-01
 -3.555926083241e-01   -8.882839191730e-02  -6.736569066302e+01  -7.332069858617e-01
 -3.877100065068e-01   -1.269613377471e-01  -6.831029547013e+01   9.529519926379e-01
 -3.693893814317e-01   -1.171287483788e-01  -7.011138960857e+01   9.529519926379e-01
 -3.427417005288e-01   -1.270609861998e-01  -7.123108706656e+01   9.529519926379e-01
 -3.165055958311e-01   -8.085869550114e-02  -6.919018445848e+01  -3.358359419595e+00
 -3.544539263395e-01   -8.850344557467e-02  -6.738957305847e+01  -3.358359419595e+00
 -2.249432896717e-01   -4.382374698933e-02  -6.804580278112e+01  -3.358359419595e+00
 -3.544554673762e-01   -8.883906890148e-02  -6.738578347661e+01  -1.516054838772e+00
 -3.165712890824e-01   -8.079927214682e-02  -6.918994842936e+01  -1.516054838772e+00
 -3.691268488103e-01   -1.170836686124e-01  -7.011237467830e+01  -1.516054838772e+00
 -2.243798869945e-01   -4.393727297424e-02  -6.806130157835e+01  -3.156275412499e+00
 -3.550755203825e-01   -8.842367608386e-02  -6.738525605937e+01  -3.156275412499e+00
 -2.672491225590e-01   -4.016793937769e-02  -6.470619286344e+01  -3.156275412499e+00
 -3.168781326166e-01   -8.073613762904e-02  -6.918064973552e+01  -3.374190756258e+00
 -2.244685249455e-01   -4.393871855522e-02  -6.806018746600e+01  -3.374190756258e+00
 -1.789330474781e-01   -3.181449555832e-02  -6.979973863003e+01  -3.374190756258e+00
 -3.895554338484e-01   -1.268466647465e-01  -6.827849103064e+01   1.749664621924e-01
 -4.233060106481e-01   -9.500031760881e-02  -6.502322917514e+01   1.749664621924e-01
 -3.552320475224e-01   -8.878289339943e-02  -6.737623480485e+01   1.749664621924e-01
 -3.692544409689e-01   -1.169340186054e-01  -7.011458382491e+01  -2.085108978717e+00
 -3.164415502015e-01   -8.084362442425e-02  -6.918951570511e+01  -2.085108978717e+00
 -3.209937243845e-01   -7.395595043174e-02  -7.057663199007e+01  -2.085108978717e+00
 -3.798073517925e-01   -9.217823267786e-02  -7.254546646032e+01  -2.197233950035e+00
 -3.685823893006e-01   -1.169677178085e-01  -7.012336591168e+01  -2.197233950035e+00
 -3.214949742851e-01   -7.411434339911e-02  -7.056352022924e+01  -2.197233950035e+00
 -2.258849965507e-01   -4.379902197505e-02  -6.806945278516e+01  -6.509779285496e+00
 -2.659115314634e-01   -4.004161714941e-02  -6.470043817478e+01  -6.509779285496e+00
 -3.681281763635e-03    2.357689114766e-04  -6.480629670390e+01  -6.509779285496e+00
 -3.425224104761e-01   -1.271220290095e-01  -7.125367157983e+01   3.843662843873e+00
 -2.395580507045e-01   -1.009335036253e-01  -7.225787216853e+01   3.843662843873e+00
 -2.882220932567e-01   -1.119757284990e-01  -6.935944669625e+01   3.843662843873e+00
 -7.089698658646e-03   -1.876325923938e-04  -5.977526211486e+00   3.146735099588e+00
 -4.550434712406e-01   -5.587097142506e-03  -3.602217019569e+00   3.146735099588e+00
 -3.916688611477e-01   -1.007164375037e-02  -6.804370484135e+00   3.146735099588e+00
 -9.747823156301e-02   -3.329396050072e-03  -7.558018582821e+01   3.273536831110e+00
 -6.439444043025e-04   -9.461798058861e-04  -7.508586225614e+01   3.273536831110e+00
 -1.044549938875e-01   -3.415636122074e-02  -7.490539751316e+01   3.273536831110e+00
 -9.796794685139e-02   -3.382438115031e-03  -7.557664270375e+01   1.192460677421e+00
 -1.328053405228e-04    3.190298482972e-04  -7.563061631671e+01   1.192460677421e+00
 -2.370309169352e-04   -8.302375702725e-04  -7.509649256353e+01   1.192460677421e+00
 -1.046717030995e-01   -3.494273918725e-02  -7.493132738997e+01   7.312861742987e+00
 -1.335471460032e-03   -1.305969782488e-03  -7.329543909821e+01   7.312861742987e+00
 -1.227937399230e-01   -5.632663810498e-02  -7.299471902876e+01   7.312861742987e+00
 -1.494578820833e-01   -6.555041290143e-02  -7.011368364776e+01   9.698197011780e+00
 -1.233912609970e-01   -5.670122094708e-02  -7.300978383471e+01   9.698197011780e+00
 -3.255694061874e-04   -6.267882831171e-04  -7.324699419350e+01   9.698197011780e+00
 -1.509673934695e-01   -6.591469674805e-02  -7.013303106927e+01   6.972209628117e+00
 -2.886936601450e-01   -1.118954749288e-01  -6.933089957660e+01   6.972209628117e+00
 -2.391701449252e-01   -1.010148410809e-01  -7.229926025644e+01   6.972209628117e+00
 -1.501148980096e-01   -6.574246401767e-02  -7.014332756666e+01   6.468093502680e+00
 -2.398561455085e-01   -1.011571849897e-01  -7.229148192370e+01   6.468093502680e+00
 -1.231386771091e-01   -5.665628014071e-02  -7.299018470079e+01   6.468093502680e+00
 -7.216708189632e-04   -9.056407419844e-04  -7.330639368506e+01   5.279183709926e+00
 -1.052046220033e-01   -3.518459693497e-02  -7.492547674760e+01   5.279183709926e+00
 -4.284661823809e-05    1.151251244403e-04  -7.505871675709e+01   5.279183709926e+00
 -2.032400680498e-01   -6.214671224884e-02  -7.427639759056e+01   4.076563985909e+00
 -1.044266001921e-01   -3.437359933311e-02  -7.490182424103e+01   4.076563985909e+00
 -1.229705540233e-01   -5.683219106936e-02  -7.301957884610e+01   4.076563985909e+00
  3.578680253378e-04   -1.848774301137e-04  -7.324816285264e+01   1.034437081072e+01
 -9.370015745379e-04   -4.222215851253e-04  -7.025962859642e+01   1.034437081072e+01
 -1.502081620735e-01   -6.585293103910e-02  -7.010927678182e+01   1.034437081072e+01
 -2.372110586311e-01   -1.198667138580e-02  -5.500490858479e+01   6.698030314184e+00
 -1.178456781951e-03   -4.538200774941e-04  -4.892330038758e+01   6.698030314184e+00
 -2.167498304156e-01   -2.557974382734e-02  -5.013060842936e+01   6.698030314184e+00
 -4.550198810898e-01    8.775771306275e-03  -2.604997022224e+01  -2.444600308940e+00
 -1.389324760347e-02   -5.495193968718e-04  -2.883371931424e+01  -2.444600308940e+00
 -5.154290664389e-01    6.131971895846e-03  -2.925441537021e+01  -2.444600308940e+00
 -1.786158957343e-01    9.106362039826e-04  -7.129270627051e+01   4.875510202026e+00
 -8.177994928539e-04    5.146182690845e-04  -7.071817204934e+01   4.875510202026e+00
 -1.361133552511e-01    2.425022035169e-02  -7.055362206417e+01   4.875510202026e+00
 -1.807304492686e-01   -5.717096274148e-02  -6.645090643935e+01   1.365423981642e+01
 -3.196021742224e-04   -4.820779194252e-04  -6.640065775536e+01   1.365423981642e+01
 -1.072243008109e-03    3.238467451582e-04  -6.218366632558e+01   1.365423981642e+01
 -1.796744864364e-01   -5.789022519172e-02  -6.640496342105e+01   1.282575871063e+01
  2.082556173244e-04   -5.314001944339e-04  -7.021997599351e+01   1.282575871063e+01
 -8.663671781314e-04   -9.415512570783e-05  -6.644593525488e+01   1.282575871063e+01
 -1.808698217576e-01   -2.615190029888e-02  -4.631463661593e+01   5.318737018363e+00
 -3.067865246750e-04    2.598149821695e-04  -4.401998110060e+01   5.318737018363e+00
 -1.514450333262e-01   -2.024798459427e-02  -4.386613134782e+01   5.318737018363e+00
 -1.506297378780e-01   -6.554894073210e-02  -7.013001374873e+01   1.294445450470e+01
 -6.365862244410e-04   -9.142735045747e-04  -7.022094549982e+01   1.294445450470e+01
 -1.786638739992e-01   -5.758889547453e-02  -6.640662276244e+01   1.294445450470e+01
 -3.319228901535e-01   -2.548975100362e-02  -4.151711602533e+01   2.280455886054e+00
 -2.315039140147e-01   -1.651785197861e-02  -4.145909380086e+01   2.280455886054e+00
 -2.288331597455e-01   -8.479037229824e-03  -4.004463931496e+01   2.280455886054e+00
 -1.994700859763e-01   -3.256687181397e-02  -6.215526087240e+01   1.460303093821e+01
 -7.012129157286e-04   -5.754721237268e-04  -6.211130360794e+01   1.460303093821e+01
 -1.089439905003e-03    7.194755997643e-04  -5.761645272323e+01   1.460303093821e+01
 -2.888764681113e-01   -1.119023063125e-01  -6.936493413994e+01   8.565435101291e+00
 -1.800339809566e-01   -5.745888506914e-02  -6.643894856639e+01   8.565435101291e+00
 -3.370078836740e-01   -9.359948785928e-02  -6.576428998258e+01   8.565435101291e+00
 -1.791813058569e-01   -5.733938863925e-02  -6.644748881656e+01   8.170415879522e+00
 -2.895863081765e-01   -1.120764126456e-01  -6.935755051683e+01   8.170415879522e+00
 -1.503912226794e-01   -6.567929923684e-02  -7.010346857390e+01   8.170415879522e+00
 -4.375894752948e-01   -5.185530653819e-02  -6.144428723144e+01  -1.389132376410e+00
 -2.700061029339e-01   -4.052848014180e-02  -6.467640529223e+01  -1.389132376410e+00
 -4.259052853989e-01   -9.441848989526e-02  -6.498242166708e+01  -1.389132376410e+00
 -2.701458238622e-01   -4.005308231229e-02  -6.467156165718e+01  -2.158642505311e+00
 -3.535371807764e-01   -8.870984447160e-02  -6.741449140738e+01  -2.158642505311e+00
 -4.254638288737e-01   -9.474202419174e-02  -6.499461680751e+01  -2.158642505311e+00
 -4.248017558352e-01   -9.504123306064e-02  -6.499239002732e+01   3.272641470378e+00
 -3.881680197345e-01   -1.272151938237e-01  -6.833982536810e+01   3.272641470378e+00
 -3.377027529612e-01   -9.370049684212e-02  -6.577765343679e+01   3.272641470378e+00
 -3.376428060356e-01   -9.338144794520e-02  -6.574502069490e+01   4.271956755780e+00
 -3.701237133704e-01   -5.407073573826e-02  -6.182323912366e+01   4.271956755780e+00
 -4.251003757253e-01   -9.542010849217e-02  -6.502587356892e+01   4.271956755780e+00
 -3.380030519319e-01   -9.363348269425e-02  -6.579643127741e+01   9.141398401610e+00
 -1.792942024339e-01   -5.730169456466e-02  -6.640638092999e+01   9.141398401610e+00
 -1.984679167702e-01   -3.310471829093e-02  -6.215706759638e+01   9.141398401610e+00
 -2.893413105143e-01   -1.118978428083e-01  -6.931293148594e+01   4.298265385522e+00
 -3.365539119536e-01   -9.372929722819e-02  -6.580135512773e+01   4.298265385522e+00
 -3.891931361726e-01   -1.273149446941e-01  -6.831503856310e+01   4.298265385522e+00
 -1.982807313705e-01   -3.322158835056e-02  -6.211031882354e+01   9.657770215957e+00
 -2.065233231723e-01   -1.876591642059e-03  -5.760475680173e+01   9.657770215957e+00
 -3.717227522430e-01   -5.360066037794e-02  -6.181392244596e+01   9.657770215957e+00
 -1.982112983192e-01   -3.329806664081e-02  -6.211549315240e+01   1.563630274619e+01
 -1.797128687885e-01   -5.684661480836e-02  -6.645358925821e+01   1.563630274619e+01
 -2.082576710502e-03    5.597453488770e-05  -6.217311232647e+01   1.563630274619e+01
 -4.397632934689e-01   -5.160714295643e-02  -6.145210788488e+01   3.970926083738e+00
 -3.707341320733e-01   -5.338322337030e-02  -6.175890353377e+01   3.970926083738e+00
 -3.835758394838e-01   -4.439575441783e-03  -5.762665048922e+01   3.970926083738e+00
 -3.710831873384e-01   -5.390121664346e-02  -6.179871144726e+01   3.110000420773e+00
 -4.392101875429e-01   -5.111780484279e-02  -6.141213251482e+01   3.110000420773e+00
 -4.241903501504e-01   -9.540732135052e-02  -6.505145852633e+01   3.110000420773e+00
 -3.012617940102e-01   -1.708291144963e-02  -6.012412266453e+01  -1.614953337371e+00
 -4.383089796434e-01   -5.077107701872e-02  -6.142397643017e+01  -1.614953337371e+00
 -4.387213711989e-01   -4.372530781449e-03  -5.757637451070e+01  -1.614953337371e+00
 -4.388752887712e-01   -5.148361164360e-02  -6.142663639045e+01  -2.665380111026e+00
 -3.005726234990e-01   -1.643502786441e-02  -6.012172760391e+01  -2.665380111026e+00
 -2.681106496939e-01   -4.075710037774e-02  -6.470451796933e+01  -2.665380111026e+00
 -3.827150008935e-01   -3.918001043595e-03  -5.756784150195e+01   9.955417181387e+00
 -3.707635240565e-01   -5.345406193450e-02  -6.181923445003e+01   9.955417181387e+00
 -2.077114081232e-01   -1.858691461670e-03  -5.760136307486e+01   9.955417181387e+00
 -1.993322088568e-01   -3.322546085010e-02  -6.214910966228e+01   9.589350995054e+00
 -3.705796929768e-01   -5.377052206905e-02  -6.177797791627e+01   9.589350995054e+00
 -3.372261843891e-01   -9.341938472423e-02  -6.580407862643e+01   9.589350995054e+00
 -2.401692767942e-03    6.929297483507e-04  -5.760794588976e+01   1.638574918329e+01
 -2.059368431861e-01   -2.331830463894e-03  -5.755812462767e+01   1.638574918329e+01
 -1.983957651224e-01   -3.246386563018e-02  -6.215709750861e+01   1.638574918329e+01
 -3.007570812698e-01   -1.681762920727e-02  -6.013190760226e+01  -6.744163526096e+00
 -3.013095493965e-01    1.347276806207e-02  -5.495860030929e+01  -6.744163526096e+00
 -3.076366013453e-03    2.484350043065e-04  -5.683084102738e+01  -6.744163526096e+00
 -2.437850511989e-03   -6.875970335772e-04  -5.752088675076e+01   1.630027308136e+01
 -1.970241305527e-01    2.778366106107e-02  -5.301847392368e+01   1.630027308136e+01
 -2.059152347886e-01   -1.616755136671e-03  -5.758452038410e+01   1.630027308136e+01
 -1.043219446401e-01   -3.466504812372e-02  -7.491971911277e+01   1.220993228333e+00
 -1.888677109761e-01   -5.063241841021e-03  -7.500374076463e+01   1.220993228333e+00
 -9.741587030961e-02   -2.629841583129e-03  -7.555707921487e+01   1.220993228333e+00
 -1.888613429812e-01   -4.369954498240e-03  -7.500464908465e+01  -8.841160109423e-01
 -1.023888231293e-01    2.899598129635e-02  -7.494881460321e+01  -8.841160109423e-01
 -9.740009801847e-02   -2.821871602380e-03  -7.555636995292e+01  -8.841160109423e-01
 -1.228353092822e-03    4.095328723376e-04  -5.685035084442e+01  -7.524081123424e+00
 -6.712105854493e-04   -4.343459434548e-04  -6.479756267364e+01  -7.524081123424e+00
 -3.024582146456e-01   -1.706960384817e-02  -6.012492244279e+01  -7.524081123424e+00
 -1.831739605729e-01   -2.619911555544e-02  -4.631952107623e+01   6.111334988917e+00
 -1.527793294971e-03    1.169989435835e-05  -4.893821245137e+01   6.111334988917e+00
  2.869498217239e-04    8.244821322454e-06  -4.607404726717e+01   6.111334988917e+00
 -4.369456299833e-01   -8.959624086286e-04  -3.851047053206e+01   9.267085145247e-01
 -3.718531039840e-01   -7.271713088889e-03  -3.839590576328e+01   9.267085145247e-01
 -4.653929421891e-01   -4.603886498141e-03  -3.485678243066e+01   9.267085145247e-01
 -4.056222307745e-01   -3.930541076762e-02  -5.376537513060e+01  -3.388666845165e+00
 -3.534449211932e-01   -4.356659498006e-02  -5.359763992847e+01  -3.388666845165e+00
 -3.669717699643e-01    1.387173660470e-03  -5.774131251796e+01  -3.388666845165e+00
 -4.047640173532e-01   -3.913084679898e-02  -5.378738292982e+01   3.487705040893e+00
 -2.373776463830e-01   -1.119515037694e-02  -5.501430858234e+01   3.487705040893e+00
 -2.175108155889e-01   -2.633291983240e-02  -5.012919564031e+01   3.487705040893e+00
 -1.892780630527e-01   -2.779072513118e-02  -5.325792888437e+01  -1.550712689403e+01
 -1.913389905538e-03   -1.089974488920e-03  -5.325873437722e+01  -1.550712689403e+01
 -2.028782687486e-01    6.820791861277e-04  -5.781130393685e+01  -1.550712689403e+01
 -2.031535491940e-01    1.372160930128e-03  -5.775556500233e+01  -9.213898091134e+00
 -3.542171106315e-01   -4.383536996026e-02  -5.354593200421e+01  -9.213898091134e+00
 -1.894797115710e-01   -2.823795435415e-02  -5.329053397757e+01  -9.213898091134e+00
 -1.903820795664e-01   -2.827547002443e-02  -5.325196694518e+01  -8.951535665490e+00
 -3.532275950863e-01   -4.396985380885e-02  -5.358015233581e+01  -8.951535665490e+00
 -3.205317981126e-01   -7.935724222785e-02  -4.958591264650e+01  -8.951535665490e+00
 -2.636511324746e-03    7.896324252254e-06  -5.317403690908e+01  -1.470619869316e+01
 -1.888513095398e-01   -2.833585209268e-02  -5.328542613003e+01  -1.470619869316e+01
 -1.711883565741e-01   -4.984299240745e-02  -4.899919037933e+01  -1.470619869316e+01
 -4.051606836301e-01   -3.878849623174e-02  -5.380265185861e+01  -2.413562031183e+00
 -3.966565258652e-01   -7.560005983982e-02  -5.012084177147e+01  -2.413562031183e+00
 -3.537080085665e-01   -4.409592966257e-02  -5.355959074780e+01  -2.413562031183e+00
 -5.789257720289e-04   -7.745500264274e-05  -6.809858386016e+01   5.960749644380e+00
 -2.165003743626e-01    3.044245135196e-02  -6.539387726360e+01   5.960749644380e+00
 -1.700153452109e-01    3.294388671186e-02  -6.869654384075e+01   5.960749644380e+00
 -2.238960298389e-01   -8.445322026425e-02  -4.341520969019e+01  -3.437950145164e+00
 -2.722740640239e-01   -9.491589451815e-02  -4.614642215494e+01  -3.437950145164e+00
 -3.189165995951e-01   -9.993369024264e-02  -4.428109131744e+01  -3.437950145164e+00
 -3.975687033572e-01   -7.555961312439e-02  -5.014703322463e+01  -3.760659445514e+00
 -3.209943446488e-01   -7.924205548335e-02  -4.964508914621e+01  -3.760659445514e+00
 -3.527121219628e-01   -4.431188425441e-02  -5.353525932604e+01  -3.760659445514e+00
 -1.714222570112e-01   -5.034936790886e-02  -4.901460964506e+01  -7.919871621006e+00
 -3.203341741460e-01   -7.949261044711e-02  -4.962532182727e+01  -7.919871621006e+00
 -2.729191265445e-01   -9.485350696942e-02  -4.614235580107e+01  -7.919871621006e+00
 -1.706763759026e-01   -5.021328342545e-02  -4.904568354891e+01  -8.548591770771e+00
 -1.894074215175e-01   -2.819275804726e-02  -5.324327192914e+01  -8.548591770771e+00
 -3.213371039173e-01   -7.953667241983e-02  -4.959418266301e+01  -8.548591770771e+00
 -3.657743365681e-01   -1.013678401883e-01  -4.696084938101e+01  -3.850478394019e+00
 -2.733658182777e-01   -9.481493968512e-02  -4.619322320033e+01  -3.850478394019e+00
 -3.198692891095e-01   -7.963260156453e-02  -4.958950513338e+01  -3.850478394019e+00
 -1.369190399951e-03    2.659578583080e-04  -5.316409466469e+01  -1.291920773918e+01
 -1.722871210964e-01   -5.014859812337e-02  -4.900199045331e+01  -1.291920773918e+01
 -1.751482706469e-04   -4.252933969597e-04  -4.904172898335e+01  -1.291920773918e+01
 -3.973620527762e-01   -7.516051824166e-02  -5.017881134792e+01  -2.705969515793e+00
 -3.648029477215e-01   -1.013040421673e-01  -4.693519451669e+01  -2.705969515793e+00
 -3.209873750210e-01   -7.956617937723e-02  -4.961407674565e+01  -2.705969515793e+00
 -4.032989506303e-01   -3.951746171266e-02  -5.377369765889e+01   2.023663101764e+00
 -2.195742546425e-01   -2.609440319179e-02  -5.015258763439e+01   2.023663101764e+00
 -3.986822241867e-01   -7.455192700544e-02  -5.018626839799e+01   2.023663101764e+00
 -5.377539481163e-04    9.579005587775e-05  -6.143063077089e+01   7.826742669369e+00
 -9.988287765985e-04   -2.760517361534e-04  -5.692060885638e+01   7.826742669369e+00
 -2.357543796941e-01    1.212514242270e-02  -6.052750049330e+01   7.826742669369e+00
 -1.419620396576e-01   -5.654488026721e-02  -4.548577050206e+01  -7.545294880460e+00
 -1.706206767644e-01   -5.024218041880e-02  -4.900514753114e+01  -7.545294880460e+00
 -2.735919058486e-01   -9.501734681754e-02  -4.615039846213e+01  -7.545294880460e+00
 -1.712041625806e-01   -5.080598262523e-02  -4.904640939069e+01  -1.203726589644e+01
  9.116540419166e-05   -5.973175711078e-04  -4.532861151420e+01  -1.203726589644e+01
 -7.688794490488e-04   -5.219643120511e-05  -4.899773907310e+01  -1.203726589644e+01
 -8.300420453228e-04   -1.062398840796e-03  -4.532769198434e+01  -1.194576523962e+01
 -1.701786993055e-01   -5.048885108093e-02  -4.904417411704e+01  -1.194576523962e+01
 -1.420551904036e-01   -5.632904727027e-02  -4.546106782379e+01  -1.194576523962e+01
 -1.369196446212e-01    2.438282436677e-02  -7.054379751364e+01   4.558350346152e+00
  2.889425598469e-05    2.079257196013e-05  -7.073867205060e+01   4.558350346152e+00
 -4.479003319364e-04    4.222162636829e-05  -6.995621987205e+01   4.558350346152e+00
 -1.174469605781e-01   -5.067467722957e-02  -4.263317759084e+01  -8.107303263483e+00
  7.530126093520e-05   -7.670090642089e-05  -4.261780271553e+01  -8.107303263483e+00
 -1.135441849263e-03   -5.958303127170e-04  -4.525390655426e+01  -8.107303263483e+00
 -1.163887137102e-01   -5.005594326337e-02  -4.265857179010e+01  -6.526502737375e+00
  2.841294236424e-04    2.669259630001e-04  -4.072052665531e+01  -6.526502737375e+00
 -5.025541632254e-04   -4.051761855022e-04  -4.259239726483e+01  -6.526502737375e+00
 -1.512045138355e-01   -1.987195917777e-02  -4.386347146206e+01   5.034003333254e+00
 -3.567852040024e-04   -8.448620138761e-05  -4.401151490634e+01   5.034003333254e+00
  1.015937592739e-04    2.150496411494e-04  -4.156719385639e+01   5.034003333254e+00
 -1.167242344794e-01   -5.031867531933e-02  -4.262970759965e+01  -1.007115910300e+01
 -1.982387832652e-03   -1.053984486410e-03  -4.526447146238e+01  -1.007115910300e+01
 -1.414054446531e-01   -5.632410831731e-02  -4.548199285942e+01  -1.007115910300e+01
 -2.666860348676e-01    2.179168817391e-02  -4.158671130660e+01  -3.969615540669e+00
 -2.635359269079e-01    1.001910935068e-02  -3.992388996090e+01  -3.969615540669e+00
 -2.376275120043e-03    1.126786447384e-04  -4.160215962699e+01  -3.969615540669e+00
 -9.714273254603e-02   -2.772916948423e-02  -4.102089731575e+01  -3.611044039647e+00
 -1.160178653548e-01   -5.022276771716e-02  -4.263849322421e+01  -3.611044039647e+00
 -1.878898840313e-01   -4.924219968655e-02  -4.161514196977e+01  -3.611044039647e+00
 -2.242144530659e-01   -8.473970187407e-02  -4.337978552636e+01  -5.820828885911e+00
 -1.161614469607e-01   -5.002426948345e-02  -4.266707952891e+01  -5.820828885911e+00
 -1.418502472657e-01   -5.663645260761e-02  -4.545005636875e+01  -5.820828885911e+00
 -2.654725521737e-04   -8.664630520637e-04  -4.068937813877e+01  -9.185731479031e-01
 -9.170714186343e-02   -3.386145586660e-04  -4.040811413420e+01  -9.185731479031e-01
 -1.653450769819e-04    3.614018730411e-04  -4.019883360182e+01  -9.185731479031e-01
 -7.250391298485e-04   -1.067877166336e-03  -4.069819677266e+01  -2.689968213936e+00
 -9.692151173477e-02   -2.736108704273e-02  -4.101542266108e+01  -2.689968213936e+00
 -9.124655786773e-02   -2.473920416022e-04  -4.040290117685e+01  -2.689968213936e+00
 -1.760753700609e-01    7.706996321248e-04  -4.098358005189e+01  -9.365461198317e-01
 -9.128148852297e-02    4.130993481891e-04  -4.042349714608e+01  -9.365461198317e-01
 -9.685090962235e-02   -2.789904824266e-02  -4.100002786358e+01  -9.365461198317e-01
 -2.745550053710e-04   -5.037970245650e-04  -4.018831098809e+01   1.350161615162e+00
 -9.151024280609e-02    5.706732607335e-04  -4.042037457781e+01   1.350161615162e+00
 -9.839200873028e-02    2.892753842544e-02  -4.085894617120e+01   1.350161615162e+00
 -1.873597442375e-01   -4.919025131228e-02  -4.160792068030e+01  -4.147272039102e+00
 -1.166234754272e-01   -5.032485392949e-02  -4.264837953601e+01  -4.147272039102e+00
 -2.234458898087e-01   -8.435213565088e-02  -4.339944286777e+01  -4.147272039102e+00
 -9.726211234905e-02   -2.794975167227e-02  -4.100899540663e+01  -5.271103211670e+00
 -2.168432609874e-04    3.274535613512e-06  -4.072450786668e+01  -5.271103211670e+00
 -1.157175460148e-01   -4.978963954125e-02  -4.265453382354e+01  -5.271103211670e+00
 -1.426256975736e-01   -5.682048733920e-02  -4.545816941888e+01  -6.431893874726e+00
 -2.726848866006e-01   -9.481242277041e-02  -4.617550865804e+01  -6.431893874726e+00
 -2.235864868855e-01   -8.459853192851e-02  -4.337246409858e+01  -6.431893874726e+00
 -3.031115261641e-01    1.411219268968e-02  -5.496459963842e+01  -7.541048300891e+00
 -6.767410280554e-04    4.579714131771e-04  -4.905090588434e+01  -7.541048300891e+00
 -1.129222712488e-03   -2.988516389786e-04  -5.680846758967e+01  -7.541048300891e+00
 -3.981073924987e-01   -7.481789848798e-02  -5.017718296972e+01   2.808903926116e+00
 -2.199103540133e-01   -2.569168542971e-02  -5.015169709319e+01   2.808903926116e+00
 -3.233468493838e-01   -6.404405713247e-02  -4.740746805489e+01   2.808903926116e+00
 -2.674642374413e-01    2.226918298757e-02  -4.159226782056e+01  -4.098345897393e+00
 -1.399295887111e-03   -5.740475841223e-04  -4.161673059641e+01  -4.098345897393e+00
 -2.001924016563e-01    2.733291399235e-02  -4.412899963374e+01  -4.098345897393e+00
 -1.812260007843e-01   -2.638634611381e-02  -4.631864228665e+01   3.629544182055e+00
 -1.514111990736e-01   -2.015699377363e-02  -4.386546382125e+01   3.629544182055e+00
 -2.928369488264e-01   -5.539669745073e-02  -4.532112516219e+01   3.629544182055e+00
 -1.821800176615e-01   -2.629947910312e-02  -4.631525063371e+01   6.808813463395e+00
 -2.157011033105e-01   -2.579602284641e-02  -5.011970092491e+01   6.808813463395e+00
 -2.704009515300e-03    6.063040623561e-05  -4.894445639424e+01   6.808813463395e+00
 -3.244350647521e-01   -6.406807303104e-02  -4.743431663362e+01   1.597718669788e+00
 -2.922382267309e-01   -5.546958509519e-02  -4.531590982854e+01   1.597718669788e+00
 -3.457968466288e-01   -8.572698534193e-02  -4.495466802068e+01   1.597718669788e+00
 -2.923271062652e-01   -5.553186362375e-02  -4.531179092067e+01   3.835923309963e+00
 -3.243045754461e-01   -6.374753578799e-02  -4.743600716554e+01   3.835923309963e+00
 -1.819023341486e-01   -2.628516620772e-02  -4.633320556409e+01   3.835923309963e+00
 -3.018243079736e-01   -5.284909938080e-02  -4.374800331188e+01   1.922234488018e+00
 -3.457452773711e-01   -8.543237485709e-02  -4.496138042093e+01   1.922234488018e+00
 -2.922338837022e-01   -5.559072590771e-02  -4.531152615341e+01   1.922234488018e+00
 -3.256318430049e-01   -6.406278338364e-02  -4.745350205100e+01   1.054808827865e+00
 -3.448080527315e-01   -8.580592001366e-02  -4.493436658368e+01   1.054808827865e+00
 -3.658130074390e-01   -1.007709105011e-01  -4.698664152179e+01   1.054808827865e+00
 -2.918739846810e-01   -5.536789000706e-02  -4.531406706813e+01   3.502288236493e+00
 -1.525567290031e-01   -2.024422682714e-02  -4.387830849049e+01   3.502288236493e+00
 -3.024542475089e-01   -5.281642143398e-02  -4.375283066680e+01   3.502288236493e+00
 -1.812052799392e-01   -2.634115636690e-02  -4.632295217721e+01   3.689355748021e+00
 -3.250236790942e-01   -6.373759511873e-02  -4.743677583794e+01   3.689355748021e+00
 -2.169424650845e-01   -2.585617696137e-02  -5.011697377085e+01   3.689355748021e+00
 -2.331475657026e-01   -1.693992773571e-02  -4.146748240767e+01   4.122337172004e+00
 -1.509898097125e-01   -2.012427014751e-02  -4.386288193412e+01   4.122337172004e+00
 -4.313286753044e-04    4.359760167696e-04  -4.157597135684e+01   4.122337172004e+00
 -2.175952385886e-01   -8.188943786726e-03  -3.876012544017e+01   3.618476664833e+00
 -2.278926679761e-01   -8.342615363842e-03  -4.003204816676e+01   3.618476664833e+00
 -6.232269868314e-04    2.050524313296e-04  -3.852100398695e+01   3.618476664833e+00
 -3.716120645925e-01   -7.444844740176e-03  -3.841376660513e+01   2.204112241466e+00
 -2.285366814612e-01   -8.613866356723e-03  -4.004447690930e+01   2.204112241466e+00
 -2.175989295587e-01   -8.348955365597e-03  -3.876109971131e+01   2.204112241466e+00
 -2.321357443581e-01   -1.619929507010e-02  -4.147662004312e+01   2.597159298301e+00
 -3.315875090909e-01   -2.605409648538e-02  -4.149685384044e+01   2.597159298301e+00
 -3.013197159948e-01   -5.274462184230e-02  -4.373435296217e+01   2.597159298301e+00
 -4.280935207208e-01    1.972354140079e-03  -1.235427684692e+01   2.760019070849e+00
 -1.056238856589e-02    3.143222688596e-04  -9.219310085043e+00   2.760019070849e+00
 -5.140901349191e-01   -3.234226578909e-03  -9.442612506954e+00   2.760019070849e+00
 -3.483718402536e-01   -6.577154904746e-02  -4.303589879529e+01   1.707353949101e+00
 -3.449661480996e-01   -8.536951084327e-02  -4.495381819968e+01   1.707353949101e+00
 -3.025107357803e-01   -5.304394928936e-02  -4.375793273945e+01   1.707353949101e+00
 -3.945217802302e-01    2.714611745525e-03  -3.858636532928e+01  -2.148829625099e+00
 -2.643078708699e-01    1.007239897449e-02  -3.994754690659e+01  -2.148829625099e+00
 -3.580195429618e-01    2.953916155071e-02  -4.145850081219e+01  -2.148829625099e+00
 -2.316665222801e-01   -1.653326553569e-02  -4.145646489881e+01   3.425007572593e+00
 -3.023288340695e-01   -5.247773807301e-02  -4.374899767653e+01   3.425007572593e+00
 -1.524493041126e-01   -2.057806350792e-02  -4.386864749411e+01   3.425007572593e+00
 -1.546933457741e-04    1.234121201759e-04  -3.852188269492e+01   3.797933308650e+00
 -2.283839817266e-01   -8.301770559958e-03  -4.002978528373e+01   3.797933308650e+00
 -5.788760447486e-04    5.100744098664e-05  -3.980085903809e+01   3.797933308650e+00
 -3.921890994969e-03   -3.439131890983e-04  -3.604183285624e+01   2.920121152449e+00
 -4.709566819352e-01   -5.055806101498e-03  -3.490424916037e+01   2.920121152449e+00
 -2.172190591310e-01   -8.423510683141e-03  -3.878102298788e+01   2.920121152449e+00
 -2.792701303742e-01   -6.342093916563e-02  -4.248147425991e+01  -1.707261435526e+00
 -2.238346718428e-01   -8.440572774984e-02  -4.339534850855e+01  -1.707261435526e+00
 -3.187655479698e-01   -9.979396776331e-02  -4.430055112452e+01  -1.707261435526e+00
 -3.644217644743e-01   -1.009896562678e-01  -4.696242471257e+01  -8.210591569798e-01
 -3.457466833457e-01   -8.574795948353e-02  -4.496196514503e+01  -8.210591569798e-01
 -3.191539935900e-01   -9.983863315780e-02  -4.430451795377e+01  -8.210591569798e-01
 -1.757014623129e-01    9.968336344735e-04  -4.100030547953e+01  -8.502160334986e-01
 -1.871087976852e-01   -4.885183870596e-02  -4.161473981963e+01  -8.502160334986e-01
 -2.628132246578e-01    2.185094928750e-03  -4.175511054292e+01  -8.502160334986e-01
 -1.876744808140e-01   -4.904227733838e-02  -4.163714979120e+01  -2.457616282581e+00
 -2.230337416772e-01   -8.438797604250e-02  -4.337920987410e+01  -2.457616282581e+00
 -2.798691061609e-01   -6.336604066713e-02  -4.249545162238e+01  -2.457616282581e+00
 -2.621430491467e-01    2.109135586734e-03  -4.174219367594e+01  -6.039829706698e-01
 -1.877676481204e-01   -4.887686157740e-02  -4.162728581004e+01  -6.039829706698e-01
 -2.796564828732e-01   -6.327335457993e-02  -4.250610181486e+01  -6.039829706698e-01
 -1.873894067485e-01   -4.881375360644e-02  -4.162687398603e+01  -1.546602265535e+00
 -1.755015585796e-01    7.923614623311e-04  -4.097826962902e+01  -1.546602265535e+00
 -9.740619116623e-02   -2.801172032949e-02  -4.100724049770e+01  -1.546602265535e+00
 -3.177497498515e-01   -9.937235585839e-02  -4.427965526093e+01  -5.757437282036e-01
 -3.489721575999e-01   -6.582547068786e-02  -4.305814754181e+01  -5.757437282036e-01
 -2.807322141731e-01   -6.377111336470e-02  -4.252965010913e+01  -5.757437282036e-01
 -3.180369036270e-01   -9.991667981011e-02  -4.425845997923e+01  -2.523844256640e+00
 -2.733225208977e-01   -9.492048246597e-02  -4.616810692431e+01  -2.523844256640e+00
 -3.656531147891e-01   -1.011957016736e-01  -4.698661023025e+01  -2.523844256640e+00
 -3.477284996858e-01   -6.494565044497e-02  -4.303549234769e+01   1.640135543816e+00
 -3.325324759407e-01   -2.587360579179e-02  -4.151054794224e+01   1.640135543816e+00
 -3.812545070899e-01   -1.982409924650e-02  -4.127252681925e+01   1.640135543816e+00
 -3.190361900285e-01   -9.950466529561e-02  -4.430190480896e+01   1.072142977637e-01
 -3.456608721344e-01   -8.585359677469e-02  -4.495963595062e+01   1.072142977637e-01
 -3.476123821809e-01   -6.552237249846e-02  -4.302443100626e+01   1.072142977637e-01
 -3.445975358626e-01    3.489928828594e-02  -4.219670599320e+01   1.566848796958e-01
 -2.633662577112e-01    2.224278523638e-03  -4.177832083088e+01   1.566848796958e-01
 -3.382747407860e-01   -2.832995320003e-02  -4.220531030970e+01   1.566848796958e-01
 -2.626992223438e-01    1.688208382890e-03  -4.176581006403e+01  -2.701093860826e-01
 -2.793840243245e-01   -6.284498420239e-02  -4.250280621598e+01  -2.701093860826e-01
 -3.387603648726e-01   -2.811778100361e-02  -4.221810241116e+01  -2.701093860826e-01
 -3.819539954541e-01   -1.990334613345e-02  -4.128442368974e+01   2.118709343937e-01
 -3.395357297799e-01   -2.865206155041e-02  -4.222535899280e+01   2.118709343937e-01
 -3.470291851006e-01   -6.528881159246e-02  -4.302637832245e+01   2.118709343937e-01
 -3.826544767674e-01   -2.057794565714e-02  -4.128020628669e+01   6.414304337969e-01
 -3.999441901810e-01    4.119508273201e-03  -4.119671052407e+01   6.414304337969e-01
 -3.391657199978e-01   -2.769881113191e-02  -4.222822720731e+01   6.414304337969e-01
 -4.309469050818e-01   -3.523198162985e-03  -3.999067503305e+01   4.613128264191e-01
 -4.001812388254e-01    3.503159009807e-03  -4.119824821500e+01   4.613128264191e-01
 -3.820192062767e-01   -1.992599314407e-02  -4.126814551389e+01   4.613128264191e-01
 -3.379146423488e-01   -2.796592459315e-02  -4.219151902466e+01   4.113921514365e-01
 -2.807749157370e-01   -6.320017242176e-02  -4.252935519762e+01   4.113921514365e-01
 -3.488669131277e-01   -6.621728628870e-02  -4.305412348075e+01   4.113921514365e-01
 -3.017096076946e-01   -5.333438689994e-02  -4.373513498999e+01   1.469613913100e+00
 -3.314529252313e-01   -2.574349268957e-02  -4.149170527762e+01   1.469613913100e+00
 -3.491061815454e-01   -6.539336025814e-02  -4.304918682440e+01   1.469613913100e+00
 -1.756754405902e-01    1.188507004091e-03  -4.099919185415e+01   1.086194190563e+00
 -2.628425662892e-01    2.220953293320e-03  -4.175649716952e+01   1.086194190563e+00
 -1.906049946850e-01    5.173492124871e-02  -4.155392389585e+01   1.086194190563e+00
 -4.711319465604e-01   -1.048086664204e-03  -1.471291267771e+01  -2.414564949871e+00
 -1.377038179444e-02   -5.496040592837e-04  -1.498193432612e+01  -2.414564949871e+00
 -4.741770582549e-01   -1.211117267216e-03  -1.860860077009e+01  -2.414564949871e+00
 -3.250922546190e-01   -6.402248162085e-02  -4.744663578927e+01   1.866470374259e-01
 -3.662828511414e-01   -1.008620912961e-01  -4.699575692104e+01   1.866470374259e-01
 -3.958275750496e-01   -7.513524605925e-02  -5.014921968625e+01   1.866470374259e-01
 -3.399053753900e-01   -3.324378000692e-03   5.085617982730e-03  -3.310495004794e+00
 -4.768302874903e-04    4.548159050395e-05  -8.639622300733e-03  -3.310495004794e+00
 -1.777810543547e-03   -7.992685796100e-05  -2.504855727273e+00  -3.310495004794e+00
 -9.138139163733e-02    2.503901374637e-04  -4.042672337764e+01   1.109089673442e+00
 -1.760477670337e-01    1.353041105536e-03  -4.098464904611e+01   1.109089673442e+00
 -9.848053493448e-02    2.959211057116e-02  -4.085793333602e+01   1.109089673442e+00
 -1.496318590119e-01    5.969138534385e-02  -4.524253001051e+01   1.121984830762e+01
 -1.138833761140e-03    1.069194849140e-04  -4.876555140985e+01   1.121984830762e+01
 -9.387857476901e-05    3.223979822838e-04  -4.526716786428e+01   1.121984830762e+01
 -2.186886526975e-01   -8.620262507835e-03  -3.877814631585e+01   2.182434388051e+00
 -4.677062214111e-01   -4.845627697831e-03  -3.488457678015e+01   2.182434388051e+00
 -3.706502097611e-01   -7.361759965995e-03  -3.838860028739e+01   2.182434388051e+00
 -1.039448884834e-03   -3.149552381600e-04  -5.297479812564e+01   1.320783631276e+01
 -5.230672816683e-04    5.616772600014e-04  -4.883626145670e+01   1.320783631276e+01
 -1.772186370474e-01    5.018809009410e-02  -4.882778589903e+01   1.320783631276e+01
  1.675888716627e-04    1.671921374122e-04  -4.401439520497e+01   6.041386167989e+00
 -1.815364818319e-01   -2.604868621041e-02  -4.631769914593e+01   6.041386167989e+00
 -4.539044466806e-04   -6.125352956872e-05  -4.607583489797e+01   6.041386167989e+00
 -1.487968259895e-01    5.933603149101e-02  -4.523888444474e+01   1.340746422415e+01
 -1.758041493678e-01    5.045567357599e-02  -4.886725694296e+01   1.340746422415e+01
 -1.988265307271e-03    4.500748482753e-04  -4.877773182713e+01   1.340746422415e+01
 -2.004559116426e-03   -8.645087942213e-05  -5.298639283281e+01   1.532512257330e+01
 -1.763386010486e-01    4.995845530347e-02  -4.882367962659e+01   1.532512257330e+01
 -1.968370686017e-01    2.859228575924e-02  -5.306072341320e+01   1.532512257330e+01
 -7.346415289876e-04    2.767489609839e-04  -4.523062184033e+01   9.927313425836e+00
  3.426387955170e-04    1.819365427963e-04  -4.240314876512e+01   9.927313425836e+00
 -1.483764398709e-01    5.973266303325e-02  -4.527996907762e+01   9.927313425836e+00
 -4.631789680033e-01    1.026663070253e-02  -2.625218316302e+01   5.061175556655e-01
 -4.009924832240e-01    1.005979626259e-02  -2.651126455373e+01   5.061175556655e-01
 -3.623654465768e-01    6.205505097963e-03  -2.349167542790e+01   5.061175556655e-01
 -9.906005677998e-02    2.993072123971e-02  -4.085194914022e+01   6.870572584657e+00
 -1.184258242876e-01    4.976447256594e-02  -4.262833666940e+01   6.870572584657e+00
 -1.413274783479e-03    1.227035202751e-03  -4.236144298940e+01   6.870572584657e+00
 -3.162341634022e-04    4.065324242023e-04  -4.081217387985e+01   2.987761494193e+00
  1.217989672017e-04   -5.977432489400e-04  -4.017983569544e+01   2.987761494193e+00
 -9.894980078429e-02    2.907329755582e-02  -4.086428699592e+01   2.987761494193e+00
 -1.480594813119e-01    5.951600230086e-02  -4.524999613236e+01   6.152281779386e+00
 -1.188267293494e-01    5.009262787047e-02  -4.263299435902e+01   6.152281779386e+00
 -2.312497179190e-01    8.781762905088e-02  -4.331956604406e+01   6.152281779386e+00
 -1.475279259912e-01    5.940068288757e-02  -4.527710074452e+01   9.243876277543e+00
 -3.555181520216e-04    5.987094938416e-04  -4.240501348064e+01   9.243876277543e+00
 -1.190342847366e-01    5.010598638629e-02  -4.261495502085e+01   9.243876277543e+00
 -1.908710443794e-01    5.212780367574e-02  -4.154434036980e+01   4.509140778419e+00
 -2.304961018307e-01    8.747014161439e-02  -4.333777749074e+01   4.509140778419e+00
 -1.193187970532e-01    5.040764854936e-02  -4.261184902434e+01   4.509140778419e+00
 -1.761507114030e-01    5.048558684784e-02  -4.883058472355e+01   7.855154567517e+00
 -1.481918813652e-01    5.940779884207e-02  -4.528339615569e+01   7.855154567517e+00
 -2.845300672286e-01    9.894278272091e-02  -4.603216843481e+01   7.855154567517e+00
 -1.186751924264e-01    5.024182053215e-02  -4.260455766920e+01   3.813242797440e+00
 -9.869527423308e-02    2.937837893033e-02  -4.088041846117e+01   3.813242797440e+00
 -1.914185265158e-01    5.221397608729e-02  -4.155077573994e+01   3.813242797440e+00
 -7.853239526640e-04    8.504654799461e-04  -4.235196506898e+01   4.809993051481e+00
  5.490519352352e-05   -1.689285091211e-04  -4.082323192311e+01   4.809993051481e+00
 -9.963111572799e-02    3.016846455762e-02  -4.085488936333e+01   4.809993051481e+00
 -2.378935551440e-01    3.514926871740e-02  -4.663166700965e+01  -6.487878845332e+00
 -3.310836162016e-03   -1.099432928418e-04  -4.906416175934e+01  -6.487878845332e+00
 -2.744537863384e-01    3.248376275999e-02  -5.029480449376e+01  -6.487878845332e+00
 -2.835889902323e-01    9.872272077848e-02  -4.605709759668e+01   6.697384577977e+00
 -1.488132190963e-01    5.964346833514e-02  -4.525940960683e+01   6.697384577977e+00
 -2.306218329559e-01    8.770074039940e-02  -4.331203969740e+01   6.697384577977e+00
 -3.695843442457e-01    4.491853068929e-02  -5.335540371310e+01   9.883699890653e+00
 -3.827112058704e-01   -3.534777693459e-03  -5.758289006245e+01   9.883699890653e+00
 -2.076971556464e-01   -2.110899087007e-03  -5.754171018076e+01   9.883699890653e+00
 -3.694152099040e-01    4.521422358765e-02  -5.339650282407e+01   9.429213884570e+00
 -1.978832245567e-01    2.848140184205e-02  -5.302846130495e+01   9.429213884570e+00
 -3.343946249913e-01    8.229285342051e-02  -4.944870670953e+01   9.429213884570e+00
 -3.847395560183e-01   -3.268307165273e-03  -5.754169194818e+01   2.881340910930e+00
 -4.399131183024e-01    4.235382382514e-02  -5.365115103549e+01   2.881340910930e+00
 -4.385971068490e-01   -4.105650451763e-03  -5.758008272429e+01   2.881340910930e+00
 -3.023045340701e-01    1.363701458724e-02  -5.496811553102e+01  -1.651887301516e+00
 -4.386666581417e-01   -3.336439894048e-03  -5.755562489211e+01  -1.651887301516e+00
 -4.396446652405e-01    4.141459087592e-02  -5.370006782200e+01  -1.651887301516e+00
 -4.396538189306e-01   -3.861899052710e-03  -5.756609353966e+01  -2.730649206407e+00
 -3.012849450775e-01    1.412196501957e-02  -5.495635033752e+01  -2.730649206407e+00
 -3.003811403332e-01   -1.758673117994e-02  -6.013625322186e+01  -2.730649206407e+00
 -3.847915479475e-01   -4.233608258405e-03  -5.760945126987e+01   2.937314086097e+00
 -4.385736329060e-01   -3.618782413937e-03  -5.754872141800e+01   2.937314086097e+00
 -4.386897860546e-01   -5.169886967596e-02  -6.147398540298e+01   2.937314086097e+00
 -4.410131312927e-01    4.219622297961e-02  -5.367285843860e+01   3.979932368131e+00
 -3.834958269170e-01   -3.000560607278e-03  -5.752470972037e+01   3.979932368131e+00
 -3.696135837613e-01    4.480562952482e-02  -5.341588284257e+01   3.979932368131e+00
 -2.065097174239e-01   -2.053898492297e-03  -5.753773770072e+01   9.615934108644e+00
 -1.968739401735e-01    2.850297385632e-02  -5.306603233071e+01   9.615934108644e+00
 -3.705335846939e-01    4.502760996086e-02  -5.336127339384e+01   9.615934108644e+00
 -4.266567854333e-01    8.122426426515e-02  -5.015051304852e+01   3.196842980577e+00
 -3.348468021703e-01    8.254234283797e-02  -4.947578678546e+01   3.196842980577e+00
 -3.869235743662e-01    1.085104950625e-01  -4.692187246398e+01   3.196842980577e+00
 -3.351669181574e-01    8.248288407795e-02  -4.945681090991e+01   9.008831190670e+00
 -1.970180207164e-01    2.838571719636e-02  -5.302008052676e+01   9.008831190670e+00
 -1.760879588430e-01    5.045421951875e-02  -4.887011750512e+01   9.008831190670e+00
 -4.387776471716e-01    4.245783948554e-02  -5.368305036541e+01  -1.394842825665e+00
 -4.278862694787e-01    8.062584033221e-02  -5.015770340157e+01  -1.394842825665e+00
 -2.783758672226e-01    3.296033059332e-02  -5.032062677088e+01  -1.394842825665e+00
 -4.405288238909e-01    4.170107353282e-02  -5.371156361521e+01   3.003180610440e+00
 -3.698983227636e-01    4.532077542943e-02  -5.337737396631e+01   3.003180610440e+00
 -4.259896839219e-01    8.166089557375e-02  -5.009273935941e+01   3.003180610440e+00
 -2.842375262230e-01    9.869413343237e-02  -4.607662706610e+01   4.259840399238e+00
 -3.878936369721e-01    1.085659983619e-01  -4.694733395340e+01   4.259840399238e+00
 -3.337260838849e-01    8.260945931742e-02  -4.945133085726e+01   4.259840399238e+00
 -4.401367942110e-01    4.205161077586e-02  -5.369781938954e+01  -2.739991919273e+00
 -2.764117309992e-01    3.321847166834e-02  -5.029682976880e+01  -2.739991919273e+00
 -3.016995348793e-01    1.310122512980e-02  -5.496992917340e+01  -2.739991919273e+00
 -4.273918421418e-01    8.090933268206e-02  -5.014809441830e+01  -2.201594489290e+00
 -3.632102893884e-01    7.326924118658e-02  -4.754564072658e+01  -2.201594489290e+00
 -2.785930771659e-01    3.252411544821e-02  -5.032147493277e+01  -2.201594489290e+00
 -4.268922489936e-01    8.161776914768e-02  -5.011869785486e+01   4.263385510628e+00
 -3.689229678431e-01    4.553840029880e-02  -5.335280807942e+01   4.263385510628e+00
 -3.348297220710e-01    8.221509509880e-02  -4.950685688245e+01   4.263385510628e+00
 -1.769507152345e-01    5.062408283432e-02  -4.883882477181e+01   8.400562804384e+00
 -2.838673920694e-01    9.877636258219e-02  -4.602443482504e+01   8.400562804384e+00
 -3.341307049337e-01    8.244240702264e-02  -4.948769337877e+01   8.400562804384e+00
 -2.009562096040e-01    2.746439738504e-02  -4.413469203902e+01  -5.314123297457e+00
 -7.818162005613e-04   -2.483934018680e-04  -4.414119212597e+01  -5.314123297457e+00
 -2.374095668079e-01    3.504407052800e-02  -4.663655362452e+01  -5.314123297457e+00
 -3.335649107350e-01    1.064617683905e-01  -4.426849317167e+01   3.769073895211e+00
 -2.831766271869e-01    9.879568196094e-02  -4.603070608600e+01   3.769073895211e+00
 -2.309514618244e-01    8.761382298610e-02  -4.335124266062e+01   3.769073895211e+00
 -1.132089520958e-03   -6.960396800062e-04  -5.751203817103e+01   1.446206248832e+01
 -6.456825240728e-04    5.375551315143e-04  -5.304873333415e+01   1.446206248832e+01
 -1.980916675182e-01    2.786396109587e-02  -5.302061376628e+01   1.446206248832e+01
 -2.621657019682e-01    2.286570050860e-03  -4.174310653350e+01   8.948411820279e-01
 -2.867849744850e-01    6.857236967337e-02  -4.248073532981e+01   8.948411820279e-01
 -1.912677882422e-01    5.176603966928e-02  -4.156725709880e+01   8.948411820279e-01
 -9.901621370392e-02    2.967219762334e-02  -4.086792918885e+01   1.765632458775e+00
 -1.754853800597e-01    1.352306145445e-03  -4.097850520808e+01   1.765632458775e+00
 -1.908554410799e-01    5.172888448078e-02  -4.156431509036e+01   1.765632458775e+00
 -3.326825229822e-01    1.064466052635e-01  -4.424606235582e+01   2.910866257945e+00
 -3.877377295949e-01    1.083893751507e-01  -4.697257102096e+01   2.910866257945e+00
 -2.842180092745e-01    9.879672953172e-02  -4.605250908285e+01   2.910866257945e+00
 -2.309211867874e-01    8.757908723133e-02  -4.333183339619e+01   2.051431785787e+00
 -2.864301589261e-01    6.872764647477e-02  -4.245669000614e+01   2.051431785787e+00
 -3.333970439198e-01    1.063194772742e-01  -4.428702275026e+01   2.051431785787e+00
 -3.689749012567e-01    7.380495784869e-02  -4.310036234895e+01   8.574061084806e-01
 -3.324249947608e-01    1.059159491182e-01  -4.426733483819e+01   8.574061084806e-01
 -2.878464050271e-01    6.907717498027e-02  -4.250386054203e+01   8.574061084806e-01
 -3.337811496379e-01    1.063737731394e-01  -4.429072290887e+01   1.178857448289e+00
 -3.725161338513e-01    9.496886621183e-02  -4.504176944326e+01   1.178857448289e+00
 -3.865311555194e-01    1.081876483953e-01  -4.694940936594e+01   1.178857448289e+00
 -3.688365294336e-01    7.414821866942e-02  -4.309436892809e+01  -9.631749013310e-02
 -2.879223579530e-01    6.853302932433e-02  -4.250492374594e+01  -9.631749013310e-02
 -3.442651042467e-01    3.455797232163e-02  -4.218273289246e+01  -9.631749013310e-02
 -2.301176615492e-01    8.754290542346e-02  -4.331629459301e+01   2.724907563117e+00
 -1.911423418448e-01    5.193102935847e-02  -4.157614835037e+01   2.724907563117e+00
 -2.870321013921e-01    6.868283966495e-02  -4.247065303675e+01   2.724907563117e+00
 -2.663428810452e-01    2.198060355826e-02  -4.158215772643e+01  -2.179402509151e+00
 -3.589777836846e-01    2.995513506159e-02  -4.146891642425e+01  -2.179402509151e+00
 -2.634191084810e-01    9.832528138959e-03  -3.993482099339e+01  -2.179402509151e+00
 -4.747061041225e-01   -4.416488862036e-03  -3.490672970665e+01   2.867205003631e+00
 -2.709311517843e-03   -6.797184694225e-04  -3.599884393118e+01   2.867205003631e+00
 -4.638820391560e-03    5.319676666513e-04  -3.208624334352e+01   2.867205003631e+00
 -3.677519959853e-01    7.286291652684e-02  -4.307746404745e+01  -1.461218313941e+00
 -3.973286259307e-01    2.392839355724e-02  -4.135925341630e+01  -1.461218313941e+00
 -3.594049610514e-01    3.022668650360e-02  -4.148016434659e+01  -1.461218313941e+00
 -3.670329309012e-01    7.312661637305e-02  -4.306566813777e+01   2.809189647175e-02
 -3.458288674990e-01    3.534111311560e-02  -4.221510368300e+01   2.809189647175e-02
 -3.979236644113e-01    2.415971473841e-02  -4.137111513405e+01   2.809189647175e-02
 -3.984923655354e-01    2.380343220329e-02  -4.137708817046e+01   9.714019469448e-03
 -3.998808920298e-01    3.707409067872e-03  -4.119872268409e+01   9.714019469448e-03
 -4.314335962530e-01   -3.775172448032e-03  -3.999053161043e+01   9.714019469448e-03
 -3.724115913242e-01    9.506090766633e-02  -4.503900480300e+01   2.247609765549e-01
 -3.337005427077e-01    1.060641405481e-01  -4.428888668253e+01   2.247609765549e-01
 -3.676344525926e-01    7.349597099622e-02  -4.306805053651e+01   2.247609765549e-01
 -3.955485356563e-01    3.121218175155e-03  -3.859715253460e+01  -6.230496222143e-01
 -3.984160960626e-01    2.358586749137e-02  -4.138468893953e+01  -6.230496222143e-01
 -4.319715204523e-01   -3.567918445613e-03  -3.998868107063e+01  -6.230496222143e-01
 -3.986028294371e-01    2.489597847960e-02  -4.137147101135e+01  -3.138426301309e-01
 -3.455174228639e-01    3.433812750881e-02  -4.221581795213e+01  -3.138426301309e-01
 -3.999170967702e-01    2.886775186355e-03  -4.120022413588e+01  -3.138426301309e-01
 -2.865521177121e-01    6.813936841077e-02  -4.247834126269e+01   5.233565413882e-01
 -2.626735063022e-01    2.726326319271e-03  -4.176548629965e+01   5.233565413882e-01
 -3.451000817349e-01    3.472109102564e-02  -4.220991123650e+01   5.233565413882e-01
 -3.363085554119e-01    6.288914712475e-02  -4.389831518081e+01  -1.229816029563e+00
 -3.691877518379e-01    7.331465656552e-02  -4.309310143556e+01  -1.229816029563e+00
 -3.583105478691e-01    3.021716851574e-02  -4.146281209321e+01  -1.229816029563e+00
 -3.725308877766e-01    9.467927454731e-02  -4.504138428361e+01  -1.554306868068e+00
 -3.365137661348e-01    6.236298331312e-02  -4.391079326393e+01  -1.554306868068e+00
 -3.319954759480e-01    6.542817802569e-02  -4.550356122343e+01  -1.554306868068e+00
 -3.717574095972e-01    9.460351413768e-02  -4.503402880832e+01  -1.417015120894e+00
 -3.683736173387e-01    7.370568850228e-02  -4.307873085016e+01  -1.417015120894e+00
 -3.371796176573e-01    6.257570744945e-02  -4.392040732932e+01  -1.417015120894e+00
 -3.641465547614e-01    7.299817163889e-02  -4.757252561016e+01  -3.358925466792e+00
 -3.320829139466e-01    6.538356599755e-02  -4.550443429231e+01  -3.358925466792e+00
 -2.377356562791e-01    3.518671671660e-02  -4.664781680280e+01  -3.358925466792e+00
 -3.320362856303e-01    6.532198247133e-02  -4.550835848377e+01  -1.205104708643e+00
 -3.642260603089e-01    7.330636205471e-02  -4.757115547374e+01  -1.205104708643e+00
 -3.725235513818e-01    9.496082750322e-02  -4.503430439895e+01  -1.205104708643e+00
 -2.009098394186e-01    2.744426985054e-02  -4.413551578544e+01  -3.264919533945e+00
 -2.372919941881e-01    3.529782850743e-02  -4.663537728751e+01  -3.264919533945e+00
 -3.325379668978e-01    6.525096933911e-02  -4.551409618139e+01  -3.264919533945e+00
 -3.648967687636e-01    7.298666264585e-02  -4.757342067102e+01  -3.154016128286e+00
 -2.368922600786e-01    3.524010790913e-02  -4.663816398016e+01  -3.154016128286e+00
 -2.756135823920e-01    3.263756988125e-02  -5.028951740725e+01  -3.154016128286e+00
 -3.316892425223e-01    6.521557773778e-02  -4.550733996896e+01  -3.235413967419e+00
 -3.371379758099e-01    6.231983132810e-02  -4.391496992468e+01  -3.235413967419e+00
 -2.018714428377e-01    2.753734583798e-02  -4.414704833641e+01  -3.235413967419e+00
 -3.715533350313e-01    9.503782466490e-02  -4.501472749332e+01  -6.085213535589e-01
 -3.654039241359e-01    7.329990746309e-02  -4.758950655690e+01  -6.085213535589e-01
 -3.879296703833e-01    1.079756909065e-01  -4.697303590936e+01  -6.085213535589e-01
 -2.669665871831e-01    2.158854561333e-02  -4.159542521741e+01  -2.490004606040e+00
 -3.359851894894e-01    6.226168175337e-02  -4.390081377471e+01  -2.490004606040e+00
 -3.584401653120e-01    3.059240486489e-02  -4.146294470529e+01  -2.490004606040e+00
 -2.519233299841e-01    3.665425071645e-03  -3.851356459116e+01  -3.674255128527e+00
 -1.099149235820e-03   -1.835014719896e-04  -3.836439886920e+01  -3.674255128527e+00
 -2.635188713922e-01    9.811446639500e-03  -3.994368358986e+01  -3.674255128527e+00
 -2.518116858236e-01    3.661968013053e-03  -3.849917916502e+01  -2.029703877225e+00
 -3.947956800734e-01    2.986658159746e-03  -3.857671235908e+01  -2.029703877225e+00
 -3.470807038928e-01    4.673465337040e-03  -3.615531912826e+01  -2.029703877225e+00
 -1.064499592146e-03    1.912842528282e-04  -4.158818447619e+01  -3.773931829447e+00
 -2.646267441158e-01    9.967309033963e-03  -3.993541805624e+01  -3.773931829447e+00
 -2.391986423212e-04   -1.874362479358e-04  -3.835831877576e+01  -3.773931829447e+00
 -3.377816954988e-01   -3.240658620656e-03  -1.854916652530e-03  -1.105767074226e+00
 -4.003692990196e-01   -3.848334954468e-03  -2.726644175104e+00  -1.105767074226e+00
 -4.520997180846e-01   -1.046447627016e-03  -2.811725081628e-02  -1.105767074226e+00
  4.539323389161e-04    5.383429052159e-04  -7.041193737541e+01  -4.478087637758e+00
 -1.790358289890e-01   -3.103202220995e-02  -6.979140045750e+01  -4.478087637758e+00
 -7.220039347576e-04   -3.020106037688e-04  -6.950722031809e+01  -4.478087637758e+00
 -3.984846936243e-01    5.294528923446e-03  -3.219429056128e+01   3.042038365408e+00
 -4.710663782886e-01   -4.030085589830e-03  -3.489744495722e+01   3.042038365408e+00
 -6.934452166191e-03    6.109473328631e-04  -3.208665443874e+01   3.042038365408e+00
 -2.661794233552e-01    2.187838549606e-02  -4.157746131409e+01  -3.180099037902e+00
 -2.015140083326e-01    2.784783717068e-02  -4.413546665573e+01  -3.180099037902e+00
 -3.371974645386e-01    6.199929449226e-02  -4.391313563344e+01  -3.180099037902e+00
 -4.689524072086e-01   -8.522748160376e-04  -1.470471989356e+01  -6.010580587931e-02
 -4.319867045504e-01    1.958683073023e-03  -1.232958627115e+01  -6.010580587931e-02
 -4.137240240106e-01   -2.179751225424e-03  -1.184050235023e+01  -6.010580587931e-02
  2.937604156073e-04   -1.097654547308e-04  -4.411803602460e+01  -5.958028401594e+00
 -1.654915518874e-03    3.475495361276e-05  -4.903562368486e+01  -5.958028401594e+00
 -2.389808463845e-01    3.495351898481e-02  -4.664342498528e+01  -5.958028401594e+00
 -4.480324786788e-01    2.242568078161e-03  -3.267258830122e+01  -3.183047233131e+00
 -7.853487871302e-03    6.140875024106e-04  -3.578987409080e+01  -3.183047233131e+00
 -3.440391835862e-01    4.791850329948e-03  -3.613345713481e+01  -3.183047233131e+00
 -3.883524078952e-01    1.080672153784e-01  -4.698164818508e+01   2.865741645540e-01
 -3.649258576715e-01    7.325441758458e-02  -4.758316127212e+01   2.865741645540e-01
 -4.251611615698e-01    8.121385697005e-02  -5.012123322066e+01   2.865741645540e-01
 -4.003086318570e-01    3.493463937864e-03  -4.121510147640e+01   1.344890719191e-01
 -3.447687111605e-01    3.374695242975e-02  -4.220535922638e+01   1.344890719191e-01
 -3.383821929724e-01   -2.718029992767e-02  -4.221400401486e+01   1.344890719191e-01
 -1.928116443191e-03    4.939705699658e-04  -4.906089528880e+01  -6.249730127914e+00
 -3.019160702300e-01    1.410736495246e-02  -5.495913528828e+01  -6.249730127914e+00
 -2.754098428059e-01    3.217810442109e-02  -5.029846344852e+01  -6.249730127914e+00
 -4.661488523269e-01   -4.396902997264e-03  -3.483802242616e+01  -8.206392178863e-01
 -3.521378613546e-01    4.677229124769e-03  -3.614595011482e+01  -8.206392178863e-01
 -4.372870804377e-01   -1.045038031642e-03  -3.853749088192e+01  -8.206392178863e-01
 -4.043251792719e-01   -3.852206374378e-02  -5.378927880545e+01   2.472952168107e+00
 -4.010199214821e-01    1.568468695989e-03  -5.777610015240e+01   2.472952168107e+00
 -2.379538130108e-01   -1.169972284989e-02  -5.501459351945e+01   2.472952168107e+00
 -4.258685236870e-03   -1.848473292081e-04  -2.500544931690e+00  -3.036352368492e+00
 -4.014787828875e-01   -3.822874486926e-03  -2.708299523832e+00  -3.036352368492e+00
 -3.376438275254e-01   -3.290984511336e-03   1.142797710454e-02  -3.036352368492e+00
 -4.361873948537e-01   -1.090007020361e-03  -3.852633914550e+01  -5.638877358459e-01
 -3.956684146127e-01    3.237105322654e-03  -3.859245608767e+01  -5.638877358459e-01
 -4.316299612822e-01   -3.504442256205e-03  -3.998673373024e+01  -5.638877358459e-01
 -5.206817866392e-01   -4.021717830306e-03  -9.438877713335e+00  -2.314764990922e+00
 -4.289531043455e-01   -6.602407477352e-03  -5.654538430927e+00  -2.314764990922e+00
 -1.678510300497e-02    3.248685204398e-04  -8.716361813640e+00  -2.314764990922e+00
 -4.385675694802e-01   -1.013505162629e-03  -3.854152260478e+01  -6.522282695160e-01
 -3.501608306793e-01    4.642158259392e-03  -3.615290884501e+01  -6.522282695160e-01
 -3.932117723458e-01    3.055364868262e-03  -3.859205264151e+01  -6.522282695160e-01
 -3.472300577894e-01    4.541275004960e-03  -3.609623661038e+01  -6.915753886936e-01
 -4.693330038535e-01   -3.926762368297e-03  -3.483019093084e+01  -6.915753886936e-01
 -4.446636258658e-01    2.302567052249e-03  -3.265272808703e+01  -6.915753886936e-01
 -4.311899981214e-01   -3.613761066132e-03  -3.998646780788e+01   1.290566888697e+00
 -3.818815397162e-01   -1.991049456110e-02  -4.126886797716e+01   1.290566888697e+00
 -3.313114823767e-01   -2.560402949262e-02  -4.151081498777e+01   1.290566888697e+00
 -3.720978028537e-01   -7.213775179521e-03  -3.840937970173e+01   9.354069443570e-01
 -4.367331366871e-01   -9.180275635729e-04  -3.852630547226e+01   9.354069443570e-01
 -4.307978903992e-01   -3.799537607774e-03  -3.999783398226e+01   9.354069443570e-01
 -3.308734092770e-01   -2.524261789681e-02  -4.151701402901e+01   2.023272242154e+00
 -2.305583205452e-01   -8.842421983518e-03  -4.005586620522e+01   2.023272242154e+00
 -4.321548019251e-01   -4.017756379287e-03  -3.998913158801e+01   2.023272242154e+00
 -4.421672914249e-04    2.759023686356e-04  -3.978445938426e+01   3.886035887227e+00
 -2.333719379223e-01   -1.634368604441e-02  -4.146553017066e+01   3.886035887227e+00
 -5.432104171193e-04   -9.352820511818e-05  -4.156908700090e+01   3.886035887227e+00
 -2.322293098341e-01   -1.629167329216e-02  -4.146131523959e+01   3.904081132459e+00
 -1.261072586027e-03    3.394185370972e-04  -3.979205779996e+01   3.904081132459e+00
 -2.279586929661e-01   -8.518918726096e-03  -4.003724909105e+01   3.904081132459e+00
 -3.945952371808e-01    2.671306145527e-03  -3.859101115867e+01  -1.065418034424e+00
 -3.578285543662e-01    2.966118566600e-02  -4.145596133524e+01  -1.065418034424e+00
 -3.988812238678e-01    2.396804374372e-02  -4.138597169081e+01  -1.065418034424e+00
 -2.516387046499e-01    3.621106971792e-03  -3.850853145182e+01  -2.147821741831e+00
 -2.634563124224e-01    9.967023347098e-03  -3.995363040404e+01  -2.147821741831e+00
 -3.954052764111e-01    2.982089193692e-03  -3.858543090512e+01  -2.147821741831e+00
 -4.003090068748e-01   -3.374290699652e-03  -2.736889157205e+00  -3.511915139392e-01
 -4.310031631069e-01   -6.970481140568e-03  -5.810885698621e+00  -3.511915139392e-01
 -4.536861349683e-01   -5.786368192758e-03  -3.597957110447e+00  -3.511915139392e-01
 -6.593602827120e-03   -3.137953907508e-04  -2.880218131647e+01  -3.009110692460e+00
 -4.603753356777e-01    8.333028403651e-03  -2.611549278725e+01  -3.009110692460e+00
 -3.258678842158e-04   -2.646459333730e-04  -2.560578551339e+01  -3.009110692460e+00
 -1.250744089333e-02    2.042374582161e-04  -2.910481686902e+01   2.435288837073e+00
 -5.206518951038e-01    5.831795448266e-03  -2.928673148405e+01   2.435288837073e+00
 -3.993549014576e-01    4.987886953453e-03  -3.229692835456e+01   2.435288837073e+00
 -5.164685494840e-01    5.935201665168e-03  -2.929815402639e+01  -2.403589400866e+00
 -1.326564175372e-02   -2.527374289742e-04  -2.899492411414e+01  -2.403589400866e+00
 -4.467984173650e-01    1.916711957683e-03  -3.281525675290e+01  -2.403589400866e+00
 -4.106190929530e-01   -1.319631693675e-04  -1.676614840131e+01   6.303743294152e-01
 -4.777250986934e-01   -1.439248464708e-03  -1.848392122046e+01   6.303743294152e-01
 -4.094680978765e-01   -4.766982417413e-03  -2.024189787227e+01   6.303743294152e-01
 -4.140684306432e-01   -2.292665758974e-03  -1.184740462126e+01  -3.009481146259e+00
  1.324768988930e-04    4.945432005462e-05  -1.181950119849e+01  -3.009481146259e+00
 -5.017587768305e-03   -1.982858362770e-04  -1.483960279190e+01  -3.009481146259e+00
 -3.649209719929e-01    6.232922714541e-03  -2.344861112075e+01   8.168065213842e-01
 -4.766366347428e-01    6.253204837802e-03  -2.230963160553e+01   8.168065213842e-01
 -4.601559718461e-01    1.016542693074e-02  -2.626455973253e+01   8.168065213842e-01
 -4.738332270987e-01   -1.173200990566e-03  -1.830584824848e+01  -2.334860004664e+00
 -1.553846184686e-02    7.391469944674e-04  -2.223683112974e+01  -2.334860004664e+00
 -4.808516467182e-01    5.930883271672e-03  -2.229272412932e+01  -2.334860004664e+00
 -4.077146623329e-01   -1.132910323758e-04  -1.672729143747e+01   6.506289252575e-01
 -4.260552855594e-01    1.772438941177e-03  -1.231547524137e+01   6.506289252575e-01
 -4.730845410965e-01   -5.467988121315e-04  -1.469436101452e+01   6.506289252575e-01
 -4.819083757199e-01    6.656560713304e-03  -2.237856045451e+01  -2.271747197098e+00
 -1.410336030194e-02    9.658458461607e-05  -2.238906733887e+01  -2.271747197098e+00
 -4.559645861840e-01    9.167956955281e-03  -2.633537837760e+01  -2.271747197098e+00
 -4.581267311651e-01   -5.140391788585e-03  -3.597936425771e+00   2.963321219560e+00
 -4.651040839456e-03   -3.417646771859e-04  -5.969398061986e+00   2.963321219560e+00
 -2.931569127364e-03    4.660146260891e-04  -2.278637441421e+00   2.963321219560e+00
 -5.427345846221e-03    4.082333148676e-04  -5.507622041245e+00  -2.905392599176e+00
 -4.309082242965e-01   -6.230004212164e-03  -5.781941830178e+00  -2.905392599176e+00
 -4.009625790387e-01   -3.622312775051e-03  -2.716166558311e+00  -2.905392599176e+00
 -2.579565665726e-03    2.117509755613e-04  -5.510641135188e+00  -3.068909415404e+00
 -4.039505823463e-01   -3.711540917851e-03  -2.710043665688e+00  -3.068909415404e+00
 -2.094937263672e-03   -2.110524216936e-04  -2.520565924717e+00  -3.068909415404e+00
 -4.494736915153e-01   -9.200053248419e-04  -2.873185540614e-02  -3.940816591144e-01
 -4.030447356776e-01   -3.917339461989e-03  -2.713745942005e+00  -3.940816591144e-01
 -4.506367941114e-01   -4.983484945994e-03  -3.593291416385e+00  -3.940816591144e-01
  2.814805268429e-04   -1.021803966731e-04  -1.173815268851e+01  -3.008193308917e+00
 -4.134138752652e-01   -2.203567634589e-03  -1.199039719219e+01  -3.008193308917e+00
 -7.119923591760e-03   -2.195319311216e-05  -8.908333776316e+00  -3.008193308917e+00
 -4.346215997917e-01   -7.414146190169e-03  -5.811417437049e+00   2.989235059062e-01
 -5.113106586545e-01   -3.866275516133e-03  -9.493841297191e+00   2.989235059062e-01
 -3.960944269487e-01   -1.042296038726e-02  -6.891924044327e+00   2.989235059062e-01
 -4.340747632960e-01   -6.083418203953e-03  -5.722855691379e+00  -2.937386320681e+00
 -1.678292837395e-03    3.546295072882e-04  -5.559512148255e+00  -2.937386320681e+00
 -7.348647574266e-03    2.158214901022e-04  -8.704997552310e+00  -2.937386320681e+00
 -4.361161009224e-01   -7.470363230201e-03  -5.803857256560e+00   2.832504311975e-01
 -3.955221033647e-01   -1.045976527897e-02  -6.808409132048e+00   2.832504311975e-01
 -4.502987314558e-01   -5.831080726481e-03  -3.555514054612e+00   2.832504311975e-01
 -1.464910307768e-03   -1.911681753940e-04  -5.958299067204e+00   3.271320580819e+00
 -3.956187724685e-01   -9.627758449956e-03  -6.769347496062e+00   3.271320580819e+00
 -3.255258907730e-03    3.328300722290e-04  -9.090864826291e+00   3.271320580819e+00
 -9.860273029672e-03    6.133748753409e-04  -9.110879543560e+00   2.733007872101e+00
 -3.920132934975e-01   -9.739982342634e-03  -6.747536831634e+00   2.733007872101e+00
 -5.147210851353e-01   -3.505416833829e-03  -9.449233579752e+00   2.733007872101e+00
 -4.525404631311e-01    2.163822577562e-03  -3.269906812844e+01  -3.121771231954e+00
 -9.093228631573e-04   -3.029254737032e-04  -3.238866426391e+01  -3.121771231954e+00
 -4.337427995766e-03    3.706940672921e-04  -3.577053125425e+01  -3.121771231954e+00
 -4.026938488054e-01    4.820331773054e-03  -3.222213604303e+01   3.422857425256e-01
 -4.493373259970e-01    2.145272525555e-03  -3.267955426940e+01   3.422857425256e-01
 -4.652516654694e-01   -3.766018072978e-03  -3.489903368788e+01   3.422857425256e-01
 -1.644677524683e-03   -7.714367373231e-05  -2.542277414882e+01   3.156838578642e+00
 -4.056507128138e-01    9.609483291160e-03  -2.638689277317e+01   3.156838578642e+00
 -4.472995005048e-03   -6.933585975811e-05  -2.900352669394e+01   3.156838578642e+00
 -4.484388020470e-01    1.959643913481e-03  -3.267748728492e+01   4.673617921907e-01
 -4.042713061166e-01    4.795083712507e-03  -3.215494357273e+01   4.673617921907e-01
 -5.129592360239e-01    5.803322884857e-03  -2.926522308205e+01   4.673617921907e-01
 -4.028300430690e-01    5.384909447307e-03  -3.224355263481e+01   3.059505624946e+00
 -1.322182677074e-03    3.551327343385e-04  -3.208416201812e+01   3.059505624946e+00
 -5.088146664809e-03    1.178073054850e-04  -2.913057057754e+01   3.059505624946e+00
 -4.305308699689e-03    1.331718686082e-04  -9.227702143024e+00   3.276350486289e+00
 -4.327539656573e-01    1.942123956567e-03  -1.233958885672e+01   3.276350486289e+00
 -4.916091161083e-04   -1.279237689521e-05  -1.287564245686e+01   3.276350486289e+00
 -6.930730831524e-04   -1.490745677493e-04  -3.234514983134e+01  -3.116944804859e+00
 -4.518801432433e-01    1.840078623253e-03  -3.276984867398e+01  -3.116944804859e+00
 -6.072146526013e-03   -1.643895888613e-04  -2.900612416436e+01  -3.116944804859e+00
 -4.147578996998e-01   -2.089950856883e-03  -1.188627688801e+01  -2.652451032512e-01
 -4.304206772324e-01    2.017526748876e-03  -1.222881728064e+01  -2.652451032512e-01
 -5.114655769627e-01   -3.269641635176e-03  -9.420747332659e+00  -2.652451032512e-01
 -1.553417277752e-02   -4.869130564021e-06  -8.874609663038e+00  -2.115852167346e+00
 -4.086229708715e-01   -2.043182952547e-03  -1.207888234669e+01  -2.115852167346e+00
 -5.215602059960e-01   -3.645848325939e-03  -9.467764712988e+00  -2.115852167346e+00
 -4.103538819151e-01   -2.211153706483e-03  -1.176516716930e+01  -2.349089471241e+00
 -1.141998673548e-02   -4.789720289942e-04  -1.486436284051e+01  -2.349089471241e+00
 -4.729909355860e-01   -1.133262230707e-03  -1.465831744670e+01  -2.349089471241e+00
 -4.108991727051e-01   -3.598826076684e-04  -1.676642454378e+01   3.229886661544e+00
 -4.097951092560e-01   -4.427632151105e-03  -2.023729955185e+01   3.229886661544e+00
 -6.221108507014e-03    3.361874090592e-05  -1.927468544473e+01   3.229886661544e+00
 -4.801271387587e-01   -1.185088433674e-03  -1.852856452405e+01  -2.824705486121e+00
 -6.843789348901e-03   -3.267553518375e-04  -1.501581857608e+01  -2.824705486121e+00
 -1.031078138994e-03    1.423799856504e-04  -1.860239985259e+01  -2.824705486121e+00
 -8.204024111637e-04    6.565410328368e-05  -1.289125264967e+01   3.273648644081e+00
 -4.314873692337e-01    1.746207527110e-03  -1.232052865213e+01   3.273648644081e+00
 -3.748121658143e-03   -1.458851068801e-04  -1.596587092875e+01   3.273648644081e+00
 -4.037559626934e-01    1.022560007024e-02  -2.653336107122e+01   6.003119600614e-01
 -4.576339661656e-01    9.650993918053e-03  -2.620340403734e+01   6.003119600614e-01
 -5.114835498689e-01    5.942461615143e-03  -2.924952729986e+01   6.003119600614e-01
 -1.310867434530e-02    3.868121624647e-06  -2.900081542692e+01   2.569107004449e+00
 -4.000233582014e-01    9.648912656486e-03  -2.634769456152e+01   2.569107004449e+00
 -5.198290437812e-01    6.044896900172e-03  -2.925417119757e+01   2.569107004449e+00
 -4.014557839073e-03   -2.647674766903e-04  -2.537928691980e+01   3.203292838436e+00
 -3.582872625369e-01    5.536875056319e-03  -2.353042990161e+01   3.203292838436e+00
 -4.033486578509e-01    9.941717770709e-03  -2.642324262459e+01   3.203292838436e+00
 -3.596460203693e-01    4.780860493274e-03  -2.356371135377e+01   3.493552860204e+00
 -1.145688127326e-03    8.306617851315e-06  -2.537263916486e+01   3.493552860204e+00
 -1.447870277288e-03   -3.184516251414e-04  -2.272700723656e+01   3.493552860204e+00
 -2.221928699830e-03    1.618213687792e-04  -1.926300619953e+01   3.269567475366e+00
 -4.135296580123e-01   -4.523246158224e-03  -2.024473204274e+01   3.269567475366e+00
 -2.501864879553e-03   -1.407102380390e-04  -2.272166106082e+01   3.269567475366e+00
 -4.118799681110e-01   -5.133339602196e-03  -2.030177586747e+01   5.732750499012e-01
 -4.742409595270e-01   -1.451033458043e-03  -1.839574216935e+01   5.732750499012e-01
 -4.776151297205e-01    5.631497901588e-03  -2.228090527573e+01   5.732750499012e-01
 -7.632141280370e-03    4.744515323444e-04  -2.220673966362e+01  -2.826577748703e+00
 -4.799815149887e-01   -8.864787080383e-04  -1.838863273966e+01  -2.826577748703e+00
 -8.786842957343e-04   -4.089075862724e-06  -1.868435013912e+01  -2.826577748703e+00
 -1.604621036431e-04   -4.884517200281e-04  -2.553017084970e+01  -3.011812504588e+00
 -4.605323567286e-01    8.550785202145e-03  -2.624338792561e+01  -3.011812504588e+00
 -6.456132372399e-03    9.714617650422e-06  -2.240618716437e+01  -3.011812504588e+00
 -4.093821946746e-01   -4.764925085833e-03  -2.026544563579e+01   3.265927216781e+00
 -3.556471183105e-01    4.755531034892e-03  -2.356926840239e+01   3.265927216781e+00
 -5.851422125204e-03   -4.133936756583e-04  -2.272996999091e+01   3.265927216781e+00
 -4.076790210360e-01   -5.143600007817e-03  -2.028231596416e+01   1.046859286558e+00
 -4.807734332911e-01    6.007649984669e-03  -2.226953855467e+01   1.046859286558e+00
 -3.571548307078e-01    5.371122753265e-03  -2.352834756878e+01   1.046859286558e+00
 -4.136353995441e-01   -4.395830770105e-04  -1.676043685641e+01   3.228737268688e+00
 -2.815611294824e-03   -3.433268279942e-05  -1.927958623686e+01   3.228737268688e+00
 -2.206843961976e-03   -8.442927988357e-05  -1.595425177810e+01   3.228737268688e+00
 -4.272764155985e-01    1.745256739658e-03  -1.231432742975e+01   3.159141290921e+00
 -4.075485137503e-01   -2.528889449684e-04  -1.673600548505e+01   3.159141290921e+00
 -7.570534129981e-03   -2.145746435745e-04  -1.596506537071e+01   3.159141290921e+00
 -4.739877497084e-01   -1.307503025950e-03  -1.855954218269e+01   5.680736350244e-01
 -4.134273630876e-01    4.742743738836e-05  -1.672263934991e+01   5.680736350244e-01
 -4.690256397868e-01   -6.587816694743e-04  -1.471089455139e+01   5.680736350244e-01
