
  8.574351320145e-04   -1.031472767851e-03   1.069236884453e+02  -5.994138810397e+00
  2.709926637762e-01   -9.418953276803e-04   1.077488191173e+02  -5.994138810397e+00
 -1.477596822397e-04    4.219884672781e-04   1.072297445432e+02  -5.994138810397e+00
  3.280854245670e-01   -4.625763174749e-02   9.893031355389e+01  -1.090664327879e+01
 -2.427214412906e-04   -9.547287458089e-06   1.030170410033e+02  -1.090664327879e+01
  9.202984261788e-04    2.050955908125e-05   9.877979370818e+01  -1.090664327879e+01
  2.707716589466e-01    5.805090782334e-04   1.077566362808e+02  -6.296571840413e+00
  4.413821991050e-01   -9.310067135709e-02   1.075810243738e+02  -6.296571840413e+00
  4.734496492321e-01   -1.219236473706e-03   1.091998342913e+02  -6.296571840413e+00
  4.431466818508e-01   -9.229356555660e-02   1.075543149747e+02  -5.956087611773e+00
  2.693234337481e-01   -2.377276993224e-04   1.077975492490e+02  -5.956087611773e+00
  2.067344505315e-01   -3.695287579400e-02   1.066492643046e+02  -5.956087611773e+00
  5.498691594459e-01   -1.150004495471e-01   1.100174203195e+02  -4.191226060400e+00
  4.736471576612e-01   -1.190384654682e-03   1.092506938465e+02  -4.191226060400e+00
  4.416244246077e-01   -9.386743807882e-02   1.075506081805e+02  -4.191226060400e+00
  6.898409403955e-01    7.096677291734e-03   5.373529705691e+00  -4.578892734366e+00
  9.389282598765e-03   -5.953637312355e-04   3.363567917331e+00  -4.578892734366e+00
  5.059733294624e-01   -7.168558948585e-03  -3.132823513100e-02  -4.578892734366e+00
  2.072390379642e-01   -3.637660546335e-02   1.066419587047e+02  -5.740369460277e+00
  4.236684035261e-01   -1.018416613010e-01   1.055118728754e+02  -5.740369460277e+00
  4.431076342350e-01   -9.286666839778e-02   1.075428246249e+02  -5.740369460277e+00
  6.562332957444e-01    6.268096775640e-03   6.041245038731e+01  -2.599948006253e+00
  3.493232669137e-01    1.382717907476e-02   6.050271968167e+01  -2.599948006253e+00
  5.624847277966e-01    1.069679202584e-02   5.801890933849e+01  -2.599948006253e+00
  2.557162448897e-01   -4.981790968632e-02   1.038917409999e+02  -5.487569059328e+00
  3.283315713565e-01   -4.650360095219e-02   9.892645652397e+01  -5.487569059328e+00
  4.795339982250e-01   -1.137710753365e-01   1.026657351835e+02  -5.487569059328e+00
  9.287744511422e-04    2.068114203943e-04   1.057644954107e+02  -7.860382362485e+00
  2.549030092239e-01   -4.956358941163e-02   1.039087062562e+02  -7.860382362485e+00
  2.065512319169e-01   -3.665633460561e-02   1.066688479793e+02  -7.860382362485e+00
  4.242678323586e-01   -1.019192394874e-01   1.055029459336e+02  -2.810597273114e+00
  4.786876725069e-01   -1.143905943060e-01   1.026698180325e+02  -2.810597273114e+00
  5.209025407499e-01   -1.534725233162e-01   1.066244710418e+02  -2.810597273114e+00
  4.786151848877e-01   -1.138451009411e-01   1.026720752876e+02  -5.877438995008e+00
  4.242447059770e-01   -1.020282216223e-01   1.055066652688e+02  -5.877438995008e+00
  2.567024366071e-01   -4.974892853312e-02   1.038758929179e+02  -5.877438995008e+00
  5.550088511974e-01   -1.727712079676e-01   1.037872779046e+02  -1.790446389903e+00
  5.194664122039e-01   -1.535726665202e-01   1.066567923603e+02  -1.790446389903e+00
  4.805114618219e-01   -1.143778506224e-01   1.026400131769e+02  -1.790446389903e+00
  4.241786183812e-01   -1.020644736187e-01   1.055047777429e+02  -3.575623745551e+00
  5.209763214196e-01   -1.531331389415e-01   1.066245599958e+02  -3.575623745551e+00
  4.422301946821e-01   -9.309232596210e-02   1.075619276199e+02  -3.575623745551e+00
  5.555787400303e-01   -1.729187319988e-01   1.037696944674e+02  -4.306236705813e-01
  4.799234723213e-01   -1.142662740365e-01   1.026555874039e+02  -4.306236705813e-01
  5.958064451194e-01   -1.285210145284e-01   9.891113328741e+01  -4.306236705813e-01
  2.556863360579e-01   -4.997960526044e-02   1.039014661287e+02  -5.643234221269e+00
  4.248771112244e-01   -1.017887561739e-01   1.054931849487e+02  -5.643234221269e+00
  2.060072401186e-01   -3.638734980430e-02   1.066739043032e+02  -5.643234221269e+00
  9.759292603115e-04   -2.720961193237e-04   8.611036613407e+01  -1.198396290383e+01
  5.511162614007e-04    4.858347195409e-04   7.400882973436e+01  -1.198396290383e+01
  3.607317743419e-01    1.762336012340e-02   8.325520047204e+01  -1.198396290383e+01
  5.484416284679e-01   -1.152773155682e-01   1.100117567770e+02  -3.601115297732e+00
  4.431317150193e-01   -9.333097706331e-02   1.075409930721e+02  -3.601115297732e+00
  5.198813789513e-01   -1.531671971245e-01   1.066382574896e+02  -3.601115297732e+00
  6.099244567870e-01   -2.419713531515e-03   1.117535745460e+02  -2.352934680941e+00
  5.467715524079e-01   -1.141716833040e-01   1.100105322482e+02  -2.352934680941e+00
  5.646114121142e-01   -5.057567864317e-02   1.124528606304e+02  -2.352934680941e+00
  6.084630270396e-01   -6.574085194627e-04   1.117273036245e+02  -5.216979494755e+00
  4.750009896411e-01   -6.529318165188e-04   1.092383816541e+02  -5.216979494755e+00
  5.482272349630e-01   -1.150227605918e-01   1.100342057370e+02  -5.216979494755e+00
  6.106809929118e-01   -2.377712553596e-03   1.117774531651e+02  -2.446361589886e+00
  5.641378989601e-01   -5.002093478429e-02   1.124505383212e+02  -2.446361589886e+00
  6.762218700846e-01    8.186514722222e-04   1.136523707278e+02  -2.446361589886e+00
  5.620438417301e-01   -4.837625302311e-02   1.124532770216e+02  -1.311943439695e+00
  5.498503950356e-01   -1.158740399016e-01   1.100015982845e+02  -1.311943439695e+00
  4.549524630118e-01   -1.077970426130e-01   1.111982773807e+02  -1.311943439695e+00
  4.350620987524e-01    8.249060814702e-03   1.124390849461e+02   2.088347104367e-01
  5.634190868293e-01   -4.856056836337e-02   1.124078473204e+02   2.088347104367e-01
  4.527217644751e-01   -1.069982425011e-01   1.112330592656e+02   2.088347104367e-01
  5.627717580893e-01   -4.680564805558e-02   1.124359852500e+02  -7.892763209816e-01
  5.715966767280e-01    5.992377614797e-02   1.123834695218e+02  -7.892763209816e-01
  6.768261758553e-01   -2.125953610289e-03   1.136482288803e+02  -7.892763209816e-01
  5.498374923990e-01   -1.154606949710e-01   1.099926633818e+02   3.010472377955e-01
  4.941713173652e-01   -1.706180019084e-01   1.081421518801e+02   3.010472377955e-01
  4.549328135746e-01   -1.085735594357e-01   1.112032011072e+02   3.010472377955e-01
  3.819998163806e-01   -5.572793847940e-03   5.815023073880e+01   4.877466256068e+00
  5.260206278838e-01   -7.488796523290e-03   5.461216528193e+01   4.877466256069e+00
  5.813533958434e-03   -5.666777035594e-04   5.400367535366e+01   4.877466256068e+00
  3.521214883523e-01   -1.396036734364e-01   1.095912408063e+02   5.155929441090e+00
  4.961092383588e-01   -1.714078149474e-01   1.081460076020e+02   5.155929441090e+00
  4.192767241649e-01   -1.573037152752e-01   1.052673481278e+02   5.155929441090e+00
  4.963356592679e-01   -1.708316854776e-01   1.081161391702e+02  -8.407527173109e-01
  5.474327628965e-01   -1.150082379971e-01   1.100318339684e+02  -8.407527173109e-01
  5.209526063932e-01   -1.537086506055e-01   1.066231329752e+02  -8.407527173109e-01
  1.564916832814e-01   -4.381769604654e-02   1.133828560412e+02   5.645050483554e+00
  3.032006736140e-01   -7.949521902816e-02   1.124852728777e+02   5.645050483554e+00
  1.833347768456e-01   -8.171327671880e-02   1.108111196360e+02   5.645050483554e+00
  3.029605833089e-01   -7.914497046974e-02   1.124518484392e+02   3.720783546570e+00
  4.533419482454e-01   -1.077427712844e-01   1.112436769550e+02   3.720783546570e+00
  3.506801434225e-01   -1.395108793088e-01   1.096457299544e+02   3.720783546570e+00
  3.514105543580e-01   -1.394144160081e-01   1.096155099578e+02   6.292144017020e+00
  1.843105318468e-01   -8.187465084294e-02   1.107955715408e+02   6.292144017020e+00
  3.023682033058e-01   -7.942794668422e-02   1.124968360173e+02   6.292144017020e+00
  3.030096898328e-01   -7.891090232109e-02   1.124642200302e+02   7.849615859918e-01
  4.340887930545e-01    8.874045046752e-03   1.124750398293e+02   7.849615859918e-01
  4.531615115129e-01   -1.075732484093e-01   1.112304073328e+02   7.849615859918e-01
  5.547664507752e-01   -1.734032805907e-01   1.037834965823e+02   3.664499615291e+00
  4.209576998473e-01   -1.573107376050e-01   1.052350558635e+02   3.664499615291e+00
  4.946613727096e-01   -1.713894467369e-01   1.081792395755e+02   3.664499615291e+00
  3.519513063441e-01   -1.395135461475e-01   1.096206060497e+02   2.279024253642e+00
  4.523995517328e-01   -1.078994385467e-01   1.112666086353e+02   2.279024253642e+00
  4.959455905789e-01   -1.712349206185e-01   1.081167210909e+02   2.279024253642e+00
  5.527755601308e-01   -1.730896805985e-01   1.038190608238e+02   8.752318473944e-01
  4.964615215422e-01   -1.713074701058e-01   1.081105904417e+02   8.752318473944e-01
  5.211252580872e-01   -1.534923260241e-01   1.066212203793e+02   8.752318473944e-01
  3.024935754249e-01   -7.878725280011e-02   1.124669409168e+02   2.314347725551e+00
  1.568615656095e-01   -4.429910075074e-02   1.134048295188e+02   2.314347725551e+00
  2.869899907403e-01    6.631076664928e-03   1.134794488446e+02   2.314347725551e+00
  5.990573134414e-01   -1.280841936822e-01   9.886600765089e+01  -3.982388501369e+00
  4.773357676450e-01   -1.141726535093e-01   1.027128498881e+02  -3.982388501369e+00
  3.322552922457e-01   -4.633434115352e-02   9.887030996005e+01  -3.982388501369e+00
  6.841234136537e-01    7.272795657440e-03   5.398886924862e+00  -1.805311767344e+00
  5.085042390479e-01   -7.078331106919e-03   4.522903489948e-03  -1.805311767344e+00
  6.874026026973e-01    1.593682042014e-03   6.580846342187e-02  -1.805311767344e+00
  6.100452918625e-01   -6.818840916033e-02   9.347388042097e+01  -3.761085753254e+00
  3.564711579018e-01   -1.980647253486e-02   9.159459296620e+01  -3.761085753254e+00
  6.073531205200e-01   -5.741435183719e-03   8.743596785998e+01  -3.761085753254e+00
  6.087027749790e-01   -6.968392803020e-02   9.350348023996e+01  -2.887613882353e+00
  5.998343989227e-01   -1.276239072661e-01   9.884571427335e+01  -2.887613882353e+00
  3.318614682244e-01   -4.703693470524e-02   9.888107991313e+01  -2.887613882353e+00
  5.550018927267e-01   -1.736306723338e-01   1.038258153103e+02   5.775711903294e+00
  4.866121166112e-01   -1.321184627634e-01   9.987814711416e+01   5.775711903294e+00
  4.210130017712e-01   -1.571614727410e-01   1.051945716746e+02   5.775711903294e+00
  4.883666962529e-01   -1.320700370784e-01   9.984168696941e+01   4.154190873598e+00
  5.534491201104e-01   -1.734891453639e-01   1.038642281243e+02   4.154190873598e+00
  5.981309257633e-01   -1.286171828924e-01   9.886401774425e+01   4.154190873598e+00
  5.349329332007e-01   -7.664461933938e-02   9.384479604785e+01   5.661322404600e+00
  4.882965501257e-01   -1.315921464323e-01   9.979088024644e+01   5.661322404600e+00
  5.985312874224e-01   -1.291837118758e-01   9.891554870376e+01   5.661322404600e+00
  2.584838813296e-01   -8.013649229913e-02   1.007360451120e+02   1.233627548125e+01
  4.203969524979e-01   -1.572242048630e-01   1.052762031084e+02   1.233627548125e+01
  4.872979496507e-01   -1.319062786824e-01   9.981946006723e+01   1.233627548125e+01
  5.971332179102e-01   -1.291599191768e-01   9.895503923655e+01   3.766619372928e+00
  6.113722292384e-01   -6.863739119708e-02   9.344903539095e+01   3.766619372928e+00
  5.364169844366e-01   -7.637898459739e-02   9.380761220882e+01   3.766619372928e+00
  6.108015301212e-01   -6.911597396088e-02   9.347682054285e+01  -5.187022774086e+00
  3.291416182107e-01   -4.743312190840e-02   9.893213355046e+01  -5.187022774086e+00
  3.551806313171e-01   -1.903329442218e-02   9.159783809882e+01  -5.187022774086e+00
  5.556841514755e-01   -6.513741894916e-03   8.746328059359e+01   5.105735818125e+00
  5.359538291382e-01   -7.558518900186e-02   9.374867081672e+01   5.105735818125e+00
  6.121361218489e-01   -6.941600034327e-02   9.350610445332e+01   5.105735818125e+00
  1.036198275919e-03   -5.897978411993e-04   8.733062220626e+01   2.212611428383e+01
  3.089130778727e-01   -2.157738232980e-03   8.740246833621e+01   2.212611428383e+01
  9.590258598445e-04    1.346893063570e-03   8.052754970626e+01   2.212611428383e+01
  5.371822412283e-01   -7.598232260799e-02   9.382823515809e+01   1.391360191268e+01
  3.077202785449e-01   -3.178914071687e-03   8.741243194141e+01   1.391360191268e+01
  2.895567139427e-01   -4.891784851177e-02   9.420468666486e+01   1.391360191268e+01
  3.092935981441e-01   -3.118050799239e-03   8.740827086343e+01   1.397856337787e+01
  5.358405927311e-01   -7.579119040271e-02   9.383598942693e+01   1.397856337787e+01
  5.544422160452e-01   -5.659433979699e-03   8.737879059233e+01   1.397856337787e+01
  2.896179770488e-01   -4.839733909115e-02   9.425402650557e+01   2.382304310146e+01
  3.072268830311e-01   -4.176895982146e-03   8.732625514296e+01   2.382304310146e+01
  2.240477500587e-03   -1.363028755901e-03   9.426336598741e+01   2.382304310146e+01
  5.357526466789e-01   -7.621682526175e-02   9.377573822735e+01   1.362761705338e+01
  2.907054401476e-01   -4.889013355872e-02   9.426365563935e+01   1.362761705338e+01
  4.874934708098e-01   -1.316150225144e-01   9.987957048654e+01   1.362761705338e+01
  5.349666891248e-01    6.421564514804e-02   8.096229533145e+01   1.392242923935e+01
  3.091835473130e-01   -3.350024643878e-03   8.732295642378e+01   1.392242923935e+01
  5.544759505418e-01   -5.151871909935e-03   8.740101601348e+01   1.392242923935e+01
  5.575571949648e-01   -6.187300787481e-03   8.743828992115e+01   3.428481456024e+00
  6.104710993787e-01   -6.958720698512e-02   9.353903556142e+01   3.428481456024e+00
  6.071430124931e-01   -4.650206675874e-03   8.740135023926e+01   3.428481456024e+00
  3.549891541994e-01   -2.038598279457e-02   9.160705527324e+01  -5.411103438588e+00
  3.588708192898e-01    1.766708032981e-02   8.324455479263e+01  -5.411103438588e+00
  6.088903579348e-01   -5.060731236066e-03   8.742493619147e+01  -5.411103438588e+00
  2.572560178402e-01   -7.990240800357e-02   1.006842412283e+02   1.319000970893e+01
  4.887959222695e-01   -1.319295478377e-01   9.986731611357e+01   1.319000970893e+01
  2.891705842115e-01   -4.875087288498e-02   9.427691286332e+01   1.319000970893e+01
  5.265515551763e-05   -1.894561517842e-04   1.108086899416e+02   1.289175283333e+01
  1.854667948891e-01   -8.234648556404e-02   1.108210373325e+02   1.289175283333e+01
  1.345322171689e-03   -7.725792750483e-04   1.065840194827e+02   1.289175283333e+01
  1.837478843527e-01   -8.140696298819e-02   1.107670913554e+02   9.073039259524e+00
  3.524602561922e-01   -1.399987717676e-01   1.096449121064e+02   9.073039259524e+00
  2.209782008243e-01   -9.332103493282e-02   1.064110054708e+02   9.073039259524e+00
  3.056505805201e-01   -4.132238305419e-02   6.670070190465e+01   7.629882019239e+00
  1.256500417150e-04    4.909359223846e-04   6.284604770476e+01   7.629882019239e+00
  9.035385575797e-04   -1.578193522506e-04   6.672399125176e+01   7.629882019239e+00
  1.194390056852e-03   -1.730909164815e-03   1.138386428676e+02   4.135313525902e+00
  1.485704394501e-01    3.201791718928e-03   1.143739218619e+02   4.135313525902e+00
  1.561114817522e-01   -4.323084720331e-02   1.133923823365e+02   4.135313525902e+00
  7.954267270846e-04   -6.912718154559e-04   1.108496407387e+02   1.045136398551e+01
 -3.681985403288e-04    4.885538351807e-04   1.138085129675e+02   1.045136398551e+01
  1.839910445745e-01   -8.134380206618e-02   1.107797194250e+02   1.045136398551e+01
  3.389571395072e-01    6.590070355325e-02   1.029424326872e+02   7.906991377399e+00
  1.484160274327e-03   -2.733693809578e-04   1.050864761085e+02   7.906991377399e+00
  2.703989014640e-01    4.728939049282e-02   1.055368646997e+02   7.906991377399e+00
  1.844672177363e-01   -8.185235797708e-02   1.108268122349e+02   1.588850706318e+01
  2.207074376798e-01   -9.296121409669e-02   1.063634157207e+02   1.588850706318e+01
  2.330353908651e-03   -1.317560847949e-03   1.065650151677e+02   1.588850706318e+01
  4.453203499889e-04    8.547449499170e-05   1.138012334535e+02   8.214648731159e+00
  1.566339551965e-01   -4.421410019688e-02   1.134011262080e+02   8.214648731159e+00
  1.829355107408e-01   -8.094258179645e-02   1.107865456027e+02   8.214648731159e+00
  1.623910716384e-03    1.943069768689e-04   9.435069228038e+01   2.070686813529e+01
  2.969637497452e-04   -1.282518428305e-03   1.008419109574e+02   2.070686813529e+01
  2.899386031010e-01   -4.984602881076e-02   9.420076986718e+01   2.070686813529e+01
  6.547218524175e-04   -1.196102554858e-03   9.425374631288e+01   2.215984960394e+01
  3.088917509825e-01   -4.175998898175e-03   8.732631014110e+01   2.215984960394e+01
  1.111454035463e-03    5.058863122656e-04   8.740681645449e+01   2.215984960394e+01
  4.551903886230e-01    2.713561977260e-02   9.099543140159e+01   9.261867171123e+00
  3.498657112817e-03    4.919034892536e-04   9.803756497840e+01   9.261867171123e+00
  4.031801489315e-01    6.075060949027e-02   9.789721464115e+01   9.261867171123e+00
  3.216936792113e-04   -6.642455461564e-04   1.064857857467e+02   1.688714473522e+01
  2.227542925265e-01   -9.335304470342e-02   1.064177889092e+02   1.688714473522e+01
  1.900029811048e-03   -2.587061565797e-04   1.009865001512e+02   1.688714473522e+01
  1.969118841635e-03   -1.879077116732e-03   1.008486713392e+02   2.162535420139e+01
  2.572754465218e-01   -7.932492709547e-02   1.007299511421e+02   2.162535420139e+01
  2.883887323038e-01   -4.953327281699e-02   9.420264090428e+01   2.162535420139e+01
  3.550211202408e-01   -1.931319871678e-02   9.160496778797e+01  -1.094952830180e+01
  3.472277892083e-03    4.616995212820e-04   8.614494292427e+01  -1.094952830180e+01
  3.584859834457e-01    1.683066103243e-02   8.324559132079e+01  -1.094952830180e+01
  2.562243140226e-01   -4.944055994286e-02   1.038911471422e+02  -8.524741183342e+00
 -1.982920724248e-04    1.350093825113e-04   1.057873413174e+02  -8.524741183342e+00
  9.876966900530e-04   -3.843573206188e-05   1.030175763107e+02  -8.524741183342e+00
  3.475997410873e-03   -8.839858987140e-04   1.009691208039e+02   1.965442620936e+01
  2.215056284404e-01   -9.285905318330e-02   1.064253690475e+02   1.965442620936e+01
  2.564126461441e-01   -7.982881074190e-02   1.006901572541e+02   1.965442620936e+01
  2.208616663968e-01   -9.309378860310e-02   1.063601102822e+02   1.156808736535e+01
  4.215083061489e-01   -1.575201253899e-01   1.052645685094e+02   1.156808736535e+01
  2.571109513859e-01   -7.986985642100e-02   1.007487835060e+02   1.156808736535e+01
  3.294797460339e-01   -4.613426132276e-02   9.894469903808e+01  -1.094788784517e+01
  3.455856507914e-03    7.252241726328e-04   9.297873738730e+01  -1.094788784517e+01
  3.541922808757e-01   -1.979362730878e-02   9.159738623496e+01  -1.094788784517e+01
  5.574911614679e-01   -4.690695914875e-03   8.734216684124e+01   3.377406967381e+00
  6.071633444763e-01   -5.420784919312e-03   8.744520349556e+01   3.377406967381e+00
  6.131308513897e-01    5.792180000438e-02   8.130727429695e+01   3.377406967381e+00
  2.220202791768e-01   -9.354844518971e-02   1.063995015660e+02   9.777944493189e+00
  3.515489348639e-01   -1.398179836562e-01   1.096555761406e+02   9.777944493189e+00
  4.199775464996e-01   -1.571494716544e-01   1.052240394805e+02   9.777944493189e+00
 -1.068195536776e-04   -2.215661746967e-04   9.877427296521e+01  -1.100709043763e+01
  2.047165866459e-03    5.147470973608e-04   9.299190172440e+01  -1.100709043763e+01
  3.306366118985e-01   -4.577283358060e-02   9.893670104207e+01  -1.100709043763e+01
  1.493654146192e-01    3.099810265754e-03   1.143690700049e+02   1.242898535447e+00
  4.399512353205e-04   -1.426712447596e-03   1.138523582018e+02   1.242898535447e+00
  1.938473660497e-04    5.954051615100e-04   1.144864742608e+02   1.242898535447e+00
  5.764175676720e-01    1.374973621155e-01   1.096563189435e+02   1.030946565492e+00
  5.705902254615e-01    6.222189731186e-02   1.123657564505e+02   1.030946565492e+00
  4.666188485887e-01    1.270798601894e-01   1.109839019880e+02   1.030946565492e+00
  5.716140801179e-01    6.042750581591e-02   1.123748359380e+02   1.185490199317e+00
  6.767948217450e-01    1.891237292198e-03   1.131271003724e+02   1.185490199317e+00
  6.771613700837e-01   -2.491112366931e-03   1.136750037209e+02   1.185490199317e+00
  6.757402729111e-01   -5.602639944845e-04   1.131143067586e+02   4.145177286031e+00
  5.722711756843e-01    1.359260977796e-01   1.097005519608e+02   4.145177286031e+00
  6.097394812056e-01    1.124756179705e-03   1.105226204581e+02   4.145177286031e+00
  5.729019743677e-01    1.357437566116e-01   1.096922769403e+02   1.365774199805e+00
  6.751746464275e-01   -1.458811774223e-05   1.131190129425e+02   1.365774199805e+00
  5.725097861804e-01    6.348259996523e-02   1.123570684924e+02   1.365774199805e+00
  6.082696249102e-01    6.199455850873e-04   1.105302857496e+02   5.640515920013e+00
  5.753771274613e-01    1.368929951516e-01   1.096821256539e+02   5.640515920013e+00
  4.754723150759e-01    5.852311303554e-04   1.078826712023e+02   5.640515920013e+00
  3.976957090947e-03   -2.079727024126e-04   3.375990139127e+00  -4.972773060242e+00
 -8.242291576093e-05    1.133424040087e-04   2.076595367708e-02  -4.972773060242e+00
  5.098903268840e-01   -7.145134419390e-03  -1.289834220876e-02  -4.972773060242e+00
  5.720632468567e-01    6.254014927253e-02   1.123254476953e+02  -4.378847259740e-01
  4.350859662982e-01    9.914693206744e-03   1.124414494895e+02  -4.378847259740e-01
  4.643417796127e-01    1.262432775693e-01   1.110193845916e+02  -4.378847259740e-01
  5.716110462294e-01    6.268046184275e-02   1.123666435950e+02  -1.247604591883e-01
  5.629121910216e-01   -4.879332231253e-02   1.124410746736e+02  -1.247604591883e-01
  4.359899080196e-01    9.116958812658e-03   1.124099186530e+02  -1.247604591883e-01
  3.092086089506e-01    9.364197835959e-02   1.123389300981e+02  -1.280892983771e+00
  4.647557811498e-01    1.267902026015e-01   1.110195132500e+02  -1.280892983771e+00
  4.341347461385e-01    9.309093093104e-03   1.124759336765e+02  -1.280892983771e+00
  3.632599291447e-01    1.532175412415e-01   1.093185359584e+02  -7.117337103121e+00
  3.086334164694e-01    9.415616437608e-02   1.123748666202e+02  -7.117337103121e+00
  1.880641879415e-01    8.692576743242e-02   1.104639063808e+02  -7.117337103121e+00
  4.640532606734e-01    1.271859201699e-01   1.110573774542e+02  -2.851852574172e+00
  3.638533078308e-01    1.534302641416e-01   1.093271289526e+02  -2.851852574172e+00
  5.187169979009e-01    1.918868390696e-01   1.077209900821e+02  -2.851852574172e+00
  3.625783039690e-01    1.533848903614e-01   1.093514929269e+02  -4.186343098928e+00
  4.649914380423e-01    1.270632107523e-01   1.110345770936e+02  -4.186343098928e+00
  3.091240036073e-01    9.379804567725e-02   1.123258055277e+02  -4.186343098928e+00
  5.882607481658e-01    1.932294546008e-01   1.032690288999e+02  -4.304737589047e+00
  5.174463860355e-01    1.920546031252e-01   1.077840488590e+02  -4.304737589047e+00
  4.387178065437e-01    1.708600788154e-01   1.048649770603e+02  -4.304737589047e+00
  4.665644224088e-01    1.277901621905e-01   1.109933947776e+02  -6.729930610530e-01
  5.169815197171e-01    1.913369714261e-01   1.077448116200e+02  -6.729930610530e-01
  5.764398892854e-01    1.370947905223e-01   1.096389233938e+02  -6.729930610530e-01
  3.086156526490e-01    9.346282501236e-02   1.123445933676e+02  -2.922958368537e+00
  2.870342163745e-01    7.646736649980e-03   1.134779591879e+02  -2.922958368537e+00
  1.597614217199e-01    5.293103348435e-02   1.133597407963e+02  -2.922958368537e+00
  3.082087129212e-01    9.358544524503e-02   1.123618353027e+02  -1.650922468475e+00
  4.351117338950e-01    9.211789178007e-03   1.124522209997e+02  -1.650922468475e+00
  2.873401348675e-01    7.272227400994e-03   1.134433308303e+02  -1.650922468475e+00
  4.350691934684e-01    9.033623465514e-03   1.124522823337e+02   1.232935289259e+00
  3.020170893647e-01   -7.890109783415e-02   1.124860568036e+02   1.232935289259e+00
  2.873605951847e-01    7.001973185320e-03   1.134433267021e+02   1.232935289259e+00
  5.740097286993e-01    1.366329582054e-01   1.096712145688e+02   4.283557189496e-01
  5.191642717958e-01    1.915726342318e-01   1.077223443783e+02   4.283557189496e-01
  5.581022606556e-01    1.763239194389e-01   1.060103254203e+02   4.283557189496e-01
  4.733963583145e-01    1.451342408959e-03   1.078637732790e+02   6.604958639545e+00
  4.847758295179e-01    1.094964453365e-01   1.067048215538e+02   6.604958639545e+00
  2.710711743717e-01   -1.030041439094e-03   1.063851654500e+02   6.604958639545e+00
  4.744210228348e-01    1.163729646394e-03   1.078993439257e+02   4.124087997210e+00
  5.767365671390e-01    1.367007973889e-01   1.096541907876e+02   4.124087997210e+00
  4.841860244631e-01    1.107380270183e-01   1.066818299102e+02   4.124087997210e+00
  2.704659727595e-01    8.908755520282e-04   1.063790680007e+02   6.865219614800e+00
  2.696337544702e-01    4.678394104902e-02   1.055424062147e+02   6.865219614800e+00
 -2.334727294003e-04   -1.232904352053e-03   1.064303381093e+02   6.865219614800e+00
  2.709445057481e-01    4.848513028022e-02   1.055176883431e+02   5.552518268267e+00
  2.698166750870e-01   -4.858062934106e-04   1.064190839104e+02   5.552518268267e+00
  4.863512447789e-01    1.089206053287e-01   1.066793628951e+02   5.552518268267e+00
  3.424843670804e-01    6.577391371405e-02   1.029299949247e+02   8.548558503835e+00
  3.067801952179e-03   -3.296371033854e-05   9.811300322412e+01   8.548558503835e+00
 -7.688777308053e-04   -9.200278501891e-05   1.051398862999e+02   8.548558503835e+00
  2.019449691050e-03   -1.932892889289e-04   5.399438967365e+01   5.482218409562e+00
  1.744586930967e-04    1.637812254127e-04   5.794876796904e+01   5.482218409562e+00
  3.841114892009e-01   -5.642964083071e-03   5.814681795208e+01   5.482218409562e+00
  4.860965128840e-01    1.097498915648e-01   1.066709149822e+02   5.444694125027e+00
  4.772720421754e-01    1.211916281257e-01   1.046303850909e+02   5.444694125027e+00
  2.715685552055e-01    4.768881356826e-02   1.055092067671e+02   5.444694125027e+00
  3.305900775960e-01    1.240972954425e-02   5.855417672352e+01  -5.508252797671e+00
 -7.758373507811e-05   -2.346491141008e-04   5.818202510603e+01  -5.508252797671e+00
  1.830622993139e-03    1.606181634221e-04   5.439099061565e+01  -5.508252797671e+00
  5.565747822930e-01    1.761637825780e-01   1.060429709111e+02   1.179353663961e+00
  5.885413707882e-01    1.926335963965e-01   1.032731995699e+02   1.179353663961e+00
  5.368472324923e-01    1.346281734775e-01   1.018867365979e+02   1.179353663961e+00
  5.862823912530e-01    1.929124366924e-01   1.033036418882e+02  -1.353286274895e+00
  5.583054343599e-01    1.761221262704e-01   1.060092792414e+02  -1.353286274895e+00
  5.192265121234e-01    1.919903407389e-01   1.077168765980e+02  -1.353286274895e+00
  4.778446452285e-01    1.214197635462e-01   1.046234691299e+02   5.112361420908e+00
  5.351362934532e-01    1.341149372038e-01   1.019231594366e+02   5.112361420908e+00
  3.393969758222e-01    6.611473402477e-02   1.029176883680e+02   5.112361420908e+00
  5.351297628620e-01    1.346412290295e-01   1.019171961932e+02   2.343673856688e+00
  4.779466041087e-01    1.213186723479e-01   1.046231489148e+02   2.343673856688e+00
  5.579124648250e-01    1.760636523853e-01   1.060108118289e+02   2.343673856688e+00
  3.385461530047e-01    6.627649852365e-02   1.029411902307e+02   4.787596706331e+00
  5.360855810433e-01    1.340080855344e-01   1.019166664796e+02   4.787596706331e+00
  4.035172231091e-01    6.139678613057e-02   9.789939623139e+01   4.787596706331e+00
  4.784132615839e-01    1.212249288089e-01   1.046091077156e+02   5.110138748366e+00
  3.386787243520e-01    6.629834686453e-02   1.029392385515e+02   5.110138748366e+00
  2.702709845060e-01    4.743428133739e-02   1.055421678508e+02   5.110138748366e+00
  5.890602794887e-01    1.927469999864e-01   1.032552092385e+02  -2.016549624980e-01
  6.399076849331e-01    1.455801542645e-01   9.834482062422e+01  -2.016549624980e-01
  5.363013017563e-01    1.345510642121e-01   1.019030307676e+02  -2.016549624980e-01
  5.581065974981e-01    1.758166361107e-01   1.060142126866e+02   3.195907108880e+00
  4.777568362926e-01    1.213950945536e-01   1.046224814470e+02   3.195907108880e+00
  4.851144233277e-01    1.100886126337e-01   1.066949717245e+02   3.195907108880e+00
  5.749605403718e-01    1.368631498741e-01   1.096480554361e+02   3.372303507681e+00
  5.570951831541e-01    1.758620528668e-01   1.060275554488e+02   3.372303507681e+00
  4.858638627177e-01    1.103256891239e-01   1.066752124276e+02   3.372303507681e+00
  3.408233947379e-01    6.609164257687e-02   1.029534672533e+02   9.847091826699e+00
  4.014860817290e-01    6.118329078928e-02   9.789082548108e+01   9.847091826699e+00
  5.548983096698e-03   -3.388311275032e-04   9.806474738046e+01   9.847091826699e+00
  5.189193917567e-01    1.920992635187e-01   1.077513951074e+02  -5.736917552491e+00
  3.639593500420e-01    1.534463178262e-01   1.092964879528e+02  -5.736917552491e+00
  4.370218562169e-01    1.708211088685e-01   1.048960321147e+02  -5.736917552491e+00
  1.073077176360e-02    2.834239582925e-04   8.993476497588e+00  -4.794641867582e+00
  6.930523364673e-01    8.584733565387e-03   5.400755375345e+00  -4.794641867582e+00
  5.970555780538e-01    1.527033338992e-02   1.024078827500e+01  -4.794641867582e+00
  1.486486094170e-01    5.072757730038e-03   1.143778337276e+02  -4.982452024097e+00
  9.803086311459e-04    1.443857580966e-03   1.136509819335e+02  -4.982452024097e+00
  1.592025089640e-01    5.202187430845e-02   1.133491311285e+02  -4.982452024097e+00
  1.493940941067e-01    5.153926737754e-03   1.143722621640e+02  -1.817894856325e+00
  2.037543450586e-04   -4.860543959653e-04   1.144844364627e+02  -1.817894856325e+00
  3.602361496346e-04    1.266245785942e-03   1.136674216021e+02  -1.817894856325e+00
  1.595271552952e-01    5.322190405019e-02   1.133889453831e+02  -1.111737467165e+01
  2.026622232029e-03    1.998359823358e-03   1.109162863895e+02  -1.111737467165e+01
  1.867976436370e-01    8.587876490549e-02   1.104379809534e+02  -1.111737467165e+01
  2.269609199174e-01    1.001680329475e-01   1.060513762648e+02  -1.473535489291e+01
  1.876962640546e-01    8.645286175271e-02   1.104612057530e+02  -1.473535489291e+01
  5.074838687168e-04    9.561334292934e-04   1.108418324639e+02  -1.473535489291e+01
  2.292488065221e-01    1.007354013468e-01   1.060811955909e+02  -1.052826992418e+01
  4.377447215875e-01    1.706961620659e-01   1.048522951084e+02  -1.052826992418e+01
  3.633676964632e-01    1.535774857670e-01   1.093597615384e+02  -1.052826992418e+01
  2.279494470467e-01    1.004687899520e-01   1.060969151048e+02  -9.784368958214e+00
  3.644154382527e-01    1.537998475271e-01   1.093478741888e+02  -9.784368958214e+00
  1.873229552639e-01    8.638183208200e-02   1.104311155529e+02  -9.784368958214e+00
  1.092450706095e-03    1.385389791539e-03   1.109331419775e+02  -8.042672084709e+00
  1.603374325275e-01    5.359321480797e-02   1.133799358793e+02  -8.042672084709e+00
  6.953691899465e-05   -1.754667499520e-04   1.136092715379e+02  -8.042672084709e+00
  3.094872221940e-01    9.430145040669e-02   1.123643402374e+02  -6.166193359638e+00
  1.591638597048e-01    5.235244292223e-02   1.133437251718e+02  -6.166193359638e+00
  1.870635767912e-01    8.665098652571e-02   1.104761039221e+02  -6.166193359638e+00
 -5.325346180265e-04    2.796723153845e-04   1.108436049114e+02  -1.574328274878e+01
  1.422122967017e-03    6.480738458561e-04   1.062867961453e+02  -1.574328274878e+01
  2.281029166173e-01    1.006322914674e-01   1.060446007294e+02  -1.574328274878e+01
  3.595319220680e-01    1.742455513475e-02   8.324659918393e+01  -1.016832561459e+01
  1.813125888206e-03    6.992259603481e-04   7.402398132046e+01  -1.016832561459e+01
  3.290902600730e-01    3.830589863445e-02   7.585083216979e+01  -1.016832561459e+01
  6.920426867679e-01   -1.304959781878e-02   3.930678323854e+01   3.716458619931e+00
  2.091120184047e-02    8.468411533021e-04   4.346715876240e+01   3.716458619931e+00
  7.831684456689e-01   -9.077694679899e-03   4.409729591057e+01   3.716458619931e+00
  2.703495120451e-01   -1.340049209230e-03   1.077682812684e+02  -7.358463418304e+00
  1.228965832170e-03   -7.668255037827e-04   1.069147061125e+02  -7.358463418304e+00
  2.055742228167e-01   -3.619685806757e-02   1.066683903464e+02  -7.358463418304e+00
  2.741211884953e-01    8.772396080137e-02   1.004816882634e+02  -2.073677262510e+01
  4.893811235308e-04    7.327108163738e-04   1.004107627817e+02  -2.073677262510e+01
  1.621465011435e-03   -4.850668400338e-04   9.400309157520e+01  -2.073677262510e+01
  2.725311100386e-01    8.880942741362e-02   1.004114495515e+02  -1.949711185019e+01
 -3.060813042935e-04    8.055770466187e-04   1.062257915799e+02  -1.949711185019e+01
  1.313957027224e-03    1.479311586969e-04   1.004800340632e+02  -1.949711185019e+01
  2.749404409605e-01    3.964879604770e-02   7.004589344400e+01  -8.076957153897e+00
  4.702943389244e-04   -3.872307741348e-04   6.654700585486e+01  -8.076957153897e+00
  2.301513883086e-01    3.094040728954e-02   6.630979401261e+01  -8.076957153897e+00
  2.287285895379e-01    1.001725280586e-01   1.060766208085e+02  -1.965892661503e+01
  9.778946500607e-04    1.392159209179e-03   1.062273340829e+02  -1.965892661503e+01
  2.709938998068e-01    8.834707158715e-02   1.004140359644e+02  -1.965892661503e+01
  5.033762102374e-01    3.956105498467e-02   6.273334112604e+01  -3.457743135208e+00
  3.513068691189e-01    2.556641445114e-02   6.263928104095e+01  -3.457743135208e+00
  3.472121157024e-01    1.312173124046e-02   6.050030429153e+01  -3.457743135208e+00
  3.022599419612e-01    5.057441439249e-02   9.396205723438e+01  -2.213899351827e+01
  1.067009580859e-03    8.750452319994e-04   9.389329736740e+01  -2.213899351827e+01
  1.643950077953e-03   -1.085295829028e-03   8.707985721228e+01  -2.213899351827e+01
  4.380155112644e-01    1.707180722295e-01   1.049042915742e+02  -1.294686453208e+01
  2.730688857038e-01    8.816495703584e-02   1.004637193230e+02  -1.294686453208e+01
  5.104901480514e-01    1.436566757779e-01   9.944441612425e+01  -1.294686453208e+01
  2.717714201277e-01    8.797979666537e-02   1.004766896589e+02  -1.236205118129e+01
  4.390989935431e-01    1.709865551754e-01   1.048930537807e+02  -1.236205118129e+01
  2.283740206477e-01    1.003647516425e-01   1.060359818987e+02  -1.236205118129e+01
  6.620055813467e-01    8.082636278505e-02   9.294459371285e+01   2.131593368425e+00
  4.076639644703e-01    6.193052212386e-02   9.785467053130e+01   2.131593368425e+00
  6.438405739814e-01    1.447126059726e-01   9.828276194256e+01   2.131593368425e+00
  4.078904562748e-01    6.122314324494e-02   9.784705148901e+01   3.304828230320e+00
  5.337612555684e-01    1.344446585191e-01   1.019610539136e+02   3.304828230320e+00
  6.431685503411e-01    1.451872633036e-01   9.830154167252e+01   3.304828230320e+00
  6.421891013345e-01    1.456498941118e-01   9.829749475644e+01  -4.889269795633e+00
  5.869917084902e-01    1.933182997611e-01   1.033485096917e+02  -4.889269795633e+00
  5.115413867812e-01    1.438214531281e-01   9.946503733174e+01  -4.889269795633e+00
  5.114377324370e-01    1.433292617917e-01   9.941521071209e+01  -6.416894409153e+00
  5.605158702259e-01    8.427167287194e-02   9.347647810864e+01  -6.416894409153e+00
  6.426552033090e-01    1.462342270996e-01   9.834859874109e+01  -6.416894409153e+00
  5.120051038207e-01    1.437231401509e-01   9.949342169181e+01  -1.383299794669e+01
  2.719422478716e-01    8.790979811278e-02   1.004139761426e+02  -1.383299794669e+01
  3.007510065573e-01    5.139252576859e-02   9.396511203542e+01  -1.383299794669e+01
  4.387146408655e-01    1.706985807957e-01   1.048249356576e+02  -6.432933923059e+00
  5.097986434765e-01    1.438633884083e-01   9.950113441965e+01  -6.432933923059e+00
  5.885476633853e-01    1.934685461936e-01   1.033107453897e+02  -6.432933923059e+00
  3.004580853079e-01    5.155934283326e-02   9.389403993490e+01  -1.461708922089e+01
  3.127401576724e-01    4.171453179160e-03   8.706816517441e+01  -1.461708922089e+01
  5.629365280301e-01    8.356036762099e-02   9.346191162748e+01  -1.461708922089e+01
  3.003598721090e-01    5.167712738753e-02   9.390180677592e+01  -2.371602377531e+01
  2.725749832106e-01    8.722548863142e-02   1.004857553192e+02  -2.371602377531e+01
  3.155472419539e-03   -7.317127251850e-05   9.398714711694e+01  -2.371602377531e+01
  6.653373487888e-01    8.047569895772e-02   9.295600982664e+01  -5.990213209309e+00
  5.614193641769e-01    8.322414959160e-02   9.337873793164e+01  -5.990213209309e+00
  5.809333410625e-01    9.302404351050e-03   8.712452881233e+01  -5.990213209309e+00
  5.619667758360e-01    8.401718365841e-02   9.343924993554e+01  -4.676833842203e+00
  6.644789692513e-01    7.972571663968e-02   9.289527144380e+01  -4.676833842203e+00
  6.412813332973e-01    1.462151106411e-01   9.838749045589e+01  -4.676833842203e+00
  4.558052290804e-01    2.697128309540e-02   9.098726278679e+01   2.453067810823e+00
  6.631160085591e-01    7.919398522661e-02   9.291360184631e+01   2.453067810823e+00
  6.645332020386e-01    9.036835409231e-03   8.709728121600e+01   2.453067810823e+00
  6.639571914423e-01    8.025987482542e-02   9.291797614387e+01   4.046503504858e+00
  4.547695962169e-01    2.599316636220e-02   9.098340646734e+01   4.046503504858e+00
  4.048015173601e-01    6.227489203768e-02   9.789720308161e+01   4.046503504858e+00
  5.796095143530e-01    8.501023781938e-03   8.703527744951e+01  -1.507719358278e+01
  5.614835839805e-01    8.333319308612e-02   9.346997444486e+01  -1.507719358278e+01
  3.145386523412e-01    4.153491246416e-03   8.706302179861e+01  -1.507719358278e+01
  3.020620336605e-01    5.158045674638e-02   9.395304356337e+01  -1.451146846903e+01
  5.611968933055e-01    8.380756714064e-02   9.340737828151e+01  -1.451146846903e+01
  5.108239641107e-01    1.433951752391e-01   9.950504276386e+01  -1.451146846903e+01
  3.631847357058e-03   -1.038009980606e-03   8.706705660630e+01  -2.482127004316e+01
  3.118492166383e-01    4.854785045851e-03   8.699758950142e+01  -2.482127004316e+01
  3.006312338974e-01    5.041243877178e-02   9.396480565468e+01  -2.482127004316e+01
  4.550486182161e-01    2.656270957589e-02   9.099914358858e+01   1.021885302198e+01
  4.569230931852e-01   -1.933745709285e-02   8.317227095537e+01   1.021885302198e+01
  4.665032496137e-03   -3.776944316792e-04   8.602553265245e+01   1.021885302198e+01
  3.694240294846e-03    1.053033198990e-03   8.693526792567e+01  -2.467578580801e+01
  2.981413228990e-01   -4.083990170919e-02   8.013412832843e+01  -2.467578580801e+01
  3.118081946737e-01    3.771628769299e-03   8.703753127751e+01  -2.467578580801e+01
  1.590029491632e-01    5.279076573370e-02   1.133711254084e+02  -1.852821538304e+00
  2.878611589183e-01    7.668841223488e-03   1.134690301941e+02  -1.852821538304e+00
  1.485567859306e-01    4.009340656941e-03   1.143424508460e+02  -1.852821538304e+00
  2.878513358643e-01    6.622564090760e-03   1.134703833734e+02   1.341424836071e+00
  1.560147881098e-01   -4.413945481838e-02   1.134167699597e+02   1.341424836071e+00
  1.485328958811e-01    4.296285210716e-03   1.143413828493e+02   1.341424836071e+00
  1.879804890130e-03   -6.172889032827e-04   8.605525534530e+01   1.138368570514e+01
  9.899125509040e-04    6.490858434542e-04   9.805230516123e+01   1.138368570514e+01
  4.576056688411e-01    2.693050613348e-02   9.098869078711e+01   1.138368570514e+01
  2.784330309595e-01    3.970902782736e-02   7.005327871294e+01  -9.289258985167e+00
  2.319286153041e-03   -2.344588270889e-05   7.404584614973e+01  -9.289258985167e+00
 -4.357150509650e-04   -9.612493003903e-06   6.968195992230e+01  -9.289258985167e+00
  6.634409952613e-01    1.124576649132e-03   5.817561734619e+01  -1.416671987912e+00
  5.639447466153e-01    1.089168065177e-02   5.799964077888e+01  -1.416671987912e+00
  7.067082479507e-01    6.776105102534e-03   5.260878223619e+01  -1.416671987912e+00
  6.148294301776e-01    5.767961033910e-02   8.133949481662e+01   5.154715497079e+00
  5.351954439965e-01    6.396996813634e-02   8.104900070178e+01   5.154715497079e+00
  5.555907980898e-01   -4.295207774255e-03   8.731763135038e+01   5.154715497079e+00
  6.135599482750e-01    5.744087969970e-02   8.137327800807e+01  -5.279023174176e+00
  3.597602661811e-01    1.621140273261e-02   8.326057150739e+01  -5.279023174176e+00
  3.302654614342e-01    3.945926268226e-02   7.584917149908e+01  -5.279023174176e+00
  2.864019447980e-01    4.099895737592e-02   8.052070474316e+01   2.346334670726e+01
  2.887658542366e-03    1.641534790049e-03   8.051903693292e+01   2.346334670726e+01
  3.071283994002e-01   -2.187836014745e-03   8.740216387334e+01   2.346334670726e+01
  3.075441681046e-01   -3.239826624139e-03   8.731806116353e+01   1.396131073116e+01
  5.363459431511e-01    6.437065639690e-02   8.097067470876e+01   1.396131073116e+01
  2.867061006137e-01    4.167748936983e-02   8.056990745012e+01   1.396131073116e+01
  2.880601495967e-01    4.172197755681e-02   8.051172436549e+01   1.356560062659e+01
  5.348558305029e-01    6.458338829360e-02   8.102234603409e+01   1.356560062659e+01
  4.852331642576e-01    1.185464009140e-01   7.498269216425e+01   1.356560062659e+01
  3.988645599898e-03   -2.601906210684e-05   8.039131467716e+01   2.223417541949e+01
  2.857484205535e-01    4.182619648574e-02   8.056211613942e+01   2.223417541949e+01
  2.587915117944e-01    7.449323499711e-02   7.409124212436e+01   2.223417541949e+01
  6.141471315562e-01    5.690393364051e-02   8.139568027226e+01   3.683117109568e+00
  6.017283594879e-01    1.130680992910e-01   7.581251741631e+01   3.683117109568e+00
  5.355767709109e-01    6.476598380014e-02   8.099164348184e+01   3.683117109568e+00
  8.579886596204e-04    1.286104599561e-04   1.030037034568e+02  -9.005179528397e+00
  3.268261355256e-01   -4.646461044554e-02   9.893723015725e+01  -9.005179528397e+00
  2.564057964684e-01   -4.969891950805e-02   1.038926258717e+02  -9.005179528397e+00
  3.378992343882e-01    1.273041530182e-01   6.566777783290e+01   5.275683670284e+00
  4.117829346082e-01    1.426361552549e-01   6.978763026208e+01   5.275683670284e+00
  4.827279544621e-01    1.513854552959e-01   6.696424425738e+01   5.275683670284e+00
  6.031147825721e-01    1.130055596566e-01   7.585204131249e+01   5.742863836261e+00
  4.859510691125e-01    1.183780605914e-01   7.507191087629e+01   5.742863836261e+00
  5.340664498163e-01    6.509561264681e-02   8.095490485869e+01   5.742863836261e+00
  2.591397483974e-01    7.525087291992e-02   7.411469942108e+01   1.201492490676e+01
  4.849369619539e-01    1.187604709253e-01   7.504200243681e+01   1.201492490676e+01
  4.127557046736e-01    1.425334229181e-01   6.978145149682e+01   1.201492490676e+01
  2.580160256258e-01    7.505859432812e-02   7.416136542886e+01   1.295701967311e+01
  2.865868131703e-01    4.160181871625e-02   8.049859235737e+01   1.295701967311e+01
  4.864476441952e-01    1.188143691584e-01   7.499516701404e+01   1.295701967311e+01
  5.547458819810e-01    1.528224572092e-01   7.102078685800e+01   5.897406728614e+00
  4.134365409479e-01    1.424842053163e-01   6.985793935340e+01   5.897406728614e+00
  4.842373657033e-01    1.189669372841e-01   7.498828153231e+01   5.897406728614e+00
  2.074195375739e-03   -4.095180894793e-04   8.037626717836e+01   1.950756949189e+01
  2.604497347359e-01    7.494848107397e-02   7.409546640219e+01   1.950756949189e+01
  2.601977816635e-04    6.422967704372e-04   7.416007708902e+01   1.950756949189e+01
  6.028157039479e-01    1.124082167979e-01   7.589977456974e+01   4.153010495974e+00
  5.532785663701e-01    1.527265501525e-01   7.098213776762e+01   4.153010495974e+00
  4.859277577471e-01    1.188640084681e-01   7.502531101200e+01   4.153010495974e+00
  6.113427173397e-01    5.802418850957e-02   8.135249003754e+01  -3.048555221273e+00
  3.334050253591e-01    3.909569124104e-02   7.588460770790e+01  -3.048555221273e+00
  6.048373115146e-01    1.114820489499e-01   7.591135341790e+01  -3.048555221273e+00
  8.080208222440e-04   -1.447665721725e-04   9.297128658896e+01  -1.184046646266e+01
  1.521072678908e-03    4.186532287250e-04   8.615626178649e+01  -1.184046646266e+01
  3.566526469852e-01   -1.911609204448e-02   9.160005391887e+01  -1.184046646266e+01
  2.143621066931e-01    8.484664050738e-02   6.879724724424e+01   1.143536905385e+01
  2.579324715739e-01    7.509239158319e-02   7.410041519878e+01   1.143536905385e+01
  4.137657760416e-01    1.427770752603e-01   6.979356663001e+01   1.143536905385e+01
  2.588020514677e-01    7.594712537227e-02   7.416207490038e+01   1.815950217743e+01
 -1.481273790034e-04    9.017322447018e-04   6.856989094998e+01   1.815950217743e+01
  1.162478364793e-03    7.506540885817e-05   7.409416067738e+01   1.815950217743e+01
  1.240768135265e-03    1.598290701735e-03   6.856850391256e+01   1.803746676034e+01
  2.572567186871e-01    7.547311932909e-02   7.415880123680e+01   1.803746676034e+01
  2.145116709289e-01    8.451790873629e-02   6.876027238045e+01   1.803746676034e+01
  2.067803094880e-01   -3.640039908321e-02   1.066536426025e+02  -6.884301531979e+00
 -3.965245842103e-05   -2.893649445386e-05   1.069453638228e+02  -6.884301531979e+00
  6.695642003603e-04   -6.498828389952e-05   1.057807675237e+02  -6.884301531979e+00
  1.770017750308e-01    7.616881820808e-02   6.450367021455e+01   1.220826149940e+01
 -1.189099190822e-04    1.159303939400e-04   6.449738063130e+01   1.220826149940e+01
  1.719171822707e-03    8.893870986153e-04   6.845796825749e+01   1.220826149940e+01
  1.753941144864e-01    7.524353345199e-02   6.454149995190e+01   9.823658949091e+00
 -4.360443440314e-04   -4.010185341119e-04   6.164993192734e+01   9.823658949091e+00
  7.585964986948e-04    6.068394401170e-04   6.445960568484e+01   9.823658949091e+00
  2.297697235809e-01    3.037229357632e-02   6.630573660773e+01  -7.649526472762e+00
  5.469224330707e-04    1.284256395522e-04   6.653388863812e+01  -7.649526472762e+00
 -1.621360506166e-04   -3.265670992541e-04   6.280018688543e+01  -7.649526472762e+00
  1.759126850345e-01    7.563720731414e-02   6.449850170787e+01   1.520033278699e+01
  2.995609025710e-03    1.575115609367e-03   6.847379592616e+01   1.520033278699e+01
  2.135211548334e-01    8.451485098609e-02   6.879154183541e+01   1.520033278699e+01
  4.051212823340e-01   -3.373569819214e-02   6.282557773265e+01   6.034309159047e+00
  4.001383309058e-01   -1.561912706489e-02   6.029861101210e+01   6.034309159047e+00
  3.608195820573e-03   -1.762959570861e-04   6.284091602318e+01   6.034309159047e+00
  1.461139042343e-01    4.177295072381e-02   6.207961895021e+01   5.470958942797e+00
  1.748453518942e-01    7.549833970977e-02   6.451176744635e+01   5.470958942797e+00
  2.828289331326e-01    7.439869078729e-02   6.295538817234e+01   5.470958942797e+00
  3.383780852691e-01    1.277257168876e-01   6.561458473966e+01   8.823221987394e+00
  1.750543006451e-01    7.520059903244e-02   6.455457453125e+01   8.823221987394e+00
  2.141969134235e-01    8.497824769266e-02   6.874365534553e+01   8.823221987394e+00
  4.013601873071e-04    1.301012139257e-03   6.160347461543e+01   1.386731740084e+00
  1.378338747136e-01    5.916192629727e-04   6.115623535880e+01   1.386731740084e+00
  2.469966331134e-04   -5.420030669500e-04   6.086574671960e+01   1.386731740084e+00
  1.093244084619e-03    1.603175195926e-03   6.161652235154e+01   4.057586925179e+00
  1.457841275752e-01    4.122108052082e-02   6.207143201163e+01   4.057586925179e+00
  1.371397953929e-01    4.543286900066e-04   6.114855351013e+01   4.057586925179e+00
  2.647325166305e-01   -1.018406616035e-03   6.200198957962e+01   1.418623479332e+00
  1.371886117929e-01   -5.396638766238e-04   6.117941633301e+01   1.418623479332e+00
  1.456755676790e-01    4.203335514887e-02   6.204834600692e+01   1.418623479332e+00
  4.106311427615e-04    7.594811168641e-04   6.084985353392e+01  -2.028969230729e+00
  1.375370753068e-01   -7.751615554822e-04   6.117472806134e+01  -2.028969230729e+00
  1.479701241342e-01   -4.339099579548e-02   6.182940627759e+01  -2.028969230729e+00
  2.820315465372e-01    7.432319719853e-02   6.294458446817e+01   6.304179003638e+00
  1.757559450151e-01    7.564981229016e-02   6.452657687468e+01   6.304179003638e+00
  3.372124950443e-01    1.271497684956e-01   6.564404681883e+01   6.304179003638e+00
  1.463032931764e-01    4.210529855273e-02   6.206190626259e+01   7.953764885162e+00
  3.178967440246e-04   -6.261671865955e-06   6.165577620684e+01   7.953764885162e+00
  1.743840943739e-01    7.484619687193e-02   6.453560325766e+01   7.953764885162e+00
  2.153633797956e-01    8.525179221731e-02   6.875582890438e+01   9.766110863060e+00
  4.123956491954e-01    1.424802557776e-01   6.983123686572e+01   9.766110863060e+00
  3.374352668663e-01    1.275172355353e-01   6.560359696756e+01   9.766110863060e+00
  4.596881354438e-01   -2.032462169144e-02   8.318171076973e+01   1.143651901273e+01
  1.054301290633e-03   -7.056611271950e-04   7.421788659441e+01   1.143651901273e+01
  1.691743603288e-03    4.570071909909e-04   8.599155640581e+01   1.143651901273e+01
  6.039700659685e-01    1.118986916938e-01   7.589787975984e+01  -4.235596801613e+00
  3.339020594756e-01    3.847496286335e-02   7.588292266738e+01  -4.235596801613e+00
  4.912198050656e-01    9.673528461901e-02   7.170458316759e+01  -4.235596801613e+00
  4.063136197848e-01   -3.446535713870e-02   6.283375259554e+01   6.225146263216e+00
  2.113002734721e-03    8.722512658423e-04   6.286358837120e+01   6.225146263216e+00
  3.045512635192e-01   -4.177396011463e-02   6.670314666134e+01   6.225146263216e+00
  2.754804814903e-01    3.999522826170e-02   7.005187341146e+01  -5.507173204610e+00
  2.300992408854e-01    3.080913094218e-02   6.630889152501e+01  -5.507173204610e+00
  4.449974071262e-01    8.426245396026e-02   6.852997628942e+01  -5.507173204610e+00
  2.769252646150e-01    3.986340869765e-02   7.004687828074e+01  -1.033013522952e+01
  3.275134319016e-01    3.864537595419e-02   7.583459280495e+01  -1.033013522952e+01
  4.109711866924e-03   -9.726427476542e-05   7.405541014122e+01  -1.033013522952e+01
  4.928892162757e-01    9.676791975124e-02   7.174496275017e+01  -2.389108728109e+00
  4.440893458903e-01    8.437766226926e-02   6.852208828820e+01  -2.389108728109e+00
  5.248312854440e-01    1.302953631514e-01   6.797613292089e+01  -2.389108728109e+00
  4.442266477767e-01    8.446442054111e-02   6.851573138363e+01  -5.804417753106e+00
  4.926824957931e-01    9.629459851771e-02   7.174781706640e+01  -5.804417753106e+00
  2.765085963990e-01    3.984671939496e-02   7.007411857828e+01  -5.804417753106e+00
  4.583882967993e-01    8.088339071521e-02   6.613361904743e+01  -2.885882067777e+00
  5.247503274154e-01    1.298591503240e-01   6.798651527241e+01  -2.885882067777e+00
  4.440788577982e-01    8.455540269855e-02   6.851533475564e+01  -2.885882067777e+00
  4.947092399196e-01    9.675619171889e-02   7.177399970403e+01  -1.551235725089e+00
  5.233235386905e-01    1.304185388165e-01   6.794545647353e+01  -1.551235725089e+00
  5.548307732231e-01    1.519358001267e-01   7.105997398517e+01  -1.551235725089e+00
  4.435345016866e-01    8.422456736226e-02   6.851933874460e+01  -5.303241267121e+00
  2.318426624517e-01    3.093772225749e-02   6.632834905697e+01  -5.303241267121e+00
  4.593498756862e-01    8.082385829582e-02   6.614082310756e+01  -5.303241267121e+00
  2.754498509882e-01    3.993813261140e-02   7.005871385638e+01  -5.592785185971e+00
  4.937656339242e-01    9.627064492756e-02   7.174889360586e+01  -5.592785185971e+00
  3.293922354764e-01    3.872425060317e-02   7.583028809633e+01  -5.592785185971e+00
  3.538115171785e-01    2.620944602811e-02   6.265192790601e+01  -6.256151465698e+00
  2.294462482064e-01    3.075645356694e-02   6.630477662103e+01  -6.256151465698e+00
  6.409608434413e-04   -6.633354816479e-04   6.281357131250e+01  -6.256151465698e+00
  3.295902289216e-01    1.234523059948e-02   5.854993838312e+01  -5.485810356172e+00
  3.457834861796e-01    1.289312589803e-02   6.048196123823e+01  -5.485810356172e+00
  9.286124825983e-04   -3.221714076047e-04   5.818615184266e+01  -5.485810356172e+00
  5.636146298691e-01    1.115211801805e-02   5.802743434683e+01  -3.354256177205e+00
  3.467764823277e-01    1.332022689972e-02   6.050133870150e+01  -3.354256177205e+00
  3.295830149226e-01    1.258127700786e-02   5.855111068267e+01  -3.354256177205e+00
  3.522862751272e-01    2.509095954526e-02   6.266597965020e+01  -3.934408185977e+00
  5.028705701150e-01    4.042662571043e-02   6.270268910644e+01  -3.934408185977e+00
  4.576157063139e-01    8.072608056624e-02   6.611264292308e+01  -3.934408185977e+00
  6.506432296956e-01   -3.267572288149e-03   1.861195980122e+01  -4.202900734685e+00
  1.611330028636e-02   -5.018046372663e-04   1.384558847496e+01  -4.202900734685e+00
  7.828741431353e-01    4.571450950260e-03   1.418527284155e+01  -4.202900734685e+00
  5.278407585850e-01    1.007706193238e-01   6.506111992324e+01  -2.549564891885e+00
  5.235649100031e-01    1.297676068367e-01   6.797512998681e+01  -2.549564891885e+00
  4.594383472820e-01    8.117972445903e-02   6.614860167090e+01  -2.549564891885e+00
  5.991254912180e-01   -4.434539787884e-03   5.828713626443e+01   3.266954127572e+00
  4.013257247729e-01   -1.570186983029e-02   6.033475330054e+01   3.266954127572e+00
  5.433770267111e-01   -4.580293261256e-02   6.263629329165e+01   3.266954127572e+00
  3.515608707849e-01    2.559971087602e-02   6.263519378405e+01  -5.198167015881e+00
  4.591572685753e-01    8.031381963447e-02   6.613498581458e+01  -5.198167015881e+00
  2.316737289081e-01    3.144129108968e-02   6.631354106824e+01  -5.198167015881e+00
  2.226696630049e-04   -1.971385311869e-04   5.818762558320e+01  -5.762552481595e+00
  3.465148413963e-01    1.282944280250e-02   6.047799652734e+01  -5.762552481595e+00
  8.793315584498e-04   -7.600839004650e-05   6.012005842218e+01  -5.762552481595e+00
  5.906189576881e-03    5.101482462945e-04   5.439252913280e+01  -4.433541846059e+00
  7.151655198083e-01    7.459898326611e-03   5.268024134273e+01  -4.433541846059e+00
  3.289369460518e-01    1.268589526395e-02   5.858042466671e+01  -4.433541846059e+00
  4.213874799792e-01    9.638371860407e-02   6.424474050021e+01   2.653704684803e+00
  3.378027620772e-01    1.272338275511e-01   6.563795016422e+01   2.653704684803e+00
  4.824969477563e-01    1.511790447974e-01   6.699348186596e+01   2.653704684803e+00
  5.527160504950e-01    1.522673056731e-01   7.102316325845e+01   1.314723974387e+00
  5.247555165480e-01    1.303337599585e-01   6.798735452724e+01   1.314723974387e+00
  4.831109916525e-01    1.512493971844e-01   6.699955289217e+01   1.314723974387e+00
  2.641737162508e-01   -1.367611983922e-03   6.202721252041e+01   1.295698742147e+00
  2.816431732423e-01    7.382477370222e-02   6.295476871210e+01   1.295698742147e+00
  3.957940713584e-01   -3.143465043164e-03   6.314565854720e+01   1.295698742147e+00
  2.824993979785e-01    7.409823803984e-02   6.298838041573e+01   3.769503679661e+00
  3.365959971297e-01    1.272113705025e-01   6.561371392350e+01   3.769503679661e+00
  4.222884575565e-01    9.629414689220e-02   6.426570270780e+01   3.769503679661e+00
  3.947817235778e-01   -3.026298859428e-03   6.312634572478e+01   9.492893793072e-01
  2.826370967308e-01    7.386014296932e-02   6.297354987018e+01   9.492893793072e-01
  4.219621379191e-01    9.614535561020e-02   6.428174445576e+01   9.492893793072e-01
  2.820701468513e-01    7.375373014723e-02   6.297302087372e+01   2.353077219915e+00
  2.638699359134e-01   -1.051494152682e-03   6.199412616764e+01   2.353077219915e+00
  1.465104576987e-01    4.220175365730e-02   6.205907896970e+01   2.353077219915e+00
  4.809716000433e-01    1.505580100580e-01   6.696216940198e+01   9.347780044213e-01
  5.287355946814e-01    1.008600602341e-01   6.509494655167e+01   9.347780044213e-01
  4.236097524697e-01    9.690964862614e-02   6.431730529692e+01   9.347780044213e-01
  4.814035596950e-01    1.513629327875e-01   6.693014747866e+01   3.895952268195e+00
  4.133642588725e-01    1.426401829902e-01   6.982027431571e+01   3.895952268195e+00
  5.545669565015e-01    1.525697759617e-01   7.105938296994e+01   3.895952268195e+00
  5.268506802527e-01    9.952154108573e-02   6.506062206247e+01  -2.475272392392e+00
  5.043195692338e-01    4.015083659653e-02   6.272336279719e+01  -2.475272392392e+00
  5.775079333978e-01    3.077067644852e-02   6.236999938602e+01  -2.475272392392e+00
  4.829252661504e-01    1.507532477683e-01   6.699577496289e+01  -1.046035148285e-01
  5.246193064930e-01    1.304900361189e-01   6.798369605541e+01  -1.046035148285e-01
  5.266688555239e-01    1.004038549954e-01   6.504395475407e+01  -1.046035148285e-01
  5.206546143812e-01   -5.331638277648e-02   6.379389948740e+01  -2.409503810746e-01
  3.966419093042e-01   -3.214991621831e-03   6.318064192852e+01  -2.409503810746e-01
  5.110062147567e-01    4.350184605188e-02   6.380965577473e+01  -2.409503810746e-01
  3.956301814185e-01   -2.406868057687e-03   6.316192526178e+01   4.371981530614e-01
  4.215532405516e-01    9.551551384535e-02   6.427680075122e+01   4.371981530614e-01
  5.117514069485e-01    4.318931350376e-02   6.382880030703e+01   4.371981530614e-01
  5.785837502250e-01    3.088965166801e-02   6.238799810859e+01  -2.924703179804e-01
  5.129560262157e-01    4.400510094405e-02   6.384001182260e+01  -2.924703179804e-01
  5.257682389103e-01    1.000446173405e-01   6.504690105366e+01  -2.924703179804e-01
  5.796433521506e-01    3.191024691985e-02   6.238162732366e+01  -9.701563162876e-01
  6.056021993637e-01   -6.302875617422e-03   6.225766976824e+01  -9.701563162876e-01
  5.123924044499e-01    4.255622045662e-02   6.384430787166e+01  -9.701563162876e-01
  6.537084869103e-01    5.380609083041e-03   6.042117347482e+01  -6.991810602026e-01
  6.059781569318e-01   -5.366642312092e-03   6.225999582223e+01  -6.991810602026e-01
  5.786553150168e-01    3.090777310126e-02   6.236324690601e+01  -6.991810602026e-01
  5.104647898383e-01    4.296921797802e-02   6.378872699786e+01  -5.829893453689e-01
  4.236676360151e-01    9.604940910169e-02   6.431681794571e+01  -5.829893453689e-01
  5.285679222343e-01    1.014471245674e-01   6.508885703511e+01  -5.829893453689e-01
  4.582060494142e-01    8.162044446288e-02   6.611382767893e+01  -2.205418667553e+00
  5.026640920871e-01    3.995543666176e-02   6.269476156768e+01  -2.205418667553e+00
  5.289612021688e-01    1.001942827601e-01   6.508124012843e+01  -2.205418667553e+00
  2.641340495566e-01   -1.645747085728e-03   6.202551156285e+01  -1.651309065786e+00
  3.958391368979e-01   -3.220669913591e-03   6.314779757869e+01  -1.651309065786e+00
  2.869078100308e-01   -7.789678186237e-02   6.285731283274e+01  -1.651309065786e+00
  7.178422374672e-01    1.729221425460e-03   2.219083463360e+01   3.677770285480e+00
  2.102172857600e-02    8.538084179525e-04   2.258346750972e+01   3.677770285480e+00
  7.215705202252e-01    2.022635157188e-03   2.804827116975e+01   3.677770285480e+00
  4.938904504938e-01    9.670298837707e-02   7.176392468509e+01  -2.348725530362e-01
  5.555523708182e-01    1.520633845079e-01   7.107357991068e+01  -2.348725530362e-01
  6.005075700569e-01    1.123795678432e-01   7.585548274223e+01  -2.348725530362e-01
  5.182311716209e-01    5.124438111188e-03  -7.763668604496e-03   5.047459972277e+00
  7.100263774262e-04   -6.922084157999e-05   1.319573672853e-02   5.047459972277e+00
  2.689846259657e-03    1.216822030344e-04   3.754743436978e+00   5.047459972277e+00
  1.373392373427e-01   -2.910200967947e-04   6.118420605486e+01  -1.670731234022e+00
  2.646912374179e-01   -1.901161392008e-03   6.200365782943e+01  -1.670731234022e+00
  1.481031457596e-01   -4.439534589526e-02   6.182804227824e+01  -1.670731234022e+00
  2.258934462312e-01   -8.940138336598e-02   6.841234147271e+01  -1.690822627698e+01
  1.724233425384e-03   -1.535754511153e-04   7.371991966581e+01  -1.690822627698e+01
  1.362335121646e-04   -4.852567208483e-04   6.846044835454e+01  -1.690822627698e+01
  3.311829487224e-01    1.298750522880e-02   5.857616452020e+01  -3.317068373767e+00
  7.102104207205e-01    7.139938448135e-03   5.265042385950e+01  -3.317068373767e+00
  5.621301093731e-01    1.102942990597e-02   5.798892850230e+01  -3.317068373767e+00
  1.575758009608e-03    4.813924482065e-04   8.006538825234e+01  -1.994029547549e+01
  7.847573671791e-04   -8.452332258712e-04   7.382619992223e+01  -1.994029547549e+01
  2.679107475763e-01   -7.486784515344e-02   7.381099395517e+01  -1.994029547549e+01
 -2.526279649604e-04   -2.479909651815e-04   6.653858366398e+01  -9.183240466587e+00
  2.759509633822e-01    3.949273167435e-02   7.005053891286e+01  -9.183240466587e+00
  6.877586337273e-04    9.012502948822e-05   6.968470656584e+01  -9.183240466587e+00
  2.246357490653e-01   -8.887196892658e-02   6.840687538080e+01  -2.024333709528e+01
  2.657669568126e-01   -7.528012479978e-02   7.387039579347e+01  -2.024333709528e+01
  3.004405283359e-03   -6.660170676837e-04   7.373826479794e+01  -2.024333709528e+01
  3.032849889726e-03    1.413687900640e-04   8.008295511626e+01  -2.316846680549e+01
  2.665828732363e-01   -7.452645361445e-02   7.380476249205e+01  -2.316846680549e+01
  2.978499383709e-01   -4.206300877357e-02   8.019805797604e+01  -2.316846680549e+01
  1.109624198803e-03   -4.126932096567e-04   6.840600071273e+01  -1.494709352757e+01
 -5.280920559570e-04   -2.737244280802e-04   6.416253293787e+01  -1.494709352757e+01
  2.239856340695e-01   -8.947006312967e-02   6.846820486487e+01  -1.494709352757e+01
  7.046051983764e-01   -1.532082621258e-02   3.961643979576e+01  -7.702611168033e-01
  6.106365668222e-01   -1.519051900586e-02   3.999186296021e+01  -7.702611168033e-01
  5.504340828477e-01   -9.592469682424e-03   3.546266539717e+01  -7.702611168033e-01
  1.489829381727e-01   -4.489664619266e-02   6.181907308077e+01  -1.035258469379e+01
  1.784722004907e-01   -7.466800804498e-02   6.448470008489e+01  -1.035258469379e+01
  2.133913384683e-03   -1.835971067180e-03   6.410029188564e+01  -1.035258469379e+01
  4.756343939644e-04   -6.094546557957e-04   6.178144689326e+01  -4.485365849339e+00
 -1.859674747148e-04    8.991899983427e-04   6.083733062748e+01  -4.485365849339e+00
  1.488103077723e-01   -4.360700353075e-02   6.183722315367e+01  -4.485365849339e+00
  2.235232705007e-01   -8.914434818430e-02   6.842371435702e+01  -9.318807082547e+00
  1.790748969560e-01   -7.516018127038e-02   6.449169935255e+01  -9.318807082547e+00
  3.490088897572e-01   -1.321213967757e-01   6.551234287795e+01  -9.318807082547e+00
  2.227093190511e-01   -8.897532917629e-02   6.846403812343e+01  -1.393888700694e+01
  5.226944036919e-04   -8.965068169979e-04   6.416526377301e+01  -1.393888700694e+01
  1.793994776599e-01   -7.517916314727e-02   6.446483057589e+01  -1.393888700694e+01
  2.873172419997e-01   -7.847728905135e-02   6.284293883549e+01  -6.845621922936e+00
  3.478658566795e-01   -1.316061903083e-01   6.553959213815e+01  -6.845621922936e+00
  1.798196495435e-01   -7.562981394433e-02   6.446002254478e+01  -6.845621922936e+00
  2.662929944385e-01   -7.531580425807e-02   7.381539785004e+01  -1.190562634190e+01
  2.237156451815e-01   -8.898845150625e-02   6.847374238355e+01  -1.190562634190e+01
  4.303330157896e-01   -1.484475031206e-01   6.959895140687e+01  -1.190562634190e+01
  1.788519014431e-01   -7.538424515787e-02   6.444913088435e+01  -5.772806700227e+00
  1.484238091663e-01   -4.406876611671e-02   6.186168732945e+01  -5.772806700227e+00
  2.881409557455e-01   -7.860300560943e-02   6.285255913634e+01  -5.772806700227e+00
  1.188502213721e-03   -1.273431615539e-03   6.408621783360e+01  -7.227142703204e+00
 -8.703741804066e-05    2.542353193049e-04   6.179775312227e+01  -7.227142703204e+00
  1.498435716507e-01   -4.525063359943e-02   6.182336455913e+01  -7.227142703204e+00
  3.619246567635e-01   -5.325468489185e-02   7.052253681553e+01   9.846198696501e+00
  5.040054792314e-03    1.702020972080e-04   7.423711257863e+01   9.846198696501e+00
  4.170412454219e-01   -4.856804428678e-02   7.609516997503e+01   9.846198696501e+00
  4.289108384762e-01   -1.481296777917e-01   6.963629978667e+01  -1.016833172643e+01
  2.246562195123e-01   -8.933254593142e-02   6.843785920706e+01  -1.016833172643e+01
  3.480668959788e-01   -1.319505640577e-01   6.550105086758e+01  -1.016833172643e+01
  5.597391022771e-01   -6.567829335479e-02   8.066204766941e+01  -1.497340857882e+01
  5.796036499432e-01    7.920003235489e-03   8.705805051424e+01  -1.497340857882e+01
  3.145026604046e-01    4.535742907914e-03   8.697270415444e+01  -1.497340857882e+01
  5.594908073115e-01   -6.613127212142e-02   8.072413453567e+01  -1.429272035124e+01
  2.994296376385e-01   -4.188301031564e-02   8.014956794531e+01  -1.429272035124e+01
  5.062970342044e-01   -1.226994835613e-01   7.475619519562e+01  -1.429272035124e+01
  5.826611213801e-01    7.534546226968e-03   8.699586219451e+01  -4.372056072588e+00
  6.671001860525e-01   -6.186750509303e-02   8.115365894607e+01  -4.372056072588e+00
  6.643503153024e-01    8.632407398097e-03   8.710241202984e+01  -4.372056072588e+00
  4.584407970227e-01   -1.957964029102e-02   8.318660360467e+01   2.494202506239e+00
  6.644531558224e-01    7.466817724442e-03   8.706587715659e+01   2.494202506239e+00
  6.667249863511e-01   -6.045595532535e-02   8.122786431018e+01   2.494202506239e+00
  6.659483978237e-01    8.259477392006e-03   8.708181023263e+01   4.135510834903e+00
  4.568943823095e-01   -2.031806888797e-02   8.316884859510e+01   4.135510834903e+00
  4.544705950980e-01    2.773061455102e-02   9.100567437913e+01   4.135510834903e+00
  5.827690300657e-01    8.996901670302e-03   8.709845105494e+01  -4.446272246925e+00
  6.643037242868e-01    7.895391288908e-03   8.705493739376e+01  -4.446272246925e+00
  6.637212643188e-01    8.061092708781e-02   9.298917654150e+01  -4.446272246925e+00
  6.687764615043e-01   -6.162429351249e-02   8.118648718845e+01  -6.057556467475e+00
  5.807720296270e-01    7.122027110037e-03   8.697018738803e+01  -6.057556467475e+00
  5.598048428992e-01   -6.550909804622e-02   8.075372285636e+01  -6.057556467475e+00
  3.127048401491e-01    4.440232026015e-03   8.696669287653e+01  -1.457588428659e+01
  2.979132156205e-01   -4.193029083061e-02   8.020618379334e+01  -1.457588428659e+01
  5.611752651452e-01   -6.583806168028e-02   8.067092176476e+01  -1.457588428659e+01
  6.475193980233e-01   -1.212508937095e-01   7.584391452973e+01  -4.905018852835e+00
  5.069863941457e-01   -1.230770727385e-01   7.479718922454e+01  -4.905018852835e+00
  5.870269903781e-01   -1.633897963562e-01   7.094979413679e+01  -4.905018852835e+00
  5.074608362241e-01   -1.229827230944e-01   7.476842944494e+01  -1.365570812447e+01
  2.981224735809e-01   -4.174361377907e-02   8.013689440891e+01  -1.365570812447e+01
  2.661997446850e-01   -7.527975135607e-02   7.387476520953e+01  -1.365570812447e+01
  6.654310445790e-01   -6.204736025344e-02   8.120244040063e+01   2.088583086209e+00
  6.494057278610e-01   -1.203381738408e-01   7.585513308500e+01   2.088583086209e+00
  4.230104123907e-01   -4.928665782380e-02   7.613463431691e+01   2.088583086209e+00
  6.680638753445e-01   -6.088307850557e-02   8.124486338765e+01  -4.583431988421e+00
  5.602163549278e-01   -6.628201048191e-02   8.069565667589e+01  -4.583431988421e+00
  6.464895170170e-01   -1.219045074954e-01   7.575697833273e+01  -4.583431988421e+00
  4.299039369585e-01   -1.480872262650e-01   6.966575008511e+01  -6.525476510437e+00
  5.884918080996e-01   -1.634724499898e-01   7.098814515028e+01  -6.525476510437e+00
  5.052917655141e-01   -1.231817437474e-01   7.476034442965e+01  -6.525476510437e+00
  6.674884527442e-01   -6.143391215507e-02   8.122486391705e+01   4.143275079211e+00
  4.200215271053e-01   -4.968101059130e-02   7.609857995771e+01   4.143275079211e+00
  4.575158783675e-01   -1.876635717730e-02   8.318910630182e+01   4.143275079211e+00
  6.486582151484e-01   -1.207818912293e-01   7.584092446101e+01   3.307836226856e+00
  5.520922610168e-01   -1.105649736829e-01   7.190616049053e+01   3.307836226856e+00
  4.233252951930e-01   -4.861442526889e-02   7.613550707848e+01   3.307836226856e+00
  6.478613902245e-01   -1.218376409507e-01   7.579615661692e+01  -6.512672121925e+00
  5.587363187869e-01   -6.661504702236e-02   8.065854644407e+01  -6.512672121925e+00
  5.069740215443e-01   -1.225884775493e-01   7.484383869051e+01  -6.512672121925e+00
  2.674979967971e-01   -7.552051551928e-02   7.382781434368e+01  -1.274373944358e+01
  4.293381181405e-01   -1.482008782357e-01   6.958729857729e+01  -1.274373944358e+01
  5.059005528986e-01   -1.229360159018e-01   7.481483560563e+01  -1.274373944358e+01
  3.057324207251e-01   -4.196918555531e-02   6.671185045546e+01   8.075375221462e+00
  1.197497740106e-03    3.690462645483e-04   6.672667506044e+01   8.075375221462e+00
  3.611962109528e-01   -5.310295915209e-02   7.052994800889e+01   8.075375221462e+00
  5.050344154194e-01   -1.610483286583e-01   6.693582461651e+01  -5.782038653550e+00
  4.282975350442e-01   -1.482396558238e-01   6.959681897171e+01  -5.782038653550e+00
  3.485593285558e-01   -1.318246939923e-01   6.555983321497e+01  -5.782038653550e+00
  1.718740744242e-03    1.058802632762e-03   8.692180503192e+01  -2.187363418634e+01
  9.722482696185e-04   -8.109413418918e-04   8.017706156853e+01  -2.187363418634e+01
  2.997551078727e-01   -4.095540742287e-02   8.013740122456e+01  -2.187363418634e+01
  3.948162725337e-01   -3.323044353324e-03   6.312776996600e+01  -1.390909303720e+00
  4.327763938424e-01   -1.038995101734e-01   6.423817275792e+01  -1.390909303720e+00
  2.879075595061e-01   -7.794072139972e-02   6.287727817909e+01  -1.390909303720e+00
  1.489083305173e-01   -4.451410230790e-02   6.184297535869e+01  -2.678390031196e+00
  2.638457895885e-01   -1.900635910935e-03   6.199452693091e+01  -2.678390031196e+00
  2.872879096055e-01   -7.787393801110e-02   6.287286467440e+01  -2.678390031196e+00
  5.037065684869e-01   -1.610301422716e-01   6.690202804052e+01  -4.489788319567e+00
  5.882603941064e-01   -1.632151422389e-01   7.102589469864e+01  -4.489788319567e+00
  4.298680283086e-01   -1.482372733607e-01   6.962964193022e+01  -4.489788319567e+00
  3.485108666764e-01   -1.317723818132e-01   6.553076201638e+01  -3.179385447266e+00
  4.322504697590e-01   -1.041498065850e-01   6.420212279109e+01  -3.179385447266e+00
  5.047768689420e-01   -1.608392425660e-01   6.696360380683e+01  -3.179385447266e+00
  5.593366335815e-01   -1.129584587862e-01   6.515296951148e+01  -1.369557686042e+00
  5.033201206681e-01   -1.602465548923e-01   6.693422594612e+01  -1.369557686042e+00
  4.344015369987e-01   -1.046746103050e-01   6.427307675477e+01  -1.369557686042e+00
  5.053864627529e-01   -1.609253322119e-01   6.696927782227e+01  -1.867535488336e+00
  5.656892013542e-01   -1.442395042352e-01   6.810019569577e+01  -1.867535488336e+00
  5.864481281366e-01   -1.629195934333e-01   7.099128917146e+01  -1.867535488336e+00
  5.591169049535e-01   -1.134715980517e-01   6.514379877184e+01   9.719504206897e-02
  4.345116701700e-01   -1.038547050540e-01   6.427472107226e+01   9.719504206897e-02
  5.201549591426e-01   -5.282094142302e-02   6.377274372126e+01   9.719504206897e-02
  3.473007465810e-01   -1.317232442129e-01   6.550744429231e+01  -4.175503533853e+00
  2.877197227810e-01   -7.817908593541e-02   6.289057092081e+01  -4.175503533853e+00
  4.331559467099e-01   -1.040742846803e-01   6.422305871506e+01  -4.175503533853e+00
  4.046030047589e-01   -3.402853122842e-02   6.281865054537e+01   3.304491170891e+00
  5.448523668520e-01   -4.644254660843e-02   6.265235763778e+01   3.304491170891e+00
  3.999628994714e-01   -1.533176933196e-02   6.031526057735e+01   3.304491170891e+00
  7.210958530762e-01    6.509405703801e-03   5.268499430879e+01  -4.355649542582e+00
  4.002124920799e-03    1.012948922698e-03   5.432676874787e+01  -4.355649542582e+00
  7.156905399180e-03   -8.039727242877e-04   4.839129195616e+01  -4.355649542582e+00
  5.574840584783e-01   -1.115302088732e-01   6.511816720239e+01   2.202207820137e+00
  6.023401436165e-01   -3.713780718179e-02   6.249704127412e+01   2.202207820137e+00
  5.455237566317e-01   -4.687092078040e-02   6.266967213890e+01   2.202207820137e+00
  5.563702753369e-01   -1.119284271513e-01   6.510036421864e+01  -7.897616242385e-02
  5.225547176398e-01   -5.400621057127e-02   6.382176547563e+01  -7.897616242385e-02
  6.032537682162e-01   -3.749000267209e-02   6.251496841985e+01  -7.897616242385e-02
  6.041281768913e-01   -3.692943229156e-02   6.252410571545e+01  -3.447048369701e-02
  6.055252250939e-01   -5.678286060191e-03   6.226050850007e+01  -3.447048369701e-02
  6.544515688960e-01    5.760817368713e-03   6.042117056144e+01  -3.447048369701e-02
  5.655242382075e-01   -1.443765839521e-01   6.809583900074e+01  -4.084222155737e-01
  5.052573661054e-01   -1.604650504718e-01   6.696674870883e+01  -4.084222155737e-01
  5.573005939720e-01   -1.124952575819e-01   6.510414976386e+01  -4.084222155737e-01
  6.007314770071e-01   -5.075246503899e-03   5.830345945738e+01   9.478373794966e-01
  6.040306428849e-01   -3.659763886347e-02   6.253541776145e+01   9.478373794966e-01
  6.552699472800e-01    5.434548788087e-03   6.041854325270e+01   9.478373794966e-01
  6.042869067105e-01   -3.860543279856e-02   6.251550918346e+01   4.599030940297e-01
  5.220789805458e-01   -5.247999877527e-02   6.382281058849e+01   4.599030940297e-01
  6.055733621495e-01   -4.432691701835e-03   6.226289890322e+01   4.599030940297e-01
  4.324293542443e-01   -1.032632318323e-01   6.423466125554e+01  -8.249940793007e-01
  3.955896524383e-01   -3.971206630704e-03   6.316140465606e+01  -8.249940793007e-01
  5.214257019214e-01   -5.305671926107e-02   6.381371072183e+01  -8.249940793007e-01
  5.111720808915e-01   -9.621717678129e-02   6.635548543218e+01   1.836080857108e+00
  5.596873043544e-01   -1.122102913093e-01   6.514177384010e+01   1.836080857108e+00
  5.438449513961e-01   -4.686140162997e-02   6.264334463120e+01   1.836080857108e+00
  5.657088378993e-01   -1.438055117728e-01   6.809966923916e+01   2.318931502180e+00
  5.114930513611e-01   -9.541710631131e-02   6.637467866716e+01   2.318931502180e+00
  5.048907069441e-01   -9.947843643534e-02   6.880004923738e+01   2.318931502180e+00
  5.645314637481e-01   -1.436945663292e-01   6.808862077797e+01   2.100655525721e+00
  5.584434487396e-01   -1.128043839902e-01   6.512002873711e+01   2.100655525721e+00
  5.125122983541e-01   -9.574113421223e-02   6.638916414959e+01   2.100655525721e+00
  5.535281539613e-01   -1.101655090148e-01   7.194690770822e+01   5.074916518769e+00
  5.050296110763e-01   -9.940856138053e-02   6.880133457393e+01   5.074916518769e+00
  3.616900771879e-01   -5.331540484165e-02   7.054699642438e+01   5.074916518769e+00
  5.049566055342e-01   -9.932340510453e-02   6.880744887742e+01   1.784170797049e+00
  5.536581338974e-01   -1.106193502254e-01   7.194446203174e+01   1.784170797049e+00
  5.657011071848e-01   -1.442215306987e-01   6.808867742220e+01   1.784170797049e+00
  3.056609434118e-01   -4.194773550200e-02   6.671327620882e+01   4.951714808480e+00
  3.610147607410e-01   -5.347726407733e-02   7.052796280369e+01   4.951714808480e+00
  5.057196879247e-01   -9.921196148466e-02   6.881611424207e+01   4.951714808480e+00
  5.546584382716e-01   -1.101375243879e-01   7.194818143897e+01   4.774957689228e+00
  3.604090406767e-01   -5.340493972618e-02   7.053253668474e+01   4.774957689228e+00
  4.187944346018e-01   -4.878652214118e-02   7.608700176176e+01   4.774957689228e+00
  5.044301991211e-01   -9.916464403964e-02   6.880597194111e+01   4.895255241469e+00
  5.124475630001e-01   -9.534088578985e-02   6.638087338055e+01   4.895255241469e+00
  3.071241452331e-01   -4.208461062385e-02   6.673070296096e+01   4.895255241469e+00
  5.642202553920e-01   -1.443416062768e-01   6.805911484735e+01   8.652488218037e-01
  5.554493452153e-01   -1.106051464488e-01   7.197221798237e+01   8.652488218037e-01
  5.885749713677e-01   -1.625975248760e-01   7.102722006437e+01   8.652488218037e-01
  4.055713345115e-01   -3.343902852443e-02   6.283873995186e+01   3.770951230284e+00
  5.106855284193e-01   -9.526663303394e-02   6.635935472583e+01   3.770951230284e+00
  5.440422468005e-01   -4.742882570071e-02   6.264357076343e+01   3.770951230284e+00
  3.822843116596e-01   -5.636522351718e-03   5.817072904809e+01   5.580564065781e+00
  1.664398377452e-03    2.877265739520e-04   5.793580821436e+01   5.580564065781e+00
  4.001274835938e-01   -1.529821340299e-02   6.032904920075e+01   5.580564065781e+00
  3.820827548340e-01   -5.624541283146e-03   5.814865699184e+01   3.088198616579e+00
  5.995614087517e-01   -4.837305864406e-03   5.827353867598e+01   3.088198616579e+00
  5.262970753463e-01   -7.176610450115e-03   5.459723849726e+01   3.088198616579e+00
  1.614665539378e-03   -2.968351537970e-04   6.281924301327e+01   5.730325287977e+00
  4.017982528733e-01   -1.553632310476e-02   6.031634885453e+01   5.730325287977e+00
  3.591741212296e-04    2.924158189137e-04   5.792626633826e+01   5.730325287977e+00
  5.151033193498e-01    4.998234518602e-03   3.150782155304e-03   1.689433360079e+00
  6.101252356587e-01    5.944918241422e-03   4.089512897950e+00   1.689433360079e+00
  6.897645856130e-01    1.703202679551e-03   4.139366826511e-02   1.689433360079e+00
 -6.730580777123e-04   -8.058334064253e-04   1.064696495726e+02   6.764303092811e+00
  2.704433756242e-01    4.627918895498e-02   1.055299952542e+02   6.764303092811e+00
  1.082139768459e-03    4.525334572918e-04   1.051130452509e+02   6.764303092811e+00
  6.056079912874e-01   -7.922567818792e-03   4.856675423452e+01  -4.619813664038e+00
  7.156880588749e-01    5.939309618901e-03   5.267157535981e+01  -4.619813664038e+00
  1.062005246567e-02   -9.295672105701e-04   4.839189675224e+01  -4.619813664038e+00
  4.043585542474e-01   -3.388045370620e-02   6.281127483883e+01   4.825928081343e+00
  3.065704775403e-01   -4.255157054191e-02   6.671292274247e+01   4.825928081343e+00
  5.125380966314e-01   -9.485970614929e-02   6.637812653107e+01   4.825928081343e+00
  7.146456115193e-01    1.417027122354e-03   2.218104111981e+01   8.242922446044e-02
  6.566962286938e-01   -3.250732794917e-03   1.857742968046e+01   8.242922446044e-02
  6.296551468944e-01    3.307971651740e-03   1.783900725352e+01   8.242922446044e-02
 -4.436018123528e-04    1.581704830638e-04   6.669163014781e+01   9.064141865153e+00
  2.511614244172e-03   -4.468319657738e-05   7.419363702044e+01   9.064141865153e+00
  3.635775273530e-01   -5.296083573987e-02   7.054033073125e+01   9.064141865153e+00
  6.796960707407e-01   -3.279139653908e-03   4.928906542568e+01   4.828671917387e+00
  1.181396971990e-02   -9.253319909651e-04   5.403155119384e+01   4.828671917387e+00
  5.215662769723e-01   -7.364997153371e-03   5.456301739891e+01   4.828671917387e+00
  5.892273779035e-01   -1.627263442939e-01   7.104001342607e+01  -4.923335048473e-01
  5.547217525602e-01   -1.105429223043e-01   7.196300416238e+01  -4.923335048473e-01
  6.452688815544e-01   -1.212445282465e-01   7.580018656551e+01  -4.923335048473e-01
  6.061773660728e-01   -5.353631355093e-03   6.228545200156e+01  -2.071338416429e-01
  5.209288924644e-01   -5.157704402193e-02   6.380712080219e+01  -2.071338416429e-01
  5.111790131386e-01    4.176593307482e-02   6.382294142325e+01  -2.071338416429e-01
  2.963837485727e-03   -7.655235431673e-04   7.423284839721e+01   9.493414412370e+00
  4.578744594680e-01   -2.031048072807e-02   8.317330469700e+01   9.493414412370e+00
  4.184764889129e-01   -4.808905803207e-02   7.610029540547e+01   9.493414412370e+00
  7.078965639618e-01    6.468703015254e-03   5.258079070758e+01   1.252027527729e+00
  5.340463936988e-01   -7.202440406681e-03   5.458292466502e+01   1.252027527729e+00
  6.639898292660e-01    1.342587718348e-03   5.821658129092e+01   1.252027527729e+00
  6.128780583190e-01    5.650679290253e-02   8.137580206183e+01  -3.740154850781e+00
  6.072195104769e-01   -4.309764195524e-03   8.741171971934e+01  -3.740154850781e+00
  3.606442645675e-01    1.697752096507e-02   8.326125652108e+01  -3.740154850781e+00
  6.453011482878e-03    2.813467414004e-04   3.748169951306e+00   4.627763924937e+00
  6.118645776119e-01    5.908529886230e-03   4.062320716220e+00   4.627763924937e+00
  5.148272926867e-01    5.073491228009e-03  -1.742977077703e-02   4.627763924937e+00
  6.622870832187e-01    1.435911669338e-03   5.819968155389e+01   8.512816713529e-01
  6.008954969964e-01   -5.245869218543e-03   5.829678415491e+01   8.512816713529e-01
  6.547623699535e-01    5.336336120166e-03   6.041530288470e+01   8.512816713529e-01
  7.931146015221e-01    5.790454816255e-03   1.418070168701e+01   3.529806479605e+00
  6.538852043838e-01    1.012832887752e-02   8.485612369514e+00   3.529806479605e+00
  2.536209097461e-02   -4.888610389354e-04   1.308553881955e+01   3.529806479605e+00
  6.659512680401e-01    1.294951576912e-03   5.822282357595e+01   9.916133368924e-01
  5.310326544579e-01   -7.141945072276e-03   5.459367863715e+01   9.916133368924e-01
  5.971501603535e-01   -4.937896970884e-03   5.829708588137e+01   9.916133368924e-01
  5.263965526001e-01   -7.001076349763e-03   5.450648417277e+01   1.059977121840e+00
  7.129033787608e-01    5.773500292912e-03   5.257019462378e+01   1.059977121840e+00
  6.745961900651e-01   -3.357309796730e-03   4.925924394622e+01   1.059977121840e+00
  6.540580857621e-01    5.531259199808e-03   6.041497405004e+01  -1.951075099662e+00
  5.784602542013e-01    3.088017888185e-02   6.236403028232e+01  -1.951075099662e+00
  5.024277698178e-01    3.974308175174e-02   6.272378263130e+01  -1.951075099662e+00
  5.643744021251e-01    1.080496251392e-02   5.802051289983e+01  -1.432625930230e+00
  6.631166503954e-01    1.162642867043e-03   5.819932359271e+01  -1.432625930230e+00
  6.535374143968e-01    5.808204941479e-03   6.043232692808e+01  -1.432625930230e+00
  5.017668130270e-01    3.918658812987e-02   6.273308474716e+01  -3.079175783775e+00
  3.498477053713e-01    1.368340735819e-02   6.051767747307e+01  -3.079175783775e+00
  6.555319342149e-01    6.159252447878e-03   6.041922420958e+01  -3.079175783775e+00
  6.668080164766e-04   -4.268997791769e-04   6.009496523234e+01  -5.897260966921e+00
  3.541416145721e-01    2.529280020881e-02   6.264904611432e+01  -5.897260966921e+00
  8.216546957064e-04    1.446646649968e-04   6.280284955885e+01  -5.897260966921e+00
  3.524071993528e-01    2.521721512493e-02   6.264262481515e+01  -5.927568497140e+00
  1.909255896101e-03   -5.269020876905e-04   6.010665188333e+01  -5.927568497140e+00
  3.458766669258e-01    1.317960883382e-02   6.048912449522e+01  -5.927568497140e+00
  5.992593419204e-01   -4.374000957850e-03   5.829398711418e+01   1.607974806136e+00
  5.430715098542e-01   -4.598699888566e-02   6.263266672301e+01   1.607974806136e+00
  6.047514198008e-01   -3.718915578430e-02   6.253737066641e+01   1.607974806136e+00
  3.818532486653e-01   -5.566383720546e-03   5.816304867782e+01   3.270851614802e+00
  4.000372227287e-01   -1.554225217959e-02   6.034404862020e+01   3.270851614802e+00
  6.004675168341e-01   -4.838721257640e-03   5.828609158990e+01   3.270851614802e+00
  6.100800433555e-01    5.223252510893e-03   4.105987333566e+00   5.314783659111e-01
  6.570479528456e-01    1.069879035049e-02   8.727262596132e+00   5.314783659111e-01
  6.910214580954e-01    8.887362436833e-03   5.394061396371e+00   5.314783659111e-01
  9.888792011636e-03    4.827155316011e-04   4.341900354681e+01   4.576273188425e+00
  7.001292155549e-01   -1.236919354987e-02   3.940669715297e+01   4.576273188425e+00
  4.934575723287e-04    4.115732469279e-04   3.862381675885e+01   4.576273188425e+00
  1.900458844782e-02   -3.207071786313e-04   4.386454716996e+01  -3.699418631656e+00
  7.909814238725e-01   -8.627643018702e-03   4.414668300119e+01  -3.699418631656e+00
  6.066849603476e-01   -7.467387647938e-03   4.872162761919e+01  -3.699418631656e+00
  7.845968250635e-01   -8.778156419796e-03   4.416420000023e+01   3.651984491927e+00
  2.016039197368e-02    3.924751494250e-04   4.371167002659e+01   3.651984491927e+00
  6.779638584144e-01   -2.773116991427e-03   4.950423050236e+01   3.651984491927e+00
  6.244286448698e-01    4.369987733913e-04   2.528267894284e+01  -9.594083129477e-01
  7.268806153663e-01    2.372504045931e-03   2.785941482256e+01  -9.594083129477e-01
  6.229592634114e-01    7.292681624165e-03   3.053029045570e+01  -9.594083129477e-01
  6.301622677634e-01    3.505739737829e-03   1.784883557499e+01   4.579999219389e+00
 -2.051875038034e-04   -7.324748222557e-05   1.779445462764e+01   4.579999219389e+00
  7.634060617188e-03    3.179381041664e-04   2.236827155550e+01   4.579999219389e+00
  5.542677301435e-01   -9.629390847021e-03   3.539536905053e+01  -1.248687710303e+00
  7.245219807880e-01   -9.575616928879e-03   3.365928500278e+01  -1.248687710303e+00
  6.999863973346e-01   -1.516357695512e-02   3.963622794533e+01  -1.248687710303e+00
  7.207562390273e-01    1.929468943371e-03   2.758826235695e+01   3.551786813562e+00
  2.350146714035e-02   -1.138481039478e-03   3.354621128305e+01   3.551786813562e+00
  7.310382290717e-01   -9.106015307427e-03   3.363296080004e+01   3.551786813562e+00
  6.200021036401e-01    3.792577141524e-04   2.522362491884e+01  -1.008605068959e+00
  6.476906912549e-01   -2.957394742168e-03   1.855743104910e+01  -1.008605068959e+00
  7.207935437098e-01    9.416057683344e-04   2.216297876483e+01  -1.008605068959e+00
  7.326700519140e-01   -1.019939126538e-02   3.376437855469e+01   3.451170552545e+00
  2.146649270607e-02   -1.612445675613e-04   3.377826886020e+01   3.451170552545e+00
  6.936520083931e-01   -1.365004157156e-02   3.974389537284e+01   3.451170552545e+00
  6.978449162155e-01    7.892883556724e-03   5.392464710729e+00  -4.513973128769e+00
  7.006205517544e-03    5.195424186417e-04   8.981066496536e+00  -4.513973128769e+00
  4.507326305384e-03   -7.210364750522e-04   3.380640015889e+00  -4.513973128769e+00
  8.219787138188e-03   -6.108638299088e-04   8.271218143892e+00   4.429160539070e+00
  6.568616513895e-01    9.573792700181e-03   8.681771501114e+00   4.429160539070e+00
  6.110567392786e-01    5.606454048561e-03   4.075618365517e+00   4.429160539070e+00
  3.894669939921e-03   -3.166577911464e-04   8.275952538288e+00   4.676861546610e+00
  6.155926595228e-01    5.743042843374e-03   4.065862885716e+00   4.676861546610e+00
  3.176741658916e-03    3.192016164079e-04   3.778095458050e+00   4.676861546610e+00
  6.857720648990e-01    1.511749945020e-03   4.127379772212e-02   6.012279384521e-01
  6.141470546253e-01    6.049031661468e-03   4.070346486140e+00   6.012279384521e-01
  6.864703958493e-01    7.660176349859e-03   5.383585711463e+00   6.012279384521e-01
 -4.274381387612e-04    1.650297844149e-04   1.767134918186e+01   4.577973076146e+00
  6.291592045799e-01    3.351077985923e-03   1.806460079147e+01   4.577973076146e+00
  1.083255114613e-02    3.328599766961e-05   1.337742328665e+01   4.577973076146e+00
  6.626475435182e-01    1.137006293974e-02   8.725900897001e+00  -4.509352037014e-01
  7.790597561827e-01    5.546591493267e-03   1.426351272150e+01  -4.509352037014e-01
  6.041350737267e-01    1.579300570798e-02   1.037200680725e+01  -4.509352037014e-01
  6.616145513317e-01    9.346347812915e-03   8.590344734986e+00   4.477444082626e+00
  2.552517591888e-03   -5.307101586246e-04   8.350128569765e+00   4.477444082626e+00
  1.107357086243e-02   -3.295475516138e-04   1.306760779942e+01   4.477444082626e+00
  6.648712359192e-01    1.145675843550e-02   8.715529509584e+00  -4.311416717628e-01
  6.030174129983e-01    1.585923784201e-02   1.024567484774e+01  -4.311416717628e-01
  6.857101954178e-01    8.963981069541e-03   5.330988925818e+00  -4.311416717628e-01
  2.172865812628e-03    2.965981871476e-04   8.964935077916e+00  -4.987476628867e+00
  6.031269237328e-01    1.456889106418e-02   1.018517656179e+01  -4.987476628867e+00
  4.930901435328e-03   -5.236925254860e-04   1.364966237616e+01  -4.987476628867e+00
  1.492229868101e-02   -9.629809607293e-04   1.368050295821e+01  -4.162392564517e+00
  5.978158948906e-01    1.474177400448e-02   1.015115856429e+01  -4.162392564517e+00
  7.840743426620e-01    4.988185291726e-03   1.419578553925e+01  -4.162392564517e+00
  6.865717657857e-01   -3.157909991081e-03   4.932905514306e+01   4.735874185204e+00
  1.430790573019e-03    4.593602907387e-04   4.885729582136e+01   4.735874185204e+00
  6.511435091957e-03   -5.614058564270e-04   5.400220631218e+01   4.735874185204e+00
  6.119825225311e-01   -7.191121892888e-03   4.860861895202e+01  -5.088649244636e-01
  6.817303556597e-01   -3.108591661108e-03   4.930008576141e+01  -5.088649244636e-01
  7.069100231887e-01    5.541273918808e-03   5.267496615042e+01  -5.088649244636e-01
  2.473441383587e-03    1.162076946861e-04   3.836766305379e+01  -4.806029876638e+00
  6.175265050585e-01   -1.449747143486e-02   3.980007623478e+01  -4.806029876638e+00
  6.737791249350e-03    1.054263845068e-04   4.370877999827e+01  -4.806029876638e+00
  6.803432903327e-01   -2.827278671736e-03   4.929601470461e+01  -7.032947688105e-01
  6.141100799319e-01   -7.159497675794e-03   4.850632870228e+01  -7.032947688105e-01
  7.791211663683e-01   -8.582872023059e-03   4.411358963892e+01  -7.032947688105e-01
  6.120801216405e-01   -8.075595455348e-03   4.864066148653e+01  -4.648403591680e+00
  2.070478938390e-03   -5.429812040431e-04   4.838831685290e+01  -4.648403591680e+00
  7.699290267735e-03   -1.858169757543e-04   4.390337551755e+01  -4.648403591680e+00
  6.572457212592e-03   -2.145709451537e-04   1.385805155273e+01  -4.980304065267e+00
  6.578087340281e-01   -3.221758718456e-03   1.859059554151e+01  -4.980304065267e+00
  7.453037903915e-04    2.267607982451e-05   1.940243058641e+01  -4.980304065267e+00
  1.045075527177e-03    2.225915795836e-04   4.879172907602e+01   4.729739841661e+00
  6.856769450930e-01   -2.658911602581e-03   4.943573594315e+01   4.729739841661e+00
  9.243976105552e-03    2.555897863275e-04   4.372828647397e+01   4.729739841661e+00
  6.311024831997e-01    3.160788946220e-03   1.790711670976e+01   3.979497210365e-01
  6.541510779131e-01   -3.340377263204e-03   1.842238202952e+01   3.979497210365e-01
  7.786769833942e-01    4.628613518687e-03   1.415102067900e+01   3.979497210365e-01
  2.363643127886e-02    1.570712100533e-05   1.332665450014e+01   3.221060915488e+00
  6.218375183550e-01    3.090571265703e-03   1.819865447996e+01   3.221060915488e+00
  7.942642035787e-01    5.212972017506e-03   1.422454437977e+01   3.221060915488e+00
  6.245071699062e-01    3.372041276249e-03   1.772515019817e+01   3.579402812909e+00
  1.737086359680e-02    7.558578783053e-04   2.240513509776e+01   3.579402812909e+00
  7.206970341202e-01    1.849904886253e-03   2.210920341708e+01   3.579402812909e+00
  6.248490023639e-01    7.706796808943e-04   2.528335156114e+01  -4.912115566094e+00
  6.234320945638e-01    6.775033819190e-03   3.052345118438e+01  -4.912115566094e+00
  9.425190674413e-03   -5.439978444193e-05   2.906739659499e+01  -4.912115566094e+00
  7.305550896312e-01    1.972862987844e-03   2.792698970993e+01   4.298551747731e+00
  1.047526988167e-02    5.091851049637e-04   2.263461092120e+01   4.298551747731e+00
  1.499777617063e-03   -2.239513159382e-04   2.803982738433e+01   4.298551747731e+00
  1.247883466976e-03   -1.059945700845e-04   1.942519962297e+01  -4.976268522289e+00
  6.558930762505e-01   -2.906353943009e-03   1.856372908501e+01  -4.976268522289e+00
  5.669891510237e-03    2.324554045752e-04   2.407574453190e+01  -4.976268522289e+00
  6.149241912361e-01   -1.543625674429e-02   4.002279717909e+01  -9.056345769164e-01
  6.961664407029e-01   -1.438485736003e-02   3.954147766949e+01  -9.056345769164e-01
  7.772838437535e-01   -8.790014564558e-03   4.408815030922e+01  -9.056345769164e-01
  1.981695106365e-02   -1.222552297385e-05   4.370597278360e+01  -3.905412768053e+00
  6.090843188182e-01   -1.455394927037e-02   3.973839205050e+01  -3.905412768053e+00
  7.898968921569e-01   -8.951569868308e-03   4.409636119202e+01  -3.905412768053e+00
  6.064904439490e-03    4.008603990834e-04   3.830164836875e+01  -4.876282475402e+00
  5.443173591872e-01   -8.585007021517e-03   3.552181008604e+01  -4.876282475402e+00
  6.140776616306e-01   -1.500245149705e-02   3.985765246590e+01  -4.876282475402e+00
  5.463845396998e-01   -7.455417961258e-03   3.556980094936e+01  -5.307666482521e+00
  1.738723498061e-03   -1.048183453552e-05   3.829284277433e+01  -5.307666482521e+00
  2.192018936094e-03    4.705910936202e-04   3.429324134992e+01  -5.307666482521e+00
  3.375903211274e-03   -2.356196202171e-04   2.904953657226e+01  -4.973585854420e+00
  6.290643451672e-01    6.894925981956e-03   3.053388148059e+01  -4.973585854420e+00
  3.773787871653e-03    1.982492139498e-04   3.428430245585e+01  -4.973585854420e+00
  6.267057292361e-01    7.837127055144e-03   3.062043946264e+01  -8.680007320798e-01
  7.214976913827e-01    2.367432040739e-03   2.772537101300e+01  -8.680007320798e-01
  7.261163546126e-01   -8.659165114277e-03   3.361450788639e+01  -8.680007320798e-01
  1.150978556737e-02   -7.332763152687e-04   3.350019842258e+01   4.299676397460e+00
  7.301462771387e-01    1.496948170443e-03   2.771433778315e+01   4.299676397460e+00
  1.368656226788e-03    1.011746467197e-05   2.816447772919e+01   4.299676397460e+00
  1.798334573859e-04    7.574672856386e-04   3.850818994983e+01   4.581494675827e+00
  7.005071721759e-01   -1.270686609110e-02   3.960267523539e+01   4.581494675827e+00
  9.842703380861e-03   -2.444502281528e-05   3.380505441487e+01   4.581494675827e+00
  6.227734253995e-01    7.252277650850e-03   3.056441682987e+01  -4.963278580947e+00
  5.402844637213e-01   -7.415868703259e-03   3.557701722743e+01  -4.963278580947e+00
  8.854680606169e-03    6.025007356777e-04   3.429763414709e+01  -4.963278580947e+00
  6.202531381856e-01    7.828384238109e-03   3.058975744051e+01  -1.591292676894e+00
  7.308737294702e-01   -9.207750825271e-03   3.359775770398e+01  -1.591292676894e+00
  5.425168870536e-01   -8.339311968979e-03   3.551493058887e+01  -1.591292676894e+00
  6.290012210691e-01    8.801633483546e-04   2.527421353797e+01  -4.909969846068e+00
  4.262401315197e-03    5.050978535225e-05   2.907416796269e+01  -4.909969846068e+00
  3.336167256255e-03    1.286468730680e-04   2.405628474040e+01  -4.909969846068e+00
  6.495187927956e-01   -2.905279232214e-03   1.855537241709e+01  -4.806622504179e+00
  6.197745404154e-01    5.887451331805e-04   2.523734392640e+01  -4.806622504179e+00
  1.144949453554e-02    3.394913363911e-04   2.407386210006e+01  -4.806622504179e+00
  7.212457046403e-01    2.181638761340e-03   2.797386783713e+01  -8.726859712216e-01
  6.286662090119e-01    1.477951008194e-04   2.521604754779e+01  -8.726859712216e-01
  7.145965302493e-01    1.125261177799e-03   2.218719577227e+01  -8.726859712216e-01
