
  1.713086311903e-03   -2.054824007547e-03   2.147662438933e+02  -1.208616190292e+01
  5.464636606106e-01   -1.870456953408e-03   2.164019551787e+02  -1.208616190292e+01
 -2.935309344911e-04    8.391448797996e-04   2.153699609276e+02  -1.208616190292e+01
  6.604606795451e-01   -9.375579425818e-02   1.987707074948e+02  -2.195617011686e+01
 -5.040996949551e-04   -7.166363844163e-06   2.069696989142e+02  -2.195617011686e+01
  1.861085983498e-03    3.560845538344e-05   1.984770445495e+02  -2.195617011686e+01
  5.460259555053e-01    1.174190878686e-03   2.164178422109e+02  -1.265889057633e+01
  8.890969415184e-01   -1.857735837115e-01   2.160738688791e+02  -1.265889057633e+01
  9.547303603687e-01   -2.388285002175e-03   2.192613177419e+02  -1.265889057633e+01
  8.926526691840e-01   -1.842018496025e-01   2.160202842975e+02  -1.198284172969e+01
  5.431139900252e-01   -4.377338827045e-04   2.164992950194e+02  -1.198284172969e+01
  4.162848264171e-01   -7.386367028747e-02   2.142184849528e+02  -1.198284172969e+01
  1.108628100513e+00   -2.292359349064e-01   2.209488675388e+02  -8.426850324870e+00
  9.551215964445e-01   -2.294097405861e-03   2.193600525282e+02  -8.426850324870e+00
  8.895914449296e-01   -1.873421011626e-01   2.160146602210e+02  -8.426850324870e+00
  1.396792152237e+00    1.447666964288e-02   1.071218421068e+01  -9.274233503723e+00
  1.893091620087e-02   -1.220582257241e-03   6.660072572933e+00  -9.274233503723e+00
  1.025687475028e+00   -1.447557603753e-02  -6.598771660138e-02  -9.274233503723e+00
  4.172947495864e-01   -7.270084902878e-02   2.142035817051e+02  -1.158749293238e+01
  8.528779184432e-01   -2.043533653392e-01   2.119447231620e+02  -1.158749293238e+01
  8.925697722385e-01   -1.853656053916e-01   2.159975843066e+02  -1.158749293238e+01
  1.325357709452e+00    1.273759466591e-02   1.211198931485e+02  -5.258889224414e+00
  7.052920595039e-01    2.826743051090e-02   1.212976596300e+02  -5.258889224414e+00
  1.135785468894e+00    2.139025540439e-02   1.163044545973e+02  -5.258889224414e+00
  5.144635837714e-01   -1.002283755601e-01   2.087106026262e+02  -1.106632318653e+01
  6.609592654039e-01   -9.428030097817e-02   1.987626595028e+02  -1.106632318653e+01
  9.652408036294e-01   -2.295458278207e-01   2.062497797745e+02  -1.106632318653e+01
  1.858487128586e-03    4.185905027888e-04   2.124595125513e+02  -1.583219350910e+01
  5.128338125762e-01   -9.971755782647e-02   2.087446824126e+02  -1.583219350910e+01
  4.159023501436e-01   -7.326846918984e-02   2.142575261528e+02  -1.583219350910e+01
  8.540798736941e-01   -2.045177200750e-01   2.119268859441e+02  -5.715386997588e+00
  9.635208632473e-01   -2.308022817800e-01   2.062577218559e+02  -5.715386997588e+00
  1.049309912074e+00   -3.082471418256e-01   2.141831120002e+02  -5.715386997588e+00
  9.633812249749e-01   -2.296820430720e-01   2.062624961695e+02  -1.187478817375e+01
  8.540319357046e-01   -2.047509570231e-01   2.119343683143e+02  -1.187478817375e+01
  5.164519315501e-01   -1.000975545842e-01   2.086787339137e+02  -1.187478817375e+01
  1.118318601016e+00   -3.491322044345e-01   2.085050317577e+02  -3.684107061074e+00
  1.046423441230e+00   -3.084487318661e-01   2.142483983153e+02  -3.684107061074e+00
  9.671916973718e-01   -2.307788578033e-01   2.061975916841e+02  -3.684107061074e+00
  8.539087370166e-01   -2.048209677703e-01   2.119305983888e+02  -7.249878547917e+00
  1.049457723465e+00   -3.075409386997e-01   2.141832823699e+02  -7.249878547917e+00
  8.908014908865e-01   -1.857939959940e-01   2.160361245698e+02  -7.249878547917e+00
  1.119459084633e+00   -3.494430471259e-01   2.084693112934e+02  -9.353136083294e-01
  9.660032245499e-01   -2.305434413147e-01   2.062292694769e+02  -9.353136083294e-01
  1.200280754047e+00   -2.609734601207e-01   1.987022017643e+02  -9.353136083294e-01
  5.144094537776e-01   -1.005701519114e-01   2.087301000700e+02  -1.137653500360e+01
  8.553121754386e-01   -2.042600801300e-01   2.119072194842e+02  -1.137653500360e+01
  4.148160225833e-01   -7.271265152587e-02   2.142676654536e+02  -1.137653500360e+01
  1.955535441258e-03   -5.527483323792e-04   1.729939081360e+02  -2.418413007333e+01
  1.130738300632e-03    9.888301325991e-04   1.485766180375e+02  -2.418413007333e+01
  7.279700573997e-01    3.465955273574e-02   1.672280907314e+02  -2.418413007333e+01
  1.105769818368e+00   -2.298192247126e-01   2.209391148899e+02  -7.306351924469e+00
  8.926078146922e-01   -1.862696623603e-01   2.159940636898e+02  -7.306351924469e+00
  1.047256683498e+00   -3.076031134857e-01   2.142109351179e+02  -7.306351924469e+00
  1.229911235422e+00   -4.736682772036e-03   2.242806118286e+02  -4.728690779967e+00
  1.102419441975e+00   -2.275820242227e-01   2.209394677597e+02  -4.728690779967e+00
  1.139796874776e+00   -1.006553302459e-01   2.258385722856e+02  -4.728690779967e+00
  1.227005848098e+00   -1.260722763727e-03   2.242319583698e+02  -1.046763381996e+01
  9.578474368669e-01   -1.260185258987e-03   2.193337795933e+02  -1.046763381996e+01
  1.105321986061e+00   -2.292246081600e-01   2.209840279817e+02  -1.046763381996e+01
  1.231446733506e+00   -4.690360076454e-03   2.243250730352e+02  -4.907647154465e+00
  1.138845685379e+00   -9.952345032006e-02   2.258359322044e+02  -4.907647154465e+00
  1.363675550106e+00    1.633047119095e-03   2.280297917880e+02  -4.907647154465e+00
  1.134672352069e+00   -9.626510845579e-02   2.258413469220e+02  -2.696249773887e+00
  1.108611264593e+00   -2.310340890021e-01   2.209193136645e+02  -2.696249773887e+00
  9.192488933795e-01   -2.167208211454e-01   2.234207285760e+02  -2.696249773887e+00
  8.799719864711e-01    1.655675796757e-02   2.259226360528e+02   3.762352612957e-01
  1.137432904013e+00   -9.667338875527e-02   2.257500082625e+02   3.762352612957e-01
  9.147644293692e-01   -2.150977106158e-01   2.234909521505e+02   3.762352612957e-01
  1.136114987018e+00   -9.314477367615e-02   2.258067480418e+02  -1.580945134320e+00
  1.154203401041e+00    1.194883126260e-01   2.257081943881e+02  -1.580945134320e+00
  1.364869353777e+00   -4.227877459297e-03   2.280226919265e+02  -1.580945134320e+00
  1.108580079642e+00   -2.301956307617e-01   2.209014184741e+02   5.197138498503e-01
  9.968813489681e-01   -3.436652612822e-01   2.172682625366e+02   5.197138498503e-01
  9.191990949542e-01   -2.182912301805e-01   2.234302615081e+02   5.197138498503e-01
  7.713314453162e-01   -1.132867190604e-02   1.165572326238e+02   9.846989893048e+00
  1.061879089273e+00   -1.522272452486e-02   1.094526716833e+02   9.846989893048e+00
  1.159278503396e-02   -1.129607641545e-03   1.082202844660e+02   9.846989893048e+00
  7.115567414894e-01   -2.822288075091e-01   2.202321321721e+02   1.030278421413e+01
  1.000801612021e+00   -3.452926369182e-01   2.172757161894e+02   1.030278421413e+01
  8.461923915633e-01   -3.186114031438e-01   2.115058775120e+02   1.030278421413e+01
  1.001232915797e+00   -3.441047702541e-01   2.172155135387e+02  -1.775962309749e+00
  1.103752415863e+00   -2.292746252062e-01   2.209806961537e+02  -1.775962309749e+00
  1.049416266283e+00   -3.087100099410e-01   2.141799720423e+02  -1.775962309749e+00
  3.168590957918e-01   -8.866857645712e-02   2.279322684953e+02   1.137900629783e+01
  6.135954270956e-01   -1.605419290678e-01   2.260771775868e+02   1.137900629783e+01
  3.707856667366e-01   -1.654932928979e-01   2.227290482926e+02   1.137900629783e+01
  6.131131224258e-01   -1.598328906669e-01   2.260092571722e+02   7.434571010762e+00
  9.160200959560e-01   -2.166231380425e-01   2.235124985827e+02   7.434571010762e+00
  7.086515156692e-01   -2.820340704151e-01   2.203426609465e+02   7.434571010762e+00
  7.101312564589e-01   -2.818491526130e-01   2.202812612608e+02   1.265784958986e+01
  3.727618772080e-01   -1.658235930248e-01   2.226975436001e+02   1.265784958986e+01
  6.119090963269e-01   -1.604010315312e-01   2.261006081816e+02   1.265784958986e+01
  6.132203890656e-01   -1.593429871901e-01   2.260345373538e+02   1.535806912122e+00
  8.780247919272e-01    1.785289529665e-02   2.259952469331e+02   1.535806912122e+00
  9.156562686978e-01   -2.162917691474e-01   2.234854599291e+02   1.535806912122e+00
  1.117854910872e+00   -3.504186941385e-01   2.084968830549e+02   7.292783817829e+00
  8.495884849593e-01   -3.186298463823e-01   2.114405297583e+02   7.292783817829e+00
  9.978746659819e-01   -3.452505106580e-01   2.173429485346e+02   7.292783817829e+00
  7.112220695752e-01   -2.820476636445e-01   2.202918072250e+02   4.507783263941e+00
  9.141118510285e-01   -2.169267893970e-01   2.235589316939e+02   4.507783263941e+00
  1.000471552559e+00   -3.449325944497e-01   2.172162966147e+02   4.507783263941e+00
  1.113824733034e+00   -3.497774237025e-01   2.085691845943e+02   1.667056905883e+00
  1.001480886043e+00   -3.450731311904e-01   2.172038606360e+02   1.667056905883e+00
  1.049752556441e+00   -3.082768923912e-01   2.141763754921e+02   1.667056905883e+00
  6.121698240265e-01   -1.591099076974e-01   2.260399624822e+02   4.653026377674e+00
  3.176089488730e-01   -8.963692716430e-02   2.279768499239e+02   4.653026377674e+00
  5.811909931429e-01    1.340200661465e-02   2.280845439070e+02   4.653026377674e+00
  1.206827015795e+00   -2.600890628656e-01   1.986112614048e+02  -8.064048220055e+00
  9.608114509590e-01   -2.303594402010e-01   2.063448590676e+02  -8.064048220055e+00
  6.688590436446e-01   -9.393564047640e-02   1.986496766501e+02  -8.064048220055e+00
  1.385180974712e+00    1.483705408134e-02   1.076261457321e+01  -3.656671928743e+00
  1.030914311581e+00   -1.428504176110e-02   7.180742371620e-03  -3.656671928743e+00
  1.393273750497e+00    3.386192218327e-03   1.314583133088e-01  -3.656671928743e+00
  1.229625969753e+00   -1.398578436454e-01   1.877699621526e+02  -7.589605984598e+00
  7.185381342119e-01   -4.089805328766e-02   1.840252910007e+02  -7.589605984598e+00
  1.224973808620e+00   -1.397700722376e-02   1.756161793740e+02  -7.589605984598e+00
  1.226899102090e+00   -1.428640124809e-01   1.878298677858e+02  -5.847743773180e+00
  1.208397195438e+00   -2.591789090615e-01   1.985699370582e+02  -5.847743773180e+00
  6.680549681301e-01   -9.533706565598e-02   1.986717960857e+02  -5.847743773180e+00
  1.118336130482e+00   -3.508916884784e-01   2.085827555215e+02   1.156252323332e+01
  9.814545219021e-01   -2.685210882623e-01   2.006380866099e+02   1.156252323332e+01
  8.496898957096e-01   -3.183202002449e-01   2.113583716425e+02   1.156252323332e+01
  9.849961078446e-01   -2.684254253555e-01   2.005643437381e+02   8.306400491573e+00
  1.115201535283e+00   -3.506072293864e-01   2.086604893669e+02   8.306400491573e+00
  1.204989094196e+00   -2.611775916073e-01   1.986065892286e+02   8.306400491573e+00
  1.078757949804e+00   -1.571173802603e-01   1.884783479952e+02   1.136089755969e+01
  9.848377460318e-01   -2.674524633869e-01   2.004614000217e+02   1.136089755969e+01
  1.205814138624e+00   -2.623308065733e-01   1.987109613318e+02   1.136089755969e+01
  5.216962800344e-01   -1.628339224807e-01   2.023691039492e+02   2.485288627115e+01
  8.484563404480e-01   -3.184609064791e-01   2.115236891908e+02   2.485288627115e+01
  9.828400883714e-01   -2.680825013458e-01   2.005190889864e+02   2.485288627115e+01
  1.203000387520e+00   -2.622824630382e-01   1.987907625149e+02   7.564846184305e+00
  1.232293243449e+00   -1.407716816316e-01   1.877194451411e+02   7.564846184305e+00
  1.081748281322e+00   -1.565842618933e-01   1.884032610557e+02   7.564846184305e+00
  1.231134780766e+00   -1.417148329890e-01   1.877761796138e+02  -1.046772120206e+01
  6.625879998893e-01   -9.613350995982e-02   1.987749005185e+02  -1.046772120206e+01
  7.159485354250e-01   -3.934041842727e-02   1.840316402178e+02  -1.046772120206e+01
  1.120686313276e+00   -1.585207956025e-02   1.756201444695e+02   1.027543564185e+01
  1.080793570924e+00   -1.549751042065e-01   1.882840727650e+02   1.027543564185e+01
  1.233853827032e+00   -1.423510691215e-01   1.878348314140e+02   1.027543564185e+01
  2.090900028668e-03   -1.192098273822e-03   1.753257540789e+02   4.460335925010e+01
  6.229175009055e-01   -5.784267048751e-03   1.754707903090e+02   4.460335925010e+01
  1.924945109435e-03    2.713369440426e-03   1.616226196880e+02   4.460335925010e+01
  1.083290681928e+00   -1.557824031906e-01   1.884444361648e+02   2.805168228482e+01
  6.205242187651e-01   -7.846217778942e-03   1.754911915151e+02   2.805168228482e+01
  5.840813704551e-01   -1.000080508210e-01   1.891872264930e+02   2.805168228482e+01
  6.236975144045e-01   -7.733393558486e-03   1.754828508206e+02   2.819386242255e+01
  1.080584127077e+00   -1.553913492868e-01   1.884600927300e+02   2.819386242255e+01
  1.118163075303e+00   -1.411760595906e-02   1.754494683913e+02   2.819386242255e+01
  5.842061050590e-01   -9.896059965193e-02   1.892867969470e+02   4.805870996040e+01
  6.195266201882e-01   -9.851180993914e-03   1.753171680305e+02   4.805870996040e+01
  4.523814222411e-03   -2.756103305137e-03   1.893050452605e+02   4.805870996040e+01
  1.080399511939e+00   -1.562458739457e-01   1.883384642390e+02   2.747293419918e+01
  5.864099017517e-01   -9.996577962949e-02   1.893063939275e+02   2.747293419918e+01
  9.832379510756e-01   -2.675057030925e-01   2.006407214878e+02   2.747293419918e+01
  1.078949903349e+00    1.270593208397e-01   1.625212739888e+02   2.808573465097e+01
  6.234629978055e-01   -8.202351389485e-03   1.753108812431e+02   2.808573465097e+01
  1.118231726485e+00   -1.309304828213e-02   1.754942125189e+02   2.808573465097e+01
  1.124458874339e+00   -1.520024167039e-02   1.755697041724e+02   6.913680203359e+00
  1.230506703631e+00   -1.426920120811e-01   1.879013253471e+02   6.913680203359e+00
  1.224550002915e+00   -1.177599649652e-02   1.755458145448e+02   6.913680203359e+00
  7.155478718090e-01   -4.206430940964e-02   1.840504957905e+02  -1.091328159225e+01
  7.241989795540e-01    3.472957657219e-02   1.672066849897e+02  -1.091328159225e+01
  1.228079065969e+00   -1.259904286635e-02   1.755940597562e+02  -1.091328159225e+01
  5.192092620592e-01   -1.623439118534e-01   2.022641511213e+02   2.658859036400e+01
  9.858704830701e-01   -2.681446921335e-01   2.006159726481e+02   2.658859036400e+01
  5.833116628077e-01   -9.967832535618e-02   1.893330950682e+02   2.658859036400e+01
  1.129431925820e-04   -3.835719728756e-04   2.227499360498e+02   2.608507425306e+01
  3.750930638238e-01   -1.667869604086e-01   2.227490786915e+02   2.608507425306e+01
  2.711339290430e-03   -1.570978529731e-03   2.141966058700e+02   2.608507425306e+01
  3.716293453253e-01   -1.648726781947e-01   2.226396187681e+02   1.828379829237e+01
  7.122453863557e-01   -2.830424930094e-01   2.203410254705e+02   1.828379829237e+01
  4.463954057688e-01   -1.891988012228e-01   2.138321232366e+02   1.828379829237e+01
  6.181755804015e-01   -8.385647547936e-02   1.337806386236e+02   1.543118647378e+01
  2.355943152131e-04    9.911858630631e-04   1.259791665859e+02   1.543118647378e+01
  1.835580162762e-03   -3.182883416232e-04   1.338312822735e+02   1.543118647378e+01
  2.414178540092e-03   -3.507051362061e-03   2.288910066070e+02   8.360949716607e+00
  3.009673103659e-01    6.492602245497e-03   2.299369448825e+02   8.360949716607e+00
  3.160856219530e-01   -8.747860825732e-02   2.279515921293e+02   8.360949716607e+00
  1.606982253576e-03   -1.402724212121e-03   2.228334576952e+02   2.115227394491e+01
 -7.348586369613e-04    9.888067906548e-04   2.288295457163e+02   2.115227394491e+01
  3.721248504375e-01   -1.647514546066e-01   2.226648912543e+02   2.115227394491e+01
  6.821373203791e-01    1.326274796054e-01   2.068062155750e+02   1.593407892608e+01
  2.973133685285e-03   -5.558698427296e-04   2.111047869148e+02   1.593407892608e+01
  5.445309166954e-01    9.448213819823e-02   2.119907495509e+02   1.593407892608e+01
  3.730709486908e-01   -1.657819192114e-01   2.227607928146e+02   3.210580676157e+01
  4.458549166948e-01   -1.884623142620e-01   2.137354719706e+02   3.210580676157e+01
  4.704096677500e-03   -2.677368471309e-03   2.141580970411e+02   3.210580676157e+01
  9.115084303882e-04    1.702241871294e-04   2.288147059729e+02   1.660345879353e+01
  3.171346805364e-01   -8.946954406109e-02   2.279695267671e+02   1.660345879353e+01
  3.699884526374e-01   -1.639347053054e-01   2.226788625128e+02   1.660345879353e+01
  3.273227458923e-03    3.866388899633e-04   1.894816356652e+02   4.180622855052e+01
  6.107032388565e-04   -2.588465257909e-03   2.025863201324e+02   4.180622855052e+01
  5.848659064480e-01   -1.018832425419e-01   1.891789591330e+02   4.180622855052e+01
  1.326061974828e-03   -2.413535583663e-03   1.892855249254e+02   4.469908233343e+01
  6.228840726542e-01   -9.854285409863e-03   1.753172848895e+02   4.469908233343e+01
  2.239491874683e-03    1.017146994014e-03   1.754793562232e+02   4.469908233343e+01
  9.176150103509e-01    5.609407778720e-02   1.828138396013e+02   1.866221609427e+01
  7.001351981904e-03    9.778834444030e-04   1.969913735994e+02   1.866221609427e+01
  8.117655863592e-01    1.232578300506e-01   1.966895398421e+02   1.866221609427e+01
  6.571432301994e-04   -1.343931039750e-03   2.139972945533e+02   3.414143548906e+01
  4.499790465099e-01   -1.892658229186e-01   2.138457105043e+02   3.414143548906e+01
  3.828781958229e-03   -5.327024248673e-04   2.028790269409e+02   3.414143548906e+01
  3.986522616434e-03   -3.799750287922e-03   2.026000774136e+02   4.365491416199e+01
  5.192429102176e-01   -1.611815529393e-01   2.023566658743e+02   4.365491416199e+01
  5.817370064915e-01   -1.012465654316e-01   1.891827154984e+02   4.365491416199e+01
  7.156245746336e-01   -3.990072511077e-02   1.840462830839e+02  -2.208618394649e+01
  7.006939016062e-03    9.340003578784e-04   1.730633534832e+02  -2.208618394649e+01
  7.234126302779e-01    3.304480582038e-02   1.672087093522e+02  -2.208618394649e+01
  5.154883471405e-01   -9.947346405638e-02   2.087093847063e+02  -1.715095883810e+01
 -3.989898264234e-04    2.768799872074e-04   2.125054975097e+02  -1.715095883810e+01
  1.981461218459e-03   -7.930517616546e-05   2.069703991856e+02  -1.715095883810e+01
  7.012429426897e-03   -1.802425991282e-03   2.028439510543e+02   3.969078720966e+01
  4.474557509312e-01   -1.882617119267e-01   2.138609784780e+02   3.969078720966e+01
  5.175131532961e-01   -1.621950967265e-01   2.022760774917e+02   3.969078720966e+01
  4.461651242513e-01   -1.887283300818e-01   2.137288427631e+02   2.331371842161e+01
  8.507072330693e-01   -3.190636760521e-01   2.115001776808e+02   2.331371842161e+01
  5.189206067736e-01   -1.622900608869e-01   2.023948351235e+02   2.331371842161e+01
  6.632981395848e-01   -9.353117857857e-02   1.988000256862e+02  -2.207266186235e+01
  6.974123584615e-03    1.453644163150e-03   1.868199940710e+02  -2.207266186235e+01
  7.139340580605e-01   -4.086233162228e-02   1.840307951735e+02  -2.207266186235e+01
  1.124300023764e+00   -1.218172464482e-02   1.753758548757e+02   6.820948627211e+00
  1.224599407758e+00   -1.332977546086e-02   1.756342415177e+02   6.820948627211e+00
  1.237416900544e+00    1.145737888696e-01   1.632644878816e+02   6.820948627211e+00
  4.485054726454e-01   -1.896631681600e-01   2.138088500268e+02   1.968362521841e+01
  7.103978432326e-01   -2.826709182284e-01   2.203626067908e+02   1.968362521841e+01
  8.476156205529e-01   -3.182965333543e-01   2.114179626283e+02   1.968362521841e+01
 -2.214608205609e-04   -4.418689039885e-04   1.984657157659e+02  -2.215985519007e+01
  4.137718626123e-03    1.029375677692e-03   1.868465645795e+02  -2.215985519007e+01
  6.656317654343e-01   -9.280121837692e-02   1.987837986324e+02  -2.215985519007e+01
  3.025756169362e-01    6.286355831553e-03   2.299269354247e+02   2.516785940447e+00
  8.874845927041e-04   -2.889992797989e-03   2.289190438864e+02   2.516785940447e+00
  3.950035248535e-04    1.205882199080e-03   2.302034446067e+02   2.516785940447e+00
  1.162549502742e+00    2.740564181067e-01   2.202316499786e+02   2.130847986674e+00
  1.152187033927e+00    1.240466269489e-01   2.256719123560e+02   2.130847986674e+00
  9.429857124003e-01    2.555110181790e-01   2.229908210083e+02   2.130847986674e+00
  1.154241015388e+00    1.204702077526e-01   2.256917781419e+02   2.364273731267e+00
  1.364820383739e+00    3.720623753510e-03   2.270123354299e+02   2.364273731267e+00
  1.365548264297e+00   -4.957254149539e-03   2.280745871889e+02   2.364273731267e+00
  1.362716496221e+00   -1.160190954552e-03   2.269936430393e+02   8.295100268377e+00
  1.154225674754e+00    2.707728397770e-01   2.203225504357e+02   8.295100268377e+00
  1.229556690549e+00    2.204030568157e-03   2.218562269347e+02   8.295100268377e+00
  1.155502936213e+00    2.704740406228e-01   2.203065221388e+02   2.751634959065e+00
  1.361581054343e+00   -1.123389019944e-04   2.270018551909e+02   2.751634959065e+00
  1.156023927751e+00    1.265883760376e-01   2.256527326228e+02   2.751634959065e+00
  1.226627941580e+00    1.194271542824e-03   2.218734152536e+02   1.130968976819e+01
  1.160417962221e+00    2.727076172353e-01   2.202821504160e+02   1.130968976819e+01
  9.587868564699e-01    1.126550326858e-03   2.166270032319e+02   1.130968976819e+01
  8.008313818992e-03   -4.276919990524e-04   6.684903988008e+00  -1.007981978088e+01
 -2.097308900984e-04    2.334242703312e-04   4.254800143042e-02  -1.007981978088e+01
  1.033513978351e+00   -1.443090995397e-02  -2.735834362538e-02  -1.007981978088e+01
  1.155140514424e+00    1.247208817479e-01   2.255907797051e+02  -8.439176751402e-01
  8.800216902374e-01    1.993874446984e-02   2.259273849682e+02  -8.439176751402e-01
  9.384108135386e-01    2.538089123240e-01   2.230624825850e+02  -8.439176751402e-01
  1.154237862515e+00    1.250332954522e-01   2.256736449018e+02  -2.573615937790e-01
  1.136416959631e+00   -9.716505878240e-02   2.258167898230e+02  -2.573615937790e-01
  8.818403144952e-01    1.831578046439e-02   2.258641493759e+02  -2.573615937790e-01
  6.258575390880e-01    1.891296986639e-01   2.257806175442e+02  -2.535638468921e+00
  9.392520896170e-01    2.549494638721e-01   2.230624607620e+02  -2.535638468921e+00
  8.781196438265e-01    1.868410324507e-02   2.259971685970e+02  -2.535638468921e+00
  7.342286411344e-01    3.098322215068e-01   2.196772802309e+02  -1.432851968490e+01
  6.246819515323e-01    1.901839200369e-01   2.258533920274e+02  -1.432851968490e+01
  3.804013455759e-01    1.760878635486e-01   2.220226530413e+02  -1.432851968490e+01
  9.378276933425e-01    2.557249445399e-01   2.231393834886e+02  -5.657710217300e+00
  7.354267725045e-01    3.102620974125e-01   2.196948935668e+02  -5.657710217300e+00
  1.046644710343e+00    3.865870418016e-01   2.164173538358e+02  -5.657710217300e+00
  7.328480400373e-01    3.101610746611e-01   2.197442614275e+02  -8.370398867278e+00
  9.397270006599e-01    2.554907858817e-01   2.230931595019e+02  -8.370398867278e+00
  6.256789795147e-01    1.894619811045e-01   2.257537613056e+02  -8.370398867278e+00
  1.185614144860e+00    3.906129673489e-01   2.074540186011e+02  -8.575574024277e+00
  1.044074113409e+00    3.869333100839e-01   2.165451322076e+02  -8.575574024277e+00
  8.856396731719e-01    3.462244669464e-01   2.106835879786e+02  -8.575574024277e+00
  9.428718387636e-01    2.569496727280e-01   2.230095453741e+02  -1.260804427058e+00
  1.043128973504e+00    3.854523982935e-01   2.164661440497e+02  -1.260804427058e+00
  1.162579659681e+00    2.732442653906e-01   2.201966704201e+02  -1.260804427058e+00
  6.246517127759e-01    1.887845760716e-01   2.257919543565e+02  -5.884591700265e+00
  5.812806326903e-01    1.544601918408e-02   2.280815544192e+02  -5.884591700265e+00
  3.235388223587e-01    1.071520938433e-01   2.278837710083e+02  -5.884591700265e+00
  6.238352453742e-01    1.890100886183e-01   2.258270061919e+02  -3.319490921208e+00
  8.800953414781e-01    1.849261347132e-02   2.259490898540e+02  -3.319490921208e+00
  5.818947956523e-01    1.470193564461e-02   2.280112027803e+02  -3.319490921208e+00
  8.800085094613e-01    1.817074552461e-02   2.259491310237e+02   2.477095406429e+00
  6.112126544291e-01   -1.593181154492e-01   2.260787329901e+02   2.477095406429e+00
  5.819366505085e-01    1.413832256716e-02   2.280112325505e+02   2.477095406429e+00
  1.157693849137e+00    2.723025913585e-01   2.202620302332e+02   9.586821744904e-01
  1.047520964137e+00    3.859379455345e-01   2.164205477463e+02   9.586821744904e-01
  1.124506895244e+00    3.541488056053e-01   2.129463197085e+02   9.586821744904e-01
  9.546183713429e-01    2.846953417154e-03   2.165946338983e+02   1.327438765230e+01
  9.766815518706e-01    2.185007616163e-01   2.143133943388e+02   1.327438765230e+01
  5.466313949187e-01   -2.076006487308e-03   2.136837349394e+02   1.327438765230e+01
  9.566694163900e-01    2.237471726669e-03   2.166620167303e+02   8.292786342108e+00
  1.163147811709e+00    2.723932308318e-01   2.202248009340e+02   8.292786342108e+00
  9.755007796292e-01    2.210248930510e-01   2.142694242224e+02   8.292786342108e+00
  5.454034990680e-01    1.760272101264e-03   2.136714322822e+02   1.382660137272e+01
  5.430196003336e-01    9.345921568180e-02   2.120019714203e+02   1.382660137272e+01
 -4.581027296788e-04   -2.464337696779e-03   2.137869653428e+02   1.382660137272e+01
  5.456483740956e-01    9.687882863892e-02   2.119525889656e+02   1.117306120834e+01
  5.441119119506e-01   -1.009471593127e-03   2.137511469297e+02   1.117306120834e+01
  9.798579428168e-01    2.173898279359e-01   2.142624174197e+02   1.117306120834e+01
  6.892449469947e-01    1.323936059813e-01   2.067812954378e+02   1.720437233265e+01
  6.174090631659e-03   -4.732485038713e-05   1.971425466387e+02   1.720437233265e+01
 -1.549269899007e-03   -1.998083688239e-04   2.112123474420e+02   1.720437233265e+01
  4.015748714709e-03   -3.821021050203e-04   1.082018448785e+02   1.106900085123e+01
  3.722817628344e-04    3.299267053706e-04   1.161404344507e+02   1.106900085123e+01
  7.755647489620e-01   -1.146901523122e-02   1.165501051055e+02   1.106900085123e+01
  9.793398341782e-01    2.190672371304e-01   2.142460583658e+02   1.099958409836e+01
  9.609479123651e-01    2.431741801557e-01   2.101729769992e+02   1.099958409836e+01
  5.468943629082e-01    9.527422441010e-02   2.119352213508e+02   1.099958409836e+01
  6.666659435578e-01    2.492439648006e-02   1.173789227464e+02  -1.110772108100e+01
 -1.407846617095e-04   -4.702552681267e-04   1.166279964993e+02  -1.110772108100e+01
  3.662173251439e-03    3.167872429601e-04   1.089739783048e+02  -1.110772108100e+01
  1.121427761840e+00    3.538409843038e-01   2.130127153570e+02   2.464920315622e+00
  1.186153451692e+00    3.893989479606e-01   2.074630511437e+02   2.464920315622e+00
  1.080879568211e+00    2.717187702910e-01   2.046800698766e+02   2.464920315622e+00
  1.181606239545e+00    3.899644924198e-01   2.075244763043e+02  -2.618813228547e+00
  1.124903614106e+00    3.537459411172e-01   2.129445232073e+02  -2.618813228547e+00
  1.047641402582e+00    3.867891976943e-01   2.164089764569e+02  -2.618813228547e+00
  9.620963903112e-01    2.436598851979e-01   2.101591113310e+02   1.034724802279e+01
  1.077444555290e+00    2.706578580081e-01   2.047538165836e+02   1.034724802279e+01
  6.830261274254e-01    1.330607288605e-01   2.067565134970e+02   1.034724802279e+01
  1.077420701101e+00    2.717413292514e-01   2.047415298207e+02   4.788049135581e+00
  9.623052102607e-01    2.434424657100e-01   2.101584826603e+02   4.788049135581e+00
  1.124116573942e+00    3.536399398231e-01   2.129477036145e+02   4.788049135581e+00
  6.813128006734e-01    1.333745793843e-01   2.068039217630e+02   9.668711825444e+00
  1.079368710399e+00    2.704596649023e-01   2.047408037349e+02   9.668711825444e+00
  8.124463772311e-01    1.245612768979e-01   1.966942517649e+02   9.668711825444e+00
  9.632483864586e-01    2.432554135217e-01   2.101302367764e+02   1.031038320055e+01
  6.815786991401e-01    1.334429486187e-01   2.067997081408e+02   1.031038320055e+01
  5.442802475698e-01    9.475278993187e-02   2.120013103802e+02   1.031038320055e+01
  1.187188575913e+00    3.896410166787e-01   2.074264234187e+02  -3.278429006630e-01
  1.289407863104e+00    2.958036958775e-01   1.975521042275e+02  -3.278429006630e-01
  1.079778763310e+00    2.715532732356e-01   2.047133127005e+02  -3.278429006630e-01
  1.124509172780e+00    3.531169812786e-01   2.129546206806e+02   6.495339992718e+00
  9.619307885343e-01    2.436077600737e-01   2.101571530082e+02   6.495339992718e+00
  9.773596096680e-01    2.197191929718e-01   2.142947432168e+02   6.495339992718e+00
  1.159590461865e+00    2.727633965513e-01   2.202140968900e+02   6.858489213306e+00
  1.122476762876e+00    3.532012268456e-01   2.129815844294e+02   6.858489213306e+00
  9.788595954989e-01    2.201942639335e-01   2.142549905170e+02   6.858489213306e+00
  6.859020507651e-01    1.330321417652e-01   2.068286356440e+02   1.984887779669e+01
  8.083427437951e-01    1.241030621921e-01   1.966771117006e+02   1.984887779669e+01
  1.115570185373e-02   -6.609122435095e-04   1.970455367784e+02   1.984887779669e+01
  1.047052653075e+00    3.870294051133e-01   2.164790480403e+02  -1.146924530837e+01
  7.356321046466e-01    3.102920807519e-01   2.196326153911e+02  -1.146924530837e+01
  8.822120421566e-01    3.461407839735e-01   2.107464765193e+02  -1.146924530837e+01
  2.158827582497e-02    5.708350594351e-04   1.798539704085e+01  -9.708547034497e+00
  1.402997727779e+00    1.750276796711e-02   1.077252572481e+01  -9.708547034497e+00
  1.209255751943e+00    3.083156052350e-02   2.048225512300e+01  -9.708547034497e+00
  3.011264416094e-01    1.028159950359e-02   2.299449215531e+02  -1.008243681891e+01
  1.983682511053e-03    2.926158181439e-03   2.285081137879e+02  -1.008243681891e+01
  3.224015697983e-01    1.053165910596e-01   2.278621255476e+02  -1.008243681891e+01
  3.026349138828e-01    1.044643804940e-02   2.299334471500e+02  -3.682727102227e+00
  4.142579142744e-04   -9.840599151873e-04   2.301992789828e+02  -3.682727102227e+00
  7.281882376096e-04    2.565331278971e-03   2.285416814130e+02  -3.682727102227e+00
  3.230519382118e-01    1.077485540281e-01   2.279431163130e+02  -2.247922385194e+01
  4.092723981963e-03    4.056357655974e-03   2.229645174162e+02  -2.247922385194e+01
  3.778409428328e-01    1.739602822013e-01   2.219699024362e+02  -2.247922385194e+01
  4.585746126754e-01    2.031756444605e-01   2.130953372944e+02  -2.978381692914e+01
  3.796455816531e-01    1.751266568638e-01   2.220172483798e+02  -2.978381692914e+01
  1.041509221511e-03    1.937222787786e-03   2.228129824974e+02  -2.978381692914e+01
  4.631914686238e-01    2.043395523694e-01   2.131561526136e+02  -2.120049368174e+01
  8.836806116286e-01    3.458845182027e-01   2.106576351486e+02  -2.120049368174e+01
  7.344338147488e-01    3.105664927525e-01   2.197609897701e+02  -2.120049368174e+01
  4.605604068746e-01    2.037945765223e-01   2.131879990979e+02  -1.972389702280e+01
  7.365580738456e-01    3.110234876127e-01   2.197368909293e+02  -1.972389702280e+01
  3.789040892638e-01    1.749798111470e-01   2.219560501948e+02  -1.972389702280e+01
  2.202780713753e-03    2.811634594347e-03   2.229988340563e+02  -1.628373597658e+01
  3.246902765801e-01    1.085037554260e-01   2.279247694243e+02  -1.628373597658e+01
  1.460850050092e-04   -3.552762562200e-04   2.284232248501e+02  -1.628373597658e+01
  6.264110066207e-01    1.904839302306e-01   2.258320461127e+02  -1.242997232609e+01
  3.223290148151e-01    1.059854377396e-01   2.278512304665e+02  -1.242997232609e+01
  3.783751033371e-01    1.755261982294e-01   2.220473963633e+02  -1.242997232609e+01
 -1.062354935351e-03    5.638268258650e-04   2.228165474777e+02  -3.185294613140e+01
  2.872082996087e-03    1.317834079294e-03   2.135888927746e+02  -3.185294613140e+01
  4.608850602441e-01    2.041196299199e-01   2.130815597604e+02  -3.185294613140e+01
  7.255431779576e-01    3.425152038767e-02   1.672106580657e+02  -2.053975147078e+01
  3.688866506154e-03    1.425440192124e-03   1.486069893884e+02  -2.053975147078e+01
  6.648109173062e-01    7.674640853724e-02   1.522872599841e+02  -2.053975147078e+01
  1.399699965021e+00   -2.603004275367e-02   7.873988601568e+01   7.515436888259e+00
  4.193131109217e-02    1.724374099778e-03   8.701998523606e+01   7.515436888259e+00
  1.583126780225e+00   -1.804011467100e-02   8.827817915665e+01   7.515436888259e+00
  5.451677726840e-01   -2.652492217197e-03   2.164408336486e+02  -1.481138364994e+01
  2.463840214360e-03   -1.529927247148e-03   2.147483899281e+02  -1.481138364994e+01
  4.139575125706e-01   -7.234250390003e-02   2.142567349066e+02  -1.481138364994e+01
  5.534367067217e-01    1.783722247933e-01   2.018366978776e+02  -4.190000573761e+01
  9.937250631395e-04    1.481170433442e-03   2.017004658007e+02  -4.190000573761e+01
  3.266939680532e-03   -9.719890061893e-04   1.887537368586e+02  -4.190000573761e+01
  5.502413614557e-01    1.805571248305e-01   2.016942441171e+02  -3.941840361830e+01
 -6.057762636172e-04    1.625940087576e-03   2.134646690094e+02  -3.941840361830e+01
  2.652347764758e-03    3.049069798654e-04   2.018410425926e+02  -3.941840361830e+01
  5.557878096607e-01    8.005449011693e-02   1.405578006609e+02  -1.631670597094e+01
  9.514737335596e-04   -7.734612268546e-04   1.334799549160e+02  -1.631670597094e+01
  4.651388213478e-01    6.277711302821e-02   1.329983128749e+02  -1.631670597094e+01
  4.621310740446e-01    2.031928922346e-01   2.131468768697e+02  -3.972342562713e+01
  1.989447754859e-03    2.817391599185e-03   2.134678840588e+02  -3.972342562713e+01
  5.471327540137e-01    1.796171491733e-01   2.016995269102e+02  -3.972342562713e+01
  1.016259492741e+00    8.105119562106e-02   1.257816608419e+02  -6.983407569477e+00
  7.093727896675e-01    5.228913587420e-02   1.255832592697e+02  -6.983407569477e+00
  7.010368236366e-01    2.683507270667e-02   1.212916214583e+02  -6.983407569477e+00
  6.098868501350e-01    1.035720451034e-01   1.886732893939e+02  -4.468456668945e+01
  2.158238661894e-03    1.769342404628e-03   1.885320844739e+02  -4.468456668945e+01
  3.307883902443e-03   -2.183942086180e-03   1.747853591561e+02  -4.468456668945e+01
  8.842192357748e-01    3.459429786267e-01   2.107630702851e+02  -2.608634216605e+01
  5.513179216880e-01    1.792682410748e-01   2.018006543692e+02  -2.608634216605e+01
  1.029877987586e+00    2.921619522867e-01   1.997462022205e+02  -2.608634216605e+01
  5.486934261214e-01    1.788894573723e-01   2.018268379105e+02  -2.492293518438e+01
  8.864150611561e-01    3.464905661692e-01   2.107403467125e+02  -2.492293518438e+01
  4.614241929180e-01    2.035743176149e-01   2.130643779546e+02  -2.492293518438e+01
  1.334542967978e+00    1.659035401829e-01   1.866912117222e+02   4.335133519367e+00
  8.207757566234e-01    1.256226179593e-01   1.966045139015e+02   4.335133519367e+00
  1.297336246049e+00    2.940707096176e-01   1.974266139400e+02   4.335133519367e+00
  8.212503549672e-01    1.242113735441e-01   1.965888269294e+02   6.711699331212e+00
  1.074687433632e+00    2.713440552198e-01   2.048305078532e+02   6.711699331212e+00
  1.295977130848e+00    2.950091316008e-01   1.974648973697e+02   6.711699331212e+00
  1.294029101596e+00    2.959542314463e-01   1.974559371997e+02  -9.780804023779e+00
  1.183055638606e+00    3.908097593141e-01   2.076151986506e+02  -9.780804023779e+00
  1.031997404374e+00    2.925091838801e-01   1.997882823625e+02  -9.780804023779e+00
  1.031772379584e+00    2.915051746505e-01   1.996872530894e+02  -1.288005211975e+01
  1.130619384948e+00    1.729578394750e-01   1.877143883723e+02  -1.288005211975e+01
  1.294986318834e+00    2.971461317741e-01   1.975595066317e+02  -1.288005211975e+01
  1.032943088809e+00    2.923145114372e-01   1.998454445508e+02  -2.789071699264e+01
  5.490377629392e-01    1.787324551339e-01   2.016997930749e+02  -2.789071699264e+01
  6.068546626037e-01    1.052267047077e-01   1.886798563527e+02  -2.789071699264e+01
  8.856234260957e-01    3.458880782908e-01   2.106022529125e+02  -1.288270865424e+01
  1.028478540702e+00    2.925914895071e-01   1.998613178992e+02  -1.288270865424e+01
  1.186198410013e+00    3.911120239730e-01   2.075387487820e+02  -1.288270865424e+01
  6.062524216237e-01    1.055508659529e-01   1.885361635110e+02  -2.947495779624e+01
  6.307732865487e-01    1.006010563795e-02   1.747693370131e+02  -2.947495779624e+01
  1.135500009232e+00    1.715235337967e-01   1.876844529121e+02  -2.947495779624e+01
  6.060628349132e-01    1.057907572070e-01   1.885517762275e+02  -4.788113459465e+01
  5.503119303594e-01    1.773578897281e-01   2.018449057732e+02  -4.788113459465e+01
  6.365580386357e-03   -1.335223979228e-04   1.887216468423e+02  -4.788113459465e+01
  1.341311651284e+00    1.652274467233e-01   1.867137585369e+02  -1.205579168914e+01
  1.132416309451e+00    1.708370850877e-01   1.875168510793e+02  -1.205579168914e+01
  1.171855246042e+00    2.196009575284e-02   1.749118646278e+02  -1.205579168914e+01
  1.133543510460e+00    1.724473245332e-01   1.876392038867e+02  -9.394278454373e+00
  1.339554707391e+00    1.637035342664e-01   1.865909925691e+02  -9.394278454373e+00
  1.292220150604e+00    2.971078426758e-01   1.976381334675e+02  -9.394278454373e+00
  9.188753711699e-01    5.577985360414e-02   1.827972651269e+02   4.957829242633e+00
  1.336807887902e+00    1.626229052369e-01   1.866284570962e+02   4.957829242633e+00
  1.340637867166e+00    2.122557272898e-02   1.749174674101e+02   4.957829242633e+00
  1.338484938386e+00    1.647565556932e-01   1.866376945306e+02   8.175800664872e+00
  9.167960753861e-01    5.381073500543e-02   1.827892293993e+02   8.175800664872e+00
  8.150123509576e-01    1.263150970169e-01   1.966902574417e+02   8.175800664872e+00
  1.169159826059e+00    2.032944461974e-02   1.747316070535e+02  -3.041509644944e+01
  1.132569381028e+00    1.710589337330e-01   1.877007458822e+02  -3.041509644944e+01
  6.343994863644e-01    1.003522317006e-02   1.747589587044e+02  -3.041509644944e+01
  6.095014688773e-01    1.056121170455e-01   1.886555002000e+02  -2.925968890198e+01
  1.131980971179e+00    1.720099154790e-01   1.875743437653e+02  -2.925968890198e+01
  1.030555107151e+00    2.916483520558e-01   1.998689316850e+02  -2.925968890198e+01
  7.317708241745e-03   -2.079787326072e-03   1.747596502237e+02  -5.007342291967e+01
  6.289732123454e-01    1.143117587336e-02   1.746270594209e+02  -5.007342291967e+01
  6.065999929497e-01    1.032379832252e-01   1.886788009976e+02  -5.007342291967e+01
  9.173570602243e-01    5.494717301908e-02   1.828213321807e+02   2.061883056430e+01
  9.224216183558e-01   -3.769065794686e-02   1.670548971547e+02   2.061883056430e+01
  9.412908795181e-03   -7.636992032304e-04   1.728283297247e+02   2.061883056430e+01
  7.453079325391e-03    2.138644830280e-03   1.744939237109e+02  -4.976014384897e+01
  6.010639042972e-01   -8.085342682238e-02   1.608016793229e+02  -4.976014384897e+01
  6.288801858462e-01    9.246006351978e-03   1.747075195100e+02  -4.976014384897e+01
  3.220015337853e-01    1.068659171096e-01   2.279068699855e+02  -3.742753797296e+00
  5.829569857296e-01    1.549129025736e-02   2.280634193097e+02  -3.742753797296e+00
  3.009444542112e-01    8.131445275198e-03   2.298730624491e+02  -3.742753797296e+00
  5.829368806288e-01    1.338507450780e-02   2.280661215442e+02   2.708259760082e+00
  3.158933597373e-01   -8.931181106996e-02   2.280010922304e+02   2.708259760082e+00
  3.008962974253e-01    8.705630774288e-03   2.298709159714e+02   2.708259760082e+00
  3.814661264215e-03   -1.241599853212e-03   1.728885315497e+02   2.294854439322e+01
  1.962015888324e-03    1.298575508672e-03   1.970214440395e+02   2.294854439322e+01
  9.224882939401e-01    5.567202535756e-02   1.828004061969e+02   2.294854439322e+01
  5.628349095799e-01    8.016182017011e-02   1.405726964649e+02  -1.877735305219e+01
  4.683531654154e-03   -5.453966781982e-05   1.486502199339e+02  -1.877735305219e+01
 -8.808256621807e-04   -1.580292599421e-05   1.398243896547e+02  -1.877735305219e+01
  1.340698445377e+00    1.971443032173e-03   1.166236266678e+02  -2.877147593350e+00
  1.138661997517e+00    2.179505649461e-02   1.162645139271e+02  -2.877147593350e+00
  1.428064687778e+00    1.336717516048e-02   1.054043276830e+02  -2.877147593350e+00
  1.240854051393e+00    1.140803789760e-01   1.633293900378e+02   1.042725843091e+01
  1.079432814292e+00    1.265661877706e-01   1.626961570363e+02   1.042725843091e+01
  1.120462328009e+00   -1.137707969965e-02   1.753264301417e+02   1.042725843091e+01
  1.238331211183e+00    1.136304937201e-01   1.633981116602e+02  -1.064543789564e+01
  7.259757424189e-01    3.178618888139e-02   1.672384952655e+02  -1.064543789564e+01
  6.672095575072e-01    7.908892301912e-02   1.522845065676e+02  -1.064543789564e+01
  5.773620865528e-01    8.135815891169e-02   1.616128250305e+02   4.729953129498e+01
  5.810931107062e-03    3.299662659841e-03   1.616055517134e+02   4.729953129498e+01
  6.193213440688e-01   -5.839538710786e-03   1.754702311606e+02   4.729953129498e+01
  6.201587685599e-01   -7.970283904172e-03   1.753010137906e+02   2.817138000184e+01
  1.081729128488e+00    1.273661620544e-01   1.625381301468e+02   2.817138000184e+01
  5.779739089453e-01    8.272850856191e-02   1.617118162702e+02   2.817138000184e+01
  5.806892945894e-01    8.280279408138e-02   1.615947190607e+02   2.737582126238e+01
  1.078734221414e+00    1.278066778114e-01   1.626421540755e+02   2.737582126238e+01
  9.785165513437e-01    2.371291676202e-01   1.504767562858e+02   2.737582126238e+01
  8.038611463305e-03   -7.018473197684e-05   1.613486665781e+02   4.480049913357e+01
  5.760351519803e-01    8.302897934378e-02   1.616959960206e+02   4.480049913357e+01
  5.214127261911e-01    1.490450875268e-01   1.486736088382e+02   4.480049913357e+01
  1.239498469591e+00    1.125246817569e-01   1.634423883313e+02   7.465199942662e+00
  1.215025916541e+00    2.263496928241e-01   1.521789285958e+02   7.465199942662e+00
  1.080180747473e+00    1.281647545769e-01   1.625807767023e+02   7.465199942662e+00
  1.704549451843e-03    2.737552018647e-04   2.069427283862e+02  -1.813677881004e+01
  6.579199950590e-01   -9.417652664884e-02   1.987845390390e+02  -1.813677881004e+01
  5.158507026022e-01   -1.000055747577e-01   2.087122114671e+02  -1.813677881004e+01
  6.801445372311e-01    2.560961123576e-01   1.317333672654e+02   1.072806428649e+01
  8.299233523752e-01    2.863848538368e-01   1.400196899901e+02   1.072806428649e+01
  9.734593411791e-01    3.054911109895e-01   1.343366396886e+02   1.072806428649e+01
  1.217828839592e+00    2.262221523072e-01   1.522584745172e+02   1.164412205472e+01
  9.799864277258e-01    2.367975627285e-01   1.506562158469e+02   1.164412205472e+01
  1.077131565501e+00    1.288326430498e-01   1.625068221588e+02   1.164412205472e+01
  5.221080302209e-01    1.505620871336e-01   1.487210312023e+02   2.426233455312e+01
  9.779230001786e-01    2.375723354208e-01   1.505959153523e+02   2.426233455312e+01
  8.318801161710e-01    2.861673067929e-01   1.400071986309e+02   2.426233455312e+01
  5.198488391350e-01    1.501914554285e-01   1.488146793506e+02   2.614983684628e+01
  5.777212223800e-01    8.256667050634e-02   1.615682842070e+02   2.614983684628e+01
  9.809596759407e-01    2.376650490301e-01   1.505018558864e+02   2.614983684628e+01
  1.120013988936e+00    3.074676002619e-01   1.425121902683e+02   1.197861680441e+01
  8.332587760452e-01    2.860796605957e-01   1.401608104330e+02   1.197861680441e+01
  9.765175525647e-01    2.379818514877e-01   1.504882118667e+02   1.197861680441e+01
  4.183662925493e-03   -8.346149280065e-04   1.613183511447e+02   3.927592710562e+01
  5.247498033854e-01    1.499538681507e-01   1.486821077392e+02   3.927592710562e+01
  5.186120265845e-04    1.293351545187e-03   1.488174123886e+02   3.927592710562e+01
  1.217242773213e+00    2.250260236633e-01   1.523542671088e+02   8.446418118546e+00
  1.117058992952e+00    3.072747942741e-01   1.424344881530e+02   8.446418118546e+00
  9.799236799600e-01    2.377716039834e-01   1.505626516584e+02   8.446418118546e+00
  1.233861125452e+00    1.148043216152e-01   1.633561329575e+02  -6.129582605157e+00
  6.735593606106e-01    7.835257820875e-02   1.523560131092e+02  -6.129582605157e+00
  1.221347832173e+00    2.231519883554e-01   1.523780432566e+02  -6.129582605157e+00
  1.621246313420e-03   -2.916839458995e-04   1.868048629802e+02  -2.386714271642e+01
  3.077121426460e-03    8.453120409256e-04   1.730861694467e+02  -2.386714271642e+01
  7.189114559749e-01   -3.949761742756e-02   1.840363523689e+02  -2.386714271642e+01
  4.316036407459e-01    1.701882007342e-01   1.380322727609e+02   2.307779361331e+01
  5.196812823358e-01    1.502470741440e-01   1.486922951696e+02   2.307779361331e+01
  8.339064916394e-01    2.866532882364e-01   1.400315439922e+02   2.307779361331e+01
  5.214175941637e-01    1.519721897364e-01   1.488156048569e+02   3.654185858932e+01
 -3.111823179763e-04    1.815349041557e-03   1.375858397723e+02   3.654185858932e+01
  2.342070048792e-03    1.464052545052e-04   1.486853361696e+02   3.654185858932e+01
  2.482302338959e-03    3.210649484545e-03   1.375830388727e+02   3.631703050969e+01
  5.183104275587e-01    1.510239129136e-01   1.488091624804e+02   3.631703050969e+01
  4.319157584753e-01    1.695226855082e-01   1.379582486979e+02   3.631703050969e+01
  4.163700774410e-01   -7.275629859472e-02   2.142271806092e+02  -1.386235458684e+01
 -7.576371581007e-05   -5.476249087718e-05   2.148096902709e+02  -1.386235458684e+01
  1.338772589687e-03   -1.324315748253e-04   2.124918353807e+02  -1.386235458684e+01
  3.559671707925e-01    1.529486101968e-01   1.294071571190e+02   2.454033658638e+01
 -2.456931179041e-04    2.336310560012e-04   1.294141834662e+02   2.454033658638e+01
  3.466630846188e-03    1.777765178988e-03   1.373616153553e+02   2.454033658638e+01
  3.527187086612e-01    1.510967932617e-01   1.294826817304e+02   1.974214552247e+01
 -8.865408867649e-04   -8.050031462071e-04   1.237037226512e+02   1.974214552247e+01
  1.526985688160e-03    1.215754109248e-03   1.293388500044e+02   1.974214552247e+01
  4.643428617183e-01    6.163258777815e-02   1.329900514870e+02  -1.545883476935e+01
  1.111048321665e-03    2.596939072310e-04   1.334531274589e+02  -1.545883476935e+01
 -3.399398002259e-04   -6.600437923971e-04   1.259012073350e+02  -1.545883476935e+01
  3.537772874076e-01    1.518856828696e-01   1.293968540794e+02   3.059687561675e+01
  6.033353162658e-03    3.150835048892e-03   1.373933059704e+02   3.059687561675e+01
  4.299101039515e-01    1.695221428171e-01   1.380207710239e+02   3.059687561675e+01
  8.186701947945e-01   -6.900691376041e-02   1.259508859650e+02   1.219993737254e+01
  8.082795094704e-01   -3.208306239728e-02   1.208613000600e+02   1.219993737254e+01
  7.276256871539e-03   -3.623441273123e-04   1.259682112109e+02   1.219993737254e+01
  2.935015170100e-01    8.400161448266e-02   1.245410924502e+02   1.103907596275e+01
  3.516277103388e-01    1.516137162372e-01   1.294235625833e+02   1.103907596275e+01
  5.684054704604e-01    1.498864841769e-01   1.262812863020e+02   1.103907596275e+01
  6.811063487410e-01    2.569312132591e-01   1.316266198141e+02   1.780827487455e+01
  3.520386947572e-01    1.510165927968e-01   1.295093114618e+02   1.780827487455e+01
  4.312755895308e-01    1.704449541791e-01   1.379247724899e+02   1.780827487455e+01
  8.085646008074e-04    2.610640532697e-03   1.236108862847e+02   2.792282119579e+00
  2.767435524501e-01    1.296063921939e-03   1.226846769295e+02   2.792282119579e+00
  4.940434956633e-04   -1.086748254939e-03   1.221295122040e+02   2.792282119579e+00
  2.199022044341e-03    3.216633566407e-03   1.236368119188e+02   8.165367347057e+00
  2.928428562568e-01    8.289526102434e-02   1.245247135747e+02   8.165367347057e+00
  2.753478380022e-01    1.020150263888e-03   1.226694579374e+02   8.165367347057e+00
  5.316573902543e-01   -1.861893692024e-03   1.243626278773e+02   2.862019315013e+00
  2.754413737956e-01   -9.773397970499e-04   1.227313101767e+02   2.862019315013e+00
  2.926218252478e-01    8.453100000368e-02   1.244784228538e+02   2.862019315013e+00
  8.218490257528e-04    1.527951584674e-03   1.220974945042e+02  -4.072894615351e+00
  2.761467053986e-01   -1.448427032006e-03   1.227218996595e+02  -4.072894615351e+00
  2.972034895151e-01   -8.701246079134e-02   1.240297153297e+02  -4.072894615351e+00
  5.668038145990e-01    1.497381405718e-01   1.262596686590e+02   1.274598310722e+01
  3.534563211553e-01    1.519154005764e-01   1.294532233265e+02   1.274598310722e+01
  6.787533851891e-01    2.557830607026e-01   1.316856753947e+02   1.274598310722e+01
  2.938940471001e-01    8.466994586214e-02   1.245057548044e+02   1.600853009798e+01
  6.282638361689e-04   -1.434581484898e-05   1.237152669680e+02   1.600853009798e+01
  3.506894719376e-01    1.503027377308e-01   1.294710757078e+02   1.600853009798e+01
  4.336185097873e-01    1.709903238929e-01   1.379491752569e+02   1.973175190936e+01
  8.311474323118e-01    2.860713595867e-01   1.401070932272e+02   1.973175190936e+01
  6.792148091758e-01    2.565172567778e-01   1.316045894352e+02   1.973175190936e+01
  9.280403890171e-01   -3.970550069399e-02   1.670744008591e+02   2.308865808856e+01
  2.160805523434e-03   -1.438672017676e-03   1.489983602776e+02   2.308865808856e+01
  3.388707041692e-03    9.274414384403e-04   1.727596530907e+02   2.308865808856e+01
  1.219603360022e+00    2.240095697691e-01   1.523511942442e+02  -8.521344814651e+00
  6.745464145494e-01    7.708700178587e-02   1.523521703678e+02  -8.521344814651e+00
  9.927355116746e-01    1.948585195018e-01   1.439038197089e+02  -8.521344814651e+00
  8.210918426984e-01   -7.048708779681e-02   1.259670697204e+02   1.257934012750e+01
  4.241580302510e-03    1.763765652911e-03   1.260146668318e+02   1.257934012750e+01
  6.159572679038e-01   -8.477101322899e-02   1.337854957268e+02   1.257934012750e+01
  5.568792290010e-01    8.074253574619e-02   1.405697500091e+02  -1.112301797454e+01
  4.650322089500e-01    6.252048076795e-02   1.329966297444e+02  -1.112301797454e+01
  8.994632261341e-01    1.704817755351e-01   1.374906044327e+02  -1.112301797454e+01
  5.597927569257e-01    8.047630214898e-02   1.405598961547e+02  -2.085855742516e+01
  6.616445696142e-01    7.744628068305e-02   1.522548789758e+02  -2.085855742516e+01
  8.303882177538e-03   -2.031305427193e-04   1.486696310132e+02  -2.085855742516e+01
  9.961291016964e-01    1.949199022766e-01   1.439849749933e+02  -4.782753925349e+00
  8.976313064112e-01    1.707203304920e-01   1.374747137090e+02  -4.782753925349e+00
  1.060105818091e+00    2.634839758886e-01   1.363729728421e+02  -4.782753925349e+00
  8.979110034571e-01    1.708856803056e-01   1.374617289344e+02  -1.170331630435e+01
  9.957008781928e-01    1.939803909490e-01   1.439910999355e+02  -1.170331630435e+01
  5.589571232078e-01    8.044889481635e-02   1.406148877323e+02  -1.170331630435e+01
  9.262146454919e-01    1.642749443308e-01   1.326474811590e+02  -5.791546228421e+00
  1.059939527106e+00    2.626167420566e-01   1.363941856498e+02  -5.791546228421e+00
  8.976050462993e-01    1.710716113674e-01   1.374609213871e+02  -5.791546228421e+00
  9.998097693376e-01    1.948916694194e-01   1.440435073785e+02  -3.072274982037e+00
  1.057051864329e+00    2.637367899845e-01   1.363111634333e+02  -3.072274982037e+00
  1.120218923490e+00    3.057007452682e-01   1.425914271191e+02  -3.072274982037e+00
  8.965080939376e-01    1.704125788685e-01   1.374692256100e+02  -1.069795070178e+01
  4.685575620342e-01    6.277532942321e-02   1.330358950944e+02  -1.069795070178e+01
  9.281627074503e-01    1.641419461493e-01   1.326618992568e+02  -1.069795070178e+01
  5.568184679811e-01    8.064168773389e-02   1.405840024796e+02  -1.128917370370e+01
  9.978773838804e-01    1.939208901076e-01   1.439931386044e+02  -1.128917370370e+01
  6.654325316933e-01    7.759002655376e-02   1.522459686327e+02  -1.128917370370e+01
  7.144414189033e-01    5.359093688624e-02   1.256087092635e+02  -1.263359708044e+01
  4.636955590374e-01    6.241020355850e-02   1.329880400042e+02  -1.263359708044e+01
  1.270114340551e-03   -1.342314656126e-03   1.259283199927e+02  -1.263359708044e+01
  6.647280600367e-01    2.481280911660e-02   1.173715769860e+02  -1.107078991351e+01
  6.981474954249e-01    2.634537069943e-02   1.212555612679e+02  -1.107078991351e+01
  1.842915770323e-03   -6.649960049171e-04   1.166357324839e+02  -1.107078991351e+01
  1.138038458061e+00    2.231879551564e-02   1.163215081186e+02  -6.790851940862e+00
  7.001756142751e-01    2.722837382000e-02   1.212953399431e+02  -6.790851940862e+00
  6.646993263030e-01    2.528002876082e-02   1.173735765835e+02  -6.790851940862e+00
  7.113780225069e-01    5.133863760152e-02   1.256373608989e+02  -7.941323969881e+00
  1.015242836654e+00    8.281078828104e-02   1.257199096573e+02  -7.941323969881e+00
  9.246456210705e-01    1.639587682591e-01   1.326047991378e+02  -7.941323969881e+00
  1.315379120804e+00   -6.964755594170e-03   3.724799778785e+01  -8.507641474025e+00
  3.257256726963e-02   -1.045573658409e-03   2.764967889237e+01  -8.507641474025e+00
  1.584682886696e+00    8.794252565354e-03   2.833707217230e+01  -8.507641474025e+00
  1.065121621060e+00    2.048054004399e-01   1.304918958854e+02  -5.100126168193e+00
  1.057541722076e+00    2.624364710395e-01   1.363713202237e+02  -5.100126168193e+00
  9.283456992823e-01    1.648745304109e-01   1.326776509039e+02  -5.100126168193e+00
  1.210746809926e+00   -9.352038024374e-03   1.168429883645e+02   6.610780651194e+00
  8.107033596675e-01   -3.225244500242e-02   1.209346081058e+02   6.610780651194e+00
  1.097620389646e+00   -9.379282812148e-02   1.255760004464e+02   6.610780651194e+00
  7.098963128472e-01    5.236866970621e-02   1.255748956288e+02  -1.050114849035e+01
  9.277710925216e-01    1.631167792095e-01   1.326500806575e+02  -1.050114849035e+01
  4.682088677688e-01    6.378863017330e-02   1.330057736344e+02  -1.050114849035e+01
  4.290045751751e-04   -4.111248608028e-04   1.166388848999e+02  -1.163465573062e+01
  6.996007705631e-01    2.621448646656e-02   1.212468735391e+02  -1.163465573062e+01
  1.772333424943e-03   -1.515816323851e-04   1.205098954760e+02  -1.163465573062e+01
  1.183594482286e-02    1.013131978706e-03   1.089770283269e+02  -8.957953306321e+00
  1.445143843114e+00    1.474261278730e-02   1.055478233582e+02  -8.957953306321e+00
  6.633059743469e-01    2.547983383764e-02   1.174314416979e+02  -8.957953306321e+00
  8.481356022453e-01    1.948934380349e-01   1.288612904160e+02   5.437823923156e+00
  6.799457890328e-01    2.559563296375e-01   1.316734828498e+02   5.437823923156e+00
  9.729904642347e-01    3.050813111379e-01   1.343953364369e+02   5.437823923156e+00
  1.115943120047e+00    3.063695373408e-01   1.425170141208e+02   2.740313394813e+00
  1.059953984099e+00    2.635696234453e-01   1.363958426068e+02   2.740313394813e+00
  9.742613139474e-01    3.052266113991e-01   1.344076937282e+02   2.740313394813e+00
  5.305393063069e-01   -2.574997617706e-03   1.244134026189e+02   2.623477754867e+00
  5.660101738671e-01    1.487503755707e-01   1.262800320974e+02   2.623477754867e+00
  7.956884561688e-01   -6.126746744522e-03   1.266462207819e+02   2.623477754867e+00
  5.677364525725e-01    1.492831255127e-01   1.263474310508e+02   7.662924144225e+00
  6.775193830844e-01    2.559165530990e-01   1.316248695315e+02   7.662924144225e+00
  8.499452271322e-01    1.947046237639e-01   1.289033069590e+02   7.662924144225e+00
  7.936496487292e-01   -5.887718140825e-03   1.266075797265e+02   1.957882278736e+00
  5.680101696989e-01    1.488185641260e-01   1.263176297388e+02   1.957882278736e+00
  8.492814657119e-01    1.943939142209e-01   1.289355647166e+02   1.957882278736e+00
  5.668739366013e-01    1.485901673766e-01   1.263166993181e+02   4.760329293145e+00
  5.299253971790e-01   -1.929025253700e-03   1.243470036208e+02   4.760329293145e+00
  2.942983903095e-01    8.486795356781e-02   1.244998235135e+02   4.760329293145e+00
  9.699299622614e-01    3.038503832698e-01   1.343326163377e+02   1.963469979486e+00
  1.066908765954e+00    2.049954146319e-01   1.305602841228e+02   1.963469979486e+00
  8.526278837024e-01    1.959488118187e-01   1.290072116713e+02   1.963469979486e+00
  9.707978133752e-01    3.054496519264e-01   1.342680845402e+02   7.950922217311e+00
  8.331048762185e-01    2.863894803578e-01   1.400852725573e+02   7.950922217311e+00
  1.119658865806e+00    3.069679681371e-01   1.425895250245e+02   7.950922217311e+00
  1.063104761730e+00    2.022885264050e-01   1.304910594255e+02  -4.985771713124e+00
  1.018190612956e+00    8.225122898569e-02   1.257615138741e+02  -4.985771713124e+00
  1.165216284144e+00    6.304288487391e-02   1.250582258841e+02  -4.985771713124e+00
  9.738778000044e-01    3.042378654862e-01   1.344002725761e+02  -1.397600128682e-01
  1.059671413968e+00    2.638803957023e-01   1.363882767175e+02  -1.397600128682e-01
  1.062730417688e+00    2.040785734971e-01   1.304574858576e+02  -1.397600128682e-01
  1.048856734798e+00   -1.081646171290e-01   1.279399779438e+02  -4.911021888199e-01
  7.974107074048e-01   -6.286389766998e-03   1.267165560674e+02  -4.911021888199e-01
  1.029286852016e+00    8.853640097653e-02   1.279754122340e+02  -4.911021888199e-01
  7.953682627882e-01   -4.661133760792e-03   1.266791281381e+02   9.166909398934e-01
  8.484611124495e-01    1.931473213705e-01   1.289256757686e+02   9.166909398934e-01
  1.030801960753e+00    8.791715700344e-02   1.280137433612e+02   9.166909398934e-01
  1.167407512565e+00    6.328146326117e-02   1.250945294054e+02  -5.558559656214e-01
  1.033270658408e+00    8.957142243832e-02   1.280366773645e+02  -5.558559656214e-01
  1.060891583729e+00    2.033482593611e-01   1.304634740497e+02  -5.558559656214e-01
  1.169544591607e+00    6.533877070209e-02   1.250816659862e+02  -1.957054688096e+00
  1.221686274180e+00   -1.280691344194e-02   1.248352102025e+02  -1.957054688096e+00
  1.032128686740e+00    8.664205060314e-02   1.280452873796e+02  -1.957054688096e+00
  1.320222207139e+00    1.091087426508e-02   1.211372441786e+02  -1.412552132429e+00
  1.222466493013e+00   -1.091479563482e-02   1.248399342898e+02  -1.412552132429e+00
  1.167518009264e+00    6.329755694975e-02   1.250444025467e+02  -1.412552132429e+00
  1.028199904759e+00    8.748599928396e-02   1.279331224627e+02  -1.127098924756e+00
  8.527361714490e-01    1.942190844634e-01   1.290061419911e+02  -1.127098924756e+00
  1.066560237348e+00    2.061720614555e-01   1.305480023502e+02  -1.127098924756e+00
  9.258354270007e-01    1.657646562924e-01   1.326071713994e+02  -4.426033164130e+00
  1.014824448922e+00    8.185915215830e-02   1.257037364224e+02  -4.426033164130e+00
  1.067392945816e+00    2.036387396355e-01   1.305324751550e+02  -4.426033164130e+00
  5.304589070558e-01   -3.120722071412e-03   1.244099519854e+02  -3.338859597752e+00
  7.957802402681e-01   -6.311338545213e-03   1.266505876746e+02  -3.338859597752e+00
  5.765989873630e-01   -1.565857538045e-01   1.260763119339e+02  -3.338859597752e+00
  1.453631264340e+00    3.671904971756e-03   4.444169643843e+01   7.446450452816e+00
  4.251745668224e-02    1.751540923760e-03   4.520682351401e+01   7.446450452816e+00
  1.459858116594e+00    4.315541482125e-03   5.614659815128e+01   7.446450452816e+00
  9.981568035957e-01    1.947940104662e-01   1.440236021544e+02  -4.149579054503e-01
  1.121686276753e+00    3.059450305758e-01   1.426186587486e+02  -4.149579054503e-01
  1.212607078626e+00    2.249797045140e-01   1.522656337747e+02  -4.149579054503e-01
  1.049606743993e+00    1.044641652812e-02  -1.564846099208e-02   1.022322164518e+01
  1.410461076802e-03   -1.397375408555e-04   2.675206736756e-02   1.022322164518e+01
  5.406051351361e-03    2.458114665620e-04   7.487603211369e+00   1.022322164518e+01
  2.757443400054e-01   -4.727906829305e-04   1.227408505414e+02  -3.358950791041e+00
  5.315748238665e-01   -3.643946149556e-03   1.243660583463e+02  -3.358950791041e+00
  2.974705730506e-01   -8.903615598180e-02   1.240271772733e+02  -3.358950791041e+00
  4.547627907106e-01   -1.791098484632e-01   1.372340102900e+02  -3.400259229619e+01
  3.476688298621e-03   -2.992307741051e-04   1.479006633818e+02  -3.400259229619e+01
  2.675140150201e-04   -9.750910786075e-04   1.373434926372e+02  -3.400259229619e+01
  6.678596976538e-01    2.609230548590e-02   1.174230129944e+02  -6.710167381643e+00
  1.435119896062e+00    1.409646122981e-02   1.054876730859e+02  -6.710167381643e+00
  1.135012102989e+00    2.207530742286e-02   1.162434048606e+02  -6.710167381643e+00
  3.179756965926e-03    9.766563065834e-04   1.606594915203e+02  -4.014400522500e+01
  1.573565669086e-03   -1.698161927242e-03   1.481139818323e+02  -4.014400522500e+01
  5.397997138187e-01   -1.496168938060e-01   1.480809814604e+02  -4.014400522500e+01
 -5.103672448630e-04   -4.938256770066e-04   1.334630118823e+02  -1.856337273184e+01
  5.578251676022e-01    7.973993504200e-02   1.405671732155e+02  -1.856337273184e+01
  1.387481448459e-03    1.784947990097e-04   1.398299755685e+02  -1.856337273184e+01
  4.522347396478e-01   -1.780529294959e-01   1.372230660560e+02  -4.075636578109e+01
  5.354742693868e-01   -1.504574393800e-01   1.482003041518e+02  -4.075636578109e+01
  6.050855047579e-03   -1.323817007959e-03   1.479375135805e+02  -4.075636578109e+01
  6.112833224829e-03    2.983091985218e-04   1.606949164863e+02  -4.668206936407e+01
  5.371276850579e-01   -1.489362674115e-01   1.480683987579e+02  -4.668206936407e+01
  6.004663282817e-01   -8.331881556681e-02   1.609305291490e+02  -4.668206936407e+01
  2.234334379031e-03   -8.244769505808e-04   1.372347875780e+02  -3.004250835703e+01
 -1.076471248626e-03   -5.497866580489e-04   1.287256680500e+02  -3.004250835703e+01
  4.509071171014e-01   -1.792560920924e-01   1.373456295071e+02  -3.004250835703e+01
  1.425322153867e+00   -3.062580294595e-02   7.936877745438e+01  -1.559192474989e+00
  1.235968325397e+00   -3.056053789167e-02   8.009520717774e+01  -1.559192474989e+00
  1.112396380171e+00   -1.959153350382e-02   7.105083414292e+01  -1.559192474989e+00
  2.992476021671e-01   -9.003298982458e-02   1.240091951038e+02  -2.081792698593e+01
  3.589233157218e-01   -1.497631413886e-01   1.293536308840e+02  -2.081792698593e+01
  4.295883282715e-03   -3.675715884883e-03   1.286012546554e+02  -2.081792698593e+01
  9.553501094931e-04   -1.221760974361e-03   1.239595760369e+02  -8.999216580196e+00
 -3.770014332053e-04    1.806532514224e-03   1.220726336492e+02  -8.999216580196e+00
  2.988925241275e-01   -8.744225634245e-02   1.240451302711e+02  -8.999216580196e+00
  4.499964576004e-01   -1.786023648989e-01   1.372570369440e+02  -1.880008889307e+01
  3.601333456569e-01   -1.507499896160e-01   1.293676849329e+02  -1.880008889307e+01
  7.025332890140e-01   -2.654589205792e-01   1.314058007879e+02  -1.880008889307e+01
  4.483437103261e-01   -1.782682201543e-01   1.373374656060e+02  -2.804199646040e+01
  1.034782765280e-03   -1.795501329072e-03   1.287310468873e+02  -2.804199646040e+01
  3.608006467330e-01   -1.507867343875e-01   1.293140583359e+02  -2.804199646040e+01
  5.774328003214e-01   -1.577386712034e-01   1.260474894675e+02  -1.383010131642e+01
  7.002256868786e-01   -2.644333334175e-01   1.314603620739e+02  -1.383010131642e+01
  3.616350446642e-01   -1.516882143700e-01   1.293042021237e+02  -1.383010131642e+01
  5.365366308089e-01   -1.505174401906e-01   1.480900629856e+02  -2.402809672552e+01
  4.503743342636e-01   -1.782977825466e-01   1.373572553185e+02  -2.402809672552e+01
  8.673452263475e-01   -2.977462306804e-01   1.396185087928e+02  -2.402809672552e+01
  3.596916731452e-01   -1.511998052989e-01   1.292824289659e+02  -1.164246413084e+01
  2.981117103786e-01   -8.837360966817e-02   1.240945342722e+02  -1.164246413084e+01
  5.790876144611e-01   -1.579862835061e-01   1.260667290092e+02  -1.164246413084e+01
  2.395949965671e-03   -2.550686727629e-03   1.285732287076e+02  -1.450781677376e+01
 -1.802405500733e-04    5.108990654290e-04   1.239919245058e+02  -1.450781677376e+01
  3.009782980385e-01   -9.073943726615e-02   1.240176370546e+02  -1.450781677376e+01
  7.320570357907e-01   -1.074837724699e-01   1.415145697398e+02   1.988622609626e+01
  1.019289806251e-02    3.481536661265e-04   1.490360767275e+02   1.988622609626e+01
  8.429540495908e-01   -9.721084930847e-02   1.527742492432e+02   1.988622609626e+01
  8.644806027183e-01   -2.971243267165e-01   1.396933364400e+02  -2.054365052737e+01
  4.522710201193e-01   -1.789760136334e-01   1.372854147636e+02  -2.054365052737e+01
  7.006442664081e-01   -2.651220154403e-01   1.313831667745e+02  -2.054365052737e+01
  1.129095125768e+00   -1.295894035172e-01   1.618894545262e+02  -3.021181370536e+01
  1.169147814591e+00    1.915652571688e-02   1.747774932589e+02  -3.021181370536e+01
  6.343091325701e-01    1.080701467155e-02   1.745767872587e+02  -3.021181370536e+01
  1.128604018226e+00   -1.305097418679e-01   1.620144942588e+02  -2.884787368190e+01
  6.036465766305e-01   -8.294070542700e-02   1.608332004777e+02  -2.884787368190e+01
  1.021115488244e+00   -2.451423504271e-01   1.499953223083e+02  -2.884787368190e+01
  1.175297452984e+00    1.840168693983e-02   1.746523107573e+02  -8.831276159480e+00
  1.346762742466e+00   -1.219939844862e-01   1.629376498417e+02  -8.831276159480e+00
  1.340274771588e+00    2.040939571750e-02   1.749272225360e+02  -8.831276159480e+00
  9.254976588348e-01   -3.817086537645e-02   1.670837168825e+02   5.022247611349e+00
  1.340479875476e+00    1.805755066669e-02   1.748541674772e+02   5.022247611349e+00
  1.346045371908e+00   -1.191601181928e-01   1.630875029683e+02   5.022247611349e+00
  1.343496646605e+00    1.965260550430e-02   1.748863951093e+02   8.342753774513e+00
  9.223755584419e-01   -3.966543238016e-02   1.670479854922e+02   8.342753774513e+00
  9.161820353547e-01    5.730701987991e-02   1.828344406516e+02   8.342753774513e+00
  1.175551267875e+00    2.135173890415e-02   1.748592238008e+02  -8.967787010069e+00
  1.340167096570e+00    1.892317651851e-02   1.748314879125e+02  -8.967787010069e+00
  1.338063594035e+00    1.654957529821e-01   1.867807125681e+02  -8.967787010069e+00
  1.350157035835e+00   -1.214977965383e-01   1.630038212804e+02  -1.225830313588e+01
  1.171480110228e+00    1.756085535742e-02   1.746005772477e+02  -1.225830313588e+01
  1.129255068944e+00   -1.292506672536e-01   1.620745003155e+02  -1.225830313588e+01
  6.306839225729e-01    1.060306951189e-02   1.745646693585e+02  -2.941916008636e+01
  6.006032414407e-01   -8.305438329999e-02   1.609470558301e+02  -2.941916008636e+01
  1.131989835480e+00   -1.299049812556e-01   1.619073436325e+02  -2.941916008636e+01
  1.307888960162e+00   -2.424401518154e-01   1.522244504422e+02  -9.974611868979e+00
  1.022512008574e+00   -2.459038540220e-01   1.500779718383e+02  -9.974611868979e+00
  1.185488287950e+00   -3.284712175791e-01   1.423531798100e+02  -9.974611868979e+00
  1.023455576816e+00   -2.457080383242e-01   1.500199513112e+02  -2.756194947458e+01
  6.010140783619e-01   -8.266628615273e-02   1.608076658765e+02  -2.756194947458e+01
  5.363507804334e-01   -1.504590865687e-01   1.482091817449e+02  -2.756194947458e+01
  1.343459631286e+00   -1.223843011658e-01   1.630366941517e+02   4.183848244199e+00
  1.311724432991e+00   -2.405908265142e-01   1.522475528833e+02   4.183848244199e+00
  8.550309234419e-01   -9.865652938386e-02   1.528542717717e+02   4.183848244199e+00
  1.348745712176e+00   -1.200134531847e-01   1.631212775254e+02  -9.290935733848e+00
  1.130060424401e+00   -1.308006159919e-01   1.619576688757e+02  -9.290935733848e+00
  1.305786929426e+00   -2.437488729001e-01   1.520497836167e+02  -9.290935733848e+00
  8.664972135528e-01   -2.970399507734e-01   1.397525954427e+02  -1.325626432433e+01
  1.188437671890e+00   -3.286364131976e-01   1.424302753200e+02  -1.325626432433e+01
  1.019096951583e+00   -2.461184963358e-01   1.500039146943e+02  -1.325626432433e+01
  1.347608530960e+00   -1.211491715413e-01   1.630819649394e+02   8.350593143216e+00
  8.489847012162e-01   -9.945625792724e-02   1.527815136186e+02   8.350593143216e+00
  9.236208571582e-01   -3.652807295393e-02   1.670884370003e+02   8.350593143216e+00
  1.310218871437e+00   -2.415036271048e-01   1.522192941222e+02   6.640185152185e+00
  1.116207466092e+00   -2.225847978322e-01   1.443001693751e+02   6.640185152185e+00
  8.556479377166e-01   -9.728615209364e-02   1.528554918893e+02   6.640185152185e+00
  1.308560581915e+00   -2.436122233809e-01   1.521286463746e+02  -1.320818577134e+01
  1.127071230556e+00   -1.314765427484e-01   1.618829400117e+02  -1.320818577134e+01
  1.022503817949e+00   -2.449271473704e-01   1.501715883657e+02  -1.320818577134e+01
  5.389588910808e-01   -1.509241905501e-01   1.481150176236e+02  -2.573399423372e+01
  8.653493106079e-01   -2.972554540353e-01   1.395950827836e+02  -2.573399423372e+01
  1.020319844126e+00   -2.456320044662e-01   1.501130951112e+02  -2.573399423372e+01
  6.183707194282e-01   -8.515995812791e-02   1.338032156534e+02   1.632170228857e+01
  2.427362612183e-03    7.355736880259e-04   1.338371413095e+02   1.632170228857e+01
  7.305927719648e-01   -1.071872739776e-01   1.415295222660e+02   1.632170228857e+01
  1.018641050230e+00   -3.246985181366e-01   1.342669287725e+02  -1.175602965081e+01
  8.632575644428e-01   -2.973454939927e-01   1.396143132057e+02  -1.175602965081e+01
  7.016289194339e-01   -2.648752671052e-01   1.315010089432e+02  -1.175602965081e+01
  3.471434843521e-03    2.141630664920e-03   1.744667028743e+02  -4.408489778287e+01
  1.953886425206e-03   -1.631800461625e-03   1.608843290996e+02  -4.408489778287e+01
  6.043149090060e-01   -8.107882034661e-02   1.608083275953e+02  -4.408489778287e+01
  7.937197304960e-01   -6.521642272583e-03   1.266105074357e+02  -2.850627674055e+00
  8.711360629350e-01   -2.096866471779e-01   1.288407780358e+02  -2.850627674055e+00
  5.786105443149e-01   -1.566703867798e-01   1.261162885032e+02  -2.850627674055e+00
  2.990872120208e-01   -8.927258790441e-02   1.240570325694e+02  -5.408620975144e+00
  5.298771601195e-01   -3.643612293088e-03   1.243478695254e+02  -5.408620975144e+00
  5.773665891189e-01   -1.565223983400e-01   1.261074510098e+02  -5.408620975144e+00
  1.015973368128e+00   -3.246677452826e-01   1.341989744161e+02  -9.158966495146e+00
  1.187976784695e+00   -3.281302214877e-01   1.425058319284e+02  -9.158966495146e+00
  8.664171125004e-01   -2.973358915000e-01   1.396802558579e+02  -9.158966495146e+00
  7.015282815955e-01   -2.647701546645e-01   1.314427422339e+02  -6.504333942729e+00
  8.700898762437e-01   -2.102105946546e-01   1.287685220751e+02  -6.504333942729e+00
  1.018117269956e+00   -3.242848847540e-01   1.343226193144e+02  -6.504333942729e+00
  1.129072294068e+00   -2.294224082233e-01   1.306695113717e+02  -2.851504294292e+00
  1.015198254962e+00   -3.231122386135e-01   1.342639400170e+02  -2.851504294292e+00
  8.744361533509e-01   -2.112635176002e-01   1.289110796446e+02  -2.851504294292e+00
  1.019381955250e+00   -3.244633890385e-01   1.343341872927e+02  -3.869730757877e+00
  1.143073353915e+00   -2.915501973233e-01   1.366128109945e+02  -3.869730757877e+00
  1.184340396942e+00   -3.275461299764e-01   1.424366596879e+02  -3.869730757877e+00
  1.128616301066e+00   -2.304495040162e-01   1.306508861272e+02   1.354386894733e-01
  8.746523332589e-01   -2.096147986626e-01   1.289144063117e+02   1.354386894733e-01
  1.047853988440e+00   -1.071929012177e-01   1.278972887916e+02   1.354386894733e-01
  6.990958724721e-01   -2.646781062901e-01   1.313959948823e+02  -8.483724131800e+00
  5.782340001732e-01   -1.571366937352e-01   1.261429027453e+02  -8.483724131800e+00
  8.719085414267e-01   -2.100485452133e-01   1.288104803101e+02  -8.483724131800e+00
  8.176270228171e-01   -6.960631318211e-02   1.259368953337e+02   6.674039512871e+00
  1.100627435279e+00   -9.509514756006e-02   1.256087912103e+02   6.674039512871e+00
  8.079324413320e-01   -3.149719101569e-02   1.208950018550e+02   6.674039512871e+00
  1.457388366450e+00    1.284897619572e-02   1.055587308942e+02  -8.803567318232e+00
  7.922880155769e-03    2.020196859640e-03   1.088436991019e+02  -8.803567318232e+00
  1.456443693678e-02   -1.620739990389e-03   9.690626207266e+01  -8.803567318232e+00
  1.125334320033e+00   -2.265404074616e-01   1.305991636891e+02   4.431610451366e+00
  1.215966471504e+00   -7.609871111447e-02   1.253096761988e+02   4.431610451366e+00
  1.102013637914e+00   -9.598071822523e-02   1.256440678446e+02   4.431610451366e+00
  1.123056336109e+00   -2.273422768729e-01   1.305633407049e+02  -2.044832322214e-01
  1.052734039246e+00   -1.095829759999e-01   1.279962166645e+02  -2.044832322214e-01
  1.217824991863e+00   -7.681159680160e-02   1.253457885841e+02  -2.044832322214e-01
  1.219607655691e+00   -7.565508836323e-02   1.253643653574e+02  -9.418278387221e-02
  1.221553501699e+00   -1.154629231042e-02   1.248406866185e+02  -9.418278387221e-02
  1.321731641210e+00    1.167593981499e-02   1.211375405887e+02  -9.418278387221e-02
  1.142732370447e+00   -2.918241072803e-01   1.366037864272e+02  -9.086751198448e-01
  1.019113073934e+00   -3.235456531027e-01   1.343293775211e+02  -9.086751198448e-01
  1.124957771960e+00   -2.284939198904e-01   1.305711519745e+02  -9.086751198448e-01
  1.214053732948e+00   -1.067681505619e-02   1.168759103186e+02   1.918843679599e+00
  1.219432675106e+00   -7.498294549792e-02   1.253869425968e+02   1.918843679599e+00
  1.323389241395e+00    1.100178819435e-02   1.211324600629e+02   1.918843679599e+00
  1.219916006211e+00   -7.906237116950e-02   1.253468448963e+02   9.087136112890e-01
  1.051768493509e+00   -1.064949733183e-01   1.279982820318e+02   9.087136112890e-01
  1.221643041148e+00   -9.030322859217e-03   1.248456500881e+02   9.087136112890e-01
  8.704430051943e-01   -2.084277462680e-01   1.288338660389e+02  -1.705032281381e+00
  7.952844386060e-01   -7.806441064381e-03   1.266780386156e+02  -1.705032281381e+00
  1.050424486908e+00   -1.076538168869e-01   1.279797064050e+02  -1.705032281381e+00
  1.033456180046e+00   -1.953792966306e-01   1.330874004214e+02   3.672829070909e+00
  1.129815801841e+00   -2.279072297163e-01   1.306466770644e+02   3.672829070909e+00
  1.098599634255e+00   -9.596759350985e-02   1.255908966500e+02   3.672829070909e+00
  1.143109631278e+00   -2.906808752401e-01   1.366117990650e+02   4.635563136306e+00
  1.034116797504e+00   -1.937611419695e-01   1.331264919599e+02   4.635563136306e+00
  1.021077303499e+00   -2.012143465468e-01   1.380270965809e+02   4.635563136306e+00
  1.140727216510e+00   -2.904615999997e-01   1.365896442559e+02   4.182564833901e+00
  1.127292611757e+00   -2.291073534558e-01   1.306028476034e+02   4.182564833901e+00
  1.036186467781e+00   -1.944173879749e-01   1.331556374188e+02   4.182564833901e+00
  1.119126432420e+00   -2.217932151730e-01   1.443824560810e+02   1.022370042659e+01
  1.021365190524e+00   -2.010703663825e-01   1.380296554873e+02   1.022370042659e+01
  7.315903430784e-01   -1.076113961176e-01   1.415639033254e+02   1.022370042659e+01
  1.021215551954e+00   -2.009089464007e-01   1.380422198639e+02   3.549423951814e+00
  1.119400281942e+00   -2.226923892522e-01   1.443770608694e+02   3.549423951814e+00
  1.143097668214e+00   -2.915068347128e-01   1.365892886164e+02   3.549423951814e+00
  6.182257294551e-01   -8.512809990167e-02   1.338063141889e+02   9.999470023534e+00
  7.302240712386e-01   -1.079297951246e-01   1.415252455598e+02   9.999470023534e+00
  1.022758074355e+00   -2.006792386687e-01   1.380596573256e+02   9.999470023534e+00
  1.121398229990e+00   -2.217235876212e-01   1.443849014095e+02   9.631349543951e+00
  7.290023134152e-01   -1.078029334034e-01   1.415349665541e+02   9.631349543951e+00
  8.464863551227e-01   -9.763349650028e-02   1.527575503962e+02   9.631349543951e+00
  1.020152706726e+00   -2.005916491319e-01   1.380393330945e+02   9.871012640157e+00
  1.036052850946e+00   -1.935935111731e-01   1.331388388156e+02   9.871012640157e+00
  6.211846916442e-01   -8.539896622099e-02   1.338414184026e+02   9.871012640157e+00
  1.140096143114e+00   -2.917531291203e-01   1.365297443628e+02   1.675625319112e+00
  1.123022884383e+00   -2.226583089925e-01   1.444329864658e+02   1.675625319112e+00
  1.188642263443e+00   -3.268953318082e-01   1.425093161340e+02   1.675625319112e+00
  8.196109157181e-01   -6.842260634154e-02   1.259774237897e+02   7.610037388983e+00
  1.032478991519e+00   -1.934614341514e-01   1.330953214137e+02   7.610037388983e+00
  1.098998019217e+00   -9.711104773080e-02   1.255914122685e+02   7.610037388983e+00
  7.719347873185e-01   -1.147368474137e-02   1.165988857711e+02   1.127548489717e+01
  3.343631276569e-03    5.928435606875e-04   1.161137465099e+02   1.127548489717e+01
  8.082767232415e-01   -3.142736575230e-02   1.209232641806e+02   1.127548489717e+01
  7.714891340711e-01   -1.143980331561e-02   1.165538402281e+02   6.251697138213e+00
  1.211653169998e+00   -1.015148493259e-02   1.168168925016e+02   6.251697138213e+00
  1.062513012118e+00   -1.459118333375e-02   1.094232126953e+02   6.251697138213e+00
  3.254338965662e-03   -6.077397675946e-04   1.259238792069e+02   1.157548225889e+01
  8.116296633438e-01   -3.191021195988e-02   1.208974051689e+02   1.157548225889e+01
  7.144586346683e-04    6.009253892152e-04   1.160940745605e+02   1.157548225889e+01
  1.043434154872e+00    1.019267872863e-02   6.962130938336e-03   3.429631597542e+00
  1.235519020290e+00    1.212915380831e-02   8.159387734433e+00   3.429631597542e+00
  1.397995772929e+00    3.597439269199e-03   8.196386505894e-02   3.429631597542e+00
 -1.339952183814e-03   -1.614022036084e-03   2.138651759989e+02   1.362257054397e+01
  5.446465950043e-01    9.245937612044e-02   2.119773506872e+02   1.362257054397e+01
  2.166991571487e-03    9.068079228233e-04   2.111572179939e+02   1.362257054397e+01
  1.224306633839e+00   -1.587605005339e-02   9.728080110132e+01  -9.335425041303e+00
  1.446631963452e+00    1.172035713969e-02   1.055325571899e+02  -9.335425041303e+00
  2.151548013985e-02   -1.882769741080e-03   9.690738709710e+01  -9.335425041303e+00
  8.171391579432e-01   -6.931611787901e-02   1.259216489093e+02   9.749510371198e+00
  6.200524523731e-01   -8.633676877255e-02   1.338052083443e+02   9.749510371198e+00
  1.036235999094e+00   -1.926284479515e-01   1.331333313415e+02   9.749510371198e+00
  1.447320225415e+00    3.021030175701e-03   4.442572243016e+01   1.555036667885e-01
  1.327812675728e+00   -6.936057092321e-03   3.718211819176e+01   1.555036667885e-01
  1.273997301572e+00    6.693409373746e-03   3.570474738802e+01   1.555036667885e-01
 -8.953203403720e-04    3.089927195883e-04   1.337664787691e+02   1.833350053087e+01
  5.071151959133e-03   -8.004765907255e-05   1.489480579253e+02   1.833350053087e+01
  7.353951449829e-01   -1.068942656004e-01   1.415504173900e+02   1.833350053087e+01
  1.372552994923e+00   -6.464521760386e-03   9.872672578375e+01   9.751362984932e+00
  2.367593649230e-02   -1.858724939487e-03   1.082769049277e+02   9.751362984932e+00
  1.052824859044e+00   -1.498515183777e-02   1.093527614947e+02   9.751362984932e+00
  1.189972814940e+00   -3.271430639496e-01   1.425348476591e+02  -1.065396078898e+00
  1.121551249822e+00   -2.225409472202e-01   1.444149122110e+02  -1.065396078898e+00
  1.303367938641e+00   -2.424384210814e-01   1.521370722448e+02  -1.065396078898e+00
  1.222874941339e+00   -1.089068295598e-02   1.248911993068e+02  -4.226763879559e-01
  1.049428509050e+00   -1.046637628293e-01   1.279668447642e+02  -4.226763879559e-01
  1.029647639531e+00    8.504165853829e-02   1.280024087154e+02  -4.226763879559e-01
  6.027649614958e-03   -1.565993968754e-03   1.490283400784e+02   1.918457763905e+01
  9.243800791452e-01   -3.966848722749e-02   1.670572678369e+02   1.918457763905e+01
  8.458328878713e-01   -9.622439780824e-02   1.527840344671e+02   1.918457763905e+01
  1.430525418872e+00    1.275639786668e-02   1.053485060462e+02   2.537939375708e+00
  1.078265907901e+00   -1.466875850088e-02   1.093944043841e+02   2.537939375708e+00
  1.341842145678e+00    2.401121473502e-03   1.167063157148e+02   2.537939375708e+00
  1.236933975568e+00    1.117312776945e-01   1.634027621829e+02  -7.538363193984e+00
  1.224713580898e+00   -1.108806201928e-02   1.755673590142e+02  -7.538363193984e+00
  7.277732100355e-01    3.333399855708e-02   1.672402210366e+02  -7.538363193984e+00
  1.298507842962e-02    5.682986878878e-04   7.474229672828e+00   9.372382445122e+00
  1.239093394919e+00    1.205777415725e-02   8.105313279793e+00   9.372382445122e+00
  1.042785385026e+00    1.034330103183e-02  -3.513254038819e-02   9.372382445122e+00
  1.338356856954e+00    2.622570250348e-03   1.166720290019e+02   1.715446845428e+00
  1.214363245136e+00   -1.101429896541e-02   1.168629909008e+02   1.715446845428e+00
  1.322375783295e+00    1.080107336520e-02   1.211254912526e+02   1.715446845428e+00
  1.605657012206e+00    1.128548216983e-02   2.832908906031e+01   7.151333612951e+00
  1.324380999336e+00    2.057917318183e-02   1.692840222022e+01   7.151333612951e+00
  5.099716621905e-02   -9.823120929011e-04   2.612722790075e+01   7.151333612951e+00
  1.345827149246e+00    2.305417933316e-03   1.167190767730e+02   2.006990593489e+00
  1.072158724392e+00   -1.453748515789e-02   1.094163170189e+02   2.006990593489e+00
  1.206773186798e+00   -1.035017563263e-02   1.168647436147e+02   2.006990593489e+00
  1.062569213382e+00   -1.427046187567e-02   1.092385843493e+02   2.154789132498e+00
  1.440856924185e+00    1.137818433701e-02   1.053287995387e+02   2.154789132498e+00
  1.362287556629e+00   -6.606648099796e-03   9.866677206943e+01   2.154789132498e+00
  1.320903397768e+00    1.123234545185e-02   1.211249287753e+02  -3.934857095412e+00
  1.167140970501e+00    6.323646525849e-02   1.250455724464e+02  -3.934857095412e+00
  1.014319578773e+00    8.143011406689e-02   1.257623504865e+02  -3.934857095412e+00
  1.139603743963e+00    2.162241413115e-02   1.163072581809e+02  -2.912706862262e+00
  1.340037110112e+00    2.053770714972e-03   1.166710475141e+02  -2.912706862262e+00
  1.319944263936e+00    1.178590196274e-02   1.211600842787e+02  -2.912706862262e+00
  1.012988867754e+00    8.029577716214e-02   1.257810206227e+02  -6.234307331216e+00
  7.063805102859e-01    2.798261551544e-02   1.213271508185e+02  -6.234307331216e+00
  1.323892768231e+00    1.252003303823e-02   1.211337863197e+02  -6.234307331216e+00
  1.334826163095e-03   -8.728235954933e-04   1.204589147193e+02  -1.190814788158e+01
  7.150875376711e-01    5.172455244808e-02   1.256029471946e+02  -1.190814788158e+01
  1.652942056547e-03    2.954706016454e-04   1.259063416942e+02  -1.190814788158e+01
  7.115902938340e-01    5.157627519815e-02   1.255899577152e+02  -1.197330890287e+01
  3.837832166189e-03   -1.079387689488e-03   1.204827284991e+02  -1.197330890287e+01
  6.983285908327e-01    2.694859864567e-02   1.212691227388e+02  -1.197330890287e+01
  1.211045999122e+00   -9.236600366117e-03   1.168565762640e+02   3.239685483579e+00
  1.096983435795e+00   -9.416316986821e-02   1.255689607540e+02   3.239685483579e+00
  1.220907797897e+00   -7.619235543969e-02   1.253908808279e+02   3.239685483579e+00
  7.710684637575e-01   -1.132738621764e-02   1.165833038710e+02   6.625097628649e+00
  8.081059816167e-01   -3.193074402938e-02   1.209534750455e+02   6.625097628649e+00
  1.213458853001e+00   -1.016556640689e-02   1.168413640766e+02   6.625097628649e+00
  1.235487010833e+00    1.066968027339e-02   8.193851500937e+00   1.072240613837e+00
  1.330848507044e+00    2.174752834243e-02   1.742240057567e+01   1.072240613837e+00
  1.398964023724e+00    1.811359577261e-02   1.075865854639e+01   1.072240613837e+00
  1.978360372160e-02    9.822682012962e-04   8.692255467115e+01   9.255266395435e+00
  1.415943590493e+00   -2.464639895749e-02   7.894221427775e+01   9.255266395435e+00
  9.833339756655e-04    8.441058317920e-04   7.735128626688e+01   9.255266395435e+00
  3.833697634447e-02   -6.577348961719e-04   8.780742021467e+01  -7.477165742533e+00
  1.598749151195e+00   -1.713521104334e-02   8.837838742738e+01  -7.477165742533e+00
  1.226173344561e+00   -1.496811348431e-02   9.759255524314e+01  -7.477165742533e+00
  1.585822900604e+00   -1.743502366243e-02   8.841401256155e+01   7.382545952621e+00
  4.066822122938e-02    8.030028859424e-04   8.751374973862e+01   7.382545952621e+00
  1.369229762413e+00   -5.428255544594e-03   9.915940047507e+01   7.382545952621e+00
  1.262837562261e+00    1.186365320536e-03   5.062194741953e+01  -1.941103710159e+00
  1.470519149176e+00    5.027116081152e-03   5.576594976424e+01  -1.941103710159e+00
  1.260191342675e+00    1.479345242418e-02   6.114535011903e+01  -1.941103710159e+00
  1.274950979486e+00    7.129291802687e-03   3.572378065411e+01   9.266286580910e+00
 -4.293326822518e-04   -1.448350651600e-04   3.559806997111e+01   9.266286580910e+00
  1.540483730800e-02    6.649425593538e-04   4.477362137232e+01   9.266286580910e+00
  1.120080873887e+00   -1.966116006474e-02   7.091246645673e+01  -2.534536300334e+00
  1.465017533866e+00   -1.946301799874e-02   6.741809619738e+01  -2.534536300334e+00
  1.415950929265e+00   -3.030369122767e-02   7.940980346642e+01  -2.534536300334e+00
  1.457856403243e+00    4.081720020453e-03   5.521745292267e+01   7.185680045858e+00
  4.727130426315e-02   -2.320765618256e-03   6.719098747955e+01   7.185680045858e+00
  1.478332996264e+00   -1.853975767183e-02   6.736436698636e+01   7.185680045858e+00
  1.253875638276e+00    1.034918246441e-03   5.050265211476e+01  -2.065595309398e+00
  1.309608099508e+00   -6.328124673801e-03   3.714361811468e+01  -2.065595309398e+00
  1.459585316477e+00    2.044651308760e-03   4.438593791300e+01  -2.065595309398e+00
  1.481660433910e+00   -2.073626512038e-02   6.763123812425e+01   6.976344621561e+00
  4.334516957224e-02   -3.448236933479e-04   6.766078922328e+01   6.976344621561e+00
  1.403167493196e+00   -2.724815853870e-02   7.962747485896e+01   6.976344621561e+00
  1.412795872348e+00    1.608961173184e-02   1.075360907779e+01  -9.138855853332e+00
  1.405550489206e-02    1.049854269911e-03   1.796017700948e+01  -9.138855853332e+00
  9.149395332100e-03   -1.472149937972e-03   6.693072979224e+00  -9.138855853332e+00
  1.652921167693e-02   -1.225887555296e-03   1.651730036512e+01   8.971523858073e+00
  1.330404526772e+00    1.947297134238e-02   1.732847286054e+01   8.971523858073e+00
  1.237428720827e+00    1.145098130931e-02   8.133806339367e+00   8.971523858073e+00
  7.813350522086e-03   -6.353706752911e-04   1.652699418894e+01   9.470813789252e+00
  1.246569886761e+00    1.172721142333e-02   8.113544782344e+00   9.470813789252e+00
  6.396921214131e-03    6.432386877419e-04   7.534018467850e+00   9.470813789252e+00
  1.389918534062e+00    3.211343603936e-03   8.040549677294e-02   1.219149347334e+00
  1.243598442944e+00    1.233840662696e-02   8.121031042445e+00   1.219149347334e+00
  1.389863048419e+00    1.562580823500e-02   1.073333457341e+01   1.219149347334e+00
 -8.722489581540e-04    3.472200223630e-04   3.534956875776e+01   9.262100215571e+00
  1.272915600171e+00    6.791632586549e-03   3.615795153543e+01   9.262100215571e+00
  2.187404290506e-02    6.691590009883e-05   2.671746380370e+01   9.262100215571e+00
  1.342293811952e+00    2.310000575498e-02   1.741685989736e+01  -9.075580729739e-01
  1.577484438900e+00    1.078240510784e-02   2.849584356936e+01  -9.075580729739e-01
  1.224017872104e+00    3.187416830800e-02   2.074561981027e+01  -9.075580729739e-01
  1.339905737144e+00    1.900670168565e-02   1.714145295578e+01   9.068273541607e+00
  5.141470272223e-03   -1.064462350183e-03   1.667720657814e+01   9.068273541607e+00
  2.222573357918e-02   -6.683540114095e-04   2.609032022812e+01   9.068273541607e+00
  1.346735556277e+00    2.327694781449e-02   1.739729464730e+01  -8.724412104189e-01
  1.221447561619e+00    3.202120146868e-02   2.049065972317e+01  -8.724412104189e-01
  1.388014558843e+00    1.827921240867e-02   1.063281711794e+01  -8.724412104189e-01
  4.313360097475e-03    6.076748124088e-04   1.792855240195e+01  -1.010217466833e+01
  1.221578184640e+00    2.938045700795e-02   2.036682799794e+01  -1.010217466833e+01
  9.919208813678e-03   -1.081831825962e-03   2.725253013349e+01  -1.010217466833e+01
  3.001368996983e-02   -1.985984878256e-03   2.731537270923e+01  -8.426284259017e+00
  1.211082426716e+00    2.973248680214e-02   2.029698676099e+01  -8.426284259017e+00
  1.587407412552e+00    9.641652264763e-03   2.835893596543e+01  -8.426284259017e+00
  1.386452933666e+00   -6.216429495289e-03   9.880718395788e+01   9.563255889853e+00
  2.938860618086e-03    9.278507725135e-04   9.785470405135e+01   9.563255889853e+00
  1.303421044325e-02   -1.131639267937e-03   1.082177462210e+02   9.563255889853e+00
  1.237170189003e+00   -1.438428181048e-02   9.736475059643e+01  -1.014184892444e+00
  1.376760332806e+00   -6.091250346937e-03   9.874938001324e+01  -1.014184892444e+00
  1.428987622112e+00    1.092291292791e-02   1.055409061809e+02  -1.014184892444e+00
  4.955915770777e-03    2.343397069654e-04   7.686351754592e+01  -9.725968802513e+00
  1.249616795359e+00   -2.914865446028e-02   7.970376765851e+01  -9.725968802513e+00
  1.351365041374e-02    2.142297313471e-04   8.749012326849e+01  -9.725968802513e+00
  1.373921933067e+00   -5.524960240284e-03   9.873973609843e+01  -1.413022447741e+00
  1.241136500761e+00   -1.432732392082e-02   9.715758207364e+01  -1.413022447741e+00
  1.574573810080e+00   -1.704460775439e-02   8.831079973049e+01  -1.413022447741e+00
  1.237191817045e+00   -1.620387124469e-02   9.742901192491e+01  -9.395426502004e+00
  4.245855852793e-03   -1.104102255126e-03   9.690039294247e+01  -9.395426502004e+00
  1.548858555197e-02   -3.818636040885e-04   8.788547312475e+01  -9.395426502004e+00
  1.329013911286e-02   -4.497837040187e-04   2.767442272692e+01  -1.006918059627e+01
  1.329932972414e+00   -6.872546324434e-03   3.720601751304e+01  -1.006918059627e+01
  1.497082437957e-03    4.939577748119e-05   3.883463748152e+01  -1.006918059627e+01
  2.092239693521e-03    4.460161002686e-04   9.772272551490e+01   9.552272507947e+00
  1.384775626645e+00   -5.199770067699e-03   9.902160379132e+01   9.552272507947e+00
  1.866333584638e-02    5.236090702228e-04   8.754668800434e+01   9.552272507947e+00
  1.276766527902e+00    6.382214566846e-03   3.584032872514e+01   7.983441759073e-01
  1.322457368705e+00   -7.117728000874e-03   3.686595757840e+01   7.983441759073e-01
  1.575938181966e+00    8.913842125727e-03   2.826625201482e+01   7.983441759073e-01
  4.773537341007e-02    4.210408941410e-05   2.661560959520e+01   6.518897042447e+00
  1.258096984310e+00    6.242826399734e-03   3.642846057469e+01   6.518897042447e+00
  1.607747086086e+00    1.011060287999e-02   2.841777889957e+01   6.518897042447e+00
  1.263542600818e+00    6.845136843135e-03   3.547548706478e+01   7.249181156543e+00
  3.505135630204e-02    1.565703103271e-03   4.484693645414e+01   7.249181156543e+00
  1.459436548390e+00    3.904147793123e-03   4.427849850566e+01   7.249181156543e+00
  1.263667418026e+00    1.846228145145e-03   5.062380249922e+01  -9.934713252036e+00
  1.261106205752e+00    1.374233798766e-02   6.113154663706e+01  -9.934713252036e+00
  1.897084736656e-02   -1.157821460639e-04   5.820647211937e+01  -9.934713252036e+00
  1.477909141581e+00    4.201790390534e-03   5.590206448025e+01   8.696708990955e+00
  2.122083015660e-02    1.046671205037e-03   4.530953568821e+01   8.696708990955e+00
  2.932101237730e-03   -4.633320148937e-04   5.613046883093e+01   8.696708990955e+00
  2.513477535162e-03   -2.235953208485e-04   3.887955917472e+01  -1.006117744120e+01
  1.326082403101e+00   -6.211069237765e-03   3.715445316143e+01  -1.006117744120e+01
  1.139885018256e-02    4.851965339227e-04   4.820810856571e+01  -1.006117744120e+01
  1.244741014520e+00   -3.104907538419e-02   8.015441590434e+01  -1.823118689036e+00
  1.408246022701e+00   -2.873489891132e-02   7.921642397951e+01  -1.823118689036e+00
  1.571364051079e+00   -1.745742356008e-02   8.825765829257e+01  -1.823118689036e+00
  3.985010836942e-02   -2.971766013922e-05   8.748600033213e+01  -7.896896927760e+00
  1.232715775265e+00   -2.925937389558e-02   7.957631762880e+01  -7.896896927760e+00
  1.596762602528e+00   -1.778972741968e-02   8.827554979913e+01  -7.896896927760e+00
  1.218081384905e-02    8.101764625294e-04   7.672998521210e+01  -9.868105892617e+00
  1.100120303439e+00   -1.756498734586e-02   7.117081702558e+01  -9.868105892617e+00
  1.242736166363e+00   -3.016965079152e-02   7.982314825352e+01  -9.868105892617e+00
  1.104273155924e+00   -1.530688690831e-02   7.126476756183e+01  -1.072743560700e+01
  3.501941671239e-03   -1.702597605868e-05   7.671370117162e+01  -1.072743560700e+01
  4.403665344858e-03    9.340650628040e-04   6.869893364108e+01  -1.072743560700e+01
  6.808374547377e-03   -4.642257802543e-04   5.817018184082e+01  -1.006003382015e+01
  1.272402435071e+00    1.395165984619e-02   6.115157061178e+01  -1.006003382015e+01
  7.569100689043e-03    3.808703462323e-04   6.867982761529e+01  -1.006003382015e+01
  1.267864836711e+00    1.587868429440e-02   6.132660641300e+01  -1.751237302756e+00
  1.459524539993e+00    4.987894018997e-03   5.549519892291e+01  -1.751237302756e+00
  1.468376214441e+00   -1.764645888486e-02   6.732659213108e+01  -1.751237302756e+00
  2.310884226723e-02   -1.498274371692e-03   6.709787237849e+01   8.696846199620e+00
  1.476853687939e+00    3.211691909256e-03   5.547251003435e+01   8.696846199620e+00
  2.791063405427e-03    2.480973042362e-05   5.638276929843e+01   8.696846199620e+00
  2.714154406672e-04    1.550178085961e-03   7.711635091146e+01   9.267173395527e+00
  1.416879543831e+00   -2.533666105293e-02   7.934028930560e+01   9.267173395527e+00
  1.989167402769e-02   -6.183430086532e-05   6.771563420975e+01   9.267173395527e+00
  1.259724131059e+00    1.466176437651e-02   6.121222507650e+01  -1.003379395323e+01
  1.091937465357e+00   -1.522818256060e-02   7.127784368985e+01  -1.003379395323e+01
  1.780126153076e-02    1.185010271367e-03   6.870765075440e+01  -1.003379395323e+01
  1.254723595205e+00    1.582851441707e-02   6.126323626687e+01  -3.219208827575e+00
  1.477942883622e+00   -1.872601909612e-02   6.729320651370e+01  -3.219208827575e+00
  1.096383750961e+00   -1.708091782243e-02   7.115233184893e+01  -3.219208827575e+00
  1.272027880813e+00    2.053982215443e-03   5.060534055977e+01  -9.929734344031e+00
  8.575092487019e-03    9.891533875820e-05   5.821929369147e+01  -9.929734344031e+00
  6.701823802857e-03    2.624099405973e-04   4.816635670508e+01  -9.929734344031e+00
  1.313256074593e+00   -6.208768460237e-03   3.713898256149e+01  -9.724567114317e+00
  1.253443937223e+00    1.456172078010e-03   5.053108888924e+01  -9.724567114317e+00
  2.301845120293e-02    7.057944566021e-04   4.820340980369e+01  -9.724567114317e+00
  1.459172146677e+00    4.652830374996e-03   5.599643983628e+01  -1.776229363071e+00
  1.271371127523e+00    5.809795179021e-04   5.048666294623e+01  -1.776229363071e+00
  1.447014095899e+00    2.434137378865e-03   4.443351934053e+01  -1.776229363071e+00
