
 -3.748047950938e-04    4.567442253755e-04  -4.557067272897e+01   2.637126005257e+00
 -1.192161144785e-01    4.187456177803e-04  -4.592013159212e+01   2.637126005257e+00
  6.504575171277e-05   -1.881995189150e-04  -4.569835057317e+01   2.637126005257e+00
 -1.445811441099e-01    2.022483082000e-02  -4.207289878410e+01   4.806320425840e+00
  1.062750476184e-04    7.373561925149e-06  -4.386373140477e+01   4.806320425840e+00
 -4.022483775526e-04   -1.060919760092e-05  -4.200583947314e+01   4.806320425840e+00
 -1.191161046258e-01   -2.585980351835e-04  -4.592273551129e+01   2.780179815462e+00
 -1.944860513696e-01    4.146738758440e-02  -4.586020770804e+01   2.780179815462e+00
 -2.082879095630e-01    5.535869674479e-04  -4.655848730918e+01   2.780179815462e+00
 -1.952630308583e-01    4.109922482626e-02  -4.584832149183e+01   2.629770882773e+00
 -1.184761694840e-01    1.096453405957e-04  -4.594119314323e+01   2.629770882773e+00
 -9.104320653615e-02    1.640408008631e-02  -4.545271380138e+01   2.629770882773e+00
 -2.420318333919e-01    5.135196554085e-02  -4.693279582390e+01   1.851091417031e+00
 -2.083752114844e-01    5.478783225540e-04  -4.658177879421e+01   1.851091417031e+00
 -1.945931095055e-01    4.180332354407e-02  -4.584641174425e+01   1.851091417031e+00
 -3.020467537264e-01   -3.103619241366e-03  -2.266433493443e+00   2.003827526674e+00
 -4.016116314782e-03    2.510478753282e-04  -1.419914169115e+00   2.003827526674e+00
 -2.207201326169e-01    3.099859018871e-03   1.215344122037e-02   2.003827526674e+00
 -9.126571439301e-02    1.615003962793e-02  -4.544943548944e+01   2.525779518311e+00
 -1.868141060918e-01    4.508845485274e-02  -4.495707939425e+01   2.525779518311e+00
 -1.952483600032e-01    4.135104768667e-02  -4.584325661042e+01   2.525779518311e+00
 -2.887559821298e-01   -2.700232492835e-03  -2.537989906739e+01   1.149666594715e+00
 -1.529310528725e-01   -5.957101960506e-03  -2.541554266505e+01   1.149666594715e+00
 -2.472254076157e-01   -4.688816176480e-03  -2.437347479838e+01   1.149666594715e+00
 -1.127562013117e-01    2.198196427331e-02  -4.424771700672e+01   2.417613746791e+00
 -1.446955341636e-01    2.032519644805e-02  -4.207127695245e+01   2.417613746791e+00
 -2.115014513442e-01    5.004948691804e-02  -4.371267705015e+01   2.417613746791e+00
 -4.066180149057e-04   -9.099049365059e-05  -4.506750017820e+01   3.461672900168e+00
 -1.123944245743e-01    2.186908733958e-02  -4.425523240883e+01   3.461672900168e+00
 -9.096406192153e-02    1.627345147758e-02  -4.546126553792e+01   3.461672900168e+00
 -1.870812149485e-01    4.512110249051e-02  -4.495313350653e+01   1.225897027000e+00
 -2.111350498933e-01    5.032035150960e-02  -4.371455673646e+01   1.225897027000e+00
 -2.295627122653e-01    6.790785023388e-02  -4.544772296887e+01   1.225897027000e+00
 -2.110998963429e-01    5.008609841312e-02  -4.371543837278e+01   2.583424705984e+00
 -1.870711017537e-01    4.516530845927e-02  -4.495482139551e+01   2.583424705984e+00
 -1.131895536812e-01    2.194889798023e-02  -4.424076566069e+01   2.583424705984e+00
 -2.444971103179e-01    7.584847517277e-02  -4.421148625937e+01   7.679059480671e-01
 -2.289268765721e-01    6.795254575246e-02  -4.546190372657e+01   7.679059480671e-01
 -2.119409669453e-01    5.031388652620e-02  -4.370147151453e+01   7.679059480671e-01
 -1.870393652353e-01    4.518168254659e-02  -4.495397034272e+01   1.565677130755e+00
 -2.295953030413e-01    6.776496282112e-02  -4.544772260642e+01   1.565677130755e+00
 -1.948617370934e-01    4.145902060908e-02  -4.585163520501e+01   1.565677130755e+00
 -2.447506062514e-01    7.590889387844e-02  -4.420383810581e+01   1.702622064910e-01
 -2.116828752312e-01    5.026831862204e-02  -4.370819532889e+01   1.702622064910e-01
 -2.625469970354e-01    5.604743444019e-02  -4.207576005624e+01   1.702622064910e-01
 -1.127414912822e-01    2.204875320097e-02  -4.425207118298e+01   2.487131709367e+00
 -1.873467849955e-01    4.506123501447e-02  -4.494887884900e+01   2.487131709367e+00
 -9.072200053090e-02    1.615786082392e-02  -4.546348113243e+01   2.487131709367e+00
 -4.319973602728e-04    1.188116834869e-04  -3.645657494026e+01   5.263309578053e+00
 -2.319480728410e-04   -2.115205848269e-04  -3.118367372117e+01   5.263309578053e+00
 -1.584312692874e-01   -8.056170882261e-03  -3.521348841181e+01   5.263309578053e+00
 -2.413980083972e-01    5.146758557557e-02  -4.692995785162e+01   1.574053028634e+00
 -1.952627130297e-01    4.156574489745e-02  -4.584238942981e+01   1.574053028634e+00
 -2.291107332902e-01    6.778153581833e-02  -4.545373473766e+01   1.574053028634e+00
 -2.683358225678e-01    1.103900924849e-03  -4.770503613736e+01   1.038458238001e+00
 -2.406564432973e-01    5.098383811691e-02  -4.692858333726e+01   1.038458238001e+00
 -2.480493349768e-01    2.259031087935e-02  -4.800393014157e+01   1.038458238001e+00
 -2.676790069863e-01    3.071168988071e-04  -4.769224509483e+01   2.310111298674e+00
 -2.089711723945e-01    2.993393786108e-04  -4.657662440388e+01   2.310111298674e+00
 -2.413078133260e-01    5.137564398001e-02  -4.693988794438e+01   2.310111298674e+00
 -2.686644004328e-01    1.075609599875e-03  -4.771655810353e+01   1.082672627927e+00
 -2.478407151257e-01    2.234812149245e-02  -4.800240793102e+01   1.082672627927e+00
 -2.974780084093e-01   -3.668856185308e-04  -4.855622285607e+01   1.082672627927e+00
 -2.469026487462e-01    2.160824825714e-02  -4.800365929272e+01   5.621480312882e-01
 -2.420171959957e-01    5.172980703873e-02  -4.692525168480e+01   5.621480312882e-01
 -1.995826136424e-01    4.760595124978e-02  -4.745276909989e+01   5.621480312882e-01
 -1.905702821710e-01   -3.744864788324e-03  -4.799392471567e+01  -1.052616199437e-01
 -2.475122268758e-01    2.167911286425e-02  -4.798362186927e+01  -1.052616199437e-01
 -1.985957560487e-01    4.725736408445e-02  -4.746800079621e+01  -1.052616199437e-01
 -2.472306772968e-01    2.090312394727e-02  -4.799594258099e+01   3.493651933554e-01
 -2.510385619107e-01   -2.688353113995e-02  -4.796935968194e+01   3.493651933554e-01
 -2.977525504534e-01    9.519558286306e-04  -4.855397209703e+01   3.493651933554e-01
 -2.420137593237e-01    5.154892860145e-02  -4.692133101143e+01  -1.586861434845e-01
 -2.173151410105e-01    7.521656542024e-02  -4.611687872841e+01  -1.586861434845e-01
 -1.995767042052e-01    4.794689257117e-02  -4.745498152247e+01  -1.586861434845e-01
 -1.673062077825e-01    2.395824933253e-03  -2.443113975226e+01  -2.144751292622e+00
 -2.311068754047e-01    3.195269977277e-03  -2.295234900859e+01  -2.144751292622e+00
 -2.516978303304e-03    2.520680984313e-04  -2.271149434006e+01  -2.144751292622e+00
 -1.543981982432e-01    6.119698455196e-02  -4.675559301893e+01  -2.299445737562e+00
 -2.181640353811e-01    7.555395816356e-02  -4.611868725745e+01  -2.299445737562e+00
 -1.841972370181e-01    6.879287913139e-02  -4.486786165420e+01  -2.299445737562e+00
 -2.182723283013e-01    7.530886699093e-02  -4.610551474442e+01   3.462700816642e-01
 -2.409483735779e-01    5.135077020113e-02  -4.693852755854e+01   3.462700816642e-01
 -2.295828038518e-01    6.801547583740e-02  -4.544722431355e+01   3.462700816642e-01
 -6.840186316032e-02    1.915287825401e-02  -4.840690731200e+01  -2.483852763745e+00
 -1.326600962184e-01    3.486882250756e-02  -4.801755729072e+01  -2.483852763745e+00
 -8.026307434553e-02    3.570289935844e-02  -4.728770713131e+01  -2.483852763745e+00
 -1.325537391242e-01    3.471527024552e-02  -4.800299778184e+01  -1.658640043406e+00
 -1.988673477397e-01    4.757847630218e-02  -4.747267089840e+01  -1.658640043406e+00
 -1.537640144157e-01    6.115891315966e-02  -4.677935238466e+01  -1.658640043406e+00
 -1.540828704384e-01    6.111277443540e-02  -4.676621194858e+01  -2.778174721585e+00
 -8.068925060230e-02    3.577230357703e-02  -4.728094843559e+01  -2.778174721585e+00
 -1.322965300028e-01    3.484097970391e-02  -4.802257290257e+01  -2.778174721585e+00
 -1.325729446795e-01    3.461842561016e-02  -4.800837437207e+01  -3.596750123913e-01
 -1.901373098347e-01   -4.009043356108e-03  -4.800972426460e+01  -3.596750123913e-01
 -1.987876143099e-01    4.750008020263e-02  -4.746688588577e+01  -3.596750123913e-01
 -2.443811426057e-01    7.612261445816e-02  -4.421003609075e+01  -1.644409560266e+00
 -1.849349390821e-01    6.879494416757e-02  -4.485375569488e+01  -1.644409560266e+00
 -2.175293643238e-01    7.554731965541e-02  -4.613321988776e+01  -1.644409560266e+00
 -1.543209522124e-01    6.115768480146e-02  -4.676839436844e+01  -1.031245371908e+00
 -1.984553220298e-01    4.765129463917e-02  -4.748266680261e+01  -1.031245371908e+00
 -2.180917720882e-01    7.548095650878e-02  -4.610590803389e+01  -1.031245371908e+00
 -2.435099513345e-01    7.598745485572e-02  -4.422546667589e+01  -4.146900520350e-01
 -2.183294639929e-01    7.551492413032e-02  -4.610319592682e+01  -4.146900520350e-01
 -2.296625756869e-01    6.792023299393e-02  -4.544628447066e+01  -4.146900520350e-01
 -1.323490831288e-01    3.455833777869e-02  -4.800954798431e+01  -1.021365743550e+00
 -6.856311646007e-02    1.936603203667e-02  -4.841651544395e+01  -1.021365743550e+00
 -1.254498673627e-01   -2.972345240001e-03  -4.845082845349e+01  -1.021365743550e+00
 -2.639819816238e-01    5.585618263322e-02  -4.205591209016e+01   1.744887977549e+00
 -2.105341035580e-01    5.022592939944e-02  -4.373337652160e+01   1.744887977549e+00
 -1.464257559895e-01    2.025129517597e-02  -4.204652238137e+01   1.744887977549e+00
 -2.995787146421e-01   -3.176201166529e-03  -2.277693259025e+00   7.980779853009e-01
 -2.218120433669e-01    3.061649010638e-03  -3.311847156949e-03   7.980779853009e-01
 -3.009241364027e-01   -6.443521518087e-04  -2.908524790257e-02   7.980779853009e-01
 -2.686106151265e-01    2.930396458229e-02  -3.969381984787e+01   1.654055810080e+00
 -1.568501576150e-01    8.425855621930e-03  -3.885952126870e+01   1.654055810080e+00
 -2.671769789123e-01    1.764454840081e-03  -3.705167245853e+01   1.654055810080e+00
 -2.680261410567e-01    2.996598322630e-02  -3.970669043461e+01   1.264693273546e+00
 -2.643227125467e-01    5.564769968736e-02  -4.204713719412e+01   1.264693273546e+00
 -1.462557762697e-01    2.056558080387e-02  -4.205106722988e+01   1.264693273546e+00
 -2.444828062676e-01    7.621851798406e-02  -4.422846482022e+01  -2.570034477104e+00
 -2.139950836025e-01    5.750173803572e-02  -4.251222285530e+01  -2.570034477104e+00
 -1.849621610573e-01    6.873147997929e-02  -4.483610820536e+01  -2.570034477104e+00
 -2.147665415446e-01    5.748012011715e-02  -4.249628410543e+01  -1.852102436258e+00
 -2.438004158059e-01    7.615585868015e-02  -4.424525928450e+01  -1.852102436258e+00
 -2.635641552628e-01    5.608660691459e-02  -4.205528529970e+01  -1.852102436258e+00
 -2.353056669450e-01    3.293847205398e-02  -3.987262795482e+01  -2.511064605055e+00
 -2.147406241663e-01    5.727247064225e-02  -4.247410678740e+01  -2.511064605055e+00
 -2.637349809926e-01    5.633263928798e-02  -4.207777000636e+01  -2.511064605055e+00
 -1.135078065967e-01    3.486213824645e-02  -4.289232443505e+01  -5.437172890302e+00
 -1.846882671590e-01    6.875424332376e-02  -4.487175768487e+01  -5.437172890302e+00
 -2.142953090345e-01    5.741137921327e-02  -4.248665470709e+01  -5.437172890302e+00
 -2.631175005400e-01    5.632220548672e-02  -4.209506722081e+01  -1.669525682838e+00
 -2.691983562610e-01    2.949963418226e-02  -3.968304191748e+01  -1.669525682838e+00
 -2.359602853113e-01    3.282104236574e-02  -3.985633747778e+01  -1.669525682838e+00
 -2.689485552836e-01    2.971682195295e-02  -3.969497755597e+01   2.282110388354e+00
 -1.450535820959e-01    2.074126026904e-02  -4.207345254948e+01   2.282110388354e+00
 -1.562786901967e-01    8.084706875381e-03  -3.886104863905e+01   2.282110388354e+00
 -2.444200357307e-01    2.004244986636e-03  -3.707945368679e+01  -2.255981650858e+00
 -2.357626039682e-01    3.247439735005e-02  -3.983054970620e+01  -2.255981650858e+00
 -2.695282661669e-01    2.983917966417e-02  -3.970800054294e+01  -2.255981650858e+00
 -4.546467355657e-04    2.584679374116e-04  -3.702947644445e+01  -9.732449882030e+00
 -1.358187421675e-01    4.943421224010e-04  -3.706093816524e+01  -9.732449882030e+00
 -4.229998628610e-04   -5.931153180698e-04  -3.404685831477e+01  -9.732449882030e+00
 -2.362950835088e-01    3.264615576443e-02  -3.986550045887e+01  -6.125614102668e+00
 -1.352926430520e-01    9.414572857876e-04  -3.706523325767e+01  -6.125614102668e+00
 -1.272526731021e-01    2.108764039551e-02  -4.003756557714e+01  -6.125614102668e+00
 -1.359841698549e-01    9.117726536633e-04  -3.706339827214e+01  -6.152873195886e+00
 -2.357057553499e-01    3.256383417364e-02  -3.986889346940e+01  -6.152873195886e+00
 -2.438787650666e-01    1.632674177685e-03  -3.704246945260e+01  -6.152873195886e+00
 -1.272792732922e-01    2.085740861989e-02  -4.005916986417e+01  -1.046923352479e+01
 -1.350755933574e-01    1.383493513260e-03  -3.702753144201e+01  -1.046923352479e+01
 -9.810373096896e-04    5.968910966601e-04  -4.006429501312e+01  -1.046923352479e+01
 -2.356689883818e-01    3.275303650587e-02  -3.984250723370e+01  -6.001384226276e+00
 -1.277541481465e-01    2.107058948882e-02  -4.006337974504e+01  -6.001384226276e+00
 -2.143805795549e-01    5.727964601435e-02  -4.251290876462e+01  -6.001384226276e+00
 -2.352828265600e-01   -2.906522907427e-02  -3.423362649976e+01  -6.127129219393e+00
 -1.359398871808e-01    1.015159946695e-03  -3.702595428954e+01  -6.127129219393e+00
 -2.438933806979e-01    1.408869762794e-03  -3.705222193425e+01  -6.127129219393e+00
 -2.452467403952e-01    1.858600844598e-03  -3.706849782164e+01  -1.511478928853e+00
 -2.687914977918e-01    2.991587182201e-02  -3.972243784618e+01  -1.511478928853e+00
 -2.670852750264e-01    1.283912336784e-03  -3.703667159876e+01  -1.511478928853e+00
 -1.561989945605e-01    8.682196495014e-03  -3.886495558357e+01   2.382317259568e+00
 -1.576285280863e-01   -8.080630816566e-03  -3.520883838664e+01   2.382317259568e+00
 -2.678517755899e-01    1.465944114741e-03  -3.704680978011e+01   2.382317259568e+00
 -1.129713084207e-01    3.476504476025e-02  -4.286970507697e+01  -5.807926529766e+00
 -2.149509913191e-01    5.741642165228e-02  -4.250754972133e+01  -5.807926529766e+00
 -1.270805386953e-01    2.101128027541e-02  -4.006919900705e+01  -5.807926529766e+00
 -2.088156761516e-05    8.251090762052e-05  -4.728137605419e+01  -5.640144904004e+00
 -8.119705789274e-02    3.597486660621e-02  -4.729208989299e+01  -5.640144904004e+00
 -5.913252525940e-04    3.353419541122e-04  -4.544303011748e+01  -5.640144904004e+00
 -8.044097578045e-02    3.556854359478e-02  -4.726856304406e+01  -3.995964089400e+00
 -1.545454372609e-01    6.136534035485e-02  -4.677899932266e+01  -3.995964089400e+00
 -9.690919742263e-02    4.072565683096e-02  -4.536975747383e+01  -3.995964089400e+00
 -1.336289381200e-01    1.811126030332e-02  -2.804028791261e+01  -3.335877693448e+00
 -4.685766887219e-05   -2.170779394560e-04  -2.640120131443e+01  -3.335877693448e+00
 -3.921767864932e-04    6.982569644363e-05  -2.804279568350e+01  -3.335877693448e+00
 -5.224629664558e-04    7.556060630434e-04  -4.859853988655e+01  -1.809527443605e+00
 -6.490047218367e-02   -1.431581258897e-03  -4.883844039339e+01  -1.809527443605e+00
 -6.823718282758e-02    1.889703289916e-02  -4.841105092376e+01  -1.809527443605e+00
 -3.485782865189e-04    3.012030056025e-04  -4.729903554691e+01  -4.570878550950e+00
  1.646251902519e-04   -2.144264696476e-04  -4.858550405552e+01  -4.570878550950e+00
 -8.054603390344e-02    3.553784252274e-02  -4.727425522698e+01  -4.570878550950e+00
 -1.494908331755e-01   -2.910360253147e-02  -4.382446533726e+01  -3.482356715967e+00
 -6.493388430880e-04    1.201921236812e-04  -4.476265141724e+01  -3.482356715967e+00
 -1.191198498708e-01   -2.102889154077e-02  -4.495471985858e+01  -3.482356715967e+00
 -8.076001772690e-02    3.576079931255e-02  -4.729455145566e+01  -6.965199691768e+00
 -9.678810214444e-02    4.057040893915e-02  -4.534908605076e+01  -6.965199691768e+00
 -1.021927421926e-03    5.722541077649e-04  -4.543479741905e+01  -6.965199691768e+00
 -1.908145599298e-04   -3.945574203262e-05  -4.858240521132e+01  -3.598310056145e+00
 -6.846823945307e-02    1.932709093708e-02  -4.841478420896e+01  -3.598310056145e+00
 -8.008483394130e-02    3.536432263194e-02  -4.727713843126e+01  -3.598310056145e+00
 -7.135392916497e-04   -8.714994370480e-05  -4.010238984496e+01  -9.088618527047e+00
 -1.256566506040e-04    5.628679682291e-04  -4.293930263402e+01  -9.088618527047e+00
 -1.274148788558e-01    2.149383866097e-02  -4.003600749292e+01  -9.088618527047e+00
 -2.848396452341e-04    5.254510962242e-04  -4.006012103750e+01  -9.738504077050e+00
 -1.358063351193e-01    1.381670285459e-03  -3.702756031498e+01  -9.738504077050e+00
 -4.886822013701e-04   -2.233866102095e-04  -3.706288250722e+01  -9.738504077050e+00
 -2.003974783441e-01   -1.153779304514e-02  -3.859533352483e+01  -4.079675126757e+00
 -1.543689894106e-03   -2.210977486968e-04  -4.167430755451e+01  -4.079675126757e+00
 -1.778012378970e-01   -2.655075043182e-02  -4.161548444462e+01  -4.079675126757e+00
 -1.384012326050e-04    2.902716905295e-04  -4.540036046389e+01  -7.397554281170e+00
 -9.768827337425e-02    4.073807882130e-02  -4.537275290262e+01  -7.397554281170e+00
 -8.350994720359e-04    1.098211039915e-04  -4.300228996569e+01  -7.397554281170e+00
 -8.585707520806e-04    8.221768031195e-04  -4.294223555861e+01  -9.494573327343e+00
 -1.129819104853e-01    3.451017392922e-02  -4.288963701294e+01  -9.494573327343e+00
 -1.267354782768e-01    2.135842527712e-02  -4.003682147480e+01  -9.494573327343e+00
 -1.562079230142e-01    8.209381716806e-03  -3.886408417480e+01   4.811817807785e+00
 -1.517905485210e-03   -2.026859710020e-04  -3.647192485268e+01   4.811817807785e+00
 -1.574606634669e-01   -7.711386806806e-03  -3.520926755597e+01   4.811817807785e+00
 -1.129751600732e-01    2.181367462581e-02  -4.424753240930e+01   3.758751621284e+00
  9.005033485401e-05   -5.857858201674e-05  -4.507753191426e+01   3.758751621284e+00
 -4.349083991522e-04    1.646760367898e-05  -4.386406681949e+01   3.758751621284e+00
 -1.525278276836e-03    3.815568615654e-04  -4.299471275040e+01  -8.624621182984e+00
 -9.714159279977e-02    4.052381834627e-02  -4.537605615622e+01  -8.624621182984e+00
 -1.125993825234e-01    3.473267408992e-02  -4.287233513268e+01  -8.624621182984e+00
 -9.685610514024e-02    4.062944255483e-02  -4.534759610756e+01  -5.095172835980e+00
 -1.851735363410e-01    6.888232744849e-02  -4.486667902975e+01  -5.095172835980e+00
 -1.129067282226e-01    3.474688229451e-02  -4.289789043874e+01  -5.095172835980e+00
 -1.451916628553e-01    2.016391754878e-02  -4.207910254070e+01   4.815125261610e+00
 -1.512016863511e-03   -3.221745892688e-04  -3.946348544330e+01   4.815125261610e+00
 -1.558495712042e-01    8.423212973177e-03  -3.886078551818e+01   4.815125261610e+00
 -2.452259850399e-01    1.200701060375e-03  -3.702630439975e+01  -1.486272453244e+00
 -2.670914411998e-01    1.622712164697e-03  -3.705591135691e+01  -1.486272453244e+00
 -2.694677423858e-01   -2.625806187130e-02  -3.437422618966e+01  -1.486272453244e+00
 -9.736446464439e-02    4.082381782034e-02  -4.536474792822e+01  -4.314009915376e+00
 -1.541479663792e-01    6.128815023396e-02  -4.678363740133e+01  -4.314009915376e+00
 -1.845018852825e-01    6.872563280608e-02  -4.484901810343e+01  -4.314009915376e+00
  4.663381340732e-05    9.901217656031e-05  -4.200346708498e+01   4.850179946771e+00
 -8.945637680265e-04   -2.293704041373e-04  -3.946925991967e+01   4.850179946771e+00
 -1.456964653705e-01    2.000485964750e-02  -4.207564804151e+01   4.850179946771e+00
 -6.524816067871e-02   -1.387119550130e-03  -4.883644495309e+01  -5.407060488749e-01
 -1.927531264540e-04    6.232828428349e-04  -4.860438293468e+01  -5.407060488749e-01
 -8.402291827562e-05   -2.603845494226e-04  -4.887914144047e+01  -5.407060488749e-01
 -2.536469252659e-01   -6.155709745457e-02  -4.676708904784e+01  -4.375960380052e-01
 -2.505921459757e-01   -2.791681310072e-02  -4.796188151537e+01  -4.375960380052e-01
 -2.046969572402e-01   -5.629550539222e-02  -4.735650053334e+01  -4.375960380052e-01
 -2.510466569946e-01   -2.711608476528e-02  -4.796540336415e+01  -5.317395874440e-01
 -2.977337673787e-01   -8.607805401327e-04  -4.831107495807e+01  -5.317395874440e-01
 -2.978979338335e-01    1.115489546806e-03  -4.856626443547e+01  -5.317395874440e-01
 -2.972619915626e-01    2.360730610569e-04  -4.830313025724e+01  -1.844722767211e+00
 -2.518092547357e-01   -6.089536601458e-02  -4.678614981517e+01  -1.844722767211e+00
 -2.682475052143e-01   -5.122245873972e-04  -4.714294654110e+01  -1.844722767211e+00
 -2.520843885993e-01   -6.079691656330e-02  -4.678220944789e+01  -6.024530675001e-01
 -2.970121883910e-01   -1.915725501860e-05  -4.830574379014e+01  -6.024530675001e-01
 -2.514479714973e-01   -2.847300529976e-02  -4.795854487008e+01  -6.024530675001e-01
 -2.675895047698e-01   -2.894870958282e-04  -4.714598638835e+01  -2.502722263888e+00
 -2.531985248925e-01   -6.131959679813e-02  -4.677877254672e+01  -2.502722263888e+00
 -2.091815889398e-01   -2.674855569936e-04  -4.596845518037e+01  -2.502722263888e+00
 -1.699107943619e-03    8.694599356379e-05  -1.425509818498e+00   2.169169155335e+00
  3.585499278207e-05   -4.687822345573e-05  -8.674776824929e-03   2.169169155335e+00
 -2.224137335671e-01    3.088810286812e-03   4.875947252561e-03   2.169169155335e+00
 -2.512466372902e-01   -2.804852420432e-02  -4.794410866866e+01   2.054833328516e-01
 -1.905805623467e-01   -4.472161568902e-03  -4.799496414706e+01   2.054833328516e-01
 -2.036880921769e-01   -5.593022086814e-02  -4.737203347531e+01   2.054833328516e-01
 -2.510441499965e-01   -2.810183455012e-02  -4.796220902902e+01   5.331531496627e-02
 -2.472864508517e-01    2.177565225017e-02  -4.799824431571e+01   5.331531496627e-02
 -1.909803727635e-01   -4.125074167713e-03  -4.798107859268e+01   5.331531496627e-02
 -1.352890359361e-01   -4.120076285600e-02  -4.795285749261e+01   5.811642395765e-01
 -2.038683773407e-01   -5.615940949892e-02  -4.737218598841e+01   5.811642395765e-01
 -1.901568606127e-01   -4.215672271999e-03  -4.801007426295e+01   5.811642395765e-01
 -1.592957303183e-01   -6.725140620994e-02  -4.663571856535e+01   3.143697102217e+00
 -1.350411631927e-01   -4.142085636428e-02  -4.796851806482e+01   3.143697102217e+00
 -8.235379366350e-02   -3.803278875538e-02  -4.713558634139e+01   3.143697102217e+00
 -2.035622260171e-01   -5.634118401273e-02  -4.738866583803e+01   1.288037115781e+00
 -1.595567738676e-01   -6.734577480732e-02  -4.663944207253e+01   1.288037115781e+00
 -2.281237647318e-01   -8.471198292629e-02  -4.593004605183e+01   1.288037115781e+00
 -1.589981531449e-01   -6.732835184161e-02  -4.665004676361e+01   1.867699744724e+00
 -2.039726099888e-01   -5.628319763036e-02  -4.737874910864e+01   1.867699744724e+00
 -1.352540451236e-01   -4.126306663756e-02  -4.794716628113e+01   1.867699744724e+00
 -2.591891029008e-01   -8.489059894230e-02  -4.398305558894e+01   1.931920252826e+00
 -2.275677859484e-01   -8.478340292698e-02  -4.595758925537e+01   1.931920252826e+00
 -1.927655429719e-01   -7.476080528445e-02  -4.469242992575e+01   1.931920252826e+00
 -2.046737709070e-01   -5.660618879656e-02  -4.736073289815e+01   3.261187234071e-01
 -2.273651305932e-01   -8.447798469524e-02  -4.594028671972e+01   3.261187234071e-01
 -2.536621120161e-01   -6.137999934594e-02  -4.675945672021e+01   3.261187234071e-01
 -1.350313025270e-01   -4.111585867883e-02  -4.795532936302e+01   1.292594125736e+00
 -1.254693379156e-01   -3.421184967352e-03  -4.845017100074e+01   1.292594125736e+00
 -6.982864422348e-02   -2.319590111773e-02  -4.839672470364e+01   1.292594125736e+00
 -1.348509691746e-01   -4.117734767488e-02  -4.796282554017e+01   7.314334539815e-01
 -1.905850312915e-01   -4.171498246820e-03  -4.799977428351e+01   7.314334539815e-01
 -1.256045995163e-01   -3.252297194972e-03  -4.843509101233e+01   7.314334539815e-01
 -1.905666092714e-01   -4.080717337574e-03  -4.799982995724e+01  -5.440108666462e-01
 -1.321382104918e-01    3.461574634650e-02  -4.801788701578e+01  -5.440108666462e-01
 -1.256134324481e-01   -3.139716672252e-03  -4.843507629917e+01  -5.440108666462e-01
 -2.525871383944e-01   -6.117739436835e-02  -4.677361572270e+01  -1.595948699900e-01
 -2.283298549055e-01   -8.457983651558e-02  -4.593049143037e+01  -1.595948699900e-01
 -2.459820456613e-01   -7.813701842980e-02  -4.517379254607e+01  -1.595948699900e-01
 -2.082657529607e-01   -6.596794634924e-04  -4.595888070146e+01  -2.919264567756e+00
 -2.136173925119e-01   -4.885582275713e-02  -4.546793488038e+01  -2.919264567756e+00
 -1.192460123001e-01    4.591508138093e-04  -4.530636984578e+01  -2.919264567756e+00
 -2.087187706210e-01   -5.366754699945e-04  -4.597551015761e+01  -1.822308834310e+00
 -2.538008486897e-01   -6.121529274420e-02  -4.676669981163e+01  -1.822308834310e+00
 -2.133590268866e-01   -4.940322522012e-02  -4.545740873581e+01  -1.822308834310e+00
 -1.189857307731e-01   -3.985342199286e-04  -4.530430933233e+01  -3.024683929598e+00
 -1.187718095038e-01   -2.080389281506e-02  -4.495703513060e+01  -3.024683929598e+00
  1.086949581122e-04    5.489336581571e-04  -4.533340559226e+01  -3.024683929598e+00
 -1.193574994882e-01   -2.155788349567e-02  -4.494639475787e+01  -2.452190868250e+00
 -1.186903624997e-01    2.127637886766e-04  -4.532168056924e+01  -2.452190868250e+00
 -2.143116512479e-01   -4.858984079925e-02  -4.545661669769e+01  -2.452190868250e+00
 -1.510385001152e-01   -2.904113771981e-02  -4.381904391234e+01  -3.769952704992e+00
 -1.349574125670e-03    1.985958934608e-05  -4.170777489822e+01  -3.769952704992e+00
  3.428874660386e-04    3.730195906394e-05  -4.478614136684e+01  -3.769952704992e+00
 -8.754238732656e-04    8.663195749843e-05  -2.270729173190e+01  -2.401002678512e+00
 -6.156086121130e-05   -7.129972814095e-05  -2.434679910617e+01  -2.401002678512e+00
 -1.682121326365e-01    2.428027877284e-03  -2.442987113329e+01  -2.401002678512e+00
 -2.142029781354e-01   -4.895583895524e-02  -4.545286218913e+01  -2.394590867045e+00
 -2.105075125475e-01   -5.373469077658e-02  -4.456398340423e+01  -2.394590867045e+00
 -1.196340511372e-01   -2.120658699033e-02  -4.494258875104e+01  -2.394590867045e+00
 -1.449390306748e-01   -5.426231245949e-03  -2.460654626349e+01   2.415082301151e+00
  4.158720227280e-05    1.025239117464e-04  -2.444436708275e+01   2.415082301151e+00
 -7.839822674524e-04   -7.089571428632e-05  -2.288564376212e+01   2.415082301151e+00
 -2.453088050809e-01   -7.806319302310e-02  -4.518804291758e+01  -4.940894604455e-01
 -2.593227591968e-01   -8.463270342353e-02  -4.398464656741e+01  -4.940894604455e-01
 -2.368481464120e-01   -5.926771302297e-02  -4.336687478897e+01  -4.940894604455e-01
 -2.583242216561e-01   -8.475405133413e-02  -4.399804995029e+01   6.303606560332e-01
 -2.460757685865e-01   -7.804836681336e-02  -4.517323216179e+01   6.303606560332e-01
 -2.283586374509e-01   -8.475958578873e-02  -4.592821923349e+01   6.303606560332e-01
 -2.107628658086e-01   -5.382831741742e-02  -4.456100587126e+01  -2.244141622724e+00
 -2.360876327658e-01   -5.904972543077e-02  -4.338274509702e+01  -2.244141622724e+00
 -1.496867251211e-01   -2.919697387905e-02  -4.381352772916e+01  -2.244141622724e+00
 -2.360891871493e-01   -5.927480194300e-02  -4.338025393469e+01  -1.016159598937e+00
 -2.108066745449e-01   -5.378783461312e-02  -4.456080274245e+01  -1.016159598937e+00
 -2.459014423320e-01   -7.801828738773e-02  -4.517394053756e+01  -1.016159598937e+00
 -1.493106563368e-01   -2.927227046209e-02  -4.382381860631e+01  -2.107039960993e+00
 -2.365025057446e-01   -5.899720730187e-02  -4.337991381678e+01  -2.107039960993e+00
 -1.779491116985e-01   -2.683546051632e-02  -4.161636453776e+01  -2.107039960993e+00
 -2.110106558342e-01   -5.374477111079e-02  -4.455465484627e+01  -2.252146508894e+00
 -1.493709824968e-01   -2.927510958293e-02  -4.382309452790e+01  -2.252146508894e+00
 -1.190614928462e-01   -2.109775521295e-02  -4.495707883230e+01  -2.252146508894e+00
 -2.595546151314e-01   -8.467773142691e-02  -4.397683845607e+01   1.128183153546e-01
 -2.820666638747e-01   -6.349463922475e-02  -4.182692672805e+01   1.128183153546e-01
 -2.366076472880e-01   -5.923753491965e-02  -4.337388541650e+01   1.128183153546e-01
 -2.459862806254e-01   -7.791750900225e-02  -4.517538703308e+01  -1.395722878070e+00
 -2.107207204969e-01   -5.381750684815e-02  -4.456053142359e+01  -1.395722878070e+00
 -2.137703051458e-01   -4.911612406168e-02  -4.546340136366e+01  -1.395722878070e+00
 -2.530123750242e-01   -6.127671334520e-02  -4.676368054666e+01  -1.469594268521e+00
 -2.455380709559e-01   -7.793940888520e-02  -4.518124290691e+01  -1.469594268521e+00
 -2.141045430438e-01   -4.922174098018e-02  -4.545468175926e+01  -1.469594268521e+00
 -1.503111816141e-01   -2.918239168193e-02  -4.382930196020e+01  -4.336466537877e+00
 -1.770566948682e-01   -2.674962555927e-02  -4.161248959663e+01  -4.336466537877e+00
 -2.441888319825e-03    1.557618365886e-04  -4.168649116725e+01  -4.336466537877e+00
 -2.282134183955e-01   -8.480168486977e-02  -4.594331928338e+01   2.559733268474e+00
 -1.596055996108e-01   -6.735284071775e-02  -4.662608191581e+01   2.559733268474e+00
 -1.920214540678e-01   -7.474460094600e-02  -4.470597860662e+01   2.559733268474e+00
 -4.629543988960e-03   -1.236094443615e-04  -3.795443783787e+00   2.098778987323e+00
 -3.035254587157e-01   -3.745991083819e-03  -2.276040009839e+00   2.098778987323e+00
 -2.611042358338e-01   -6.716348983814e-03  -4.320503627969e+00   2.098778987323e+00
 -6.493465142098e-02   -2.249542087380e-03  -4.884013639378e+01   2.183770703750e+00
 -4.286822748685e-04   -6.306399915245e-04  -4.851667852103e+01   2.183770703750e+00
 -6.958608601193e-02   -2.279580113016e-02  -4.839211172980e+01   2.183770703750e+00
 -6.526065953686e-02   -2.285048009647e-03  -4.883782977737e+01   7.966250922357e-01
 -8.839322080104e-05    2.125463532037e-04  -4.887825809472e+01   7.966250922357e-01
 -1.577889132794e-04   -5.532662957375e-04  -4.852370956550e+01   7.966250922357e-01
 -6.973036080404e-02   -2.331981751032e-02  -4.840935805192e+01   4.874569043246e+00
 -8.886949039408e-04   -8.700550897697e-04  -4.732833109856e+01   4.874569043246e+00
 -8.179869240904e-02   -3.757692307789e-02  -4.712431695640e+01   4.874569043246e+00
 -9.954988976542e-02   -4.373080775422e-02  -4.521343282759e+01   6.462786816200e+00
 -8.219645916058e-02   -3.782660895740e-02  -4.713432720800e+01   6.462786816200e+00
 -2.161891096336e-04   -4.170159836003e-04  -4.729611192880e+01   6.462786816200e+00
 -1.005555294779e-01   -4.397473589854e-02  -4.522632378212e+01   4.647662135612e+00
 -1.923353031108e-01   -7.469043427345e-02  -4.468696410627e+01   4.647662135612e+00
 -1.593474732025e-01   -6.740723083530e-02  -4.665364846876e+01   4.647662135612e+00
 -9.998771865971e-02   -4.385958716821e-02  -4.523315580188e+01   4.311142073548e+00
 -1.598045099720e-01   -6.750242858088e-02  -4.664849373917e+01   4.311142073548e+00
 -8.202827758895e-02   -3.779657254079e-02  -4.712128907978e+01   4.311142073548e+00
 -4.801947693087e-04   -6.033509901280e-04  -4.733557598893e+01   3.519622036830e+00
 -7.008510313785e-02   -2.348099566879e-02  -4.840550390427e+01   3.519622036830e+00
 -2.851111862439e-05    7.672068963591e-05  -4.849857808682e+01   3.519622036830e+00
 -1.354142888900e-01   -4.148265207068e-02  -4.796396193057e+01   2.717678893186e+00
 -6.956721639746e-02   -2.294055216243e-02  -4.838971849194e+01   2.717678893186e+00
 -8.191655456718e-02   -3.791419547061e-02  -4.714086991439e+01   2.717678893186e+00
  2.385789116116e-04   -1.227029034344e-04  -4.729685832527e+01   6.894031230705e+00
 -6.235920240582e-04   -2.813301594034e-04  -4.531323809466e+01   6.894031230705e+00
 -1.000492490585e-01   -4.393231174213e-02  -4.521052713919e+01   6.894031230705e+00
 -1.579102121884e-01   -7.970575136394e-03  -3.520972138076e+01   4.458071060390e+00
 -7.777552254881e-04   -3.037000209291e-04  -3.119040251085e+01   4.458071060390e+00
 -1.442925584328e-01   -1.706808037857e-02  -3.198892873747e+01   4.458071060390e+00
 -3.033270484081e-01    5.845669658326e-03  -1.653777695792e+01  -1.631504294240e+00
 -9.084216574325e-03   -3.679197975992e-04  -1.829069286852e+01  -1.631504294240e+00
 -3.438554281542e-01    4.047297298907e-03  -1.856357228641e+01  -1.631504294240e+00
 -1.189321653302e-01    5.976155557997e-04  -4.592858236222e+01   3.242755598841e+00
 -5.365509118597e-04    3.388000765566e-04  -4.556679298604e+01   3.242755598841e+00
 -9.052843601533e-02    1.607051454699e-02  -4.546098459433e+01   3.242755598841e+00
 -1.203664299381e-01   -3.815473843496e-02  -4.278446562542e+01   9.095885593446e+00
 -2.126438679890e-04   -3.210474300680e-04  -4.275256160308e+01   9.095885593446e+00
 -7.129481998025e-04    2.158903347425e-04  -3.995553361216e+01   9.095885593446e+00
 -1.196636885788e-01   -3.863366305071e-02  -4.275394789044e+01   8.545427417608e+00
  1.390733349990e-04   -3.535958877738e-04  -4.528687851753e+01   8.545427417608e+00
 -5.766226746232e-04   -6.280205688219e-05  -4.278265210333e+01   8.545427417608e+00
 -1.202968139699e-01   -1.748314417404e-02  -2.947285015549e+01   3.534747746808e+00
 -1.936363915639e-04    1.734083156374e-04  -2.796590483232e+01   3.534747746808e+00
 -1.006122675519e-01   -1.355009702338e-02  -2.786844034855e+01   3.534747746808e+00
 -1.003301823693e-01   -4.373025230294e-02  -4.522428425389e+01   8.624373584363e+00
 -4.230649351310e-04   -6.086042289743e-04  -4.528754338452e+01   8.624373584363e+00
 -1.189912628008e-01   -3.843298718682e-02  -4.275503130241e+01   8.624373584363e+00
 -2.210551977661e-01   -1.709301340851e-02  -2.635400716478e+01   1.527560553345e+00
 -1.538125876832e-01   -1.106561562905e-02  -2.631304314273e+01   1.527560553345e+00
 -1.520059498411e-01   -5.650133350881e-03  -2.541487185615e+01   1.527560553345e+00
 -1.328423542686e-01   -2.176811655917e-02  -3.993622811093e+01   9.726038347816e+00
 -4.664430623959e-04   -3.832462693908e-04  -3.990751541776e+01   9.726038347816e+00
 -7.237801824128e-04    4.792168500993e-04  -3.692717214665e+01   9.726038347816e+00
 -1.924574263097e-01   -7.469538212929e-02  -4.470961312924e+01   5.710221627263e+00
 -1.199044885536e-01   -3.834760042972e-02  -4.277654268629e+01   5.710221627263e+00
 -2.245291251607e-01   -6.252491969390e-02  -4.232474512516e+01   5.710221627263e+00
 -1.193365630626e-01   -3.826752054996e-02  -4.278221094201e+01   5.445832343516e+00
 -1.929302971338e-01   -7.481166445116e-02  -4.470471545164e+01   5.445832343516e+00
 -1.001712806956e-01   -4.381713024119e-02  -4.520662338414e+01   5.445832343516e+00
 -2.916238646416e-01   -3.473311217043e-02  -3.946242665994e+01  -9.281201115881e-01
 -1.797850637266e-01   -2.707531353596e-02  -4.159651882199e+01  -9.281201115881e-01
 -2.838007123152e-01   -6.310698124907e-02  -4.179977330583e+01  -9.281201115881e-01
 -1.798790442386e-01   -2.675851533761e-02  -4.159332759140e+01  -1.442547967968e+00
 -2.354778152267e-01   -5.918920427212e-02  -4.339938644575e+01  -1.442547967968e+00
 -2.835063188982e-01   -6.332239652871e-02  -4.180788696567e+01  -1.442547967968e+00
 -2.830650745423e-01   -6.352221845993e-02  -4.180638970173e+01   2.181105921276e+00
 -2.586305620676e-01   -8.492432445403e-02  -4.401770858398e+01   2.181105921276e+00
 -2.249936077480e-01   -6.259355653490e-02  -4.233365233440e+01   2.181105921276e+00
 -2.249524052302e-01   -6.238012448551e-02  -4.231191609728e+01   2.847891365774e+00
 -2.466102962108e-01   -3.618884813378e-02  -3.971498421963e+01   2.847891365774e+00
 -2.832651768754e-01   -6.377538241741e-02  -4.182867801975e+01   2.847891365774e+00
 -2.251925084707e-01   -6.254772114107e-02  -4.234613007666e+01   6.093466224410e+00
 -1.194110366948e-01   -3.824242303917e-02  -4.275485433703e+01   6.093466224410e+00
 -1.321770710336e-01   -2.212639163410e-02  -3.993747676902e+01   6.093466224410e+00
 -1.927666357538e-01   -7.469238210204e-02  -4.467498950529e+01   2.863835629257e+00
 -2.242274135076e-01   -6.261214328049e-02  -4.234942557384e+01   2.863835629257e+00
 -2.593140021712e-01   -8.499106370070e-02  -4.400120621642e+01   2.863835629257e+00
 -1.320516731053e-01   -2.220470346485e-02  -3.990638869316e+01   6.437971904373e+00
 -1.375377906719e-01   -1.319691114608e-03  -3.691984988112e+01   6.437971904373e+00
 -2.476743681356e-01   -3.587505131074e-02  -3.970874239417e+01   6.437971904373e+00
 -1.320055866491e-01   -2.225532284959e-02  -3.990984493679e+01   1.041582031824e+01
 -1.196894500064e-01   -3.793880015412e-02  -4.278622470748e+01   1.041582031824e+01
 -1.385099214779e-03    3.741331577844e-05  -3.994855179594e+01   1.041582031824e+01
 -2.930762565050e-01   -3.456846964734e-02  -3.946763978626e+01   2.648812347871e+00
 -2.470163920971e-01   -3.573078295015e-02  -3.967218671050e+01   2.648812347871e+00
 -2.555940353059e-01   -3.093545361323e-03  -3.693588045582e+01   2.648812347871e+00
 -2.472504765664e-01   -3.607639399367e-02  -3.969867271656e+01   2.074553345685e+00
 -2.927064221267e-01   -3.424213258532e-02  -3.944105558662e+01   2.074553345685e+00
 -2.826584936803e-01   -6.376663334499e-02  -4.184570626628e+01   2.074553345685e+00
 -2.006673350137e-01   -1.145989624805e-02  -3.859174765257e+01  -1.077493152549e+00
 -2.921051053274e-01   -3.400972575880e-02  -3.944895343753e+01  -1.077493152549e+00
 -2.924264877174e-01   -3.037970136715e-03  -3.690553758316e+01  -1.077493152549e+00
 -2.924816937515e-01   -3.448469027003e-02  -3.945070261152e+01  -1.779028608135e+00
 -2.002083031100e-01   -1.102754197775e-02  -3.859018572064e+01  -1.779028608135e+00
 -1.785220722856e-01   -2.722808890807e-02  -4.161521684729e+01  -1.779028608135e+00
 -2.550185945375e-01   -2.746142845431e-03  -3.689678666445e+01   6.638572524558e+00
 -2.470359034999e-01   -3.577707214953e-02  -3.971227105090e+01   6.638572524558e+00
 -1.383286200169e-01   -1.308408377552e-03  -3.691759441773e+01   6.638572524558e+00
 -1.327526012410e-01   -2.220728864464e-02  -3.993219177034e+01   6.393496215344e+00
 -2.469127315316e-01   -3.598857375181e-02  -3.968485962469e+01   6.393496215344e+00
 -2.246751655650e-01   -6.240485290079e-02  -4.235120876711e+01   6.393496215344e+00
 -1.596447243816e-03    4.611969747133e-04  -3.692154367340e+01   1.091379027196e+01
 -1.371471978239e-01   -1.623470755809e-03  -3.688889345679e+01   1.091379027196e+01
 -1.321278111885e-01   -2.169940323834e-02  -3.993743638520e+01   1.091379027196e+01
 -2.003276710455e-01   -1.128262534618e-02  -3.859696786678e+01  -4.491809972978e+00
 -2.007459081654e-01    8.950457332197e-03  -3.517701627144e+01  -4.491809972978e+00
 -2.041213674530e-03    1.659569871978e-04  -3.641592252198e+01  -4.491809972978e+00
 -1.620849625940e-03   -4.589581338774e-04  -3.686379277860e+01   1.085614792772e+01
 -1.311955412567e-01    1.845228844878e-02  -3.388046220127e+01   1.085614792772e+01
 -1.371323891161e-01   -1.147149386711e-03  -3.690638433842e+01   1.085614792772e+01
 -6.949766281908e-02   -2.313506467370e-02  -4.840164905185e+01   8.152132769193e-01
 -1.258301400201e-01   -3.430882114511e-03  -4.844633131486e+01   8.152132769193e-01
 -6.489309422914e-02   -1.783197830085e-03  -4.882472836658e+01   8.152132769193e-01
 -1.258256990081e-01   -2.968665884661e-03  -4.844693498278e+01  -5.868781264431e-01
 -6.819347729304e-02    1.929695187269e-02  -4.842167280096e+01  -5.868781264431e-01
 -6.488269907983e-02   -1.911469362851e-03  -4.882425581920e+01  -5.868781264431e-01
 -8.164585430352e-04    2.732652821570e-04  -3.642896347803e+01  -5.011524093011e+00
 -4.407426078090e-04   -2.893782402494e-04  -4.168068071784e+01  -5.011524093011e+00
 -2.014534740757e-01   -1.144989344327e-02  -3.859232273088e+01  -5.011524093011e+00
 -1.218299771737e-01   -1.751384178660e-02  -2.947608195775e+01   4.064729014403e+00
 -1.014927878041e-03    8.335423413594e-06  -3.120029729463e+01   4.064729014403e+00
  1.929195239574e-04    5.366180678946e-06  -2.931287886227e+01   4.064729014403e+00
 -2.916985196515e-01   -5.801043498960e-04  -2.444369801302e+01   6.236915577926e-01
 -2.478905951239e-01   -4.769990630242e-03  -2.436532182003e+01   6.236915577926e-01
 -3.103732712957e-01   -3.023835653160e-03  -2.212340763481e+01   6.236915577926e-01
 -2.702122295401e-01   -2.615348729089e-02  -3.438840295825e+01  -2.261180931284e+00
 -2.353775358652e-01   -2.895768157895e-02  -3.427167145918e+01  -2.261180931284e+00
 -2.443905075949e-01    1.029284511348e-03  -3.701551663129e+01  -2.261180931284e+00
 -2.696404172620e-01   -2.603884963040e-02  -3.440307070896e+01   2.324730125104e+00
 -1.580239002672e-01   -7.441099545002e-03  -3.521595684922e+01   2.324730125104e+00
 -1.447991241777e-01   -1.757193258822e-02  -3.198803931573e+01   2.324730125104e+00
 -1.259826277749e-01   -1.846192070750e-02  -3.404348617131e+01  -1.032251834858e+01
 -1.270611161887e-03   -7.250354248008e-04  -3.404309866129e+01  -1.032251834858e+01
 -1.350345557824e-01    5.094969455885e-04  -3.706079731834e+01  -1.032251834858e+01
 -1.352186928351e-01    9.701547510480e-04  -3.702381426511e+01  -6.139468247478e+00
 -2.358896493168e-01   -2.913543934575e-02  -3.423730961845e+01  -6.139468247478e+00
 -1.261164098696e-01   -1.876030363519e-02  -3.406511633883e+01  -6.139468247478e+00
 -1.267164926708e-01   -1.878386809005e-02  -3.403948871377e+01  -5.966596616606e+00
 -2.352312335334e-01   -2.922630181400e-02  -3.426003200332e+01  -5.966596616606e+00
 -2.134418581182e-01   -5.284748670552e-02  -3.161509635509e+01  -5.966596616606e+00
 -1.752340639460e-03    6.873616519994e-06  -3.398693810064e+01  -9.788971993195e+00
 -1.256981607346e-01   -1.882525715135e-02  -3.406169717893e+01  -9.788971993195e+00
 -1.139238074794e-01   -3.315903480408e-02  -3.122149034519e+01  -9.788971993195e+00
 -2.699053118798e-01   -2.580980700455e-02  -3.441316351934e+01  -1.612623821058e+00
 -2.642600274564e-01   -5.041367146141e-02  -3.197857361817e+01  -1.612623821058e+00
 -2.355524864064e-01   -2.930987780999e-02  -3.424638319029e+01  -1.612623821058e+00
 -3.773564270061e-04   -5.292580547927e-05  -4.385790539529e+01   3.965885640545e+00
 -1.440316752190e-01    2.031519821931e-02  -4.207594641827e+01   3.965885640545e+00
 -1.130606345637e-01    2.192502436938e-02  -4.424817957502e+01   3.965885640545e+00
 -1.490294374310e-01   -5.631033428997e-02  -2.752964128909e+01  -2.296600768891e+00
 -1.812788474941e-01   -6.325901495142e-02  -2.933790558934e+01  -2.296600768891e+00
 -2.124246182023e-01   -6.675223271175e-02  -2.811806124514e+01  -2.296600768891e+00
 -2.648685295176e-01   -5.038720707572e-02  -3.199598625310e+01  -2.510629212911e+00
 -2.137515610284e-01   -5.277235489918e-02  -3.165441974818e+01  -2.510629212911e+00
 -2.348882210445e-01   -2.945327243530e-02  -3.423021397751e+01  -2.510629212911e+00
 -1.140800572135e-01   -3.349610924988e-02  -3.123170149586e+01  -5.280119583017e+00
 -2.133101536595e-01   -5.293892257916e-02  -3.164126334402e+01  -5.280119583017e+00
 -1.817083489455e-01   -6.321625017950e-02  -2.933521329447e+01  -5.280119583017e+00
 -1.135835628665e-01   -3.340671167822e-02  -3.125234979463e+01  -5.697081047032e+00
 -1.260680415299e-01   -1.872884519655e-02  -3.403371840355e+01  -5.697081047032e+00
 -2.139774577025e-01   -5.296687487395e-02  -3.162058159407e+01  -5.697081047032e+00
 -2.436793883811e-01   -6.766662192344e-02  -2.988980306082e+01  -2.571595708205e+00
 -1.820062680414e-01   -6.319187900469e-02  -2.936901452971e+01  -2.571595708205e+00
 -2.130014502658e-01   -5.303181304596e-02  -3.161747535326e+01  -2.571595708205e+00
 -9.101073308320e-04    1.780330902982e-04  -3.398036425891e+01  -8.597265122472e+00
 -1.146539630813e-01   -3.336168088871e-02  -3.122332450464e+01  -8.597265122472e+00
 -1.160885845697e-04   -2.830156070426e-04  -3.124876718072e+01  -8.597265122472e+00
 -2.647311445574e-01   -5.012188606957e-02  -3.201710180540e+01  -1.808926252975e+00
 -2.430319992497e-01   -6.762371374635e-02  -2.987275199998e+01  -1.808926252975e+00
 -2.137467689706e-01   -5.298806590613e-02  -3.163379976640e+01  -1.808926252975e+00
 -2.686651841749e-01   -2.629641809214e-02  -3.439396014275e+01   1.347557198114e+00
 -1.461730332702e-01   -1.741302388604e-02  -3.200361857150e+01   1.347557198114e+00
 -2.656112905284e-01   -4.971571452100e-02  -3.202209950665e+01   1.347557198114e+00
 -3.558297170469e-04    6.390675622904e-05  -3.946021630587e+01   5.209674088604e+00
 -6.625398775033e-04   -1.842814439387e-04  -3.647692281037e+01   5.209674088604e+00
 -1.569224079890e-01    8.124119500086e-03  -3.886193512384e+01   5.209674088604e+00
 -9.446582574093e-02   -3.764346776405e-02  -2.889410608613e+01  -5.028628185061e+00
 -1.135469084469e-01   -3.342471853264e-02  -3.122542935290e+01  -5.028628185061e+00
 -1.821555640295e-01   -6.332511317691e-02  -2.934053870857e+01  -5.028628185061e+00
 -1.139329163470e-01   -3.379975798447e-02  -3.125275614036e+01  -8.010166770854e+00
  6.203063395401e-05   -3.971789608763e-04  -2.878819528605e+01  -8.010166770854e+00
 -5.113522759042e-04   -3.440091974270e-05  -3.121961226948e+01  -8.010166770854e+00
 -5.500809283428e-04   -7.060217780242e-04  -2.878756263115e+01  -7.951406570669e+00
 -1.132515785248e-01   -3.358926201308e-02  -3.125130186969e+01  -7.951406570669e+00
 -9.452873297736e-02   -3.749947604676e-02  -2.887773101304e+01  -7.951406570669e+00
 -9.106047934539e-02    1.615900807546e-02  -4.545454927167e+01   3.031715676668e+00
  2.092513887282e-05    1.252964947737e-05  -4.558024467110e+01   3.031715676668e+00
 -2.954663188306e-04    2.843806361855e-05  -4.507472455914e+01   3.031715676668e+00
 -7.813467103790e-02   -3.374217104133e-02  -2.700399876264e+01  -5.395322969580e+00
  5.039838588824e-05   -5.098188977413e-05  -2.699252887458e+01  -5.395322969580e+00
 -7.549369161082e-04   -3.954741589538e-04  -2.873869495054e+01  -5.395322969580e+00
 -7.743031494423e-02   -3.333074241200e-02  -2.702081525045e+01  -4.343924163738e+00
  1.896475851848e-04    1.780680271785e-04  -2.573491600706e+01  -4.343924163738e+00
 -3.342033053855e-04   -2.694510230084e-04  -2.697570158933e+01  -4.343924163738e+00
 -1.004404001042e-01   -1.329845912449e-02  -2.786659258265e+01   3.343976716322e+00
 -2.369493010325e-04   -5.657776652087e-05  -2.796028340719e+01   3.343976716322e+00
  7.414259370294e-05    1.441117080178e-04  -2.637720089097e+01   3.343976716322e+00
 -7.765430095779e-02   -3.350595386442e-02  -2.700174522563e+01  -6.703791868817e+00
 -1.317760446811e-03   -6.996977001358e-04  -2.874565775692e+01  -6.703791868817e+00
 -9.409586284700e-02   -3.749661608983e-02  -2.889158363259e+01  -6.703791868817e+00
 -1.774242634026e-01    1.462692927538e-02  -2.639783247247e+01  -2.643006354586e+00
 -1.751498674392e-01    6.712932440356e-03  -2.533366294494e+01  -2.643006354586e+00
 -1.550440408316e-03    7.477589773098e-05  -2.639936373219e+01  -2.643006354586e+00
 -6.461981089653e-02   -1.847287284609e-02  -2.593620582042e+01  -2.406455177448e+00
 -7.718446842304e-02   -3.344332135643e-02  -2.700756734251e+01  -2.406455177448e+00
 -1.250330483083e-01   -3.284341364235e-02  -2.633762948798e+01  -2.406455177448e+00
 -1.492408660883e-01   -5.650012638864e-02  -2.750607328853e+01  -3.879980942602e+00
 -7.727949936182e-02   -3.331078535416e-02  -2.702655960020e+01  -3.879980942602e+00
 -9.439196202863e-02   -3.770409778936e-02  -2.887037988995e+01  -3.879980942602e+00
 -1.761587943104e-04   -5.766039446735e-04  -2.571425057287e+01  -6.113269352128e-01
 -6.100711887855e-02   -2.291973828278e-04  -2.552966217029e+01  -6.113269352128e-01
 -1.099020084135e-04    2.404433748171e-04  -2.538908752616e+01  -6.113269352128e-01
 -4.816141329322e-04   -7.105033786004e-04  -2.572004835373e+01  -1.790814196866e+00
 -6.447316831484e-02   -1.822814496819e-02  -2.593257491597e+01  -1.790814196866e+00
 -6.070086687241e-02   -1.684896382971e-04  -2.552625288794e+01  -1.790814196866e+00
 -1.171703940352e-01    5.097314145133e-04  -2.591891636467e+01  -6.230845389709e-01
 -6.072410706540e-02    2.716624475245e-04  -2.553994437738e+01  -6.230845389709e-01
 -6.442560651659e-02   -1.858715807952e-02  -2.592234072451e+01  -6.230845389709e-01
 -1.820992297829e-04   -3.359597751788e-04  -2.538205238427e+01   8.984364680859e-01
 -6.087655415828e-02    3.762188326374e-04  -2.553785278414e+01   8.984364680859e-01
 -6.546175326693e-02    1.926079186655e-02  -2.582714141933e+01   8.984364680859e-01
 -1.246805579157e-01   -3.280907044255e-02  -2.633285874705e+01  -2.765635280196e+00
 -7.758711540050e-02   -3.351114023804e-02  -2.701411234081e+01  -2.765635280196e+00
 -1.487291684232e-01   -5.624254654075e-02  -2.751914940335e+01  -2.765635280196e+00
 -6.469997315038e-02   -1.862002519248e-02  -2.592831943553e+01  -3.508658276707e+00
 -1.432851707905e-04    3.007988335697e-06  -2.573750560225e+01  -3.508658276707e+00
 -7.698421261778e-02   -3.315410461024e-02  -2.701818904772e+01  -3.508658276707e+00
 -9.490750655037e-02   -3.782629691410e-02  -2.887574635913e+01  -4.288397130834e+00
 -1.815517430645e-01   -6.318969793392e-02  -2.935722781078e+01  -4.288397130834e+00
 -1.488234261970e-01   -5.640654455607e-02  -2.750123390874e+01  -4.288397130834e+00
 -2.019403864779e-01    9.378864150470e-03  -3.518104142719e+01  -5.024085894085e+00
 -4.460854586881e-04    3.066728459429e-04  -3.127308374803e+01  -5.024085894085e+00
 -7.491133887020e-04   -1.999834823956e-04  -3.640095362140e+01  -5.024085894085e+00
 -2.652289262509e-01   -4.989432633458e-02  -3.201607736690e+01   1.870595237783e+00
 -1.463958932442e-01   -1.714336219697e-02  -3.200298613962e+01   1.870595237783e+00
 -2.153474407927e-01   -4.278937468239e-02  -3.019248587022e+01   1.870595237783e+00
 -1.779421277612e-01    1.494686843828e-02  -2.640150004981e+01  -2.727800600593e+00
 -8.996162410274e-04   -3.851597243360e-04  -2.640890974612e+01  -2.727800600593e+00
 -1.331582432810e-01    1.830985505533e-02  -2.804137435235e+01  -2.727800600593e+00
 -1.205382090579e-01   -1.763916618651e-02  -2.947553635370e+01   2.420284031125e+00
 -1.005880501369e-01   -1.348960151862e-02  -2.786799266363e+01   2.420284031125e+00
 -1.949432866337e-01   -3.705904532154e-02  -2.882265996817e+01   2.420284031125e+00
 -1.211729293107e-01   -1.758116991792e-02  -2.947327337056e+01   4.531260451882e+00
 -1.435941267041e-01   -1.721348831002e-02  -3.198171077056e+01   4.531260451882e+00
 -1.793637322722e-03    4.111083821846e-05  -3.120445315571e+01   4.531260451882e+00
 -2.160727351513e-01   -4.280548366931e-02  -3.021035427119e+01   1.066490453856e+00
 -1.945476449894e-01   -3.710825870206e-02  -2.881920600273e+01   1.066490453856e+00
 -2.303520874297e-01   -5.733266846208e-02  -2.857648501627e+01   1.066490453856e+00
 -1.946056679792e-01   -3.714921688556e-02  -2.881644341105e+01   2.557071291161e+00
 -2.159850483128e-01   -4.259232277218e-02  -3.021150049524e+01   2.557071291161e+00
 -1.209876907608e-01   -1.757186327923e-02  -2.948525676982e+01   2.557071291161e+00
 -2.009185646693e-01   -3.539451284117e-02  -2.779335156310e+01   1.283573928683e+00
 -2.303188645333e-01   -5.713698463370e-02  -2.858096169919e+01   1.283573928683e+00
 -1.945438749996e-01   -3.718854156809e-02  -2.881627690238e+01   1.283573928683e+00
 -2.168714738815e-01   -4.280213495830e-02  -3.022312739563e+01   7.017141627510e-01
 -2.296923282808e-01   -5.738534141228e-02  -2.856295895831e+01   7.017141627510e-01
 -2.437077523462e-01   -6.727043316590e-02  -2.990699536452e+01   7.017141627510e-01
 -1.943041376174e-01   -3.704034416821e-02  -2.881796276051e+01   2.335983438236e+00
 -1.013473149275e-01   -1.354740924006e-02  -2.787654658748e+01   2.335983438236e+00
 -2.013363803084e-01   -3.537149389284e-02  -2.779657031301e+01   2.335983438236e+00
 -1.205246897642e-01   -1.760979225027e-02  -2.947843670250e+01   2.459645949780e+00
 -2.164623448213e-01   -4.258485077515e-02  -3.021199714678e+01   2.459645949780e+00
 -1.444207954466e-01   -1.725273152103e-02  -3.197986381648e+01   2.459645949780e+00
 -1.548999403904e-01   -1.134718917088e-02  -2.631858827784e+01   2.739902623059e+00
 -1.003045768197e-01   -1.346744983517e-02  -2.786620644797e+01   2.739902623059e+00
 -2.688446471273e-04    2.923560484232e-04  -2.638304739358e+01   2.739902623059e+00
 -1.445010865426e-01   -5.394776870644e-03  -2.460453590717e+01   2.404263631314e+00
 -1.513727045094e-01   -5.557465287562e-03  -2.540652863667e+01   2.404263631314e+00
 -3.898748356691e-04    1.373702721908e-04  -2.444620360664e+01   2.404263631314e+00
 -2.477278336142e-01   -4.885303065317e-03  -2.437726952073e+01   1.478135144240e+00
 -1.518078221521e-01   -5.739397226920e-03  -2.541482906761e+01   1.478135144240e+00
 -1.445077117830e-01   -5.498963489925e-03  -2.460514020229e+01   1.478135144240e+00
 -1.542377818752e-01   -1.085234787355e-02  -2.632471416746e+01   1.738972877915e+00
 -2.208311241771e-01   -1.747197460690e-02  -2.634055722366e+01   1.738972877915e+00
 -2.005805471207e-01   -3.532478666325e-02  -2.778424799205e+01   1.738972877915e+00
 -2.853068263133e-01    1.345121846158e-03  -7.841395948616e+00   1.842305938347e+00
 -6.909297828364e-03    2.083878936301e-04  -5.843736762147e+00   1.842305938347e+00
 -3.430555141216e-01   -2.159740711777e-03  -5.991453598809e+00   1.842305938347e+00
 -2.321299968571e-01   -4.405346226171e-02  -2.732178036414e+01   1.141942854531e+00
 -2.297991402651e-01   -5.709507444471e-02  -2.857592439342e+01   1.141942854531e+00
 -2.013765428859e-01   -3.552513587181e-02  -2.779997659683e+01   1.141942854531e+00
 -2.631205605903e-01    1.793427685260e-03  -2.449200511981e+01  -1.443486044910e+00
 -1.756792800785e-01    6.748648609167e-03  -2.534937679623e+01  -1.443486044910e+00
 -2.386148320722e-01    1.985950236535e-02  -2.631489434000e+01  -1.443486044910e+00
 -1.539234017850e-01   -1.107581198165e-02  -2.631125204262e+01   2.285471632596e+00
 -2.012530325511e-01   -3.514532447806e-02  -2.779401569205e+01   2.285471632596e+00
 -1.012748662796e-01   -1.377038125625e-02  -2.787009515058e+01   2.285471632596e+00
 -9.010079963124e-05    8.337733414440e-05  -2.444678988098e+01   2.522676245503e+00
 -1.516868996673e-01   -5.530299809813e-03  -2.540497527588e+01   2.522676245503e+00
 -3.747438696121e-04    3.382043503100e-05  -2.525019048501e+01   2.522676245503e+00
 -2.535115373381e-03   -2.241463330369e-04  -2.288633587379e+01   1.946802826584e+00
 -3.140480314803e-01   -3.318310604559e-03  -2.215474232854e+01   1.946802826584e+00
 -1.442503202474e-01   -5.546725981009e-03  -2.461802512166e+01   1.946802826584e+00
 -1.859845467600e-01   -4.237809862783e-02  -2.692802695202e+01  -1.142039429661e+00
 -1.489881072571e-01   -5.627938034889e-02  -2.751641018907e+01  -1.142039429661e+00
 -2.123239474260e-01   -6.665920186178e-02  -2.813101754250e+01  -1.142039429661e+00
 -2.427783559252e-01   -6.741560466638e-02  -2.989087605263e+01  -5.502136870839e-01
 -2.303204651360e-01   -5.734729980434e-02  -2.858134386394e+01  -5.502136870839e-01
 -2.125850378664e-01   -6.668968817195e-02  -2.813368228627e+01  -5.502136870839e-01
 -1.169225391979e-01    6.618287769168e-04  -2.593009727205e+01  -5.659729884624e-01
 -1.245125611244e-01   -3.258500005077e-02  -2.633738094255e+01  -5.659729884624e-01
 -1.750172583196e-01    1.461477889335e-03  -2.644681006796e+01  -5.659729884624e-01
 -1.248897025558e-01   -3.270987870194e-02  -2.635227952701e+01  -1.641179482166e+00
 -1.484548885128e-01   -5.626777263550e-02  -2.750570431904e+01  -1.641179482166e+00
 -1.863830822399e-01   -4.234087028584e-02  -2.693729363274e+01  -1.641179482166e+00
 -1.745713043646e-01    1.410579672466e-03  -2.643825696720e+01  -4.042413256443e-01
 -1.249509694153e-01   -3.260149449592e-02  -2.634569419766e+01  -4.042413256443e-01
 -1.862417500458e-01   -4.227773738411e-02  -2.694440267736e+01  -4.042413256443e-01
 -1.247000424234e-01   -3.255764473905e-02  -2.634545499450e+01  -1.031250121685e+00
 -1.167890109376e-01    5.242118471901e-04  -2.591543185773e+01  -1.031250121685e+00
 -6.479468852606e-02   -1.866206596300e-02  -2.592709635500e+01  -1.031250121685e+00
 -2.116468170821e-01   -6.637967192914e-02  -2.811713886444e+01  -3.856355540845e-01
 -2.325312522670e-01   -4.409024732755e-02  -2.733657612610e+01  -3.856355540845e-01
 -1.869610676361e-01   -4.261128454099e-02  -2.696009158008e+01  -3.856355540845e-01
 -2.118386865356e-01   -6.674102050512e-02  -2.810302680958e+01  -1.687841800233e+00
 -1.819773251450e-01   -6.326223656758e-02  -2.935230391699e+01  -1.687841800233e+00
 -2.435985720944e-01   -6.755247025012e-02  -2.990692998353e+01  -1.687841800233e+00
 -2.317000450409e-01   -4.350209941193e-02  -2.732151558750e+01   1.101358893895e+00
 -2.214699539988e-01   -1.735124628515e-02  -2.634962238978e+01   1.101358893895e+00
 -2.542425820378e-01   -1.328239334017e-02  -2.619265326476e+01   1.101358893895e+00
 -2.125063064273e-01   -6.646798947206e-02  -2.813192969124e+01   7.074146176871e-02
 -2.302626327323e-01   -5.741737708588e-02  -2.857978463920e+01   7.074146176871e-02
 -2.316222904453e-01   -4.388787279018e-02  -2.731412625470e+01   7.074146176871e-02
 -2.297336242498e-01    2.339714212297e-02  -2.676412520020e+01   1.060481728566e-01
 -1.753872536643e-01    1.489219725822e-03  -2.646226673055e+01   1.060481728566e-01
 -2.254663190959e-01   -1.896334936429e-02  -2.677037647545e+01   1.060481728566e-01
 -1.749429763623e-01    1.131974673116e-03  -2.645398647544e+01  -1.804718477423e-01
 -1.860599503349e-01   -4.199405347939e-02  -2.694221212840e+01  -1.804718477423e-01
 -2.257895394376e-01   -1.882261869155e-02  -2.677884856912e+01  -1.804718477423e-01
 -2.547114488646e-01   -1.333533804047e-02  -2.620055330722e+01   1.438190299357e-01
 -2.263113698149e-01   -1.918023535099e-02  -2.678371427836e+01   1.438190299357e-01
 -2.312311562551e-01   -4.373123178709e-02  -2.731548150934e+01   1.438190299357e-01
 -2.551814996194e-01   -1.378619147260e-02  -2.619772448960e+01   4.315668423202e-01
 -2.668467716583e-01    2.800600573229e-03  -2.614290101386e+01   4.315668423202e-01
 -2.260626738540e-01   -1.854307401750e-02  -2.678561838444e+01   4.315668423202e-01
 -2.876594825450e-01   -2.318804895060e-03  -2.538378163397e+01   3.111864178310e-01
 -2.670060944154e-01    2.388085554167e-03  -2.614391603209e+01   3.111864178310e-01
 -2.547538797106e-01   -1.334876276018e-02  -2.618964949622e+01   3.111864178310e-01
 -2.252252430450e-01   -1.872221844828e-02  -2.676116427621e+01   2.754872028116e-01
 -1.869886264907e-01   -4.223092438938e-02  -2.695985345101e+01   2.754872028116e-01
 -2.324611514293e-01   -4.435114973898e-02  -2.733392093937e+01   2.754872028116e-01
 -2.008384011234e-01   -3.571911174480e-02  -2.778478608917e+01   9.848061884337e-01
 -2.207450693496e-01   -1.726426743188e-02  -2.633707735713e+01   9.848061884337e-01
 -2.326227731994e-01   -4.380083753351e-02  -2.733060858376e+01   9.848061884337e-01
 -1.169050453629e-01    7.879248215769e-04  -2.592935165324e+01   7.252140845440e-01
 -1.750370928431e-01    1.488295241108e-03  -2.644774289689e+01   7.252140845440e-01
 -1.268707366427e-01    3.450202173889e-02  -2.629579779821e+01   7.252140845440e-01
 -3.144533065315e-01   -6.760063261453e-04  -9.340556749063e+00  -1.612113582527e+00
 -9.003145046411e-03   -3.687666587773e-04  -9.502477411425e+00  -1.612113582527e+00
 -3.161016873533e-01   -8.204025445065e-04  -1.180739541623e+01  -1.612113582527e+00
 -2.165129410538e-01   -4.277583212880e-02  -3.021857996404e+01   1.227160280941e-01
 -2.440206731233e-01   -6.733030538373e-02  -2.991306255561e+01   1.227160280941e-01
 -2.637090794166e-01   -5.010514653738e-02  -3.199746034531e+01   1.227160280941e-01
 -2.262852815050e-01   -2.201122325609e-03   3.200168812502e-03  -2.204065157275e+00
 -3.012432979939e-04    2.965176043358e-05  -5.629906520958e-03  -2.204065157275e+00
 -1.146867095214e-03   -5.251666154105e-05  -1.581337912577e+00  -2.204065157275e+00
 -6.079045918702e-02    1.623681329116e-04  -2.554207528897e+01   7.387168486357e-01
 -1.171522869710e-01    8.988886818711e-04  -2.591964196443e+01   7.387168486357e-01
 -6.552069847433e-02    1.970452273412e-02  -2.582650099922e+01   7.387168486357e-01
 -9.960181550199e-02    3.973080395137e-02  -2.872919743789e+01   7.468419110416e+00
 -7.574629469223e-04    7.013209838557e-05  -3.106153509898e+01   7.468419110416e+00
 -6.192958612334e-05    2.144141816056e-04  -2.874440294099e+01   7.468419110416e+00
 -1.452273666747e-01   -5.676422479170e-03  -2.461622722663e+01   1.462715111858e+00
 -3.119013997061e-01   -3.180820419389e-03  -2.214172026704e+01   1.462715111858e+00
 -2.470909577353e-01   -4.831446952647e-03  -2.436063131661e+01   1.462715111858e+00
 -6.912818025428e-04   -2.105482988219e-04  -3.385065103386e+01   8.793001981188e+00
 -3.472158744909e-04    3.735088155816e-04  -3.110840925850e+01   8.793001981188e+00
 -1.179892257202e-01    3.338991474521e-02  -3.110396981159e+01   8.793001981188e+00
  1.176869736666e-04    1.115158505982e-04  -2.796219416302e+01   4.017978719290e+00
 -1.207358826516e-01   -1.741408150710e-02  -2.947486455339e+01   4.017978719290e+00
 -3.021149362531e-04   -4.071724677682e-05  -2.931407836648e+01   4.017978719290e+00
 -9.904679867708e-02    3.949514033861e-02  -2.872681531939e+01   8.926977929855e+00
 -1.170482058692e-01    3.356922377849e-02  -3.113015147344e+01   8.926977929855e+00
 -1.322088465908e-03    2.979353044131e-04  -3.106958493049e+01   8.926977929855e+00
 -1.332935775284e-03   -5.890413527491e-05  -3.385832773538e+01   1.020498174757e+01
 -1.174041597422e-01    3.323765095312e-02  -3.110126030280e+01   1.020498174757e+01
 -1.310707625753e-01    1.899106443649e-02  -3.390847925849e+01   1.020498174757e+01
 -4.887586166529e-04    1.838634860080e-04  -2.872019693453e+01   6.608000491584e+00
  2.293206942752e-04    1.204684316905e-04  -2.684735351523e+01   6.608000491584e+00
 -9.876561972004e-02    3.975868723073e-02  -2.875399003643e+01   6.608000491584e+00
 -3.088520078985e-01    6.842246226785e-03  -1.667201836659e+01   3.387492849709e-01
 -2.672694777975e-01    6.710201172610e-03  -1.682466524186e+01   3.387492849709e-01
 -2.414220044042e-01    4.168885391649e-03  -1.489400687558e+01   3.387492849709e-01
 -6.590668347655e-02    1.992860376859e-02  -2.582253219027e+01   4.574656593334e+00
 -7.881552240785e-02    3.313787700319e-02  -2.699866120111e+01   4.574656593334e+00
 -9.397807162161e-04    8.153488524091e-04  -2.681969840725e+01   4.574656593334e+00
 -2.103227545835e-04    2.704965913562e-04  -2.579483338463e+01   1.988846695291e+00
  8.145184384974e-05   -3.982478496045e-04  -2.537648126315e+01   1.988846695291e+00
 -6.583269452650e-02    1.935734986246e-02  -2.583062490796e+01   1.988846695291e+00
 -9.855683561524e-02    3.961562271187e-02  -2.873418273597e+01   4.102283728324e+00
 -7.908187689220e-02    3.335610968274e-02  -2.700176431974e+01   4.102283728324e+00
 -1.539871906769e-01    5.855418663126e-02  -2.746395474939e+01   4.102283728324e+00
 -9.820175190845e-02    3.953850224063e-02  -2.875212950757e+01   6.154559919088e+00
 -2.346396011552e-04    3.971118996974e-04  -2.684855571031e+01   6.154559919088e+00
 -7.922113343492e-02    3.336507186710e-02  -2.698981643085e+01   6.154559919088e+00
 -1.270485525755e-01    3.476240614557e-02  -2.628942693996e+01   3.008460415083e+00
 -1.534851224682e-01    5.832324742881e-02  -2.747606368151e+01   3.008460415083e+00
 -7.940954740570e-02    3.356591128321e-02  -2.698769156446e+01   3.008460415083e+00
 -1.172794015406e-01    3.358827425636e-02  -3.110581891378e+01   5.238060115132e+00
 -9.864394834469e-02    3.954411786888e-02  -2.875636130055e+01   5.238060115132e+00
 -1.895294877291e-01    6.594552673980e-02  -2.925912712890e+01   5.238060115132e+00
 -7.898164537665e-02    3.345588323018e-02  -2.698287455423e+01   2.542708395777e+00
 -6.566327263640e-02    1.956111607458e-02  -2.584143779371e+01   2.542708395777e+00
 -1.274126053925e-01    3.481940298483e-02  -2.629367564883e+01   2.542708395777e+00
 -5.223877239093e-04    5.653431629506e-04  -2.681346724346e+01   3.201192514813e+00
  3.681773309965e-05   -1.125925850485e-04  -2.580214112445e+01   3.201192514813e+00
 -6.628641916539e-02    2.008627665836e-02  -2.582442399443e+01   3.201192514813e+00
 -1.583938603518e-01    2.351151595966e-02  -2.968223646390e+01  -4.321271041929e+00
 -2.195651588173e-03   -7.412271952215e-05  -3.128182726000e+01  -4.321271041929e+00
 -1.828709569122e-01    2.168447929547e-02  -3.209651527151e+01  -4.321271041929e+00
 -1.889026845987e-01    6.580021660933e-02  -2.927568945381e+01   4.468196226413e+00
 -9.905807527005e-02    3.970031695568e-02  -2.874041737458e+01   4.468196226413e+00
 -1.535697526394e-01    5.847680646223e-02  -2.745897828947e+01   4.468196226413e+00
 -2.462585748220e-01    2.984604614687e-02  -3.410725203942e+01   6.591293133875e+00
 -2.550160860349e-01   -2.490041010681e-03  -3.690677443045e+01   6.591293133875e+00
 -1.383183146612e-01   -1.477937720533e-03  -3.687796329720e+01   6.591293133875e+00
 -2.461461185787e-01    3.004434836582e-02  -3.413454240770e+01   6.288661550002e+00
 -1.317675465238e-01    1.891612220218e-02  -3.388707295592e+01   6.288661550002e+00
 -2.227909404220e-01    5.480540898317e-02  -3.152066736104e+01   6.288661550002e+00
 -2.563690352459e-01   -2.314053067745e-03  -3.687941017557e+01   1.924752091690e+00
 -2.932602689702e-01    2.817573623663e-02  -3.430993480413e+01   1.924752091690e+00
 -2.923444173868e-01   -2.859159502339e-03  -3.690798092860e+01   1.924752091690e+00
 -2.014126224211e-01    9.059662493806e-03  -3.518339146446e+01  -1.101229638257e+00
 -2.923904747210e-01   -2.346143666846e-03  -3.689177242262e+01  -1.101229638257e+00
 -2.930827161087e-01    2.754998641079e-02  -3.434246360464e+01  -1.101229638257e+00
 -2.930488606002e-01   -2.696709923771e-03  -3.689872614075e+01  -1.821863859153e+00
 -2.007328334283e-01    9.383719290320e-03  -3.517558174005e+01  -1.821863859153e+00
 -2.000797885090e-01   -1.179625785736e-02  -3.859979890727e+01  -1.821863859153e+00
 -2.564051417388e-01   -2.956804532665e-03  -3.692444664721e+01   1.961188127564e+00
 -2.923282507957e-01   -2.535116619022e-03  -3.688714844073e+01   1.961188127564e+00
 -2.923604629320e-01   -3.462925114809e-02  -3.948218969142e+01   1.961188127564e+00
 -2.939948143811e-01    2.807087777475e-02  -3.432436815221e+01   2.657840203418e+00
 -2.555387094231e-01   -2.135620030527e-03  -3.686812384271e+01   2.657840203418e+00
 -2.462803335385e-01    2.977212772274e-02  -3.414744815637e+01   2.657840203418e+00
 -1.375278865876e-01   -1.439651649906e-03  -3.687532527761e+01   6.411512257580e+00
 -1.310960166104e-01    1.893218544934e-02  -3.391203491776e+01   6.411512257580e+00
 -2.468903379973e-01    2.991851029093e-02  -3.411114802892e+01   6.411512257580e+00
 -2.844461843421e-01    5.417550244282e-02  -3.199585281383e+01   2.138660990449e+00
 -2.230937952128e-01    5.497293762614e-02  -3.153865536720e+01   2.138660990449e+00
 -2.579384366192e-01    7.245200027096e-02  -2.986168640755e+01   2.138660990449e+00
 -2.233047102744e-01    5.493178694282e-02  -3.152604314603e+01   6.006940041860e+00
 -1.311916585567e-01    1.885247987802e-02  -3.388151102082e+01   6.006940041860e+00
 -1.172372282640e-01    3.356871067126e-02  -3.113207769430e+01   6.006940041860e+00
 -2.925061341115e-01    2.824713870921e-02  -3.433119308991e+01  -9.288105645653e-01
 -2.852675396746e-01    5.377594141167e-02  -3.200067776021e+01  -9.288105645653e-01
 -1.854862419293e-01    2.200316772606e-02  -3.211371807307e+01  -9.288105645653e-01
 -2.936729378000e-01    2.774177537993e-02  -3.435008361708e+01   2.007916751759e+00
 -2.464695904999e-01    3.011478747731e-02  -3.412185036097e+01   2.007916751759e+00
 -2.840004034231e-01    5.446523595301e-02  -3.195745592764e+01   2.007916751759e+00
 -1.893360349142e-01    6.578184943279e-02  -2.928868816594e+01   2.847270951704e+00
 -2.585851562267e-01    7.248936716954e-02  -2.987860995201e+01   2.847270951704e+00
 -2.223463715872e-01    5.501715987326e-02  -3.152240723706e+01   2.847270951704e+00
 -2.934121457018e-01    2.797639161200e-02  -3.434102675014e+01  -1.827640607558e+00
 -1.841767480827e-01    2.217521853118e-02  -3.209786505496e+01  -1.827640607558e+00
 -2.010082277543e-01    8.701546868994e-03  -3.518453691215e+01  -1.827640607558e+00
 -2.849385107958e-01    5.396635151166e-02  -3.199430871300e+01  -1.466440410736e+00
 -2.421007288219e-01    4.897269454155e-02  -3.028259764644e+01  -1.466440410736e+00
 -1.856297023067e-01    2.171096817671e-02  -3.211423349194e+01  -1.466440410736e+00
 -2.846027983750e-01    5.443696229263e-02  -3.197471590440e+01   2.848473209298e+00
 -2.458185110701e-01    3.025936223753e-02  -3.410552331314e+01   2.848473209298e+00
 -2.230825638736e-01    5.475530042072e-02  -3.155931108034e+01   2.848473209298e+00
 -1.178115623491e-01    3.368034222020e-02  -3.111128032296e+01   5.603433779284e+00
 -1.890888953017e-01    6.583503807291e-02  -2.925400430082e+01   5.603433779284e+00
 -2.226150179779e-01    5.490641710602e-02  -3.154655451006e+01   5.603433779284e+00
 -1.336704930524e-01    1.839746498599e-02  -2.804529874046e+01  -3.535692797602e+00
 -5.088971013904e-04   -1.657280749993e-04  -2.804379053866e+01  -3.535692797602e+00
 -1.580692044986e-01    2.344167466182e-02  -2.968547690096e+01  -3.535692797602e+00
 -2.223061364413e-01    7.112951695946e-02  -2.810794810074e+01   2.519858211983e+00
 -1.886290285627e-01    6.584921764806e-02  -2.925816871498e+01   2.519858211983e+00
 -1.537888228527e-01    5.841940394907e-02  -2.748502267967e+01   2.519858211983e+00
 -7.526379317753e-04   -4.641604875239e-04  -3.685793071247e+01   9.629641520650e+00
 -4.289746223101e-04    3.576918424181e-04  -3.389968861571e+01   9.629641520650e+00
 -1.319053245447e-01    1.850524091766e-02  -3.388187408406e+01   9.629641520650e+00
 -1.745866470387e-01    1.532311307481e-03  -2.643887367071e+01   6.007152408492e-01
 -1.910535774828e-01    4.582883790900e-02  -2.692649092625e+01   6.007152408492e-01
 -1.273117865619e-01    3.452261203235e-02  -2.630463533888e+01   6.007152408492e-01
 -6.587680684771e-02    1.975776218237e-02  -2.583311505105e+01   1.178849040223e+00
 -1.167784349216e-01    8.984027016726e-04  -2.591559794239e+01   1.178849040223e+00
 -1.270376887416e-01    3.449605175238e-02  -2.630269680907e+01   1.178849040223e+00
 -2.217183520224e-01    7.111958056658e-02  -2.809304547004e+01   1.948490193217e+00
 -2.584812021382e-01    7.237239066363e-02  -2.989538166578e+01   1.948490193217e+00
 -1.893230105652e-01    6.585010951202e-02  -2.927264767063e+01   1.948490193217e+00
 -1.537684285379e-01    5.839681194846e-02  -2.747210302831e+01   1.374095446425e+00
 -1.908177415491e-01    4.593428219222e-02  -2.691051542940e+01   1.374095446425e+00
 -2.221940624028e-01    7.103486302338e-02  -2.812027682419e+01   1.374095446425e+00
 -2.460139822702e-01    4.947204379543e-02  -2.736358014127e+01   5.759220641169e-01
 -2.215462935546e-01    7.076728149198e-02  -2.810721782784e+01   5.759220641169e-01
 -1.917636870307e-01    4.616734400606e-02  -2.694189824916e+01   5.759220641169e-01
 -2.224528239706e-01    7.107190951435e-02  -2.812276896461e+01   7.909801585880e-01
 -2.483438229253e-01    6.354213091395e-02  -2.863283806563e+01   7.909801585880e-01
 -2.576772957709e-01    7.223831496387e-02  -2.988001676051e+01   7.909801585880e-01
 -2.459217731326e-01    4.970050729828e-02  -2.735960080139e+01  -6.262892579570e-02
 -1.918135096541e-01    4.580483055066e-02  -2.694257430220e+01  -6.262892579570e-02
 -2.295113090304e-01    2.317129622573e-02  -2.675478936217e+01  -6.262892579570e-02
 -1.532334997307e-01    5.837295690470e-02  -2.746179676640e+01   1.821594774118e+00
 -1.272286364502e-01    3.463085229689e-02  -2.631055924141e+01   1.821594774118e+00
 -1.912182184404e-01    4.590370876516e-02  -2.691977343126e+01   1.821594774118e+00
 -1.771970571544e-01    1.475393491980e-02  -2.639484522175e+01  -1.460491841567e+00
 -2.392558916454e-01    2.013787653079e-02  -2.632185697805e+01  -1.460491841567e+00
 -1.750840079301e-01    6.587691670183e-03  -2.534091150170e+01  -1.460491841567e+00
 -3.165115402890e-01   -2.897731546530e-03  -2.215670165861e+01   1.912046537355e+00
 -1.742194156909e-03   -4.455714256685e-04  -2.285799017549e+01   1.912046537355e+00
 -3.018699903075e-03    3.526074482774e-04  -2.035955406577e+01   1.912046537355e+00
 -2.451963072703e-01    4.884247738505e-02  -2.734833485442e+01  -9.810652846704e-01
 -2.650840567303e-01    1.611069276106e-02  -2.625083288131e+01  -9.810652846704e-01
 -2.395467434534e-01    2.032147955078e-02  -2.632932336222e+01  -9.810652846704e-01
 -2.447141480546e-01    4.901784141579e-02  -2.734052783572e+01   1.860614011446e-02
 -2.305591199773e-01    2.369486813200e-02  -2.677633595215e+01   1.860614011446e-02
 -2.654828287796e-01    1.626583269546e-02  -2.625868282389e+01   1.860614011446e-02
 -2.658688550121e-01    1.602588770421e-02  -2.626275820644e+01   6.706707417220e-03
 -2.668023043526e-01    2.525496126131e-03  -2.614419960026e+01   6.706707417220e-03
 -2.879915876423e-01   -2.488602274253e-03  -2.538377120171e+01   6.706707417220e-03
 -2.482735555690e-01    6.360319477908e-02  -2.863098301454e+01   1.527445587831e-01
 -2.223988835940e-01    7.086638119591e-02  -2.812154221187e+01   1.527445587831e-01
 -2.451177275240e-01    4.926559301239e-02  -2.734207060436e+01   1.527445587831e-01
 -2.638147940183e-01    2.067462478177e-03  -2.449925326085e+01  -4.193909757217e-01
 -2.658164316519e-01    1.588056074474e-02  -2.626780138771e+01  -4.193909757217e-01
 -2.883560231769e-01   -2.349330318058e-03  -2.538259571767e+01  -4.193909757217e-01
 -2.659397509286e-01    1.675844462582e-02  -2.625890391200e+01  -2.098327978477e-01
 -2.303491485142e-01    2.302423509730e-02  -2.677681306549e+01  -2.098327978477e-01
 -2.668285415574e-01    1.976459190665e-03  -2.614526211321e+01  -2.098327978477e-01
 -1.908985744960e-01    4.554203932910e-02  -2.692491173210e+01   3.519933424892e-01
 -1.749256321245e-01    1.823633888753e-03  -2.645376710111e+01   3.519933424892e-01
 -2.300682855962e-01    2.327919687103e-02  -2.677287477362e+01   3.519933424892e-01
 -2.240847718261e-01    4.214723167429e-02  -2.789199629855e+01  -8.241702638950e-01
 -2.461586371904e-01    4.914424667048e-02  -2.735873519079e+01  -8.241702638950e-01
 -2.388120964603e-01    2.031492642642e-02  -2.631777112534e+01  -8.241702638950e-01
 -2.483534471983e-01    6.334928485341e-02  -2.863258897138e+01  -1.038094764210e+00
 -2.242244027671e-01    4.179552541157e-02  -2.790030008050e+01  -1.038094764210e+00
 -2.212243968702e-01    4.379395804552e-02  -2.894251949247e+01  -1.038094764210e+00
 -2.478367467991e-01    6.329867368242e-02  -2.862769017184e+01  -9.473594749329e-01
 -2.456125639141e-01    4.940501515119e-02  -2.734919437683e+01  -9.473594749329e-01
 -2.246695599478e-01    4.193815915199e-02  -2.790672027864e+01  -9.473594749329e-01
 -2.427255876946e-01    4.879285924312e-02  -3.030052325606e+01  -2.241358602377e+00
 -2.212825470283e-01    4.376408207374e-02  -2.894309079069e+01  -2.241358602377e+00
 -1.582908972589e-01    2.353677420927e-02  -2.969302349674e+01  -2.241358602377e+00
 -2.212525589881e-01    4.372371001341e-02  -2.894572891732e+01  -8.044099778856e-01
 -2.427790303082e-01    4.899767450747e-02  -3.029958145301e+01  -8.044099778856e-01
 -2.483474271013e-01    6.353614698388e-02  -2.862786039491e+01  -8.044099778856e-01
 -1.336403462055e-01    1.838440484477e-02  -2.804584978194e+01  -2.180014630569e+00
 -1.579954668847e-01    2.361053093212e-02  -2.968471080702e+01  -2.180014630569e+00
 -2.215848734880e-01    4.367574561092e-02  -2.894953749120e+01  -2.180014630569e+00
 -2.432242308814e-01    4.878421865977e-02  -3.030110214879e+01  -2.104845439117e+00
 -1.577294306859e-01    2.357313415809e-02  -2.968661078040e+01  -2.104845439117e+00
 -1.836439460060e-01    2.178611674902e-02  -3.209295203328e+01  -2.104845439117e+00
 -2.210203962798e-01    4.365266003375e-02  -2.894504756919e+01  -2.160451307177e+00
 -2.246390228802e-01    4.176541330014e-02  -2.790307248166e+01  -2.160451307177e+00
 -1.342793753747e-01    1.844610206722e-02  -2.805352058620e+01  -2.160451307177e+00
 -2.476992282495e-01    6.358744298778e-02  -2.861481704822e+01  -4.032197701786e-01
 -2.435659609628e-01    4.899360096693e-02  -3.031179619528e+01  -4.032197701786e-01
 -2.586123733314e-01    7.209776105161e-02  -2.989574739213e+01  -4.032197701786e-01
 -1.776166925758e-01    1.449223023888e-02  -2.640361020986e+01  -1.667674482596e+00
 -2.238703416797e-01    4.172795583529e-02  -2.789362704573e+01  -1.667674482596e+00
 -2.388956272071e-01    2.056547985286e-02  -2.631792089846e+01  -1.667674482596e+00
 -1.674198213483e-01    2.421188747400e-03  -2.444039244672e+01  -2.443191269496e+00
 -7.024659513570e-04   -1.232408392444e-04  -2.434112171867e+01  -2.443191269496e+00
 -1.751391488299e-01    6.573418474684e-03  -2.534676846256e+01  -2.443191269496e+00
 -1.673482819585e-01    2.416238205150e-03  -2.443053198393e+01  -1.362474508588e+00
 -2.633000450647e-01    1.972873396403e-03  -2.448565726976e+01  -1.362474508588e+00
 -2.312197350682e-01    3.057304704339e-03  -2.294575812798e+01  -1.362474508588e+00
 -6.948260099856e-04    1.279726704995e-04  -2.639012568967e+01  -2.508179705984e+00
 -1.758582184254e-01    6.677445528456e-03  -2.534125427185e+01  -2.508179705984e+00
 -1.453307628485e-04   -1.262568073276e-04  -2.433703945047e+01  -2.508179705984e+00
 -2.249305021037e-01   -2.145708021771e-03  -1.653215490920e-03  -7.454394231668e-01
 -2.669360313632e-01   -2.543213150275e-03  -1.724708212942e+00  -7.454394231668e-01
 -3.019805617663e-01   -6.947577371127e-04  -1.839291384516e-02  -7.454394231668e-01
  3.020808756928e-04    3.583513577043e-04  -4.535067706010e+01  -2.979705935909e+00
 -1.191273472282e-01   -2.057794862339e-02  -4.495163105025e+01  -2.979705935909e+00
 -4.766978147721e-04   -2.005325306563e-04  -4.477452620939e+01  -2.979705935909e+00
 -2.655596470375e-01    3.488819205771e-03  -2.044165769020e+01   2.027522717712e+00
 -3.141255150590e-01   -2.645975562573e-03  -2.215079872792e+01   2.027522717712e+00
 -4.521747971565e-03    4.063416900437e-04  -2.035971786109e+01   2.027522717712e+00
 -1.770915980823e-01    1.468621642973e-02  -2.639160068252e+01  -2.124793601618e+00
 -1.340403831208e-01    1.865342514389e-02  -2.804576473406e+01  -2.124793601618e+00
 -2.246783757267e-01    4.155147754769e-02  -2.790184388963e+01  -2.124793601618e+00
 -3.130024472067e-01   -5.421499661655e-04  -9.336450701542e+00  -4.021114874241e-02
 -2.879693170785e-01    1.341894257940e-03  -7.826016090847e+00  -4.021114874241e-02
 -2.756985395542e-01   -1.450204969986e-03  -7.518406224464e+00  -4.021114874241e-02
  2.019968830409e-04   -7.298441572747e-05  -2.802834621687e+01  -3.966853962797e+00
 -1.099909800797e-03    2.244239444370e-05  -3.126278580433e+01  -3.966853962797e+00
 -1.591098294373e-01    2.338064484527e-02  -2.969001870527e+01  -3.966853962797e+00
 -2.984949489682e-01    1.465688057603e-03  -2.074231216153e+01  -2.121378358668e+00
 -5.112488729510e-03    4.061933848985e-04  -2.272405271063e+01  -2.121378358668e+00
 -2.291974909929e-01    3.139960769840e-03  -2.293113926308e+01  -2.121378358668e+00
 -2.588942482279e-01    7.215791034132e-02  -2.990147777400e+01   1.939606867850e-01
 -2.432478856092e-01    4.896377066528e-02  -3.030760223814e+01   1.939606867850e-01
 -2.834494590825e-01    5.416858244229e-02  -3.197642583493e+01   1.939606867850e-01
 -2.670900842693e-01    2.382085451252e-03  -2.615515336314e+01   9.110885775855e-02
 -2.298487710603e-01    2.262830024441e-02  -2.676991973554e+01   9.110885775855e-02
 -2.255386892924e-01   -1.819619579414e-02  -2.677618584267e+01   9.110885775855e-02
 -1.274515651050e-03    3.310042371855e-04  -3.127972732312e+01  -4.163158618083e+00
 -2.011487095664e-01    9.375116428028e-03  -3.517739157212e+01  -4.163158618083e+00
 -1.835079007196e-01    2.147891378235e-02  -3.209887217981e+01  -4.163158618083e+00
 -3.108992326963e-01   -2.889633923385e-03  -2.211119093889e+01  -5.499858273231e-01
 -2.346190911479e-01    3.059150901038e-03  -2.293993137431e+01  -5.499858273231e-01
 -2.919205870430e-01   -6.790854367080e-04  -2.446170053922e+01  -5.499858273231e-01
 -2.693471824330e-01   -2.563156860907e-02  -3.440428454528e+01   1.647545085882e+00
 -2.671156551084e-01    1.133946309211e-03  -3.704103854262e+01   1.647545085882e+00
 -1.584087739275e-01   -7.778177997099e-03  -3.521620284986e+01   1.647545085882e+00
 -2.759744647329e-03   -1.215953409622e-04  -1.578439621221e+00  -2.024840124579e+00
 -2.676563476061e-01   -2.526800592466e-03  -1.712821665208e+00  -2.024840124579e+00
 -2.248185060672e-01   -2.178790660886e-03   7.237755714555e-03  -2.024840124579e+00
 -2.911795270251e-01   -7.114451069899e-04  -2.445410507566e+01  -3.798792981887e-01
 -2.638955249751e-01    2.143929241404e-03  -2.449613335046e+01  -3.798792981887e-01
 -2.881250573617e-01   -2.306226878675e-03  -2.538124005297e+01  -3.798792981887e-01
 -3.474612656767e-01   -2.686240040419e-03  -5.989593502273e+00  -1.545610339658e+00
 -2.860427290236e-01   -4.436217569359e-03  -3.566313145942e+00  -1.545610339658e+00
 -1.101450381452e-02    2.140387129503e-04  -5.526909201462e+00  -1.545610339658e+00
 -2.927801615836e-01   -6.588157557032e-04  -2.446441768612e+01  -4.393502546530e-01
 -2.332883411776e-01    3.035971507013e-03  -2.294443114233e+01  -4.393502546530e-01
 -2.622419745260e-01    2.019442467393e-03  -2.449579977165e+01  -4.393502546530e-01
 -2.313275177239e-01    2.973831840713e-03  -2.290644328231e+01  -4.635886516206e-01
 -3.130491986474e-01   -2.583951851013e-03  -2.210626216718e+01  -4.635886516206e-01
 -2.962915143635e-01    1.503643383036e-03  -2.072890892778e+01  -4.635886516206e-01
 -2.878187559212e-01   -2.379119774874e-03  -2.538098145990e+01   8.679607458608e-01
 -2.546626476516e-01   -1.333861914114e-02  -2.619012278883e+01   8.679607458608e-01
 -2.206506820382e-01   -1.717036113736e-02  -2.634981403901e+01   8.679607458608e-01
 -2.480591817617e-01   -4.732351341997e-03  -2.437440167889e+01   6.294988009287e-01
 -2.915517023682e-01   -5.943336403847e-04  -2.445417269712e+01   6.294988009287e-01
 -2.875599180714e-01   -2.505183206638e-03  -2.538860656470e+01   6.294988009287e-01
 -2.203575840357e-01   -1.692810242951e-02  -2.635392961105e+01   1.358425317362e+00
 -1.531527823658e-01   -5.892963082749e-03  -2.542236898653e+01   1.358425317362e+00
 -2.884631219307e-01   -2.650256267375e-03  -2.538279455284e+01   1.358425317362e+00
 -2.793043782909e-04    1.855926720073e-04  -2.523918932418e+01   2.581725406931e+00
 -1.550328264319e-01   -1.094709338037e-02  -2.631723483549e+01   2.581725406931e+00
 -3.539267912194e-04   -6.246915759281e-05  -2.637855089359e+01   2.581725406931e+00
 -1.542860057286e-01   -1.091313063408e-02  -2.631445962267e+01   2.594897174146e+00
 -8.112016576191e-04    2.284259587789e-04  -2.524425151418e+01   2.594897174146e+00
 -1.514219495517e-01   -5.677914474882e-03  -2.540999936666e+01   2.594897174146e+00
 -2.631725418732e-01    1.765022445606e-03  -2.449511614496e+01  -7.175192807829e-01
 -2.384862110585e-01    1.994105836528e-02  -2.631320106919e+01  -7.175192807829e-01
 -2.661284738960e-01    1.613706884738e-02  -2.626864665427e+01  -7.175192807829e-01
 -1.672362391998e-01    2.389290697690e-03  -2.443696224189e+01  -1.441720283470e+00
 -1.751124018544e-01    6.678815783961e-03  -2.535345088841e+01  -1.441720283470e+00
 -2.637082627540e-01    1.971126819445e-03  -2.449138607821e+01  -1.441720283470e+00
 -2.668962111407e-01   -2.228190209849e-03  -1.731715949538e+00  -2.354259459892e-01
 -2.874395459102e-01   -4.677649978376e-03  -3.670521553246e+00  -2.354259459892e-01
 -3.026993755437e-01   -3.872800908390e-03  -2.272955238712e+00  -2.354259459892e-01
 -4.294135048895e-03   -2.112669733424e-04  -1.826972262499e+01  -2.005695041254e+00
 -3.068285215721e-01    5.551723810316e-03  -1.658109890380e+01  -2.005695041254e+00
 -1.880288491574e-04   -1.767217830865e-04  -1.624369580551e+01  -2.005695041254e+00
 -8.190084851293e-03    1.359613852066e-04  -1.847482036546e+01   1.625485266965e+00
 -3.473080534358e-01    3.848290100603e-03  -1.858457137343e+01   1.625485266965e+00
 -2.661142788014e-01    3.286159440459e-03  -2.050909808971e+01   1.625485266965e+00
 -3.445363948765e-01    3.916565399796e-03  -1.859197227880e+01  -1.604403826097e+00
 -8.682588352208e-03   -1.690680488313e-04  -1.839840576237e+01  -1.604403826097e+00
 -2.976950786907e-01    1.250050290745e-03  -2.083654809767e+01  -1.604403826097e+00
 -2.737353749775e-01   -8.766085604060e-05  -1.063284474989e+01   4.210156414866e-01
 -3.185334543355e-01   -9.755346707912e-04  -1.172508754247e+01   4.210156414866e-01
 -2.729375703221e-01   -3.189471230524e-03  -1.285317402172e+01   4.210156414866e-01
 -2.758197015651e-01   -1.528339535630e-03  -7.522922284829e+00  -2.004816027680e+00
  1.082077098808e-04    3.290130612262e-05  -7.504389230641e+00  -2.004816027680e+00
 -3.259688974168e-03   -1.342295901452e-04  -9.407850741784e+00  -2.004816027680e+00
 -2.431372566659e-01    4.186597604773e-03  -1.486516927608e+01   5.473459871280e-01
 -3.180321689854e-01    4.209919283049e-03  -1.415134201504e+01   5.473459871280e-01
 -3.068113216516e-01    6.777908303959e-03  -1.667992109241e+01   5.473459871280e-01
 -3.158585690446e-01   -7.965376413461e-04  -1.160703637789e+01  -1.559145757634e+00
 -1.016546484535e-02    4.960915703644e-04  -1.411236862557e+01  -1.559145757634e+00
 -3.208611265715e-01    3.992590095714e-03  -1.414108724104e+01  -1.559145757634e+00
 -2.717994336705e-01   -7.209003248681e-05  -1.060735304998e+01   4.387568911163e-01
 -2.839685101423e-01    1.216329237165e-03  -7.817126788001e+00   4.387568911163e-01
 -3.157783579219e-01   -3.352933769203e-04  -9.328622320121e+00   4.387568911163e-01
 -3.215624605645e-01    4.478454178274e-03  -1.419769238113e+01  -1.516666861125e+00
 -9.224142820568e-03    6.693282018324e-05  -1.421396571980e+01  -1.516666861125e+00
 -3.039656130953e-01    6.114912914685e-03  -1.672697172602e+01  -1.516666861125e+00
 -3.055518510150e-01   -3.450405931727e-03  -2.273372910929e+00   1.976797828850e+00
 -3.031894380571e-03   -2.262655856172e-04  -3.789945049393e+00   1.976797828850e+00
 -1.893167261744e-03    3.077400651698e-04  -1.427789471056e+00   1.976797828850e+00
 -3.516689109905e-03    2.688484331978e-04  -3.487016734688e+00  -1.937702953298e+00
 -2.873460562945e-01   -4.187020422100e-03  -3.651091759282e+00  -1.937702953298e+00
 -2.673025390249e-01   -2.394977238074e-03  -1.718129705308e+00  -1.937702953298e+00
 -1.660228926336e-03    1.390627027236e-04  -3.488995212957e+00  -2.045881563611e+00
 -2.692553899718e-01   -2.454268172856e-03  -1.714043809952e+00  -2.045881563611e+00
 -1.355205227802e-03   -1.385544350606e-04  -1.591500863031e+00  -2.045881563611e+00
 -3.002165655313e-01   -6.110941557079e-04  -1.872773525893e-02  -2.650573932521e-01
 -2.687349823237e-01   -2.587841376040e-03  -1.715791890675e+00  -2.650573932521e-01
 -3.006503619627e-01   -3.341315316579e-03  -2.269982411096e+00  -2.650573932521e-01
  2.091004733587e-04   -6.845825487314e-05  -7.450659826110e+00  -2.004030486934e+00
 -2.753914872264e-01   -1.466991982210e-03  -7.617486945309e+00  -2.004030486934e+00
 -4.659900373198e-03   -1.539608859201e-05  -5.654924296511e+00  -2.004030486934e+00
 -2.898723960483e-01   -4.975075787106e-03  -3.670924851443e+00   1.999753049705e-01
 -3.412148676775e-01   -2.582899764738e-03  -6.026735462610e+00   1.999753049705e-01
 -2.641044530928e-01   -6.952409369124e-03  -4.379604835995e+00   1.999753049705e-01
 -2.894003680914e-01   -4.091379938192e-03  -3.611717702391e+00  -1.958772025893e+00
 -1.071214942490e-03    2.348659533345e-04  -3.521480594304e+00  -1.958772025893e+00
 -4.801224647396e-03    1.424358982936e-04  -5.519356161697e+00  -1.958772025893e+00
 -2.908830316483e-01   -5.010455508372e-03  -3.665745144138e+00   1.895098655605e-01
 -2.637002788105e-01   -6.977855551594e-03  -4.323373924462e+00   1.895098655605e-01
 -3.003980542080e-01   -3.904060919408e-03  -2.244519659651e+00   1.895098655605e-01
 -9.418729708020e-04   -1.259739601320e-04  -3.782490074040e+00   2.180680419114e+00
 -2.636807618126e-01   -6.419627071820e-03  -4.297446205221e+00   2.180680419114e+00
 -2.113147105099e-03    2.226805753440e-04  -5.758136282538e+00   2.180680419114e+00
 -6.438658659177e-03    4.096823424072e-04  -5.771341900324e+00   1.824618642951e+00
 -2.613384554455e-01   -6.496498787107e-03  -4.283335986097e+00   1.824618642951e+00
 -3.434834536293e-01   -2.342140779400e-03  -5.996594169947e+00   1.824618642951e+00
 -3.014511686438e-01    1.413903012433e-03  -2.075980302626e+01  -2.079688178260e+00
 -5.778021609263e-04   -1.998110192015e-04  -2.055896000978e+01  -2.079688178260e+00
 -2.816188153804e-03    2.450150130239e-04  -2.271124152568e+01  -2.079688178260e+00
 -2.683818604429e-01    3.175448167671e-03  -2.045994918483e+01   2.271054528850e-01
 -2.994507774715e-01    1.397525591565e-03  -2.074668665363e+01   2.271054528850e-01
 -3.102993083283e-01   -2.476536438328e-03  -2.215242697031e+01   2.271054528850e-01
 -1.063121850241e-03   -4.909311031827e-05  -1.612751134569e+01   2.103799719825e+00
 -2.702899729546e-01    6.416698082751e-03  -1.674138809045e+01   2.103799719825e+00
 -2.909009899034e-03   -4.588644105184e-05  -1.840725905379e+01   2.103799719825e+00
 -2.988334095215e-01    1.276626216295e-03  -2.074482902179e+01   3.116785316978e-01
 -2.694258047696e-01    3.158049737287e-03  -2.041465916527e+01   3.116785316978e-01
 -3.421720043195e-01    3.829651664836e-03  -1.856961971341e+01   3.116785316978e-01
 -2.683865286094e-01    3.550138612539e-03  -2.047394324726e+01   2.038703640053e+00
 -8.464009626130e-04    2.358910235810e-04  -2.035826312468e+01   2.038703640053e+00
 -3.316243440734e-03    7.811738020629e-05  -1.849174923376e+01   2.038703640053e+00
 -2.806664483679e-03    8.772392666984e-05  -5.849206180415e+00   2.183322335966e+00
 -2.883532784646e-01    1.323913803829e-03  -7.832044771912e+00   2.183322335966e+00
 -3.041619589750e-04   -8.505488436326e-06  -8.172497829525e+00   2.183322335966e+00
 -4.343254451754e-04   -9.780068115000e-05  -2.053028856958e+01  -2.076536237961e+00
 -3.010203378225e-01    1.199659755103e-03  -2.080656244703e+01  -2.076536237961e+00
 -3.959659728141e-03   -1.096272313944e-04  -1.840585367470e+01  -2.076536237961e+00
 -2.763898569132e-01   -1.387921472631e-03  -7.548129353271e+00  -1.781329072160e-01
 -2.869076524066e-01    1.378806853591e-03  -7.758165695553e+00  -1.781329072160e-01
 -3.412884846690e-01   -2.183382489411e-03  -5.976153310213e+00  -1.781329072160e-01
 -1.019653895982e-02   -5.583077935647e-06  -5.632569407678e+00  -1.413062564239e+00
 -2.722583288372e-01   -1.357782936472e-03  -7.676079115103e+00  -1.413062564239e+00
 -3.480393454401e-01   -2.434732707638e-03  -6.008288371308e+00  -1.413062564239e+00
 -2.734065687113e-01   -1.472874737940e-03  -7.468576174243e+00  -1.569213656993e+00
 -7.447507604379e-03   -3.230869270177e-04  -9.424195639392e+00  -1.569213656993e+00
 -3.156863180804e-01   -7.324247179074e-04  -9.304951376329e+00  -1.569213656993e+00
 -2.738915428676e-01   -2.409004603010e-04  -1.063337041582e+01   2.153560855949e+00
 -2.731305111659e-01   -2.960189746845e-03  -1.284978310960e+01   2.153560855949e+00
 -4.056450727442e-03    2.358504271496e-05  -1.223167117014e+01   2.153560855949e+00
 -3.199977282922e-01   -8.027490292573e-04  -1.175448814236e+01  -1.882891975086e+00
 -4.459395603163e-03   -2.185250145761e-04  -9.524970911954e+00  -1.882891975086e+00
 -6.449757475202e-04    9.562694342212e-05  -1.180207908108e+01  -1.882891975086e+00
 -5.220904493995e-04    4.409647198653e-05  -8.182489117903e+00   2.181480128558e+00
 -2.875132839780e-01    1.194380967507e-03  -7.820013772449e+00   2.181480128558e+00
 -2.431133531931e-03   -9.941240195289e-05  -1.013039188325e+01   2.181480128558e+00
 -2.691310611886e-01    6.820487922919e-03  -1.683931631195e+01   4.015668880242e-01
 -3.051275946226e-01    6.428456682409e-03  -1.664003993926e+01   4.015668880242e-01
 -3.412156898293e-01    3.919456897480e-03  -1.856059641561e+01   4.015668880242e-01
 -8.582622691966e-03    3.554792463430e-06  -1.840541571648e+01   1.714777033603e+00
 -2.665998257625e-01    6.439709385341e-03  -1.671547479610e+01   1.714777033603e+00
 -3.467698929015e-01    3.988975027693e-03  -1.856332495716e+01   1.714777033603e+00
 -2.601514532575e-03   -1.742250332471e-04  -1.609862047238e+01   2.135308771963e+00
 -2.386759611315e-01    3.720905782032e-03  -1.492019189331e+01   2.135308771963e+00
 -2.688044031590e-01    6.636820494571e-03  -1.676565962330e+01   2.135308771963e+00
 -2.395293223938e-01    3.217349475754e-03  -1.494234048626e+01   2.327054617761e+00
 -7.377349400338e-04    5.549227585341e-06  -1.609427495157e+01   2.327054617761e+00
 -9.287818020721e-04   -2.124919885962e-04  -1.443053116616e+01   2.327054617761e+00
 -1.443134014635e-03    1.082164475865e-04  -1.222384433989e+01   2.179054678531e+00
 -2.755628608748e-01   -3.021230248716e-03  -1.285469539594e+01   2.179054678531e+00
 -1.615228059024e-03   -9.254671104429e-05  -1.442695370407e+01   2.179054678531e+00
 -2.745709774861e-01   -3.433399238872e-03  -1.289312688436e+01   3.831379392542e-01
 -3.161748103781e-01   -9.834427667235e-04  -1.166693565108e+01   3.831379392542e-01
 -3.186981394846e-01    3.792583653982e-03  -1.413335480242e+01   3.831379392542e-01
 -4.972779869753e-03    3.180526901400e-04  -1.409236641350e+01  -1.884036184114e+00
 -3.198915231118e-01   -6.037321469655e-04  -1.166186682752e+01  -1.884036184114e+00
 -5.493416292348e-04   -3.052802877312e-06  -1.185620499468e+01  -1.884036184114e+00
 -7.580575290308e-05   -3.277422707159e-04  -1.619369788350e+01  -2.007488425814e+00
 -3.069384032595e-01    5.701823100367e-03  -1.666586578754e+01  -2.007488425814e+00
 -4.204991847603e-03    8.542216315598e-06  -1.422534446175e+01  -2.007488425814e+00
 -2.728433530901e-01   -3.182783528451e-03  -1.286857714844e+01   2.176636304005e+00
 -2.369123416943e-01    3.201803970168e-03  -1.494581270095e+01   2.176636304005e+00
 -3.799647828088e-03   -2.742801225638e-04  -1.443250811215e+01   2.176636304005e+00
 -2.717340145858e-01   -3.437453157846e-03  -1.288010345835e+01   7.022374934156e-01
 -3.208179448862e-01    4.043508331810e-03  -1.412527511251e+01   7.022374934156e-01
 -2.379265408372e-01    3.613358509508e-03  -1.491827311460e+01   7.022374934156e-01
 -2.756724269079e-01   -2.937969607218e-04  -1.062953800159e+01   2.152194096638e+00
 -1.830104252456e-03   -2.267204824764e-05  -1.223487480777e+01   2.152194096638e+00
 -1.422488643149e-03   -5.781754958661e-05  -1.012249819949e+01   2.152194096638e+00
 -2.847556677032e-01    1.195836660655e-03  -7.816176511294e+00   2.106888846780e+00
 -2.716801142763e-01   -1.662489302019e-04  -1.061337999749e+01   2.106888846780e+00
 -4.930513159283e-03   -1.474256743868e-04  -1.012975251308e+01   2.106888846780e+00
 -3.160090727153e-01   -8.870199828925e-04  -1.177480224624e+01   3.803796499550e-01
 -2.756342379133e-01    3.447132930149e-05  -1.060400972772e+01   3.803796499550e-01
 -3.130479456274e-01   -4.130221494878e-04  -9.339058378025e+00   3.803796499550e-01
