
 -6.877124540912e-04    8.374133695950e-04  -8.377000969807e+01   4.804543040620e+00
 -2.171873541694e-01    7.686492014761e-04  -8.441872854921e+01   4.804543040620e+00
  1.195957691092e-04   -3.449426820952e-04  -8.400855978596e+01   4.804543040620e+00
 -2.635807712235e-01    3.676684590894e-02  -7.735970667175e+01   8.762177565104e+00
  1.899524148821e-04    1.533115333184e-05  -8.063532434553e+01   8.762177565104e+00
 -7.323436007835e-04   -2.019166635062e-05  -7.723533567831e+01   8.762177565104e+00
 -2.170041735188e-01   -4.689388537105e-04  -8.442370812770e+01   5.071009372014e+00
 -3.544430711154e-01    7.586190849920e-02  -8.430207591859e+01   5.071009372014e+00
 -3.794541982536e-01    1.020467225735e-03  -8.559867271645e+01   5.071009372014e+00
 -3.558585629866e-01    7.518149116311e-02  -8.428039187834e+01   4.794489101456e+00
 -2.158373466594e-01    2.087142593676e-04  -8.445746095985e+01   4.794489101456e+00
 -1.659777870532e-01    2.999647610549e-02  -8.355268194512e+01   4.794489101456e+00
 -4.409362491788e-01    9.396290820901e-02  -8.626581915540e+01   3.376123178903e+00
 -3.796148611772e-01    1.016988083199e-03  -8.564178352693e+01   3.376123178903e+00
 -3.546362874740e-01    7.646845985883e-02  -8.427654617714e+01   3.376123178903e+00
 -5.493374256052e-01   -5.628497625799e-03  -4.196268932222e+00   3.644077771300e+00
 -7.357105651340e-03    4.561211595395e-04  -2.639937372281e+00   3.644077771300e+00
 -4.014322906660e-01    5.656069237841e-03   2.201869391148e-02   3.644077771300e+00
 -1.663849038505e-01    2.953413823506e-02  -8.354676274068e+01   4.598052907348e+00
 -3.405449154959e-01    8.229088712351e-02  -8.264304920157e+01   4.598052907348e+00
 -3.558319663087e-01    7.563809840472e-02  -8.427104569168e+01   4.598052907348e+00
 -5.254914748083e-01   -4.920206550279e-03  -4.685191725673e+01   2.088128904112e+00
 -2.786609419155e-01   -1.080821617899e-02  -4.691950830831e+01   2.088128904112e+00
 -4.500794141476e-01   -8.594745795438e-03  -4.499858940321e+01   2.088128904112e+00
 -2.056217872421e-01    4.007796841584e-02  -8.134097948173e+01   4.402840810564e+00
 -2.637861266454e-01    3.694525198050e-02  -7.735680097998e+01   4.402840810564e+00
 -3.855453521964e-01    9.114026744541e-02  -8.036203628966e+01   4.402840810564e+00
 -7.451460090266e-04   -1.653594481599e-04  -8.284296116356e+01   6.309621985407e+00
 -2.049616460964e-01    3.987218675431e-02  -8.135470072994e+01   6.309621985407e+00
 -1.658365489657e-01    2.975790032978e-02  -8.356838733991e+01   6.309621985407e+00
 -3.410319127501e-01    8.234887443924e-02  -8.263583228478e+01   2.224943994255e+00
 -3.848792108213e-01    9.163228232069e-02  -8.036549666548e+01   2.224943994255e+00
 -4.183428281802e-01    1.238786132090e-01  -8.353820977372e+01   2.224943994255e+00
 -3.848147969816e-01    9.120876915857e-02  -8.036708775318e+01   4.701239536995e+00
 -3.410137481431e-01    8.242722273717e-02  -8.263889492239e+01   4.701239536995e+00
 -2.064113392541e-01    4.001660045479e-02  -8.132829428027e+01   4.701239536995e+00
 -4.455058448250e-01    1.380406264955e-01  -8.127079462215e+01   1.387379538261e+00
 -4.171837816086e-01    1.239598128195e-01  -8.356403521534e+01   1.387379538261e+00
 -3.863475626428e-01    9.162022138720e-02  -8.034166255617e+01   1.387379538261e+00
 -3.409543832185e-01    8.245773770098e-02  -8.263735059780e+01   2.844726593636e+00
 -4.184023920022e-01    1.236216782526e-01  -8.353822672327e+01   2.844726593636e+00
 -3.551276763015e-01    7.583856046246e-02  -8.428631865970e+01   2.844726593636e+00
 -4.459686492245e-01    1.381489539791e-01  -8.125688416305e+01   3.002922090596e-01
 -3.858780414382e-01    9.153857549888e-02  -8.035388304315e+01   3.002922090596e-01
 -4.784166477266e-01    1.018187891138e-01  -7.736874366226e+01   3.002922090596e-01
 -2.055939098644e-01    4.019714459764e-02  -8.134893073050e+01   4.530084353694e+00
 -3.415155616163e-01    8.223930310209e-02  -8.262806096381e+01   4.530084353694e+00
 -1.653939311582e-01    2.954982230217e-02  -8.357244135051e+01   4.530084353694e+00
 -7.891298697290e-04    2.157108538173e-04  -6.710122816037e+01   9.586567563486e+00
 -4.215291811639e-04   -3.838016756824e-04  -5.748108310538e+01   9.586567563486e+00
 -2.885666151622e-01   -1.478527878228e-02  -6.483413360276e+01   9.586567563486e+00
 -4.397786443243e-01    9.416893798051e-02  -8.626034975536e+01   2.859697434655e+00
 -3.558594158361e-01    7.603382537756e-02  -8.426944261656e+01   2.859697434655e+00
 -4.175190284465e-01    1.236528606980e-01  -8.354917152269e+01   2.859697434655e+00
 -4.888519134022e-01    2.034061550675e-03  -8.771278679225e+01   1.894959341945e+00
 -4.384263669298e-01    9.328958386536e-02  -8.625738056105e+01   1.894959341945e+00
 -4.517066508607e-01    4.137953084306e-02  -8.822316763633e+01   1.894959341945e+00
 -4.876498816487e-01    5.700888731014e-04  -8.768879449777e+01   4.216634172409e+00
 -3.807011493692e-01    5.554779473402e-04  -8.563268343432e+01   4.216634172409e+00
 -4.396171400744e-01    9.401601771004e-02  -8.627849071112e+01   4.216634172409e+00
 -4.894491860820e-01    1.975793246854e-03  -8.773440698332e+01   1.976750679739e+00
 -4.513259346629e-01    4.094138593666e-02  -8.822003288898e+01   1.976750679739e+00
 -5.419326515548e-01   -6.703603057437e-04  -8.927888518480e+01   1.976750679739e+00
 -4.496107783939e-01    3.958424699280e-02  -8.822236359868e+01   1.016560075799e+00
 -4.409064945797e-01    9.464388136822e-02  -8.625167528529e+01   1.016560075799e+00
 -3.633427625344e-01    8.682813563469e-02  -8.719057433434e+01   1.016560075799e+00
 -3.468121279739e-01   -6.797491997610e-03  -8.817832152399e+01  -1.983842050490e-01
 -4.507225952312e-01    3.970723413594e-02  -8.818579708565e+01  -1.983842050490e-01
 -3.615436726501e-01    8.619548727075e-02  -8.721832026064e+01  -1.983842050490e-01
 -4.502119646220e-01    3.829281142250e-02  -8.820822714573e+01   6.385455750046e-01
 -4.571014134235e-01   -4.913351841346e-02  -8.815931311891e+01   6.385455750046e-01
 -5.424359896262e-01    1.743622306415e-03  -8.927460243873e+01   6.385455750046e-01
 -4.409007306571e-01    9.431503125942e-02  -8.624450141540e+01  -3.018317502222e-01
 -3.958349658438e-01    1.370646523173e-01  -8.475079471199e+01  -3.018317502222e-01
 -3.633336143353e-01    8.744837405781e-02  -8.719467226340e+01  -3.018317502222e-01
 -3.048129795761e-01    4.364317588823e-03  -4.510653370541e+01  -3.904713835332e+00
 -4.208484065377e-01    5.832900091424e-03  -4.237680690338e+01  -3.904713835332e+00
 -4.633111336447e-03    4.614286287045e-04  -4.192949191192e+01  -3.904713835332e+00
 -2.810869176729e-01    1.113845110795e-01  -8.590372064853e+01  -4.201196354183e+00
 -3.973794146510e-01    1.376741049662e-01  -8.475413923718e+01  -4.201196354183e+00
 -3.354695456479e-01    1.251145632273e-01  -8.246099487846e+01  -4.201196354183e+00
 -3.975799056450e-01    1.372311689951e-01  -8.473014146547e+01   6.187698584986e-01
 -4.389573745508e-01    9.395590720007e-02  -8.627578717194e+01   6.187698584986e-01
 -4.183787447293e-01    1.240767207240e-01  -8.353738475209e+01   6.187698584986e-01
 -1.244530775229e-01    3.486020919036e-02  -8.890465939694e+01  -4.525834227971e+00
 -2.413961803586e-01    6.350154062246e-02  -8.820467487484e+01  -4.525834227971e+00
 -1.460908504286e-01    6.495149200199e-02  -8.686551549342e+01  -4.525834227971e+00
 -2.412021309290e-01    6.322233227194e-02  -8.817822877911e+01  -3.030854775328e+00
 -3.620377695563e-01    8.677644279742e-02  -8.722679906091e+01  -3.030854775328e+00
 -2.799314826456e-01    1.113160412523e-01  -8.594692181786e+01  -3.030854775328e+00
 -2.805114837862e-01    1.112309853432e-01  -8.592304088188e+01  -5.064920067680e+00
 -1.468662068768e-01    6.507726960009e-02  -8.685321037124e+01  -5.064920067680e+00
 -2.407347881478e-01    6.345150708212e-02  -8.821381020971e+01  -5.064920067680e+00
 -2.412360107512e-01    6.304818435811e-02  -8.818796781141e+01  -6.618833307446e-01
 -3.460214245584e-01   -7.273344296626e-03  -8.820708861358e+01  -6.618833307446e-01
 -3.618925256933e-01    8.663245613060e-02  -8.721631414123e+01  -6.618833307446e-01
 -4.452914536709e-01    1.385384920618e-01  -8.126821808379e+01  -3.008229530585e+00
 -3.368123186242e-01    1.251176082986e-01  -8.243532418431e+01  -3.008229530585e+00
 -3.962243866915e-01    1.376627543956e-01  -8.478059243366e+01  -3.008229530585e+00
 -2.809450064503e-01    1.113125663658e-01  -8.592697706282e+01  -1.890378747793e+00
 -3.612883024668e-01    8.691084198034e-02  -8.724499388657e+01  -1.890378747793e+00
 -3.972478366894e-01    1.375430103121e-01  -8.473091211246e+01  -1.890378747793e+00
 -4.437070360785e-01    1.382934385042e-01  -8.129624399441e+01  -7.694401209893e-01
 -3.976847758006e-01    1.376055015458e-01  -8.472598207543e+01  -7.694401209893e-01
 -4.185257626329e-01    1.239023846610e-01  -8.353562953225e+01  -7.694401209893e-01
 -2.408295076452e-01    6.293671437665e-02  -8.819012636740e+01  -1.862984412012e+00
 -1.247464098168e-01    3.524859019465e-02  -8.892211566528e+01  -1.862984412012e+00
 -2.282194116868e-01   -5.385207982859e-03  -8.899484756897e+01  -1.862984412012e+00
 -4.810309524079e-01    1.014709740130e-01  -7.733257766336e+01   3.172752518242e+00
 -3.837826041397e-01    9.146063675729e-02  -8.039974956503e+01   3.172752518242e+00
 -2.669393450074e-01    3.681130191387e-02  -7.731167174301e+01   3.172752518242e+00
 -5.448453226258e-01   -5.761135074973e-03  -4.216939593268e+00   1.448391354390e+00
 -4.033979085813e-01    5.588123607815e-03  -6.043228545830e-03   1.448391354390e+00
 -5.469629934015e-01   -1.157394865748e-03  -5.327797135411e-02   1.448391354390e+00
 -4.893672408216e-01    5.303912309487e-02  -7.301760716882e+01   3.011966158827e+00
 -2.857930221080e-01    1.521241648627e-02  -7.148903413658e+01   3.011966158827e+00
 -4.866458663655e-01    2.887031522678e-03  -6.819385317114e+01   3.011966158827e+00
 -4.883055975562e-01    5.424579645153e-02  -7.304104079114e+01   2.299719136709e+00
 -4.816509759283e-01    1.010889065823e-01  -7.731662999440e+01   2.299719136709e+00
 -2.666312575876e-01    3.738571571175e-02  -7.731990835670e+01   2.299719136709e+00
 -4.454756615022e-01    1.387110173955e-01  -8.130172258257e+01  -4.692331263509e+00
 -3.898107559592e-01    1.044448116891e-01  -7.816394498953e+01  -4.692331263509e+00
 -3.368634031459e-01    1.250034352308e-01  -8.240323892868e+01  -4.692331263509e+00
 -3.912152138588e-01    1.044050421512e-01  -7.813493543716e+01  -3.382697552321e+00
 -4.442333023452e-01    1.385967560431e-01  -8.133228770136e+01  -3.382697552321e+00
 -4.802657902364e-01    1.018887862525e-01  -7.733152597375e+01  -3.382697552321e+00
 -4.286389162297e-01    5.963961474970e-02  -7.334808209911e+01  -4.580733186908e+00
 -3.911705560812e-01    1.040281951065e-01  -7.809458649815e+01  -4.580733186908e+00
 -4.805743251043e-01    1.023354466529e-01  -7.737243934058e+01  -4.580733186908e+00
 -2.067355135029e-01    6.333961919559e-02  -7.885518758652e+01  -9.906851145272e+00
 -3.363633157081e-01    1.250431085792e-01  -8.246811024045e+01  -9.906851145272e+00
 -3.903575820249e-01    1.042818261774e-01  -7.811744176104e+01  -9.906851145272e+00
 -4.794490465757e-01    1.023165333578e-01  -7.740393584699e+01  -3.044403810295e+00
 -4.904384003928e-01    5.339396617826e-02  -7.299802586559e+01  -3.044403810295e+00
 -4.298312008658e-01    5.942525365431e-02  -7.331841049147e+01  -3.044403810295e+00
 -4.899851635779e-01    5.379272747759e-02  -7.301969085519e+01   4.155095492827e+00
 -2.644391561884e-01    3.770587339286e-02  -7.736067756677e+01   4.155095492827e+00
 -2.847501928868e-01    1.459106947840e-02  -7.149183581232e+01   4.155095492827e+00
 -4.452217612349e-01    3.278580111722e-03  -6.825175911433e+01  -4.111203003254e+00
 -4.294742486708e-01    5.879499656743e-02  -7.327145436280e+01  -4.111203003254e+00
 -4.910364325274e-01    5.401126183210e-02  -7.304347634639e+01  -4.111203003254e+00
 -8.282677465547e-04    4.705020451954e-04  -6.816439633800e+01  -1.773307270644e+01
 -2.474436399988e-01    7.038372920704e-04  -6.822173781948e+01  -1.773307270644e+01
 -7.724604231223e-04   -1.080930916855e-03  -6.272318069044e+01  -1.773307270644e+01
 -4.304419180043e-01    5.910728181101e-02  -7.333517707802e+01  -1.115834067838e+01
 -2.464826281983e-01    1.518396991733e-03  -6.822951116026e+01  -1.115834067838e+01
 -2.318113610523e-01    3.822804736105e-02  -7.365030123337e+01  -1.115834067838e+01
 -2.477423064420e-01    1.462876293113e-03  -6.822616414847e+01  -1.120560452090e+01
 -4.293683799885e-01    5.895812230598e-02  -7.334135918694e+01  -1.120560452090e+01
 -4.442387218445e-01    2.603080132279e-03  -6.818439110330e+01  -1.120560452090e+01
 -2.318596141707e-01    3.780858415569e-02  -7.368967102962e+01  -1.907057555683e+01
 -2.460880376271e-01    2.324427430801e-03  -6.816081401476e+01  -1.907057555683e+01
 -1.787371355800e-03    1.086437660614e-03  -7.369879077660e+01  -1.907057555683e+01
 -4.293026320639e-01    5.930295693195e-02  -7.329327778538e+01  -1.093194824879e+01
 -2.327231066180e-01    3.819535114836e-02  -7.369732106487e+01  -1.093194824879e+01
 -3.905121756020e-01    1.040405627269e-01  -7.816523979988e+01  -1.093194824879e+01
 -4.285761117373e-01   -5.326441419231e-02  -6.305947626238e+01  -1.115779618645e+01
 -2.476633402927e-01    1.650401046525e-03  -6.815790098426e+01  -1.115779618645e+01
 -4.442652555705e-01    2.195891794932e-03  -6.820217231990e+01  -1.115779618645e+01
 -4.467276369794e-01    3.012352562774e-03  -6.823179775737e+01  -2.752194048811e+00
 -4.896933507924e-01    5.415158918298e-02  -7.306977711877e+01  -2.752194048811e+00
 -4.864783006038e-01    2.012043043578e-03  -6.816658646564e+01  -2.752194048811e+00
 -2.846071038582e-01    1.567938801678e-02  -7.149893150601e+01   4.338534396162e+00
 -2.871031459465e-01   -1.483242675255e-02  -6.482563021725e+01   4.338534396162e+00
 -4.878742280899e-01    2.344361757138e-03  -6.818497026914e+01   4.338534396162e+00
 -2.057597499343e-01    6.316511746709e-02  -7.881402784857e+01  -1.058047069845e+01
 -3.915506259099e-01    1.042891001571e-01  -7.815547544579e+01  -1.058047069845e+01
 -2.314963150019e-01    3.808829439457e-02  -7.370792914571e+01  -1.058047069845e+01
 -3.723298505255e-05    1.502676635411e-04  -8.684947309107e+01  -1.026419684862e+01
 -1.477916338650e-01    6.544516679199e-02  -8.687348483722e+01  -1.026419684862e+01
 -1.077733108628e-03    6.092677434950e-04  -8.350147827811e+01  -1.026419684862e+01
 -1.464136855590e-01    6.470736178220e-02  -8.683071839137e+01  -7.280850860339e+00
 -2.813544602265e-01    1.116889126444e-01  -8.594627040991e+01  -7.280850860339e+00
 -1.764555145710e-01    7.405577353131e-02  -8.337085946375e+01  -7.280850860339e+00
 -2.432878722320e-01    3.288395626189e-02  -5.174323014336e+01  -6.073372050144e+00
 -9.317202384687e-05   -3.946655714617e-04  -4.874315435437e+01  -6.073372050144e+00
 -7.129102806803e-04    1.270252863006e-04  -5.174989454444e+01  -6.073372050144e+00
 -9.514829737840e-04    1.374512965310e-03  -8.924715396700e+01  -3.294606708538e+00
 -1.180604223500e-01   -2.589460838543e-03  -8.969090894052e+01  -3.294606708538e+00
 -1.241538152293e-01    3.439490784562e-02  -8.891219457384e+01  -3.294606708538e+00
 -6.347453520993e-04    5.475798887342e-04  -8.688154348729e+01  -8.317609282444e+00
  3.007737431290e-04   -3.898594353304e-04  -8.922350007700e+01  -8.317609282444e+00
 -1.466045152730e-01    6.465099635471e-02  -8.684108390712e+01  -8.317609282444e+00
 -2.725401882706e-01   -5.304518367249e-02  -8.056899611378e+01  -6.345039144659e+00
 -1.189095108305e-03    2.176755940956e-04  -8.228607202867e+01  -6.345039144659e+00
 -2.171325235513e-01   -3.845534479097e-02  -8.264412161931e+01  -6.345039144659e+00
 -1.469960926131e-01    6.505613197051e-02  -8.687798235559e+01  -1.268091062786e+01
 -1.762343270796e-01    7.377461990300e-02  -8.333327643681e+01  -1.268091062786e+01
 -1.861564563870e-03    1.040042331332e-03  -8.348647981495e+01  -1.268091062786e+01
 -3.461748154978e-04   -7.167782337522e-05  -8.921785469435e+01  -6.551289199902e+00
 -1.245753932617e-01    3.517721221282e-02  -8.891896296554e+01  -6.551289199902e+00
 -1.457651590811e-01    6.433570900476e-02  -8.684632965453e+01  -6.551289199902e+00
 -1.300441071801e-03   -1.594722496371e-04  -7.376818565700e+01  -1.655121917872e+01
 -2.278916876909e-04    1.025356223549e-03  -7.893968468980e+01  -1.655121917872e+01
 -2.321054311768e-01    3.896798189092e-02  -7.364749563637e+01  -1.655121917872e+01
 -5.186485987726e-04    9.570837960828e-04  -7.369119728849e+01  -1.774030323339e+01
 -2.474197538436e-01    2.320385150008e-03  -6.816087088588e+01  -1.774030323339e+01
 -8.907106107875e-04   -4.073839279318e-04  -6.822531540896e+01  -1.774030323339e+01
 -3.650675457426e-01   -2.081710451919e-02  -7.100883332938e+01  -7.433608838660e+00
 -2.823956139517e-03   -4.045421101592e-04  -7.663009341755e+01  -7.433608838660e+00
 -3.240527789438e-01   -4.823870295897e-02  -7.652681554122e+01  -7.433608838660e+00
 -2.512213432980e-04    5.284209812079e-04  -8.342384602190e+01  -1.346567213315e+01
 -1.778750041659e-01    7.407840528296e-02  -8.337633814011e+01  -1.346567213315e+01
 -1.522161678307e-03    1.987358956928e-04  -7.905439244204e+01  -1.346567213315e+01
 -1.563043303375e-03    1.496790042925e-03  -7.894501256147e+01  -1.729118681591e+01
 -2.057796321189e-01    6.270057940139e-02  -7.885031936267e+01  -1.729118681591e+01
 -2.308678013281e-01    3.872201792277e-02  -7.364898111041e+01  -1.729118681591e+01
 -2.846220032923e-01    1.481855804302e-02  -7.149732868601e+01   8.765872156743e+00
 -2.767180000618e-03   -3.685963593946e-04  -6.712921273856e+01   8.765872156743e+00
 -2.867994578042e-01   -1.415989735396e-02  -6.482643733511e+01   8.765872156743e+00
 -2.060221981973e-01    3.977069869914e-02  -8.134063489553e+01   6.854395277138e+00
  1.631824049777e-04   -1.058162559893e-04  -8.286126815057e+01   6.854395277138e+00
 -7.947090892408e-04    2.968151442316e-05  -8.063599390041e+01   6.854395277138e+00
 -2.779165792540e-03    6.927711747970e-04  -7.904056931137e+01  -1.570491992455e+01
 -1.768795034812e-01    7.368896007545e-02  -8.338237545216e+01  -1.570491992455e+01
 -2.050814311867e-01    6.310628217094e-02  -7.881881868717e+01  -1.570491992455e+01
 -1.763583544524e-01    7.388224073340e-02  -8.333056388128e+01  -9.282947968260e+00
 -3.372461519312e-01    1.252756964541e-01  -8.245885416822e+01  -9.282947968260e+00
 -2.056413263761e-01    6.313048275450e-02  -7.886532964414e+01  -9.282947968260e+00
 -2.646871468000e-01    3.665219439452e-02  -7.737097398063e+01   8.773086481760e+00
 -2.755843718591e-03   -5.878779857732e-04  -7.259004992225e+01   8.773086481760e+00
 -2.839719365220e-01    1.520899346836e-02  -7.149136069143e+01   8.773086481760e+00
 -4.466932843382e-01    1.813931357532e-03  -6.815488871518e+01  -2.704679778245e+00
 -4.864884286640e-01    2.629320827191e-03  -6.820166197962e+01  -2.704679778245e+00
 -4.907101248221e-01   -4.810898573722e-02  -6.330790280480e+01  -2.704679778245e+00
 -1.772838301710e-01    7.423382598215e-02  -8.336173424446e+01  -7.862668188442e+00
 -2.806316085901e-01    1.115491986751e-01  -8.595472084485e+01  -7.862668188442e+00
 -3.360233159644e-01    1.249928936781e-01  -8.242673926787e+01  -7.862668188442e+00
  8.345182896038e-05    1.810339930050e-04  -7.723103660382e+01   8.841893530851e+00
 -1.629251614692e-03   -4.188975459184e-04  -7.260056664008e+01   8.841893530851e+00
 -2.656079695466e-01    3.636281349751e-02  -7.736468520480e+01   8.841893530851e+00
 -1.186932680183e-01   -2.508456605461e-03  -8.968727607121e+01  -9.847431817100e-01
 -3.513647105210e-04    1.133808348377e-03  -8.925777696173e+01  -9.847431817100e-01
 -1.525129894909e-04   -4.736044117647e-04  -8.975848123772e+01  -9.847431817100e-01
 -4.620203202111e-01   -1.125829794532e-01  -8.596374678985e+01  -7.896636873854e-01
 -4.562863017513e-01   -5.102751332615e-02  -8.814573651753e+01  -7.896636873854e-01
 -3.726135134939e-01   -1.026015839382e-01  -8.701523182598e+01  -7.896636873854e-01
 -4.571151805612e-01   -4.956192436810e-02  -8.815190263014e+01  -9.717619857640e-01
 -5.423997828554e-01   -1.581955174224e-03  -8.882673069808e+01  -9.717619857640e-01
 -5.427007431887e-01    2.042141008942e-03  -8.929738553226e+01  -9.717619857640e-01
 -5.415377537932e-01    4.255203101367e-04  -8.881121555383e+01  -3.369484162012e+00
 -4.586686785172e-01   -1.113981100773e-01  -8.599817685023e+01  -3.369484162012e+00
 -4.886885538381e-01   -9.434440657181e-04  -8.668160728096e+01  -3.369484162012e+00
 -4.591695038580e-01   -1.112072206806e-01  -8.599092809631e+01  -1.097745377473e+00
 -5.410816903620e-01   -4.773470029155e-05  -8.881611340992e+01  -1.097745377473e+00
 -4.578494475650e-01   -5.204003662220e-02  -8.813989567278e+01  -1.097745377473e+00
 -4.874852727270e-01   -5.359170634149e-04  -8.668680433882e+01  -4.568364741500e+00
 -4.612087251278e-01   -1.121749574696e-01  -8.598531195705e+01  -4.568364741500e+00
 -3.810860597633e-01   -4.977546444466e-04  -8.452196942102e+01  -4.568364741500e+00
 -3.116369845746e-03    1.579311360210e-04  -2.650163223353e+00   3.945371004732e+00
  5.408910507705e-05   -8.526269813304e-05  -1.582404311931e-02   3.945371004732e+00
 -4.045458837973e-01    5.635533675040e-03   8.830602867013e-03   3.945371004732e+00
 -4.574803755672e-01   -5.126160897982e-02  -8.811332252579e+01   3.797019363812e-01
 -3.468305711769e-01   -8.118024380642e-03  -8.818022356705e+01   3.797019363812e-01
 -3.707740689093e-01   -1.019394238464e-01  -8.704353195969e+01   3.797019363812e-01
 -4.571104989228e-01   -5.135396204925e-02  -8.814636669073e+01   9.622139408837e-02
 -4.503108114374e-01    3.987935642577e-02  -8.821249151608e+01   9.622139408837e-02
 -3.475590565351e-01   -7.488226006457e-03  -8.815485189509e+01   9.622139408837e-02
 -2.461528583331e-01   -7.497794364674e-02  -8.808731134620e+01   1.064208032270e+00
 -3.711014941154e-01   -1.023513462809e-01  -8.704386034498e+01   1.064208032270e+00
 -3.460567828030e-01   -7.655887039473e-03  -8.820771169096e+01   1.064208032270e+00
 -2.899542024194e-01   -1.223474248283e-01  -8.568658687913e+01   5.728033663588e+00
 -2.457033579234e-01   -7.537676121113e-02  -8.811581689391e+01   5.728033663588e+00
 -1.498746534642e-01   -6.915891392692e-02  -8.658972605723e+01   5.728033663588e+00
 -3.705448885627e-01   -1.026852820881e-01  -8.707380041369e+01   2.357651271623e+00
 -2.904292662059e-01   -1.225186814577e-01  -8.569332807655e+01   2.357651271623e+00
 -4.154511473752e-01   -1.542982957045e-01  -8.441143858077e+01   2.357651271623e+00
 -2.894128249537e-01   -1.224884761945e-01  -8.571262350613e+01   3.410823550310e+00
 -3.712913469229e-01   -1.025776901301e-01  -8.705575747963e+01   3.410823550310e+00
 -2.460902138677e-01   -7.508935971320e-02  -8.807700817696e+01   3.410823550310e+00
 -4.721775739907e-01   -1.544351320734e-01  -8.085635449925e+01   3.531790386465e+00
 -4.144395197557e-01   -1.544271210953e-01  -8.446153571925e+01   3.531790386465e+00
 -3.510050772709e-01   -1.359101267742e-01  -8.214363133945e+01   3.531790386465e+00
 -3.725719931104e-01   -1.031666370906e-01  -8.702302098752e+01   6.078024940062e-01
 -4.140717346646e-01   -1.538756017546e-01  -8.442998149035e+01   6.078024940062e-01
 -4.620498586938e-01   -1.122600770103e-01  -8.594980773774e+01   6.078024940062e-01
 -2.456847629040e-01   -7.482147255798e-02  -8.809184032845e+01   2.354601880954e+00
 -2.282547543673e-01   -6.203136101922e-03  -8.899364668116e+01   2.354601880954e+00
 -1.270345346924e-01   -4.218444822041e-02  -8.888661617750e+01   2.354601880954e+00
 -2.453557240939e-01   -7.493621670211e-02  -8.810545827740e+01   1.332936447194e+00
 -3.468359392216e-01   -7.574695902759e-03  -8.818896273896e+01   1.332936447194e+00
 -2.285015075915e-01   -5.894181552407e-03  -8.896624820207e+01   1.332936447194e+00
 -3.468025066630e-01   -7.404366494689e-03  -8.818907516596e+01  -9.927247512750e-01
 -2.404449203742e-01    6.304401690272e-02  -8.820528952770e+01  -9.927247512750e-01
 -2.285175221877e-01   -5.691496122517e-03  -8.896621596562e+01  -9.927247512750e-01
 -4.600902415692e-01   -1.118935173719e-01  -8.597557558924e+01  -2.768917281992e-01
 -4.158297341637e-01   -1.540590824628e-01  -8.441218210167e+01  -2.768917281992e-01
 -4.481837629778e-01   -1.424932889790e-01  -8.304011569831e+01  -2.768917281992e-01
 -3.794145182675e-01   -1.214832026072e-03  -8.450345989094e+01  -5.324856147343e+00
 -3.892566826833e-01   -8.934793251019e-02  -8.358813908239e+01  -5.324856147343e+00
 -2.172410634335e-01    8.342908460836e-04  -8.329697118100e+01  -5.324856147343e+00
 -3.802426714373e-01   -9.974961899582e-04  -8.453454921861e+01  -3.323172273452e+00
 -4.623070080066e-01   -1.119726153809e-01  -8.596351270857e+01  -3.323172273452e+00
 -3.887834736138e-01   -9.033898390302e-02  -8.356849170654e+01  -3.323172273452e+00
 -2.167666586752e-01   -7.330886803154e-04  -8.329299864796e+01  -5.513178120497e+00
 -2.164945536610e-01   -3.804748952205e-02  -8.264838753741e+01  -5.513178120497e+00
  1.989140996608e-04    1.003208614171e-03  -8.334026026889e+01  -5.513178120497e+00
 -2.175616374067e-01   -3.942160773428e-02  -8.262880516837e+01  -4.470039605240e+00
 -2.162276510797e-01    3.798966707703e-04  -8.332498699254e+01  -4.470039605240e+00
 -3.905207962176e-01   -8.885484598931e-02  -8.356747054311e+01  -4.470039605240e+00
 -2.753617201245e-01   -5.292827294178e-02  -8.055906102034e+01  -6.872964952093e+00
 -2.461322682567e-03    3.914815231503e-05  -7.669119390064e+01  -6.872964952093e+00
  6.230995863290e-04    6.539188338672e-05  -8.232890721419e+01  -6.872964952093e+00
 -1.613902684574e-03    1.591490222615e-04  -4.192179544302e+01  -4.374545766080e+00
 -1.125282248828e-04   -1.302598334823e-04  -4.495390180147e+01  -4.374545766080e+00
 -3.064780357369e-01    4.422818998603e-03  -4.510420439849e+01  -4.374545766080e+00
 -3.903227382042e-01   -8.951953831953e-02  -8.356046824671e+01  -4.357266899083e+00
 -3.836671443237e-01   -9.804641565505e-02  -8.192718739445e+01  -4.357266899083e+00
 -2.180679089767e-01   -3.878181543474e-02  -8.262195297046e+01  -4.357266899083e+00
 -2.642185018987e-01   -9.923493028452e-03  -4.542533593450e+01   4.402604797171e+00
  7.676057330511e-05    1.877449666999e-04  -4.512930637339e+01   4.402604797171e+00
 -1.443148368011e-03   -1.307144017948e-04  -4.225202602351e+01   4.402604797171e+00
 -4.469577442026e-01   -1.423560130485e-01  -8.306597044650e+01  -8.870377527035e-01
 -4.724242374745e-01   -1.539668908334e-01  -8.085917282467e+01  -8.870377527035e-01
 -4.316450261231e-01   -1.078876589689e-01  -7.973275834208e+01  -8.870377527035e-01
 -4.706051613688e-01   -1.541875767589e-01  -8.088357048848e+01   1.163449290283e+00
 -4.483562774012e-01   -1.423305847574e-01  -8.303903608033e+01   1.163449290283e+00
 -4.158828481137e-01   -1.543858315481e-01  -8.440812686796e+01   1.163449290283e+00
 -3.841324419867e-01   -9.821269536853e-02  -8.192172584730e+01  -4.080137043521e+00
 -4.302589359233e-01   -1.074945317826e-01  -7.976164219995e+01  -4.080137043521e+00
 -2.728954780823e-01   -5.321513923510e-02  -8.054904296296e+01  -4.080137043521e+00
 -4.302627898693e-01   -1.079010492536e-01  -7.975712137743e+01  -1.840779631181e+00
 -3.842118616654e-01   -9.814105312794e-02  -8.192137121765e+01  -1.840779631181e+00
 -4.480377984801e-01   -1.422744065760e-01  -8.304029945864e+01  -1.840779631181e+00
 -2.722105873801e-01   -5.335393152130e-02  -8.056779411942e+01  -3.834387751953e+00
 -4.310129319744e-01   -1.073965336570e-01  -7.975646029618e+01  -3.834387751953e+00
 -3.243221828750e-01   -4.875704722913e-02  -7.652837108702e+01  -3.834387751953e+00
 -3.845832596626e-01   -9.806284247929e-02  -8.191014701521e+01  -4.099852094927e+00
 -2.723200802890e-01   -5.335528041162e-02  -8.056651167525e+01  -4.099852094927e+00
 -2.170251776081e-01   -3.858455499316e-02  -8.264844952729e+01  -4.099852094927e+00
 -4.728479407737e-01   -1.540473433286e-01  -8.084498512449e+01   2.165583985461e-01
 -5.138706000491e-01   -1.152938202599e-01  -7.691741700010e+01   2.165583985461e-01
 -4.312071791023e-01   -1.078338235035e-01  -7.974548264942e+01   2.165583985461e-01
 -4.481922554877e-01   -1.420944282025e-01  -8.304293891661e+01  -2.533269036912e+00
 -3.840541070054e-01   -9.819365521907e-02  -8.192087440609e+01  -2.533269036912e+00
 -3.895348405988e-01   -8.981549245398e-02  -8.357964195467e+01  -2.533269036912e+00
 -4.608674614809e-01   -1.120764148055e-01  -8.595769649366e+01  -2.667229874059e+00
 -4.473752734139e-01   -1.421353809177e-01  -8.305359370840e+01  -2.667229874059e+00
 -3.901448251511e-01   -9.000822443570e-02  -8.356373611959e+01  -2.667229874059e+00
 -2.740341048532e-01   -5.318552497796e-02  -8.057776754989e+01  -7.899865146119e+00
 -3.226983316353e-01   -4.860479967044e-02  -7.652130916723e+01  -7.899865146119e+00
 -4.456131856942e-03    2.869959658164e-04  -7.665236512776e+01  -7.899865146119e+00
 -4.156142962122e-01   -1.544593957471e-01  -8.443556190648e+01   4.674805622234e+00
 -2.905195167579e-01   -1.225322417304e-01  -8.566905838052e+01   4.674805622234e+00
 -3.496509722530e-01   -1.358815768715e-01  -8.216828162545e+01   4.674805622234e+00
 -8.476634608417e-03   -2.260100145411e-04  -7.011743238976e+00   3.817172076580e+00
 -5.520732478311e-01   -6.796171887719e-03  -4.213289740640e+00   3.817172076580e+00
 -4.749070004765e-01   -1.222722365769e-02  -7.981091086769e+00   3.817172076580e+00
 -1.181223799994e-01   -4.077390245887e-03  -8.969398464702e+01   3.972322434301e+00
 -7.801799001435e-04   -1.146873565444e-03  -8.909891712737e+01   3.972322434301e+00
 -1.265939620392e-01   -4.145620135611e-02  -8.887825399856e+01   3.972322434301e+00
 -1.187157050884e-01   -4.141855056367e-03  -8.968978690119e+01   1.448111291994e+00
 -1.606561986623e-04    3.866917006181e-04  -8.975688182843e+01   1.448111291994e+00
 -2.872560289575e-04   -1.006309702136e-03  -8.911169871882e+01   1.448111291994e+00
 -1.268572756845e-01   -4.240921957277e-02  -8.890960120251e+01   8.870640353296e+00
 -1.618454816695e-03   -1.581654044871e-03  -8.693577453071e+01   8.870640353296e+00
 -1.488642890046e-01   -6.833087190865e-02  -8.656926202565e+01   8.870640353296e+00
 -1.812310866619e-01   -7.948747175180e-02  -8.308823166113e+01   1.176290670897e+01
 -1.495897784211e-01   -6.878456007963e-02  -8.658744565826e+01   1.176290670897e+01
 -3.920305144231e-04   -7.588072199925e-04  -8.687722324080e+01   1.176290670897e+01
 -1.830623417542e-01   -7.992882161809e-02  -8.311163643293e+01   8.467947650933e+00
 -3.502214598654e-01   -1.357837757136e-01  -8.213372302760e+01   8.467947650933e+00
 -2.900498770233e-01   -1.226300339059e-01  -8.571918354949e+01   8.467947650933e+00
 -1.820293482902e-01   -7.972014769014e-02  -8.312407367310e+01   7.852561200372e+00
 -2.908809753641e-01   -1.228022455335e-01  -8.570979785484e+01   7.852561200372e+00
 -1.492821121035e-01   -6.873034496859e-02  -8.656374937138e+01   7.852561200372e+00
 -8.749174189445e-04   -1.096876151496e-03  -8.694895788828e+01   6.402214720028e+00
 -1.275030468980e-01   -4.270201708505e-02  -8.890258127488e+01   6.402214720028e+00
 -5.128420443432e-05    1.395546571543e-04  -8.906604569349e+01   6.402214720028e+00
 -2.463821648741e-01   -7.548831845332e-02  -8.810751866686e+01   4.949962240394e+00
 -1.265589460881e-01   -4.171960712570e-02  -8.887390189010e+01   4.949962240394e+00
 -1.490791772908e-01   -6.894395583288e-02  -8.659934628398e+01   4.949962240394e+00
  4.357758917617e-04   -2.237756123999e-04  -8.687859862664e+01   1.254366509247e+01
 -1.135592222911e-03   -5.111031170869e-04  -8.326669927765e+01   1.254366509247e+01
 -1.821399622367e-01   -7.985359958292e-02  -8.308293977870e+01   1.254366509247e+01
 -2.876167697750e-01   -1.463049956479e-02  -6.482728286986e+01   8.117910976863e+00
 -1.415887185478e-03   -5.507279093172e-04  -5.749336609379e+01   8.117910976863e+00
 -2.627292693706e-01   -3.113645666806e-02  -5.895067403734e+01   8.117910976863e+00
 -5.519390560576e-01    1.068299861000e-02  -3.053549937889e+01  -2.968015341781e+00
 -1.664436851446e-02   -6.667192598052e-04  -3.378533411202e+01  -2.968015341781e+00
 -6.256631087592e-01    7.420655810103e-03  -3.428676471177e+01  -2.968015341781e+00
 -2.166702059206e-01    1.098538403662e-03  -8.443425433342e+01   5.912451727913e+00
 -9.825930884905e-04    6.208424489059e-04  -8.376285172601e+01   5.912451727913e+00
 -1.650385948843e-01    2.938840168587e-02  -8.356787821138e+01   5.912451727913e+00
 -2.191800321401e-01   -6.929208207351e-02  -7.866225496504e+01   1.655810140287e+01
 -3.866506620806e-04   -5.843973144410e-04  -7.860264523578e+01   1.655810140287e+01
 -1.299470898955e-03    3.939270732426e-04  -7.350558414392e+01   1.655810140287e+01
 -2.178985128398e-01   -7.016503850356e-02  -7.860672624539e+01   1.555265672039e+01
  2.544511936538e-04   -6.441117217204e-04  -8.321880014314e+01   1.555265672039e+01
 -1.050170464889e-03   -1.135602175089e-04  -7.865738575145e+01   1.555265672039e+01
 -2.190450060042e-01   -3.180696753112e-02  -5.435943499934e+01   6.438872774434e+00
 -3.570661170138e-04    3.165785201866e-04  -5.160779109254e+01   6.438872774434e+00
 -1.832676656378e-01   -2.460975980691e-02  -5.142845753291e+01   6.438872774434e+00
 -1.826533983979e-01   -7.948525068657e-02  -8.310793233952e+01   1.569920198625e+01
 -7.690440538456e-04   -1.107604356109e-03  -8.321999106465e+01   1.569920198625e+01
 -2.166743998946e-01   -6.980038999005e-02  -7.860869713071e+01   1.569920198625e+01
 -4.025514056628e-01   -3.093955597706e-02  -4.864856393880e+01   2.777610289718e+00
 -2.802429720402e-01   -2.004490261937e-02  -4.857597890722e+01   2.777610289718e+00
 -2.769736609492e-01   -1.025017053524e-02  -4.691843268026e+01   2.777610289718e+00
 -2.419406381245e-01   -3.942802728848e-02  -7.347031480227e+01   1.771170924825e+01
 -8.491319194506e-04   -6.975572376938e-04  -7.341806603033e+01   1.771170924825e+01
 -1.320048277294e-03    8.734847283261e-04  -6.798398483624e+01   1.771170924825e+01
 -3.504445561854e-01   -1.357908974873e-01  -8.217491941818e+01   1.040176280319e+01
 -2.183373562845e-01   -6.964210869646e-02  -7.864778481394e+01   1.040176280319e+01
 -4.089115532540e-01   -1.135167514760e-01  -7.782565006252e+01   1.040176280319e+01
 -2.173038460707e-01   -6.949710019973e-02  -7.865811058314e+01   9.918903319904e+00
 -3.513045618931e-01   -1.360018382999e-01  -8.216599781664e+01   9.918903319904e+00
 -1.823630526253e-01   -7.964422776768e-02  -8.307582009619e+01   9.918903319904e+00
 -5.311855777094e-01   -6.283305468082e-02  -7.259852988016e+01  -1.685018343197e+00
 -3.276704217452e-01   -4.919583301802e-02  -7.649217158891e+01  -1.685018343197e+00
 -5.170279692750e-01   -1.145858676397e-01  -7.686798612374e+01  -1.685018343197e+00
 -3.278389131730e-01   -4.861709220960e-02  -7.648638782243e+01  -2.619912889836e+00
 -4.291459078763e-01   -1.077450265774e-01  -7.979191533869e+01  -2.619912889836e+00
 -5.164925319336e-01   -1.149804684906e-01  -7.688272673158e+01  -2.619912889836e+00
 -5.156855457769e-01   -1.153427928312e-01  -7.688010932157e+01   3.981830223509e+00
 -4.711600996093e-01   -1.544939838863e-01  -8.091936634017e+01   3.981830223509e+00
 -4.097568630359e-01   -1.136393751909e-01  -7.784181609243e+01   3.981830223509e+00
 -4.096843476327e-01   -1.132524214830e-01  -7.780228235705e+01   5.193669578573e+00
 -4.491347941330e-01   -6.548111753486e-02  -7.306479520512e+01   5.193669578573e+00
 -5.160473455243e-01   -1.158019591860e-01  -7.692065387469e+01   5.193669578573e+00
 -4.101183608139e-01   -1.135560216044e-01  -7.786456239421e+01   1.109797285679e+01
 -2.174398970081e-01   -6.945327505528e-02  -7.860834094603e+01   1.109797285679e+01
 -2.407265137682e-01   -4.008005518103e-02  -7.347251952491e+01   1.109797285679e+01
 -3.510086569311e-01   -1.357873157741e-01  -8.211193527827e+01   5.226950349874e+00
 -4.083622718079e-01   -1.136737563213e-01  -7.787051888068e+01   5.226950349874e+00
 -4.724040502367e-01   -1.546155268310e-01  -8.088933826936e+01   5.226950349874e+00
 -2.404998989553e-01   -4.022395604017e-02  -7.341590994132e+01   1.172485867892e+01
 -2.505230934649e-01   -2.174902250372e-03  -6.796954483489e+01   1.172485867892e+01
 -4.510734636030e-01   -6.490982958188e-02  -7.305351498496e+01   1.172485867892e+01
 -2.404148565150e-01   -4.031601877288e-02  -7.342221494137e+01   1.896556147169e+01
 -2.179473613169e-01   -6.889978478240e-02  -7.866547371153e+01   1.896556147169e+01
 -2.523521990349e-03    6.978395081118e-05  -7.349283959392e+01   1.896556147169e+01
 -5.338227787531e-01   -6.252922893898e-02  -7.260809228693e+01   4.826121229008e+00
 -4.498777831252e-01   -6.464781291588e-02  -7.298686090460e+01   4.826121229008e+00
 -4.654785364187e-01   -5.190417242926e-03  -6.799463148815e+01   4.826121229008e+00
 -4.503005557644e-01   -6.527574486543e-02  -7.303508611822e+01   3.781931967630e+00
 -5.331529520069e-01   -6.193634265502e-02  -7.255967921449e+01   3.781931967630e+00
 -5.149419892310e-01   -1.157861013421e-01  -7.695165502504e+01   3.781931967630e+00
 -3.655540391995e-01   -2.067290896726e-02  -7.100232559276e+01  -1.960559385769e+00
 -5.320579891545e-01   -6.151475222917e-02  -7.257400410061e+01  -1.960559385769e+00
 -5.325032517305e-01   -5.118955618489e-03  -6.793062560994e+01  -1.960559385769e+00
 -5.327466291325e-01   -6.238155079957e-02  -7.257714876127e+01  -3.237040124696e+00
 -3.647167943750e-01   -1.988541277947e-02  -7.099950139322e+01  -3.237040124696e+00
 -3.253692064294e-01   -4.947411420837e-02  -7.652624789783e+01  -3.237040124696e+00
 -4.644344213064e-01   -4.559336682027e-03  -6.792341539120e+01   1.208772023759e+01
 -4.499104233186e-01   -6.473229523190e-02  -7.305994601430e+01   1.208772023759e+01
 -2.519638214045e-01   -2.152699109058e-03  -6.796543490650e+01   1.208772023759e+01
 -2.417745193850e-01   -4.022642740225e-02  -7.346288869464e+01   1.164360355703e+01
 -4.496876795869e-01   -6.511787458355e-02  -7.300999967235e+01   1.164360355703e+01
 -4.091767166986e-01   -1.132964809010e-01  -7.787381499041e+01   1.164360355703e+01
 -2.910086006753e-03    8.418622753726e-04  -6.797370249995e+01   1.987747712293e+01
 -2.498120868676e-01   -2.728827821054e-03  -6.791310243332e+01   1.987747712293e+01
 -2.406389446998e-01   -3.930379868343e-02  -7.347252998749e+01   1.987747712293e+01
 -3.649359825119e-01   -2.035131568278e-02  -7.101179939288e+01  -8.180674954216e+00
 -3.655209284378e-01    1.646969854755e-02  -6.476924601953e+01  -8.180674954216e+00
 -3.720555862513e-03    3.018104536178e-04  -6.702703067130e+01  -8.180674954216e+00
 -2.953263718313e-03   -8.337587089245e-04  -6.786838421144e+01   1.977518969139e+01
 -2.390102474358e-01    3.381692689891e-02  -6.242437445583e+01   1.977518969139e+01
 -2.497865315185e-01   -1.861293642291e-03  -6.794500329353e+01   1.977518969139e+01
 -1.264325356409e-01   -4.207414601277e-02  -8.889558208900e+01   1.483362172111e+00
 -2.289109494893e-01   -6.220629682759e-03  -8.898665184320e+01   1.483362172111e+00
 -1.180463240382e-01   -3.228748808891e-03  -8.966598603675e+01   1.483362172111e+00
 -2.289029839090e-01   -5.378412903041e-03  -8.898775537872e+01  -1.069560102520e+00
 -1.240739737795e-01    3.512312045803e-02  -8.893150500274e+01  -1.069560102520e+00
 -1.180273368822e-01   -3.462774106281e-03  -8.966512460171e+01  -1.069560102520e+00
 -1.485011799218e-03    4.979108183455e-04  -6.705073674378e+01  -9.129564770807e+00
 -8.097543768959e-04   -5.283212865892e-04  -7.664166668382e+01  -9.129564770807e+00
 -3.669927494421e-01   -2.065828761096e-02  -7.100331722831e+01  -9.129564770807e+00
 -2.218376101265e-01   -3.186488025998e-02  -5.436533700859e+01   7.401392213070e+00
 -1.849003318129e-03    1.408397564864e-05  -5.751151498978e+01   7.401392213070e+00
  3.503177591754e-04    1.025406250844e-05  -5.406786570906e+01   7.401392213070e+00
 -5.307411296182e-01   -1.098139510789e-03  -4.512533316181e+01   1.131003907403e+00
 -4.512993495451e-01   -8.741107466884e-03  -4.498389756346e+01   1.131003907403e+00
 -5.648581057663e-01   -5.552991160162e-03  -4.084947925845e+01   1.131003907403e+00
 -4.920641864299e-01   -4.791900765157e-02  -6.333375171120e+01  -4.113224566937e+00
 -4.287454137765e-01   -5.306772940594e-02  -6.312882486030e+01  -4.113224566937e+00
 -4.451727694370e-01    1.502497923232e-03  -6.813521935740e+01  -4.113224566937e+00
 -4.910184533865e-01   -4.770562678391e-02  -6.336039746822e+01   4.233854446571e+00
 -2.878260111937e-01   -1.366932719432e-02  -6.483868815137e+01   4.233854446571e+00
 -2.636487999935e-01   -3.205122176723e-02  -5.894895763913e+01   4.233854446571e+00
 -2.295432090208e-01   -3.380987616349e-02  -6.271616079108e+01  -1.880752286348e+01
 -2.317601222902e-03   -1.322388876094e-03  -6.271631267007e+01  -1.880752286348e+01
 -2.460141049520e-01    7.321145425591e-04  -6.822147818844e+01  -1.880752286348e+01
 -2.463492604724e-01    1.569658565379e-03  -6.815400241281e+01  -1.118016266279e+01
 -4.296819657142e-01   -5.339301997681e-02  -6.306619703524e+01  -1.118016266279e+01
 -2.297873209871e-01   -3.435293111689e-02  -6.275562386883e+01  -1.118016266279e+01
 -2.308825568757e-01   -3.439834613176e-02  -6.270887912222e+01  -1.086415749102e+01
 -4.284812216532e-01   -5.355656011699e-02  -6.310764130985e+01  -1.086415749102e+01
 -3.888173417764e-01   -9.650205190674e-02  -5.828129956076e+01  -1.086415749102e+01
 -3.194080525631e-03    9.680565667417e-06  -6.261381709101e+01  -1.783814936921e+01
 -2.290262671387e-01   -3.447129897147e-02  -6.274940752590e+01  -1.783814936921e+01
 -2.076166772197e-01   -6.056121411542e-02  -5.756613934737e+01  -1.783814936921e+01
 -4.915025203122e-01   -4.729168923168e-02  -6.337892389851e+01  -2.930712927691e+00
 -4.811457786008e-01   -9.200386723351e-02  -5.893711787675e+01  -2.930712927691e+00
 -4.290666689722e-01   -5.371021064119e-02  -6.308269609967e+01  -2.930712927691e+00
 -6.940660988665e-04   -9.410101099194e-05  -8.062471260776e+01   7.228903758744e+00
 -2.625784883452e-01    3.693082732419e-02  -7.736528737884e+01   7.228903758744e+00
 -2.061766826655e-01    3.997151389646e-02  -8.134184645551e+01   7.228903758744e+00
 -2.716684136593e-01   -1.026247308590e-01  -5.082361422170e+01  -4.169641154921e+00
 -3.303018859168e-01   -1.153657140059e-01  -5.412492998554e+01  -4.169641154921e+00
 -3.869522861555e-01   -1.214870948092e-01  -5.189203561608e+01  -4.169641154921e+00
 -4.822529054936e-01   -9.195562845836e-02  -5.896887035025e+01  -4.563098784809e+00
 -3.893781154125e-01   -9.636355321377e-02  -5.835302792697e+01  -4.563098784809e+00
 -4.278575803088e-01   -5.397121956831e-02  -6.305321274954e+01  -4.563098784809e+00
 -2.079019211115e-01   -6.117662149417e-02  -5.758475151644e+01  -9.611764395792e+00
 -3.885770832802e-01   -9.666664621486e-02  -5.832905500589e+01  -9.611764395792e+00
 -3.310848134105e-01   -1.152896152107e-01  -5.412002019772e+01  -9.611764395792e+00
 -2.069966396250e-01   -6.101116839539e-02  -5.762244316072e+01  -1.037357823355e+01
 -2.297007425107e-01   -3.429734690365e-02  -6.269835388229e+01  -1.037357823355e+01
 -3.897939958539e-01   -9.672011693550e-02  -5.829130977806e+01  -1.037357823355e+01
 -4.437005905650e-01   -1.232790375467e-01  -5.512578721558e+01  -4.670860184366e+00
 -3.316266216572e-01   -1.152432479041e-01  -5.418170749765e+01  -4.670860184366e+00
 -3.880136980386e-01   -9.683681614921e-02  -5.828561858846e+01  -4.670860184366e+00
 -1.658437531099e-03    3.228600464267e-04  -6.260181995798e+01  -1.567132384636e+01
 -2.089482369260e-01   -6.093186835692e-02  -5.756949911738e+01  -1.567132384636e+01
 -2.124767872416e-04   -5.158765567444e-04  -5.761568233355e+01  -1.567132384636e+01
 -4.820005502134e-01   -9.147110400017e-02  -5.900741242729e+01  -3.283528154185e+00
 -4.425211001829e-01   -1.232009733379e-01  -5.509468254089e+01  -3.283528154185e+00
 -3.893713098753e-01   -9.675724553417e-02  -5.831539584519e+01  -3.283528154185e+00
 -4.892417530585e-01   -4.817504843264e-02  -6.334381605834e+01   2.456976465623e+00
 -2.661491799495e-01   -3.176213706388e-02  -5.897733442242e+01   2.456976465623e+00
 -4.835999057338e-01   -9.073234117078e-02  -5.901646724820e+01   2.456976465623e+00
 -6.501954767418e-04    1.163970415477e-04  -7.258412991577e+01   9.492419241741e+00
 -1.206800169377e-03   -3.353624333412e-04  -6.713831772141e+01   9.492419241741e+00
 -2.859254764538e-01    1.466418631126e-02  -7.149341860574e+01   9.492419241741e+00
 -1.721978210914e-01   -6.868984016853e-02  -5.331688528477e+01  -9.156502418055e+00
 -2.069295136984e-01   -6.104602351419e-02  -5.757330786656e+01  -9.156502418055e+00
 -3.319010925571e-01   -1.154886849971e-01  -5.412974427713e+01  -9.156502418055e+00
 -2.076359733344e-01   -6.172924249823e-02  -5.762327711698e+01  -1.460366336437e+01
  1.108309854151e-04   -7.241917079525e-04  -5.312298587797e+01  -1.460366336437e+01
 -9.320153484453e-04   -6.341497299896e-05  -5.756240220660e+01  -1.460366336437e+01
 -1.005695590658e-03   -1.288316271410e-03  -5.312184279257e+01  -1.449321205018e+01
 -2.063930462835e-01   -6.134456615204e-02  -5.762059719292e+01  -1.449321205018e+01
 -1.723107080928e-01   -6.842795091283e-02  -5.328695851597e+01  -1.449321205018e+01
 -1.660122612751e-01    2.954910009695e-02  -8.355608370179e+01   5.527041079677e+00
  3.790415677421e-05    2.383405332194e-05  -8.378751069678e+01   5.527041079677e+00
 -5.408279736303e-04    5.148709747003e-05  -8.285622335734e+01   5.527041079677e+00
 -1.424888800594e-01   -6.154886519255e-02  -4.986548799811e+01  -9.839733353499e+00
  9.094195464926e-05   -9.295144091623e-05  -4.984267629223e+01  -9.839733353499e+00
 -1.375723023264e-03   -7.228982546305e-04  -5.303252108376e+01  -9.839733353499e+00
 -1.412064966966e-01   -6.079742699013e-02  -4.989625804536e+01  -7.922570786240e+00
  3.443667040502e-04    3.246743981613e-04  -4.754525458998e+01  -7.922570786240e+00
 -6.093404564298e-04   -4.919884672123e-04  -4.981187652877e+01  -7.922570786240e+00
 -1.829628131124e-01   -2.415181175857e-02  -5.142513121018e+01   6.091402720196e+00
 -4.309506661387e-04   -1.028307161596e-04  -5.159758469901e+01   6.091402720196e+00
  1.307039348395e-04    2.619267806681e-04  -4.869705929255e+01   6.091402720196e+00
 -1.416126430697e-01   -6.111706959392e-02  -4.986134216965e+01  -1.222005390363e+01
 -2.402390946508e-03   -1.278665112796e-03  -5.304526421797e+01  -1.222005390363e+01
 -1.715233153476e-01   -6.842189443366e-02  -5.331228947631e+01  -1.222005390363e+01
 -3.230856653591e-01    2.648114691553e-02  -4.873158879840e+01  -4.811272647253e+00
 -3.190594695089e-01    1.214335093817e-02  -4.677364263646e+01  -4.811272647253e+00
 -2.838087573658e-03    1.354986931226e-04  -4.873979291812e+01  -4.811272647253e+00
 -1.178894048924e-01   -3.367813340163e-02  -4.791503147856e+01  -4.382227612219e+00
 -1.407562360398e-01   -6.100144939877e-02  -4.987196771300e+01  -4.382227612219e+00
 -2.280487040743e-01   -5.982659396361e-02  -4.864705133940e+01  -4.382227612219e+00
 -2.720543314386e-01   -1.029727174382e-01  -5.078060641728e+01  -7.064473970555e+00
 -1.409308804662e-01   -6.075978557852e-02  -4.990665550306e+01  -7.064473970555e+00
 -1.720623731372e-01   -6.880148581528e-02  -5.327356459602e+01  -7.064473970555e+00
 -3.212799474617e-04   -1.052143960526e-03  -4.750746884458e+01  -1.114392431968e+00
 -1.113126074390e-01   -4.041593858924e-04  -4.717308711910e+01  -1.114392431968e+00
 -2.007951925906e-04    4.388666556178e-04  -4.691368755628e+01  -1.114392431968e+00
 -8.785607399195e-04   -1.296577884622e-03  -4.751811176365e+01  -3.264665489332e+00
 -1.176211894154e-01   -3.323134382895e-02  -4.790839578757e+01  -3.264665489332e+00
 -1.107540310541e-01   -2.934313185369e-04  -4.716681509081e+01  -3.264665489332e+00
 -2.137546206072e-01    9.519294567794e-04  -4.788301277389e+01  -1.135213799244e+00
 -1.107969783491e-01    5.090915185046e-04  -4.719181442052e+01  -1.135213799244e+00
 -1.175350663863e-01   -3.388528138944e-02  -4.788971120394e+01  -1.135213799244e+00
 -3.328252141340e-04   -6.122513942513e-04  -4.690088017392e+01   1.639158205648e+00
 -1.110743040233e-01    7.001889443961e-04  -4.718800499783e+01   1.639158205648e+00
 -1.194231944933e-01    3.514711221439e-02  -4.771768175535e+01   1.639158205648e+00
 -2.274055658856e-01   -5.976345195197e-02  -4.863832346572e+01  -5.032335332370e+00
 -1.414909405173e-01   -6.112551953000e-02  -4.988393223785e+01  -5.032335332370e+00
 -2.711224858164e-01   -1.025016792952e-01  -5.080447687288e+01  -5.032335332370e+00
 -1.180338193462e-01   -3.394629867199e-02  -4.790060194990e+01  -6.396114965417e+00
 -2.631056156110e-04    4.882810690315e-06  -4.755002929279e+01  -6.396114965417e+00
 -1.403925629429e-01   -6.047446000825e-02  -4.989141185268e+01  -6.396114965417e+00
 -1.730030036478e-01   -6.902500020448e-02  -5.328337361480e+01  -7.805081966060e+00
 -3.308006780762e-01   -1.152395381729e-01  -5.416021287335e+01  -7.805081966060e+00
 -2.712924045088e-01   -1.028012711911e-01  -5.077175905865e+01  -7.805081966060e+00
 -3.676939306233e-01    1.724601878915e-02  -6.477651290836e+01  -9.147846787512e+00
 -8.104554111603e-04    5.560193773952e-04  -5.764502140029e+01  -9.147846787512e+00
 -1.368564752018e-03   -3.631514104377e-04  -6.699981246533e+01  -9.147846787512e+00
 -4.829028292408e-01   -9.105490849808e-02  -5.900543760931e+01   3.409958552830e+00
 -2.665572519514e-01   -3.127328278343e-02  -5.897624737327e+01   3.409958552830e+00
 -3.920241081232e-01   -7.791090984525e-02  -5.567355995063e+01   3.409958552830e+00
 -3.240270603160e-01    2.706199177345e-02  -4.873832241830e+01  -4.966773768063e+00
 -1.655131825262e-03   -6.997247757799e-04  -4.875717222378e+01  -4.966773768063e+00
 -2.424259816345e-01    3.324465936401e-02  -5.174522424051e+01  -4.966773768063e+00
 -2.194825252822e-01   -3.209246412503e-02  -5.436432948021e+01   4.405528187760e+00
 -1.832245469622e-01   -2.449857539076e-02  -5.142762797580e+01   4.405528187759e+00
 -3.549049084615e-01   -6.736902239893e-02  -5.317121641827e+01   4.405528187760e+00
 -2.206388650022e-01   -3.198693222093e-02  -5.436019693245e+01   8.252383538268e+00
 -2.614554973426e-01   -3.139892284494e-02  -5.893746653289e+01   8.252383538268e+00
 -3.268227669842e-03    7.372556676110e-05  -5.751906805935e+01   8.252383538268e+00
 -3.933417723625e-01   -7.794076548903e-02  -5.570616251689e+01   1.945916545261e+00
 -3.541829925334e-01   -6.745763764127e-02  -5.316491432180e+01   1.945916545261e+00
 -4.193901388789e-01   -1.042467396509e-01  -5.272357650569e+01   1.945916545261e+00
 -3.542888433919e-01   -6.753358242547e-02  -5.315990849009e+01   4.657205813772e+00
 -3.931837701251e-01   -7.755059642356e-02  -5.570819636509e+01   4.657205813772e+00
 -2.203010715117e-01   -3.196915238904e-02  -5.438200047325e+01   4.657205813772e+00
 -3.658282907864e-01   -6.425205951801e-02  -5.128952596990e+01   2.340088613765e+00
 -4.193295063735e-01   -1.038886274427e-01  -5.273169533343e+01   2.340088613765e+00
 -3.541771230937e-01   -6.760488676713e-02  -5.315959642595e+01   2.340088613765e+00
 -3.947946443892e-01   -7.793510711717e-02  -5.572942986432e+01   1.285328166937e+00
 -4.181905814086e-01   -1.043420953709e-01  -5.269893018996e+01   1.285328166937e+00
 -4.437472118818e-01   -1.225541974722e-01  -5.515708015989e+01   1.285328166937e+00
 -3.537404206732e-01   -6.733388739224e-02  -5.316265389264e+01   4.253404728258e+00
 -1.846079413229e-01   -2.460451684798e-02  -5.144321017404e+01   4.253404728258e+00
 -3.665890199151e-01   -6.421218885232e-02  -5.129540547073e+01   4.253404728258e+00
 -2.194576367163e-01   -3.203696742100e-02  -5.436956130447e+01   4.478132600129e+00
 -3.940547085080e-01   -7.753869139577e-02  -5.570911772843e+01   4.478132600129e+00
 -2.629613777239e-01   -3.147256908952e-02  -5.893414229624e+01   4.478132600129e+00
 -2.822247797235e-01   -2.055698718518e-02  -4.858611184998e+01   4.991474953292e+00
 -1.827117111913e-01   -2.445884934351e-02  -5.142443542943e+01   4.991474953292e+00
 -5.003745084690e-04    5.310745320213e-04  -4.870769538961e+01   4.991474953292e+00
 -2.634009428443e-01   -9.862958244536e-03  -4.542143466792e+01   4.381236260869e+00
 -2.758242940271e-01   -1.008539861950e-02  -4.690311517690e+01   4.381236260869e+00
 -7.244814769430e-04    2.481761420934e-04  -4.513279493761e+01   4.381236260869e+00
 -4.509988895766e-01   -8.951443243657e-03  -4.500552693874e+01   2.685119979146e+00
 -2.766113672211e-01   -1.041384330121e-02  -4.691814065313e+01   2.685119979146e+00
 -2.634128382601e-01   -1.005479344291e-02  -4.542260507016e+01   2.685119979146e+00
 -2.810120239047e-01   -1.965599680554e-02  -4.859722245120e+01   3.162886863086e+00
 -4.021433119228e-01   -3.162662756839e-02  -4.862404173472e+01   3.162886863086e+00
 -3.652148375687e-01   -6.412498503964e-02  -5.127299572039e+01   3.162886863086e+00
 -5.192501477217e-01    2.396446846507e-03  -1.448383486194e+01   3.350351246508e+00
 -1.262615426100e-02    3.766323079631e-04  -1.080419331611e+01   3.350351246508e+00
 -6.239101131133e-01   -3.976339077605e-03  -1.107370107108e+01   3.350351246508e+00
 -4.227314353586e-01   -7.995271396768e-02  -5.042833762487e+01   2.082981155047e+00
 -4.183841092841e-01   -1.038117704241e-01  -5.272251421815e+01   2.082981155047e+00
 -3.666605123839e-01   -6.448938711978e-02  -5.130159730213e+01   2.082981155047e+00
 -4.788535580669e-01    3.226924959133e-03  -4.521486656046e+01  -2.621478782107e+00
 -3.200136921206e-01    1.220799307255e-02  -4.680224308667e+01  -2.621478782107e+00
 -4.343780692907e-01    3.592835781641e-02  -4.857861228257e+01  -2.621478782107e+00
 -2.804424852207e-01   -2.006206983324e-02  -4.857275440322e+01   4.159195866629e+00
 -3.664375272220e-01   -6.380012658924e-02  -5.129075629458e+01   4.159195866629e+00
 -1.844773218868e-01   -2.501061843590e-02  -5.143148938519e+01   4.159195866629e+00
 -1.720464119649e-04    1.498398570684e-04  -4.513384271417e+01   4.596723601585e+00
 -2.764046414966e-01   -1.003615743895e-02  -4.690038504030e+01   4.596723601585e+00
 -6.873857075148e-04    6.183810262290e-05  -4.662121138803e+01   4.596723601585e+00
 -4.659323518466e-03   -4.120957751280e-04  -4.225329994020e+01   3.543471009249e+00
 -5.715612567276e-01   -6.092472897219e-03  -4.090675192847e+01   3.543471009249e+00
 -2.629564027615e-01   -1.014387249998e-02  -4.544637930832e+01   3.543471009249e+00
 -3.390018545213e-01   -7.707483291967e-02  -4.971937009196e+01  -2.067749774885e+00
 -2.715939031007e-01   -1.025677842732e-01  -5.079947564774e+01  -2.067749774885e+00
 -3.867692756882e-01   -1.213168884931e-01  -5.191567147399e+01  -2.067749774885e+00
 -4.420569270900e-01   -1.228188451175e-01  -5.512773644704e+01  -9.900777174025e-01
 -4.193316813637e-01   -1.042720823038e-01  -5.273240668012e+01  -9.900777174025e-01
 -3.872398962559e-01   -1.213716362315e-01  -5.192050957856e+01  -9.900777174025e-01
 -2.133014782435e-01    1.227261417702e-03  -4.790337539623e+01  -1.029841667128e+00
 -2.271012384583e-01   -5.935261595991e-02  -4.864659028430e+01  -1.029841667128e+00
 -3.191271985800e-01    2.683112868122e-03  -4.884143366300e+01  -1.029841667128e+00
 -2.277880211958e-01   -5.958321517732e-02  -4.867378921061e+01  -2.980206163761e+00
 -2.706216811768e-01   -1.025458922113e-01  -5.077992660013e+01  -2.980206163761e+00
 -3.397288344066e-01   -7.700827871001e-02  -4.973629906207e+01  -2.980206163761e+00
 -3.183143464747e-01    2.590862618187e-03  -4.882579308887e+01  -7.302801094885e-01
 -2.279005248737e-01   -5.938311267777e-02  -4.866178429873e+01  -7.302801094885e-01
 -3.394718684843e-01   -7.689520897324e-02  -4.974925239413e+01  -7.302801094885e-01
 -2.274421268803e-01   -5.930571082058e-02  -4.866131921595e+01  -1.876218963406e+00
 -2.130586221656e-01    9.782392705471e-04  -4.787661448994e+01  -1.876218963406e+00
 -1.182085829494e-01   -3.402211723516e-02  -4.789842445507e+01  -1.876218963406e+00
 -3.855343868867e-01   -1.208045747805e-01  -5.189032866999e+01  -6.921345728694e-01
 -4.234636289142e-01   -8.001815310984e-02  -5.045527819453e+01  -6.921345728694e-01
 -3.407779204144e-01   -7.750021623948e-02  -4.977784811614e+01  -6.921345728694e-01
 -3.858839543462e-01   -1.214661379167e-01  -5.186460596060e+01  -3.060125492772e+00
 -3.315749448485e-01   -1.153719312279e-01  -5.415120383948e+01  -3.060125492772e+00
 -4.435527663020e-01   -1.230697153513e-01  -5.515705819769e+01  -3.060125492772e+00
 -4.219513636294e-01   -7.894890536437e-02  -5.042783699827e+01   2.003001932510e+00
 -4.032995788137e-01   -3.140732177444e-02  -4.864058831301e+01   2.003001932510e+00
 -4.629255559926e-01   -2.404692968333e-02  -4.835289520141e+01   2.003001932510e+00
 -3.870977243960e-01   -1.209660777859e-01  -5.191729357908e+01   1.376509365396e-01
 -4.192275820033e-01   -1.044004074909e-01  -5.272958578956e+01   1.376509365396e-01
 -4.218107958454e-01   -7.964938066411e-02  -5.041436949112e+01   1.376509365396e-01
 -4.185241405959e-01    4.247543757354e-02  -4.941133366350e+01   1.917909147843e-01
 -3.197987100541e-01    2.731059146118e-03  -4.886960748349e+01   1.917909147843e-01
 -4.107900194361e-01   -3.440859482372e-02  -4.942208179196e+01   1.917909147843e-01
 -3.189897442642e-01    2.079938874908e-03  -4.885447138641e+01  -3.243216655366e-01
 -3.391403676395e-01   -7.637496800789e-02  -4.974525784918e+01  -3.243216655366e-01
 -4.113774410474e-01   -3.415072221132e-02  -4.943757184144e+01  -3.243216655366e-01
 -4.637756539186e-01   -2.414342078578e-02  -4.836730237412e+01   2.648007180983e-01
 -4.123207529156e-01   -3.480025002488e-02  -4.944639205773e+01   2.648007180983e-01
 -4.211022970328e-01   -7.936551181422e-02  -5.041681521008e+01   2.648007180983e-01
 -4.646302447613e-01   -2.496396834581e-02  -4.836215238767e+01   7.841481400317e-01
 -4.858379319714e-01    5.064093745200e-03  -4.826157142508e+01   7.841481400317e-01
 -4.118693563671e-01   -3.364159696951e-02  -4.944987052349e+01   7.841481400317e-01
 -5.234999977250e-01   -4.231132340728e-03  -4.685905592781e+01   5.648133401165e-01
 -4.861249779219e-01    4.314157291126e-03  -4.826343222297e+01   5.648133401165e-01
 -4.638574013827e-01   -2.417105490243e-02  -4.834747877460e+01   5.648133401165e-01
 -4.103510208681e-01   -3.396608075980e-02  -4.940532017748e+01   5.069273514103e-01
 -3.408295601957e-01   -7.680683505096e-02  -4.977743611156e+01   5.069273514103e-01
 -4.233371292110e-01   -8.049432322883e-02  -5.045042710749e+01   5.069273514103e-01
 -3.656853934764e-01   -6.484229732325e-02  -5.127396445721e+01   1.793866749555e+00
 -4.019851948406e-01   -3.124882884853e-02  -4.861774492035e+01   1.793866749555e+00
 -4.236259254954e-01   -7.949350195364e-02  -5.044442807902e+01   1.793866749555e+00
 -2.132697311047e-01    1.459472152747e-03  -4.790202135654e+01   1.319114231481e+00
 -3.191630911698e-01    2.727187592038e-03  -4.884312250341e+01   1.319114231481e+00
 -2.313861417243e-01    6.288896036344e-02  -4.857215096773e+01   1.319114231481e+00
 -5.718100375879e-01   -1.222063970650e-03  -1.724812013519e+01  -2.931443358939e+00
 -1.645320651999e-02   -6.674765406558e-04  -1.755337006067e+01  -2.931443358939e+00
 -5.751219131359e-01   -1.460314387108e-03  -2.180903122304e+01  -2.931443358939e+00
 -3.941414801845e-01   -7.788577675237e-02  -5.572108929072e+01   2.313235162936e-01
 -4.443156402013e-01   -1.226652046606e-01  -5.516816785264e+01   2.313235162936e-01
 -4.801367902327e-01   -9.143912928703e-02  -5.897153572233e+01   2.313235162936e-01
 -4.117198906356e-01   -4.002091350346e-03   5.907347928923e-03  -4.010130395238e+00
 -5.584436764918e-04    5.425797852904e-05  -1.030390574297e-02  -4.010130395238e+00
 -2.107304862841e-03   -9.588243904868e-05  -2.928113514518e+00  -4.010130395238e+00
 -1.109180255350e-01    3.107930375189e-04  -4.719571891690e+01   1.346816227524e+00
 -2.137214251571e-01    1.660009573314e-03  -4.788432054389e+01   1.346816227524e+00
 -1.195307179456e-01    3.595512076048e-02  -4.771647306091e+01   1.346816227524e+00
 -1.815507028393e-01    7.252674708219e-02  -5.302031197508e+01   1.361762209191e+01
 -1.380187709164e-03    1.294841082004e-04  -5.727937222159e+01   1.361762209191e+01
 -1.139797890186e-04    3.911373956978e-04  -5.304698568924e+01   1.361762209191e+01
 -2.647337210697e-01   -1.038022465833e-02  -4.544303227280e+01   2.658152346088e+00
 -5.676475783928e-01   -5.841150049606e-03  -4.088299541379e+01   2.658152346088e+00
 -4.498411717881e-01   -8.852161008877e-03  -4.497521680389e+01   2.658152346088e+00
 -1.259353236855e-03   -3.824772409544e-04  -6.237078546405e+01   1.602674116617e+01
 -6.340826755141e-04    6.813993245888e-04  -5.736497422027e+01   1.602674116617e+01
 -2.149988182404e-01    6.100323472134e-02  -5.735666987588e+01   1.602674116617e+01
  2.115567044480e-04    2.037971432417e-04  -5.160102165970e+01   7.316338318903e+00
 -2.198469750406e-01   -3.168129636388e-02  -5.436311543960e+01   7.316338318903e+00
 -5.502978522328e-04   -7.458443171803e-05  -5.407003948541e+01   7.316338318903e+00
 -1.805382223974e-01    7.209572357850e-02  -5.301594241116e+01   1.627017541632e+01
 -2.132845933861e-01    6.132827310195e-02  -5.740446380298e+01   1.627017541632e+01
 -2.410058093788e-03    5.458415178308e-04  -5.729407831846e+01   1.627017541632e+01
 -2.429273736994e-03   -1.051138205134e-04  -6.238478895896e+01   1.859445457600e+01
 -2.139319462127e-01    6.072463021541e-02  -5.735172301474e+01   1.859445457600e+01
 -2.387842577347e-01    3.479839648545e-02  -6.247547407607e+01   1.859445457600e+01
 -8.909099432735e-04    3.360612847684e-04  -5.300269661146e+01   1.205076987449e+01
  4.157610399122e-04    2.200463834671e-04  -4.958074440274e+01   1.205076987449e+01
 -1.800286976052e-01    7.257645177739e-02  -5.306566122190e+01   1.205076987449e+01
 -5.619269258935e-01    1.249405237987e-02  -3.077974798615e+01   6.156855360910e-01
 -4.862342348178e-01    1.222044617274e-02  -3.106979055763e+01   6.156855360910e-01
 -4.394647170956e-01    7.546309471239e-03  -2.750809029972e+01   6.156855360910e-01
 -1.202334231582e-01    3.636566869704e-02  -4.770922137753e+01   8.340840181644e+00
 -1.437162696222e-01    6.046510519697e-02  -4.985849964376e+01   8.340840181644e+00
 -1.713395100940e-03    1.489317260420e-03  -4.953017710461e+01   8.340840181644e+00
 -3.837188477096e-04    4.937436498188e-04  -4.765600336886e+01   3.628937612756e+00
  1.479671113827e-04   -7.262207555714e-04  -4.689065035594e+01   3.628937612756e+00
 -1.200997846815e-01    3.532393790687e-02  -4.772410266711e+01   3.628937612756e+00
 -1.796446562730e-01    7.231490805889e-02  -5.302937675764e+01   7.469537150107e+00
 -1.442023858274e-01    6.086346911493e-02  -4.986416000870e+01   7.469537150107e+00
 -2.806725703824e-01    1.067509795229e-01  -5.070647708642e+01   7.469537150107e+00
 -1.789997661400e-01    7.217377003055e-02  -5.306222338820e+01   1.122006637113e+01
 -4.307701769120e-04    7.256274834693e-04  -4.958296727004e+01   1.122006637113e+01
 -1.444540043499e-01    6.087994008781e-02  -4.984229998258e+01   1.122006637113e+01
 -2.317087384079e-01    6.336598468205e-02  -4.856052102487e+01   5.474685968742e+00
 -2.797584401589e-01    1.063284828078e-01  -5.072859121992e+01   5.474685968742e+00
 -1.447992999804e-01    6.124670952514e-02  -4.983847001420e+01   5.474685968742e+00
 -2.137052975993e-01    6.136480409069e-02  -5.736002178059e+01   9.536306851306e+00
 -1.798050603941e-01    7.218322615059e-02  -5.306988702103e+01   9.536306851306e+00
 -3.452873779971e-01    1.202990780316e-01  -5.398502086734e+01   9.536306851306e+00
 -1.440185178821e-01    6.104528127047e-02  -4.982965480370e+01   4.630250301398e+00
 -1.197912982006e-01    3.569485370064e-02  -4.774375770657e+01   4.630250301398e+00
 -2.323729188302e-01    6.347069350140e-02  -4.856829638881e+01   4.630250301398e+00
 -9.519134214029e-04    1.032416017294e-03  -4.951874638549e+01   5.840446987092e+00
  6.635177488219e-05   -2.052749772477e-04  -4.766940751716e+01   5.840446987092e+00
 -1.209259987783e-01    3.665407834088e-02  -4.771272379742e+01   5.840446987092e+00
 -2.882870034813e-01    4.277305406498e-02  -5.474221591696e+01  -7.867746980802e+00
 -3.999762070744e-03   -1.340171466337e-04  -5.766111308714e+01  -7.867746980802e+00
 -3.328430878011e-01    3.956465403611e-02  -5.914814910027e+01  -7.867746980802e+00
 -3.441453298571e-01    1.200315342919e-01  -5.401526652778e+01   8.131072300264e+00
 -1.805592458337e-01    7.246998249333e-02  -5.304076498289e+01   8.131072300264e+00
 -2.799105707015e-01    1.066088997338e-01  -5.069738001822e+01   8.131072300264e+00
 -4.484842074791e-01    5.474192804409e-02  -6.283377289318e+01   1.200066971546e+01
 -4.644298584298e-01   -4.093404746445e-03  -6.794162462265e+01   1.200066971546e+01
 -2.519475619036e-01   -2.460673877450e-03  -6.789318979232e+01   1.200066971546e+01
 -4.482781651004e-01    5.510169469690e-02  -6.288354652979e+01   1.144829554664e+01
 -2.400539999679e-01    3.466419459904e-02  -6.243639167826e+01   1.144829554664e+01
 -4.057779941385e-01    1.001103149888e-01  -5.811349508752e+01   1.144829554664e+01
 -4.668951593410e-01   -3.769486912091e-03  -6.789171558131e+01   3.501809292593e+00
 -5.338914439694e-01    5.166946829792e-02  -6.319386494466e+01   3.501809292593e+00
 -5.323525853846e-01   -4.793841209797e-03  -6.793516147169e+01   3.501809292593e+00
 -3.667316840777e-01    1.666961853756e-02  -6.478084885475e+01  -2.006372742759e+00
 -5.324370379517e-01   -3.859899498010e-03  -6.790552656212e+01  -2.006372742759e+00
 -5.335629001379e-01    5.052822409280e-02  -6.325312272716e+01  -2.006372742759e+00
 -5.336357086353e-01   -4.498569904735e-03  -6.791818828698e+01  -3.316786255961e+00
 -3.654942718589e-01    1.725874784611e-02  -6.476660294544e+01  -3.316786255961e+00
 -3.644845713957e-01   -2.128568779394e-02  -7.101699614893e+01  -3.316786255961e+00
 -4.669559292206e-01   -4.940185949033e-03  -6.797379930838e+01   3.570126547971e+00
 -5.323250185168e-01   -4.203467985546e-03  -6.789718640559e+01   3.570126547971e+00
 -5.325180371909e-01   -6.264064296932e-02  -7.263460146217e+01   3.570126547971e+00
 -5.352268709841e-01    5.147908230619e-02  -6.322017530359e+01   4.833231586483e+00
 -4.653846376821e-01   -3.445560918719e-03  -6.787113988917e+01   4.833231586483e+00
 -4.485196209909e-01    5.460641345303e-02  -6.290702363773e+01   4.833231586483e+00
 -2.505076249803e-01   -2.392445865975e-03  -6.788838034719e+01   1.167273542489e+01
 -2.388288341105e-01    3.469048710422e-02  -6.248193219134e+01   1.167273542489e+01
 -4.496353090180e-01    5.487480349147e-02  -6.284087998819e+01   1.167273542489e+01
 -5.177598489664e-01    9.889728466225e-02  -5.897177121182e+01   3.881479546742e+00
 -4.063281297470e-01    1.004148201231e-01  -5.814628411945e+01   3.881479546742e+00
 -4.695500759292e-01    1.320181496728e-01  -5.507736696907e+01   3.881479546742e+00
 -4.067149074811e-01    1.003412620441e-01  -5.812330408985e+01   1.093607370442e+01
 -2.390044563131e-01    3.454742187147e-02  -6.242624856382e+01   1.093607370442e+01
 -2.136284468738e-01    6.132685566695e-02  -5.740795849965e+01   1.093607370442e+01
 -5.325096038673e-01    5.179516573271e-02  -6.323251887761e+01  -1.695344147070e+00
 -5.192510449624e-01    9.817092802934e-02  -5.898050175818e+01  -1.695344147070e+00
 -3.376006572449e-01    4.014488909147e-02  -5.917942341248e+01  -1.695344147070e+00
 -5.346372624870e-01    5.087805212397e-02  -6.326708150960e+01   3.648356188050e+00
 -4.488673518673e-01    5.523180500440e-02  -6.286033419731e+01   3.648356188050e+00
 -5.169514508755e-01    9.942663966357e-02  -5.890171105739e+01   3.648356188050e+00
 -3.449323241752e-01    1.199976332075e-01  -5.403896712205e+01   5.170303091877e+00
 -4.707283119717e-01    1.320862319959e-01  -5.510823964917e+01   5.170303091877e+00
 -4.049668930824e-01    1.004951473145e-01  -5.811664454620e+01   5.170303091877e+00
 -5.341594909337e-01    5.130186637376e-02  -6.325041718721e+01  -3.328485061977e+00
 -3.352184037022e-01    4.045771751611e-02  -5.915055134577e+01  -3.328485061977e+00
 -3.659970937273e-01    1.601826671426e-02  -6.478299866377e+01  -3.328485061977e+00
 -5.186515116524e-01    9.851483377613e-02  -5.896883110946e+01  -2.674826875898e+00
 -4.405802340338e-01    8.917521368605e-02  -5.583974334619e+01  -2.674826875898e+00
 -3.378645309197e-01    3.961521885835e-02  -5.918044284221e+01  -2.674826875898e+00
 -5.180473041321e-01    9.937515345386e-02  -5.893318388754e+01   5.175745801380e+00
 -4.476826440127e-01    5.549480815004e-02  -6.283056597935e+01   5.175745801380e+00
 -4.063056564409e-01    1.000172458654e-01  -5.818398792413e+01   5.175745801380e+00
 -2.146758552492e-01    6.153332756813e-02  -5.736999058733e+01   1.019896679074e+01
 -3.444832347951e-01    1.200968630379e-01  -5.397566737143e+01   1.019896679074e+01
 -4.054572149784e-01    1.002921360592e-01  -5.816074455715e+01   1.019896679074e+01
 -2.433536825070e-01    3.340479189123e-02  -5.175229797046e+01  -6.437839291606e+00
 -9.306632881552e-04   -3.027445306695e-04  -5.175168090267e+01  -6.437839291606e+00
 -2.876961971574e-01    4.264464204961e-02  -5.474812269928e+01  -6.437839291606e+00
 -4.048709104944e-01    1.294783463698e-01  -5.187581324196e+01   4.574223821437e+00
 -3.436447724474e-01    1.201206560655e-01  -5.398325537467e+01   4.574223821437e+00
 -2.803108061141e-01    1.065032677111e-01  -5.074493713795e+01   4.574223821437e+00
 -1.370901435208e-03   -8.444734395551e-04  -6.785770090062e+01   1.754493762266e+01
 -7.826833814825e-04    6.521411409425e-04  -6.246024979924e+01   1.754493762266e+01
 -2.403040702263e-01    3.391453275229e-02  -6.242694983617e+01   1.754493762266e+01
 -3.183421324797e-01    2.806771033032e-03  -4.882690594249e+01   1.086615607056e+00
 -3.482018710238e-01    8.339217692013e-02  -4.971786725924e+01   1.086615607056e+00
 -2.321902526502e-01    6.292699654276e-02  -4.858830114157e+01   1.086615607056e+00
 -1.201805657669e-01    3.605251566343e-02  -4.772857095069e+01   2.145139373633e+00
 -2.130392071350e-01    1.659033750831e-03  -4.787690613339e+01   2.145139373633e+00
 -2.316900290220e-01    6.288103675585e-02  -4.858475529755e+01   2.145139373633e+00
 -4.037991456952e-01    1.294594636257e-01  -5.184862506349e+01   3.532331423089e+00
 -4.705383614331e-01    1.318713732309e-01  -5.513887409592e+01   3.532331423089e+00
 -3.449095509571e-01    1.201227730231e-01  -5.400967498260e+01   3.532331423089e+00
 -2.802741818403e-01    1.064618093703e-01  -5.072135002092e+01   2.488377464946e+00
 -3.477704603796e-01    8.358103883983e-02  -4.968869741105e+01   2.488377464946e+00
 -4.046673865385e-01    1.293049662336e-01  -5.189831711890e+01   2.488377464946e+00
 -4.478975689641e-01    8.978596305786e-02  -5.050586180660e+01   1.036204624441e+00
 -4.034855377626e-01    1.288143184098e-01  -5.187444493390e+01   1.036204624441e+00
 -3.494911077721e-01    8.400606351211e-02  -4.974595246786e+01   1.036204624441e+00
 -4.051331762347e-01    1.293714186388e-01  -5.190283772267e+01   1.425811662293e+00
 -4.520072135363e-01    1.155381321043e-01  -5.282817484883e+01   1.425811662293e+00
 -4.690721706965e-01    1.316255637956e-01  -5.511079474169e+01   1.425811662293e+00
 -4.477310840445e-01    9.020315757058e-02  -5.049861918788e+01  -1.219556593951e-01
 -3.495829766740e-01    8.334522432115e-02  -4.974718980056e+01  -1.219556593951e-01
 -4.181191593212e-01    4.206030063611e-02  -4.939434061465e+01  -1.219556593951e-01
 -2.792987564745e-01    1.064174145398e-01  -5.070252741899e+01   3.307453885658e+00
 -2.320382614073e-01    6.312663351608e-02  -4.859911742649e+01   3.307453885658e+00
 -3.485009897527e-01    8.352681870917e-02  -4.970561080542e+01   3.307453885658e+00
 -3.226709737924e-01    2.671091211650e-02  -4.872613085470e+01  -2.655350333909e+00
 -4.355407766315e-01    3.643333400197e-02  -4.859124147027e+01  -2.655350333909e+00
 -3.189335418821e-01    1.191640597280e-02  -4.678684795211e+01  -2.655350333909e+00
 -5.760260194339e-01   -5.321401913727e-03  -4.091002971098e+01   3.479577343928e+00
 -3.218381649988e-03   -8.173617315815e-04  -4.220161902828e+01   3.479577343928e+00
 -5.512851708746e-03    6.435415950859e-04  -3.760051738085e+01   3.479577343928e+00
 -4.464099243235e-01    8.864063338086e-02  -5.047810871239e+01  -1.784755941001e+00
 -4.825349307394e-01    2.913025295744e-02  -4.845933586357e+01  -1.784755941001e+00
 -4.360638160115e-01    3.676384460793e-02  -4.860481274636e+01  -1.784755941001e+00
 -4.455369696501e-01    8.896036437084e-02  -5.046385680856e+01   2.859841761675e-02
 -4.200198205250e-01    4.301304518398e-02  -4.943360172555e+01   2.859841761675e-02
 -4.832581635628e-01    2.941202221186e-02  -4.847366503369e+01   2.859841761675e-02
 -4.839558116616e-01    2.897941622843e-02  -4.848102682949e+01   9.209227335510e-03
 -4.857553124624e-01    4.563381915664e-03  -4.826399273340e+01   9.209227335510e-03
 -5.241001417762e-01   -4.539588248016e-03  -4.685896343573e+01   9.209227335510e-03
 -4.518805025378e-01    1.156498237428e-01  -5.282482360350e+01   2.667568747635e-01
 -4.050361142096e-01    1.289954721467e-01  -5.190056475190e+01   2.667568747635e-01
 -4.462677686602e-01    8.940956832907e-02  -5.046665700215e+01   2.667568747635e-01
 -4.801054894526e-01    3.720879068702e-03  -4.522803514113e+01  -7.611498697738e-01
 -4.838585157886e-01    2.871524986635e-02  -4.849025384912e+01  -7.611498697738e-01
 -5.247603557415e-01   -4.288301794648e-03  -4.685676501627e+01  -7.611498697738e-01
 -4.840874598907e-01    3.030809212981e-02  -4.847406937276e+01  -3.840698714337e-01
 -4.196392251790e-01    4.179388564943e-02  -4.943447484973e+01  -3.840698714337e-01
 -4.858030206674e-01    3.565025355440e-03  -4.826587443514e+01  -3.840698714337e-01
 -3.479186976244e-01    8.286619419751e-02  -4.971497118034e+01   6.347069670327e-01
 -3.189584930540e-01    3.340733286537e-03  -4.885407816091e+01   6.347069670327e-01
 -4.191322779875e-01    4.225878974268e-02  -4.942732208468e+01   6.347069670327e-01
 -4.078452848068e-01    7.650117188012e-02  -5.147076732639e+01  -1.502625149045e+00
 -4.481554710347e-01    8.919040142882e-02  -5.049706909931e+01  -1.502625149045e+00
 -4.347317272278e-01    3.675132412601e-02  -4.858377475477e+01  -1.502625149045e+00
 -4.520252048957e-01    1.151862385855e-01  -5.282770414040e+01  -1.894584369012e+00
 -4.080966382547e-01    7.586166550996e-02  -5.148585354514e+01  -1.894584369012e+00
 -4.025899548795e-01    7.960687934322e-02  -5.339124319155e+01  -1.894584369012e+00
 -4.510857620465e-01    1.150935725185e-01  -5.281877165939e+01  -1.730477482795e+00
 -4.471643888809e-01    8.966488355812e-02  -5.047967555863e+01  -1.730477482795e+00
 -4.089050163311e-01    7.612072455521e-02  -5.149755228302e+01  -1.730477482795e+00
 -4.417150914395e-01    8.884574147286e-02  -5.587238643318e+01  -4.082221314464e+00
 -4.026949510539e-01    7.955287726181e-02  -5.339229714939e+01  -4.082221314464e+00
 -2.880977305179e-01    4.281834079814e-02  -5.476184548408e+01  -4.082221314464e+00
 -4.026401674856e-01    7.947785530957e-02  -5.339706656806e+01  -1.470342314824e+00
 -4.418107915727e-01    8.922087868806e-02  -5.587074117900e+01  -1.470342314824e+00
 -4.520142942511e-01    1.155284031004e-01  -5.281913787539e+01  -1.470342314824e+00
 -2.432986378759e-01    3.337952879276e-02  -5.175327382329e+01  -3.967102694230e+00
 -2.875601361106e-01    4.295373060334e-02  -5.474674432889e+01  -3.967102694230e+00
 -4.032458237212e-01    7.939139183971e-02  -5.340401189637e+01  -3.967102694230e+00
 -4.426245912691e-01    8.883201838103e-02  -5.587345797411e+01  -3.832059292382e+00
 -2.870755582839e-01    4.288291149961e-02  -5.475013885088e+01  -3.832059292382e+00
 -3.342511912731e-01    3.975226669478e-02  -5.914170089244e+01  -3.832059292382e+00
 -4.022179716128e-01    7.934818930701e-02  -5.339581954202e+01  -3.933150156702e+00
 -4.088510131306e-01    7.580905466514e-02  -5.149092990055e+01  -3.933150156702e+00
 -2.444621811421e-01    3.349263612825e-02  -5.176725702628e+01  -3.933150156702e+00
 -4.508363760694e-01    1.156213162513e-01  -5.279536793816e+01  -7.437263647858e-01
 -4.432417895537e-01    8.921397799985e-02  -5.589299532049e+01  -7.437263647858e-01
 -4.707722258236e-01    1.313694015272e-01  -5.513942613529e+01  -7.437263647858e-01
 -3.234297569459e-01    2.623393002848e-02  -4.874213705174e+01  -3.033146895742e+00
 -4.074538027504e-01    7.573821273687e-02  -5.147374426659e+01  -3.033146895742e+00
 -4.348851192073e-01    3.720748818501e-02  -4.858401661856e+01  -3.033146895742e+00
 -3.050172111475e-01    4.407475665338e-03  -4.512324174517e+01  -4.449770930086e+00
 -1.293717895678e-03   -2.225473734012e-04  -4.494369259746e+01  -4.449770930086e+00
 -3.190375376320e-01    1.189075715389e-02  -4.679748918032e+01  -4.449770930086e+00
 -3.048902559006e-01    4.400679431319e-03  -4.510545201448e+01  -2.474472785306e+00
 -4.791789863588e-01    3.555919691153e-03  -4.520311998147e+01  -2.474472785306e+00
 -4.210376464384e-01    5.582322296574e-03  -4.236465057401e+01  -2.474472785306e+00
 -1.272019111478e-03    2.317746101958e-04  -4.872300582547e+01  -4.568978490198e+00
 -3.203572492247e-01    1.207981897737e-02  -4.678747371322e+01  -4.568978490198e+00
 -2.719123713601e-04   -2.280373054154e-04  -4.493632377070e+01  -4.568978490198e+00
 -4.092108695778e-01   -3.900924226744e-03  -2.763237541124e-03  -1.351306663030e+00
 -4.855326536884e-01   -4.623771566809e-03  -3.191487345512e+00  -1.351306663030e+00
 -5.488907779846e-01   -1.250876676565e-03  -3.384985983072e-02  -1.351306663030e+00
  5.524270360011e-04    6.542269723011e-04  -8.337201716048e+01  -5.431355608402e+00
 -2.171438753224e-01   -3.763267699055e-02  -8.263841003587e+01  -5.431355608402e+00
 -8.719080853056e-04   -3.662919212416e-04  -8.230794178176e+01  -5.431355608402e+00
 -4.833187016002e-01    6.389260670914e-03  -3.774369154953e+01   3.690482874924e+00
 -5.716476396233e-01   -4.858103519006e-03  -4.089905300809e+01   3.690482874924e+00
 -8.263914348298e-03    7.401100315446e-04  -3.760086808706e+01   3.690482874924e+00
 -3.224767862613e-01    2.658642418088e-02  -4.872031663910e+01  -3.865533253304e+00
 -2.440291470832e-01    3.387046105393e-02  -5.175318097077e+01  -3.865533253304e+00
 -4.089227589200e-01    7.541901184999e-02  -5.148868939605e+01  -3.865533253304e+00
 -5.691521353070e-01   -9.820500024463e-04  -1.723960195881e+01  -7.441746996954e-02
 -5.240423024827e-01    2.387055548098e-03  -1.445487567550e+01  -7.441746996954e-02
 -5.016517964571e-01   -2.642996453383e-03  -1.388562218363e+01  -7.441746996954e-02
  3.649796419932e-04   -1.341671964720e-04  -5.172355823455e+01  -7.220015736134e+00
 -2.003646431589e-03    4.237574148211e-05  -5.762648532024e+01  -7.220015736134e+00
 -2.895940881873e-01    4.253455740567e-02  -5.475641394726e+01  -7.220015736134e+00
 -5.434814024103e-01    2.700075054031e-03  -3.830014154150e+01  -3.862206670583e+00
 -9.379886228711e-03    7.418511100144e-04  -4.195220187770e+01  -3.862206670583e+00
 -4.173718229313e-01    5.729862786154e-03  -4.233820495943e+01  -3.862206670583e+00
 -4.712836303275e-01    1.314807883913e-01  -5.514990899547e+01   3.432108564637e-01
 -4.426628540247e-01    8.915842478226e-02  -5.588528516643e+01   3.432108564637e-01
 -5.159426927889e-01    9.888326055120e-02  -5.893626861695e+01   3.432108564637e-01
 -4.862773958579e-01    4.302745471103e-03  -4.828390208563e+01   1.646877514417e-01
 -4.187310770882e-01    4.107492093341e-02  -4.942186315658e+01   1.646877514417e-01
 -4.109199500691e-01   -3.301129610916e-02  -4.943264456544e+01   1.646877514417e-01
 -2.319627244201e-03    5.993801735991e-04  -5.765715213411e+01  -7.578361016658e+00
 -3.662502924417e-01    1.724045394319e-02  -6.476988705224e+01  -7.578361016658e+00
 -3.340048942872e-01    3.919354166015e-02  -5.915253887751e+01  -7.578361016658e+00
 -5.657989066867e-01   -5.305962400290e-03  -4.082703456672e+01  -9.987503695395e-01
 -4.272004012647e-01    5.583104506899e-03  -4.235386054423e+01  -9.987503695395e-01
 -5.311435394377e-01   -1.279670970086e-03  -4.515811479499e+01  -9.987503695395e-01
 -4.904873169898e-01   -4.696649055777e-02  -6.336268271610e+01   3.001351603927e+00
 -4.865327266772e-01    1.739403109619e-03  -6.817445907843e+01   3.001351603927e+00
 -2.885247966576e-01   -1.428247351360e-02  -6.483907515974e+01   3.001351603927e+00
 -5.062929386746e-03   -2.219391524030e-04  -2.922847282836e+00  -3.682711056593e+00
 -4.868451867395e-01   -4.593191387143e-03  -3.169576628302e+00  -3.682711056593e+00
 -4.090263182689e-01   -3.961546492181e-03   1.333987225761e-02  -3.682711056593e+00
 -5.298035023756e-01   -1.333863960106e-03  -4.514434746837e+01  -6.902258203819e-01
 -4.802546437708e-01    3.861194915858e-03  -4.522228331161e+01  -6.902258203819e-01
 -5.243399325776e-01   -4.210526245134e-03  -4.685436095233e+01  -6.902258203819e-01
 -6.318884093514e-01   -4.930535382045e-03  -1.106981657085e+01  -2.809818604178e+00
 -5.202261451507e-01   -8.039593814560e-03  -6.603612548647e+00  -2.809818604178e+00
 -2.014766885905e-02    3.914082399391e-04  -1.021821951645e+01  -2.809818604178e+00
 -5.327025034318e-01   -1.242398531963e-03  -4.516302649889e+01  -7.972812918605e-01
 -4.247865096136e-01    5.541873188646e-03  -4.236209340521e+01  -7.972812918605e-01
 -4.772553247173e-01    3.640842818911e-03  -4.522158300508e+01  -7.972812918605e-01
 -4.212495860809e-01    5.424613203600e-03  -4.229320131020e+01  -8.411036302092e-01
 -5.696727087699e-01   -4.743397016766e-03  -4.081774013306e+01  -8.411036302092e-01
 -5.394484737275e-01    2.772062620729e-03  -3.827577153252e+01  -8.411036302092e-01
 -5.237941092206e-01   -4.339079859006e-03  -4.685392674503e+01   1.577394441920e+00
 -4.636889969247e-01   -2.415306458935e-02  -4.834838599708e+01   1.577394441920e+00
 -4.018166306626e-01   -3.107853072676e-02  -4.864092582135e+01   1.577394441920e+00
 -4.515950370850e-01   -8.671992127377e-03  -4.500032484382e+01   1.141163794759e+00
 -5.304766364128e-01   -1.123609115572e-03  -4.514448415488e+01   1.141163794759e+00
 -5.233108246749e-01   -4.568184550602e-03  -4.686776565950e+01   1.141163794759e+00
 -4.012830673110e-01   -3.063937947793e-02  -4.864844406094e+01   2.466883257007e+00
 -2.790602000630e-01   -1.069043451609e-02  -4.693202687193e+01   2.466883257007e+00
 -5.249650422372e-01   -4.829579186506e-03  -4.685717933613e+01   2.466883257007e+00
 -5.164745851624e-04    3.358233754938e-04  -4.660124701757e+01   4.703898668093e+00
 -2.824761845272e-01   -1.983172771607e-02  -4.858365899329e+01   4.703898668093e+00
 -6.485823926438e-04   -1.132486937086e-04  -4.869950214847e+01   4.703898668093e+00
 -2.811096930348e-01   -1.976906294709e-02  -4.857859407169e+01   4.726910831184e+00
 -1.491430082652e-03    4.130148054474e-04  -4.661044348659e+01   4.726910831184e+00
 -2.759123272199e-01   -1.030050409469e-02  -4.690953521434e+01   4.726910831184e+00
 -4.789434126277e-01    3.174248844608e-03  -4.522054971548e+01  -1.303922293369e+00
 -4.341468975390e-01    3.607686788230e-02  -4.857549849407e+01  -1.303922293369e+00
 -4.844233616857e-01    2.917962865299e-02  -4.849179461973e+01  -1.303922293369e+00
 -3.046799853048e-01    4.350956608064e-03  -4.511704258959e+01  -2.617996486910e+00
 -3.189809401936e-01    1.208064534561e-02  -4.680964318649e+01  -2.617996486910e+00
 -4.799237660639e-01    3.550906680637e-03  -4.521368599922e+01  -2.617996486910e+00
 -4.854536491344e-01   -4.050245886882e-03  -3.204014848481e+00  -4.281435568986e-01
 -5.227470098202e-01   -8.479429411883e-03  -6.792714833772e+00  -4.281435568986e-01
 -5.505271817323e-01   -7.029914787569e-03  -4.207826643759e+00  -4.281435568986e-01
 -7.882460107064e-03   -3.824176891888e-04  -3.374721147566e+01  -3.649752800570e+00
 -5.583504606068e-01    1.014863929104e-02  -3.061446456176e+01  -3.649752800570e+00
 -3.566767116092e-04   -3.202339504252e-04  -3.000049644026e+01  -3.649752800570e+00
 -1.497401899826e-02    2.456599927917e-04  -3.412095542592e+01   2.957356737186e+00
 -6.319768033624e-01    7.056657299685e-03  -3.432522549408e+01   2.957356737186e+00
 -4.843761940295e-01    6.017936377392e-03  -3.786709389318e+01   2.957356737186e+00
 -6.269299366217e-01    7.182705991622e-03  -3.433879124092e+01  -2.918882806797e+00
 -1.587604917218e-02   -3.060237837558e-04  -3.398129778616e+01  -2.918882806797e+00
 -5.419936967313e-01    2.308442291114e-03  -3.847230136095e+01  -2.918882806797e+00
 -4.981032175008e-01   -1.255289691247e-04  -1.964070381548e+01   7.655622455050e-01
 -5.795256709529e-01   -1.740653948809e-03  -2.165875467244e+01   7.655622455050e-01
 -4.966220813037e-01   -5.790387250422e-03  -2.373298396060e+01   7.655622455050e-01
 -5.019265718613e-01   -2.780274971093e-03  -1.389398388518e+01  -3.648234491059e+00
  1.867934371505e-04    6.008905862158e-05  -1.386184214654e+01  -3.648234491059e+00
 -5.971812735929e-03   -2.409964703287e-04  -1.738093863268e+01  -3.648234491059e+00
 -4.425865087303e-01    7.579643520621e-03  -2.745594498814e+01   9.936497541620e-01
 -5.786113158475e-01    7.630556183579e-03  -2.613594515814e+01   9.936497541620e-01
 -5.582303849273e-01    1.237582757626e-02  -3.079414671939e+01   9.936497541620e-01
 -5.747278931025e-01   -1.421219380269e-03  -2.144368011759e+01  -2.835663162744e+00
 -1.860615601158e-02    8.987425259330e-04  -2.606076164967e+01  -2.835663162744e+00
 -5.837334660697e-01    7.233534808037e-03  -2.611685681411e+01  -2.835663162744e+00
 -4.945823793750e-01   -1.032017492464e-04  -1.959411436451e+01   7.931470281384e-01
 -5.167843254375e-01    2.160572787454e-03  -1.443823980304e+01   7.931470281384e-01
 -5.742115548522e-01   -6.087173511742e-04  -1.722612695950e+01   7.931470281384e-01
 -5.850075389102e-01    8.117710916040e-03  -2.622007323689e+01  -2.759238933092e+00
 -1.686519222853e-02    1.183873309088e-04  -2.624545980718e+01  -2.759238933092e+00
 -5.530720529600e-01    1.116803226140e-02  -3.087984794116e+01  -2.759238933092e+00
 -5.557581876813e-01   -6.259235618494e-03  -4.208609911815e+00   3.595336482777e+00
 -5.559341310991e-03   -4.125009524202e-04  -7.001775545934e+00   3.595336482777e+00
 -3.467432744763e-03    5.594803959447e-04  -2.654495284281e+00   3.595336482777e+00
 -6.451546854556e-03    4.927392250004e-04  -6.449367087883e+00  -3.523962561919e+00
 -5.225974378158e-01   -7.584883907752e-03  -6.757640007128e+00  -3.523962561919e+00
 -4.862094703167e-01   -4.351952103464e-03  -3.178991580381e+00  -3.523962561919e+00
 -3.053363093638e-03    2.551305837347e-04  -6.452952276875e+00  -3.721364154883e+00
 -4.897820841853e-01   -4.459675725456e-03  -3.171629884301e+00  -3.721364154883e+00
 -2.487562527190e-03   -2.534774094340e-04  -2.946829922967e+00  -3.721364154883e+00
 -5.456876604240e-01   -1.098219966970e-03  -3.465347405909e-02  -4.808945792028e-01
 -4.888049440617e-01   -4.705750091071e-03  -3.175344881383e+00  -4.808945792028e-01
 -5.467951715187e-01   -6.062102091671e-03  -4.202853316948e+00  -4.808945792028e-01
  3.703211024930e-04   -1.231456746361e-04  -1.376366744586e+01  -3.646783245652e+00
 -5.011451293690e-01   -2.672364716879e-03  -1.406669118475e+01  -3.646783245652e+00
 -8.520244312704e-03   -2.766115139497e-05  -1.045113329368e+01  -3.646783245652e+00
 -5.271488065460e-01   -9.020273463090e-03  -6.793746717819e+00   3.640581456021e-01
 -6.204953864226e-01   -4.743294828038e-03  -1.113729626533e+01   3.640581456021e-01
 -4.802903507327e-01   -1.265745968286e-02  -8.088590269278e+00   3.640581456021e-01
 -5.263703144436e-01   -7.410460150909e-03  -6.686201634444e+00  -3.562437337979e+00
 -1.972228877717e-03    4.297131270262e-04  -6.512196106003e+00  -3.562437337979e+00
 -8.798136451116e-03    2.596658189647e-04  -1.020459280216e+01  -3.562437337979e+00
 -5.289876247990e-01   -9.085481288427e-03  -6.784217863558e+00   3.444098942417e-01
 -4.796022401008e-01   -1.270190381015e-02  -7.986415256500e+00   3.444098942417e-01
 -5.463846515083e-01   -7.084796871661e-03  -4.155919832655e+00   3.444098942417e-01
 -1.738840237030e-03   -2.292264764770e-04  -6.988141150252e+00   3.966252353898e+00
 -4.796115517767e-01   -1.169156308998e-02  -7.939324020905e+00   3.966252353898e+00
 -3.874977002185e-03    4.024229117831e-04  -1.064848758264e+01   3.966252353898e+00
 -1.178911105335e-02    7.409400325781e-04  -1.067251936517e+01   3.317914963908e+00
 -4.752958775669e-01   -1.183002670679e-02  -7.913555663680e+00   3.317914963908e+00
 -6.246499505498e-01   -4.306655733933e-03  -1.108262255061e+01   3.317914963908e+00
 -5.488799601777e-01    2.605590243263e-03  -3.833208568012e+01  -3.786641969962e+00
 -1.057996184450e-03   -3.649661343194e-04  -3.796348913872e+01  -3.786641969962e+00
 -5.173169039682e-03    4.472221574420e-04  -4.192885024569e+01  -3.786641969962e+00
 -4.884497057437e-01    5.819111351054e-03  -3.777716900144e+01   4.154679401834e-01
 -5.451711450814e-01    2.580918223927e-03  -3.830816122124e+01   4.154679401834e-01
 -5.646528042611e-01   -4.546259730608e-03  -4.090161261841e+01   4.154679401834e-01
 -1.954796661519e-03   -9.082873347519e-05  -2.978330013634e+01   3.827679033260e+00
 -4.917976953542e-01    1.168407310975e-02  -3.091879981499e+01   3.827679033260e+00
 -5.337449149271e-03   -8.377642208584e-05  -3.399828783078e+01   3.827679033260e+00
 -5.440600026204e-01    2.359528167736e-03  -3.830512927805e+01   5.681832485210e-01
 -4.903918529672e-01    5.786653184046e-03  -3.769500253120e+01   5.681832485210e-01
 -6.226606447387e-01    7.023043309674e-03  -3.429836688566e+01   5.681832485210e-01
 -4.885147118626e-01    6.498011716899e-03  -3.780286742074e+01   3.710734218589e+00
 -1.548286340761e-03    4.295589339670e-04  -3.759807456783e+01   3.710734218589e+00
 -6.076037260419e-03    1.411790445946e-04  -3.415191747064e+01   3.710734218589e+00
 -5.133561738902e-03    1.585840533288e-04  -1.081423273490e+01   3.973582921256e+00
 -5.248100542150e-01    2.358465118366e-03  -1.446645498901e+01   3.973582921256e+00
 -5.654112871125e-04   -1.497213894749e-05  -1.509438735404e+01   3.973582921256e+00
 -8.049609792888e-04   -1.795313226573e-04  -3.791102426105e+01  -3.780693671319e+00
 -5.480753119494e-01    2.216015309152e-03  -3.841751300878e+01  -3.780693671319e+00
 -7.245699838738e-03   -1.986031949759e-04  -3.399489077615e+01  -3.780693671319e+00
 -5.029264469473e-01   -2.532451324023e-03  -1.394030157659e+01  -3.242960721001e-01
 -5.221431563619e-01    2.455391140126e-03  -1.433197148544e+01  -3.242960721001e-01
 -6.207339194279e-01   -4.018983157596e-03  -1.104633647578e+01  -3.242960721001e-01
 -1.862680252473e-02   -7.835206729211e-06  -1.041034881333e+01  -2.569481013374e+00
 -4.954212290652e-01   -2.477092516087e-03  -1.417359228855e+01  -2.569481013374e+00
 -6.329705748482e-01   -4.474296783982e-03  -1.110415765303e+01  -2.569481013374e+00
 -4.975069150792e-01   -2.681147682855e-03  -1.379465752176e+01  -2.852843620842e+00
 -1.362911751684e-02   -5.823162827928e-04  -1.741083955661e+01  -2.852843620842e+00
 -5.740518863935e-01   -1.326096261770e-03  -1.718271719701e+01  -2.852843620842e+00
 -4.984026217961e-01   -4.057064565700e-04  -1.964146908819e+01   3.918461943750e+00
 -4.969889888445e-01   -5.374701194754e-03  -2.372694647973e+01   3.918461943750e+00
 -7.428764037969e-03    4.204389855880e-05  -2.258964989852e+01   3.918461943750e+00
 -5.822523233083e-01   -1.429807855340e-03  -2.171247884517e+01  -3.425817282899e+00
 -8.154215209883e-03   -3.957011092423e-04  -1.759436858718e+01  -3.425817282899e+00
 -1.203866027762e-03    1.726717012189e-04  -2.179977347041e+01  -3.425817282899e+00
 -9.620852080590e-04    7.937255891497e-05  -1.511294591002e+01   3.970247523056e+00
 -5.232788454785e-01    2.124563692623e-03  -1.444392436283e+01   3.970247523056e+00
 -4.460478147031e-03   -1.784422360944e-04  -1.871017554309e+01   3.970247523056e+00
 -4.895985102059e-01    1.242210290726e-02  -3.109687711724e+01   7.311158852938e-01
 -5.551659381636e-01    1.174308985231e-02  -3.072142245286e+01   7.311158852938e-01
 -6.208478273588e-01    7.188532052358e-03  -3.428146515743e+01   7.311158852938e-01
 -1.570676390343e-02    4.724378238324e-06  -3.399474119419e+01   3.119427441291e+00
 -4.850377658348e-01    1.172827763309e-02  -3.087181914369e+01   3.119427441291e+00
 -6.309682268428e-01    7.313336306275e-03  -3.428642960285e+01   3.119427441291e+00
 -4.774993139302e-03   -3.187051191095e-04  -2.973063159952e+01   3.884856856706e+00
 -4.344691952977e-01    6.730876675286e-03  -2.755553928718e+01   3.884856856706e+00
 -4.890647243291e-01    1.208533528164e-02  -3.096262144326e+01   3.884856856706e+00
 -4.360465798227e-01    5.811680982984e-03  -2.759626601102e+01   4.236076811602e+00
 -1.355520602993e-03    1.019924689902e-05  -2.972247243238e+01   4.236076811602e+00
 -1.708981202875e-03   -3.884393990227e-04  -2.664350554872e+01   4.236076811602e+00
 -2.644940503416e-03    1.983370584503e-04  -2.257543053351e+01   3.965132656265e+00
 -5.014475974751e-01   -5.490648705553e-03  -2.373603940429e+01   3.965132656265e+00
 -2.968716000199e-03   -1.712584407991e-04  -2.663711291023e+01   3.965132656265e+00
 -4.995691849639e-01   -6.236156004408e-03  -2.380581073473e+01   6.972722638755e-01
 -5.752645704547e-01   -1.758316241049e-03  -2.155262481690e+01   6.972722638755e-01
 -5.798001731487e-01    6.868597187174e-03  -2.610279778448e+01   6.972722638755e-01
 -9.117891738558e-03    5.761181262139e-04  -2.602440981462e+01  -3.428193764762e+00
 -5.820903528836e-01   -1.070827716551e-03  -2.154360220001e+01  -3.428193764762e+00
 -1.012527462906e-03   -4.733847114499e-06  -2.189857203363e+01  -3.428193764762e+00
 -1.621651255070e-04   -5.932005938538e-04  -2.990933692313e+01  -3.652859997213e+00
 -5.585279623614e-01    1.041807492803e-02  -3.076873955571e+01  -3.652859997213e+00
 -7.695597173300e-03    1.304461833863e-05  -2.626603044809e+01  -3.652859997213e+00
 -4.964757945180e-01   -5.785848129067e-03  -2.376141408380e+01   3.961486985669e+00
 -4.312647169575e-01    5.783173058228e-03  -2.760289232986e+01   3.961486985669e+00
 -6.967806734973e-03   -5.033869718174e-04  -2.664711415450e+01   3.961486985669e+00
 -4.944344551996e-01   -6.248244583552e-03  -2.378230481865e+01   1.275804868807e+00
 -5.836565054223e-01    7.328392770575e-03  -2.608826750243e+01   1.275804868807e+00
 -4.331147632608e-01    6.533410192301e-03  -2.755288037676e+01   1.275804868807e+00
 -5.016641926282e-01   -5.038325954115e-04  -1.963442461204e+01   3.916330180436e+00
 -3.355236087635e-03   -4.148518844292e-05  -2.259560721656e+01   3.916330180436e+00
 -2.615015258260e-03   -1.045830427307e-04  -1.869612100764e+01   3.916330180436e+00
 -5.182337439774e-01    2.125999923425e-03  -1.443664543125e+01   3.833047517459e+00
 -4.943658122171e-01   -2.745246208404e-04  -1.960491315158e+01   3.833047517459e+00
 -9.035760499746e-03   -2.643962752115e-04  -1.870914871317e+01   3.833047517459e+00
 -5.749424875784e-01   -1.578572848433e-03  -2.174963940052e+01   6.900484563726e-01
 -5.015491462448e-01    9.303716911242e-05  -1.958821667559e+01   6.900484563726e-01
 -5.692597548688e-01   -7.468342293810e-04  -1.724554199287e+01   6.900484563726e-01
