
  1.821379827481e-03   -2.183973100017e-03   2.284873818375e+02  -1.286622394950e+01
  5.817407402130e-01   -1.987209043174e-03   2.302244855650e+02  -1.286622394950e+01
 -3.118522279063e-04    8.916958397828e-04   2.291280606170e+02  -1.286622394950e+01
  7.029410310151e-01   -9.987309671122e-02   2.114769512661e+02  -2.336841354513e+01
 -5.387033527082e-04   -5.969421494491e-06   2.201991860639e+02  -2.336841354513e+01
  1.981936160460e-03    3.711739808740e-05   2.111657109522e+02  -2.336841354513e+01
  5.812758578979e-01    1.250533025946e-03   2.302413984396e+02  -1.347084770585e+01
  9.463620756199e-01   -1.974970882037e-01   2.298769507904e+02  -1.347084770585e+01
  1.016364305111e+00   -2.532884522750e-03   2.332590590099e+02  -1.347084770585e+01
  9.501470005861e-01   -1.958315005247e-01   2.298199421113e+02  -1.275263461455e+01
  5.781770410870e-01   -4.602440441585e-04   2.303279709244e+02  -1.275263461455e+01
  4.430747455456e-01   -7.854210914179e-02   2.279051075015e+02  -1.275263461455e+01
  1.180170769314e+00   -2.436710660731e-01   2.350613574408e+02  -8.967471381338e+00
  1.016779790231e+00   -2.427707942412e-03   2.333636440954e+02  -8.967471381338e+00
  9.468893669265e-01   -1.991699377409e-01   2.298142123216e+02  -8.967471381338e+00
  1.487747342102e+00    1.543509055851e-02   1.138463150064e+01  -9.878539191138e+00
  2.015075379871e-02   -1.302115486322e-03   7.071619321546e+00  -9.878539191138e+00
  1.092632901347e+00   -1.541208618680e-02  -7.062515976246e-02  -9.878539191138e+00
  4.441488080989e-01   -7.730411501130e-02   2.278892165814e+02  -1.233718369286e+01
  9.077364112522e-01   -2.174062051257e-01   2.254874652693e+02  -1.233718369286e+01
  9.500582127157e-01   -1.970714851897e-01   2.297958432575e+02  -1.233718369286e+01
  1.411204207067e+00    1.357406106311e-02   1.288201108414e+02  -5.600719150958e+00
  7.509344289484e-01    3.014596847679e-02   1.290086742228e+02  -5.600719150958e+00
  1.209317041991e+00    2.274610968687e-02   1.236961208598e+02  -5.600719150958e+00
  5.475103127723e-01   -1.066666530645e-01   2.220492289149e+02  -1.178083920962e+01
  7.034721971630e-01   -1.004353604839e-01   2.114683463710e+02  -1.178083920962e+01
  1.027313372010e+00   -2.443804013759e-01   2.194312664404e+02  -1.178083920962e+01
  1.976397239541e-03    4.458282349993e-04   2.260361895045e+02  -1.685168203153e+01
  5.457766943440e-01   -1.061231333526e-01   2.220854911542e+02  -1.685168203153e+01
  4.426657860838e-01   -7.790887602492e-02   2.279466042355e+02  -1.685168203153e+01
  9.090150522041e-01   -2.175822561632e-01   2.254684991030e+02  -6.090913424759e+00
  1.025480619205e+00   -2.457189242069e-01   2.194396820382e+02  -6.090913424759e+00
  1.116899401596e+00   -3.279768372271e-01   2.278696952718e+02  -6.090913424759e+00
  1.025332844453e+00   -2.445236209278e-01   2.194447939527e+02  -1.264453633460e+01
  9.089638328754e-01   -2.178323813261e-01   2.254764630498e+02  -1.264453633460e+01
  5.496269610208e-01   -1.065285122442e-01   2.220153156906e+02  -1.264453633460e+01
  1.190394517948e+00   -3.717702803107e-01   2.218313726336e+02  -3.932021431399e+00
  1.113827879748e+00   -3.281913893254e-01   2.279392114823e+02  -3.932021431399e+00
  1.029387499914e+00   -2.456942976173e-01   2.193756662169e+02  -3.932021431399e+00
  9.088340585898e-01   -2.179064889694e-01   2.254724543404e+02  -7.723331405812e+00
  1.117056623127e+00   -3.272220779079e-01   2.278698744746e+02  -7.723331405812e+00
  9.481759345778e-01   -1.975239182100e-01   2.298368737494e+02  -7.723331405812e+00
  1.191607435566e+00   -3.721030134980e-01   2.217933105243e+02  -1.004872516604e+00
  1.028121928272e+00   -2.454422671123e-01   2.194094256852e+02  -1.004872516604e+00
  1.277605291125e+00   -2.780672381437e-01   2.114000508569e+02  -1.004872516604e+00
  5.474535314639e-01   -1.070326333982e-01   2.220699702086e+02  -1.211056494094e+01
  9.103273761702e-01   -2.173087257150e-01   2.254475660509e+02  -1.211056494094e+01
  4.415107827535e-01   -7.731534282031e-02   2.279573898663e+02  -1.211056494094e+01
  2.080063015747e-03   -5.889863837751e-04   1.840470725127e+02  -2.574780083873e+01
  1.206320683625e-03    1.053913243039e-03   1.580522650130e+02  -2.574780083873e+01
  7.750381166033e-01    3.677724694489e-02   1.779080619236e+02  -2.574780083873e+01
  1.177130755163e+00   -2.442953602055e-01   2.350512051022e+02  -7.784112445840e+00
  9.500972984607e-01   -1.980295432930e-01   2.297921187721e+02  -7.784112445840e+00
  1.114714429649e+00   -3.272873624271e-01   2.278993170670e+02  -7.784112445840e+00
  1.309306297497e+00   -5.023122459468e-03   2.385844411621e+02  -5.031759527011e+00
  1.173566486711e+00   -2.419128009384e-01   2.350519638177e+02  -5.031759527011e+00
  1.213547889466e+00   -1.069716711522e-01   2.402637180537e+02  -5.031759527011e+00
  1.306219005837e+00   -1.333324558864e-03   2.385332342670e+02  -1.113621612127e+01
  1.019680999613e+00   -1.333821518099e-03   2.333354752524e+02  -1.113621612127e+01
  1.176651912363e+00   -2.436513809264e-01   2.350989678847e+02  -1.113621612127e+01
  1.310942233992e+00   -4.978995047022e-03   2.386312704912e+02  -5.220985625414e+00
  1.212535795177e+00   -1.057649241360e-01   2.402611853339e+02  -5.220985625414e+00
  1.451715798876e+00    1.736063860155e-03   2.425647140987e+02  -5.220985625414e+00
  1.208099765352e+00   -1.023041176716e-01   2.402669369226e+02  -2.877196887664e+00
  1.180155729256e+00   -2.455902648927e-01   2.350302166286e+02  -2.877196887664e+00
  9.788415473540e-01   -2.306214093436e-01   2.377056660175e+02  -2.877196887664e+00
  9.371427130257e-01    1.761585658568e-02   2.403689893008e+02   3.944162126567e-01
  1.211036794420e+00   -1.027436996876e-01   2.401697383931e+02   3.944162126567e-01
  9.740694587357e-01   -2.288918718104e-01   2.377804349812e+02   3.944162126567e-01
  1.209632104900e+00   -9.898872915671e-02   2.402301397504e+02  -1.681546550548e+00
  1.228928122150e+00    1.270195924272e-01   2.401262017990e+02  -1.681546550548e+00
  1.452983315596e+00   -4.492775656369e-03   2.425573252311e+02  -1.681546550548e+00
  1.180121822205e+00   -2.446969538166e-01   2.350111836200e+02   5.413708933645e-01
  1.061287525873e+00   -3.657968179302e-01   2.311575915430e+02   5.413708933645e-01
  9.787871535724e-01   -2.322938438982e-01   2.377157598188e+02   5.413708933645e-01
  8.212585974996e-01   -1.207237929724e-02   1.239634723092e+02   1.048428016949e+01
  1.130587397034e+00   -1.622178518762e-02   1.164057791888e+02   1.048428016949e+01
  1.232201440721e-02   -1.200686751141e-03   1.150934796447e+02   1.048428016949e+01
  7.576959720390e-01   -3.005454640498e-01   2.343187554172e+02   1.095500889393e+01
  1.065462557105e+00   -3.675339990909e-01   2.311654826883e+02   1.095500889393e+01
  9.009156104331e-01   -3.393710095935e-01   2.250283671658e+02   1.095500889393e+01
  1.065918265412e+00   -3.662658831320e-01   2.311013965162e+02  -1.901583559536e+00
  1.174985429170e+00   -2.437152979424e-01   2.350956201114e+02  -1.901583559536e+00
  1.117013351090e+00   -3.284677860753e-01   2.278662924722e+02  -1.901583559536e+00
  3.374904243157e-01   -9.443462494442e-02   2.425234406076e+02   1.211296558912e+01
  6.535050174281e-01   -1.709378936989e-01   2.405422744866e+02   1.211296558912e+01
  3.948702299354e-01   -1.762744492898e-01   2.369820434647e+02   1.211296558912e+01
  6.529918123752e-01   -1.701827032739e-01   2.404698977051e+02   7.905151883881e+00
  9.754068985825e-01   -2.305190465221e-01   2.378033914167e+02   7.905151883881e+00
  7.546033884509e-01   -3.003371142997e-01   2.344365084300e+02   7.905151883881e+00
  7.561795837449e-01   -3.001415741072e-01   2.343710819796e+02   1.347081702517e+01
  3.969751860211e-01   -1.766267392886e-01   2.369484847143e+02   1.347081702517e+01
  6.517087801659e-01   -1.707871842389e-01   2.405672326973e+02   1.347081702517e+01
  6.531071434297e-01   -1.696587300361e-01   2.404968559570e+02   1.628515473987e+00
  9.350719505490e-01    1.900054119132e-02   2.404463030366e+02   1.628515473987e+00
  9.750195714033e-01   -2.301677240297e-01   2.377745683317e+02   1.628515473987e+00
  1.189904284398e+00   -3.731414497350e-01   2.218226274887e+02   7.750372117827e+00
  9.045318034092e-01   -3.393912297059e-01   2.249587696428e+02   7.750372117827e+00
  1.062345673957e+00   -3.674884568511e-01   2.312370851989e+02   7.750372117827e+00
  7.573408675049e-01   -3.003527049357e-01   2.343823460811e+02   4.786790846873e+00
  9.733743959712e-01   -2.308406282134e-01   2.378528478405e+02   4.786790846873e+00
  1.065111171568e+00   -3.671491628316e-01   2.311021772785e+02   4.786790846873e+00
  1.185611839638e+00   -3.724575562889e-01   2.218996760232e+02   1.761310607330e+00
  1.066181449657e+00   -3.672979864031e-01   2.310889282458e+02   1.761310607330e+00
  1.117369741335e+00   -3.280071263054e-01   2.278624987161e+02   1.761310607330e+00
  6.519874172950e-01   -1.694128281246e-01   2.405026223043e+02   4.951486015775e+00
  3.382892340219e-01   -9.546516009626e-02   2.425709377955e+02   4.951486015775e+00
  6.190477811571e-01    1.427185514202e-02   2.426795392909e+02   4.951486015775e+00
  1.284572919968e+00   -2.771252611469e-01   2.113032468824e+02  -8.589248767017e+00
  1.022598555330e+00   -2.452470533217e-01   2.195324939703e+02  -8.589248767017e+00
  7.118802538305e-01   -1.000679876295e-01   2.113481019011e+02  -8.589248767017e+00
  1.475375748383e+00    1.581945502792e-02   1.143821932110e+01  -3.895080481706e+00
  1.098214292089e+00   -1.520806315471e-02   7.385775691365e-03  -3.895080481706e+00
  1.484199091617e+00    3.629268151664e-03   1.397693657236e-01  -3.895080481706e+00
  1.308931007318e+00   -1.492079842265e-01   1.997667244893e+02  -8.080297788519e+00
  7.648828363378e-01   -4.366914244322e-02   1.957865267778e+02  -8.080297788519e+00
  1.304084468281e+00   -1.520689587619e-02   1.868316168630e+02  -8.080297788519e+00
  1.306025439075e+00   -1.524069054802e-01   1.998305270755e+02  -6.228680149323e+00
  1.286244874227e+00   -2.761588164325e-01   2.112591998448e+02  -6.228680149323e+00
  7.110229439687e-01   -1.015577825493e-01   2.113717038578e+02  -6.228680149323e+00
  1.190417450253e+00   -3.736469561013e-01   2.219141168562e+02   1.229743531327e+01
  1.044837957718e+00   -2.861423105665e-01   2.134591338949e+02   1.229743531327e+01
  9.046383760935e-01   -3.390604145391e-01   2.248712363754e+02   1.229743531327e+01
  1.048608642944e+00   -2.860407443663e-01   2.133806005795e+02   8.832986004490e+00
  1.187080034902e+00   -3.733442584250e-01   2.219969060540e+02   8.832986004490e+00
  1.282620432072e+00   -2.782859462287e-01   2.112981841991e+02   8.832986004490e+00
  1.148403779016e+00   -1.676099123645e-01   2.005155219289e+02   1.208677097018e+01
  1.048437748296e+00   -2.850037011393e-01   2.132709439763e+02   1.208677097018e+01
  1.283501158269e+00   -2.795150928176e-01   2.114093569185e+02   1.208677097018e+01
  5.554360796631e-01   -1.735144007769e-01   2.153020942002e+02   2.645406220931e+01
  9.033263809255e-01   -3.392121482054e-01   2.250473224988e+02   2.645406220931e+01
  1.046313307344e+00   -2.856739419080e-01   2.133323649874e+02   2.645406220931e+01
  1.280506498038e+00   -2.794635815263e-01   2.114943323660e+02   8.049035037353e+00
  1.311769290314e+00   -1.501819546444e-01   1.997128900115e+02   8.049035037353e+00
  1.151586847168e+00   -1.670427218004e-01   2.004355734307e+02   8.049035037353e+00
  1.310535045122e+00   -1.511830132556e-01   1.997733825794e+02  -1.114459054717e+01
  7.052054603635e-01   -1.024053140920e-01   2.114814856464e+02  -1.114459054717e+01
  7.621277929979e-01   -4.201116191853e-02   1.957932592595e+02  -1.114459054717e+01
  1.193050031954e+00   -1.724632622349e-02   1.868288585940e+02   1.093602073608e+01
  1.150567670932e+00   -1.653285257731e-01   2.003086452005e+02   1.093602073608e+01
  1.313433385242e+00   -1.518645773945e-01   1.998357672767e+02   1.093602073608e+01
  2.226052372373e-03   -1.269427665448e-03   1.865117920269e+02   4.748063044085e+01
  6.631264308620e-01   -6.353267763335e-03   1.866662110233e+02   4.748063044085e+01
  2.047966195496e-03    2.888161115169e-03   1.719263263810e+02   4.748063044085e+01
  1.153228677596e+00   -1.661888175657e-01   2.004793499447e+02   2.986183828420e+01
  6.605803153105e-01   -8.548684231535e-03   1.866879723272e+02   2.986183828420e+01
  6.218104877782e-01   -1.066501573864e-01   2.012678859957e+02   2.986183828420e+01
  6.639585389173e-01   -8.429930895874e-03   1.866791000619e+02   3.001474877226e+01
  1.150347263765e+00   -1.657717511713e-01   2.004960197452e+02   3.001474877226e+01
  1.190361312468e+00   -1.539827809356e-02   1.866471231941e+02   3.001474877226e+01
  6.219434380667e-01   -1.055353787770e-01   2.013738936206e+02   5.116362917792e+01
  6.595179558538e-01   -1.068205860049e-02   1.865026826296e+02   5.116362917792e+01
  4.816613111169e-03   -2.935042385213e-03   2.013932401050e+02   5.116362917792e+01
  1.150149733359e+00   -1.666809269127e-01   2.003665222924e+02   2.924545174278e+01
  6.242909816434e-01   -1.066070154776e-01   2.013947809888e+02   2.924545174278e+01
  1.046737347212e+00   -2.850613513352e-01   2.134619062712e+02   2.924545174278e+01
  1.148624752054e+00    1.349297455276e-01   1.728860249102e+02   2.990033948293e+01
  6.637071672183e-01   -8.929340015071e-03   1.864960391096e+02   2.990033948293e+01
  1.190434478163e+00   -1.430742702175e-02   1.866947449766e+02   2.990033948293e+01
  1.197065524563e+00   -1.655328360955e-02   1.867751555904e+02   7.360043329983e+00
  1.309871602126e+00   -1.522269489646e-01   1.999065657837e+02   7.360043329983e+00
  1.303633248314e+00   -1.286372472369e-02   1.867566330019e+02   7.360043329983e+00
  7.616992917634e-01   -4.491036818359e-02   1.958133691166e+02  -1.161803919658e+01
  7.710212182800e-01    3.684930976404e-02   1.778852826058e+02  -1.161803919658e+01
  1.307390943947e+00   -1.373925168407e-02   1.868080864392e+02  -1.161803919658e+01
  5.527870141192e-01   -1.729902989813e-01   2.151902990596e+02   2.830374640953e+01
  1.049540646959e+00   -2.857422366539e-01   2.134355549862e+02   2.830374640953e+01
  6.209923158513e-01   -1.063000990274e-01   2.014232010918e+02   2.830374640953e+01
  1.211613371503e-04   -4.085422714088e-04   2.370078522399e+02   2.778108339209e+01
  3.994567831435e-01   -1.776539138504e-01   2.370033717403e+02   2.778108339209e+01
  2.886144486682e-03   -1.674170904567e-03   2.278977813237e+02   2.778108339209e+01
  3.957698180420e-01   -1.756133680619e-01   2.368867523307e+02   1.946243354496e+01
  7.584298367977e-01   -3.014139989029e-01   2.344347697234e+02   1.946243354496e+01
  4.753197207126e-01   -2.015509677254e-01   2.275076097145e+02   1.946243354496e+01
  6.583284351345e-01   -8.934301349115e-02   1.422938501695e+02   1.643347669004e+01
  2.481713386905e-04    1.055344555637e-03   1.339855399146e+02   1.643347669004e+01
  1.955917992545e-03   -3.388414997268e-04   1.423481829962e+02   1.643347669004e+01
  2.570791015151e-03   -3.735720086228e-03   2.435495640992e+02   8.903676524097e+00
  3.205840057311e-01    6.916951202124e-03   2.446583466859e+02   8.903676524097e+00
  3.366660934852e-01   -9.316694003353e-02   2.425440269820e+02   8.903676524097e+00
  1.711125295817e-03   -1.494473581934e-03   2.370968945320e+02   2.252824767298e+01
 -7.812537575207e-04    1.053136849314e-03   2.434840376666e+02   2.252824767298e+01
  3.962980196006e-01   -1.754851543539e-01   2.369136308206e+02   2.252824767298e+01
  7.259836144488e-01    1.411530007189e-01   2.200231907045e+02   1.696124514600e+01
  3.162219005864e-03   -5.923955564086e-04   2.245956347361e+02   1.696124514600e+01
  5.795815324288e-01    1.004608813705e-01   2.255355752247e+02   1.696124514600e+01
  3.973032545372e-01   -1.765828176353e-01   2.370158507640e+02   3.418741018570e+01
  4.747450918774e-01   -2.007654431047e-01   2.274046253373e+02   3.418741018570e+01
  5.008415603391e-03   -2.852994255362e-03   2.278567618361e+02   3.418741018570e+01
  9.721954214514e-04    1.809262264978e-04   2.434682189213e+02   1.768052550263e+01
  3.377822515781e-01   -9.528751888975e-02   2.425631611070e+02   1.768052550263e+01
  3.940226332302e-01   -1.746146334900e-01   2.369285314003e+02   1.768052550263e+01
  3.484311835335e-03    4.108923753850e-04   2.015812956520e+02   4.451181236742e+01
  6.517423715376e-04   -2.755862132905e-03   2.155338540792e+02   4.451181236742e+01
  6.226476362749e-01   -1.086468692005e-01   2.012590351806e+02   4.451181236742e+01
  1.412443958878e-03   -2.569549315785e-03   2.013724430536e+02   4.758631310548e+01
  6.630921551995e-01   -1.068603602880e-02   1.865028079166e+02   4.758631310548e+01
  2.383801725246e-03    1.082398723722e-03   1.866753013869e+02   4.758631310548e+01
  9.768128856726e-01    5.990326080842e-02   1.944963981671e+02   1.986498854569e+01
  7.445796274351e-03    1.039070130706e-03   2.095855891967e+02   1.986498854569e+01
  8.639978085415e-01    1.313175066336e-01   2.092616680496e+02   1.986498854569e+01
  7.007190448248e-04   -1.431295844655e-03   2.276854373862e+02   3.635744167477e+01
  4.791349649358e-01   -2.016226415376e-01   2.275220613833e+02   3.635744167477e+01
  4.075555921145e-03   -5.685870122663e-04   2.158456106389e+02   3.635744167477e+01
  4.246000295828e-03   -4.046469859356e-03   2.155485169124e+02   4.647939051167e+01
  5.528220806545e-01   -1.717531958509e-01   2.152888318635e+02   4.647939051167e+01
  6.193162820644e-01   -1.079682764760e-01   2.012630314229e+02   4.647939051167e+01
  7.617825866102e-01   -4.260706639752e-02   1.958088843226e+02  -2.351278604931e+01
  7.459851001262e-03    9.947059052508e-04   1.841209637887e+02  -2.351278604931e+01
  7.701826613175e-01    3.505603193941e-02   1.778874283481e+02  -2.351278604931e+01
  5.486011823130e-01   -1.058638280511e-01   2.220479306161e+02  -1.825271369722e+01
 -4.246699659800e-04    2.953900754773e-04   2.260851309047e+02  -1.825271369722e+01
  2.107932637430e-03   -8.466881384725e-05   2.201998791372e+02  -1.825271369722e+01
  7.465483302387e-03   -1.921477553649e-03   2.158082670332e+02   4.226077444235e+01
  4.764480592325e-01   -2.005526269420e-01   2.275383120735e+02   4.226077444235e+01
  5.509820507316e-01   -1.728318238602e-01   2.152029948842e+02   4.226077444235e+01
  4.750752114670e-01   -2.010484520793e-01   2.273975730098e+02   2.481687918089e+01
  9.057239149556e-01   -3.398546544864e-01   2.250222867090e+02   2.481687918089e+01
  5.524802596128e-01   -1.729345869213e-01   2.153294920751e+02   2.481687918089e+01
  7.059652677616e-01   -9.963729717978e-02   2.115082041276e+02  -2.349700664874e+01
  7.424970972012e-03    1.546285634707e-03   1.987620691101e+02  -2.349700664874e+01
  7.599803198941e-01   -4.362976493282e-02   1.957923686012e+02  -2.349700664874e+01
  1.196892907994e+00   -1.333982694313e-02   1.865687893948e+02   7.262734316946e+00
  1.303686991936e+00   -1.451779417233e-02   1.868507683103e+02   7.262734316946e+00
  1.317438861906e+00    1.216664218406e-01   1.736837941238e+02   7.262734316946e+00
  4.775671859221e-01   -2.020461029113e-01   2.274828241879e+02   2.094968328193e+01
  7.564616827097e-01   -3.010174778673e-01   2.344577544108e+02   2.094968328193e+01
  9.024320718880e-01   -3.390352914186e-01   2.249346972546e+02   2.094968328193e+01
 -2.366095605649e-04   -4.697197910730e-04   2.111536240829e+02  -2.358540286620e+01
  4.406094038357e-03    1.094647691028e-03   1.987903581865e+02  -2.358540286620e+01
  7.084495910284e-01   -9.886005799855e-02   2.114909162838e+02  -2.358540286620e+01
  3.222968490588e-01    6.697310500921e-03   2.446476609348e+02   2.680667429617e+00
  9.448124538670e-04   -3.078331892572e-03   2.435794627376e+02   2.680667429617e+00
  4.210660764676e-04    1.284444604007e-03   2.449475352172e+02   2.680667429617e+00
  1.237626136113e+00    2.913122682357e-01   2.342992747863e+02   2.275451601213e+00
  1.226783398057e+00    1.318618570671e-01   2.400875044704e+02   2.275451601213e+00
  1.004140191799e+00    2.719043879305e-01   2.372483186051e+02   2.275451601213e+00
  1.228968494606e+00    1.280602985105e-01   2.401088612125e+02   2.513347321068e+00
  1.452933101524e+00    3.948225169111e-03   2.414872335400e+02   2.513347321068e+00
  1.453706446330e+00   -5.268299265336e-03   2.426122854064e+02   2.513347321068e+00
  1.450696495572e+00   -1.239129454963e-03   2.414682960932e+02   8.821939082649e+00
  1.228770027066e+00    2.878012286631e-01   2.343962760505e+02   8.821939082649e+00
  1.308931330447e+00    2.337608923200e-03   2.360113799082e+02   8.821939082649e+00
  1.230130463888e+00    2.874924721909e-01   2.343793016371e+02   2.928947744322e+00
  1.449488450716e+00   -1.307282937826e-04   2.414768666014e+02   2.928947744322e+00
  1.230863346556e+00    1.345676271075e-01   2.400668599483e+02   2.928947744322e+00
  1.305818319853e+00    1.263822415859e-03   2.360299157537e+02   1.203102553751e+01
  1.235352380839e+00    2.898587500153e-01   2.343528241418e+02   1.203102553751e+01
  1.020679558324e+00    1.191952659243e-03   2.304575952922e+02   1.203102553751e+01
  8.522859038486e-03   -4.564376949098e-04   7.098024518534e+00  -1.073760708804e+01
 -2.294367463480e-04    2.491511236002e-04   4.538375169733e-02  -1.073760708804e+01
  1.100953943299e+00   -1.536490003760e-02  -2.930510486597e-02  -1.073760708804e+01
  1.229925248589e+00    1.325840243236e-01   2.400011542134e+02  -8.931016205008e-01
  9.371958466678e-01    2.121930149885e-02   2.403740421491e+02  -8.931016205008e-01
  9.992722309607e-01    2.700903730612e-01   2.373246215963e+02  -8.931016205008e-01
  1.228965580333e+00    1.329206088494e-01   2.400893391902e+02  -2.747635491396e-01
  1.209956112358e+00   -1.032701508213e-01   2.402407997347e+02  -2.747635491396e-01
  9.391313074145e-01    1.948963678163e-02   2.403067721999e+02  -2.747635491396e-01
  6.665791681094e-01    2.013804336984e-01   2.402263668171e+02  -2.692898622084e+00
  1.000168698146e+00    2.713096854293e-01   2.373245600392e+02  -2.692898622084e+00
  9.351732264849e-01    1.987911505127e-02   2.404483648192e+02  -2.692898622084e+00
  7.818609237685e-01    3.299521778564e-01   2.337274027369e+02  -1.525028357117e+01
  6.653255482972e-01    2.025050817670e-01   2.403038811672e+02  -1.525028357117e+01
  4.051177527260e-01    1.875647981982e-01   2.362291872061e+02  -1.525028357117e+01
  9.986513175642e-01    2.721321468062e-01   2.374065266106e+02  -6.010271960528e+00
  7.831366174770e-01    3.304099225005e-01   2.337461927735e+02  -6.010271960528e+00
  1.114300715971e+00    4.114948389603e-01   2.302515090240e+02  -6.010271960528e+00
  7.803903735757e-01    3.303010771843e-01   2.337987795979e+02  -8.901018071253e+00
  1.000674245254e+00    2.718846839633e-01   2.373572852737e+02  -8.901018071253e+00
  6.663879807490e-01    2.017365663010e-01   2.401977229375e+02  -8.901018071253e+00
  1.262068590088e+00    4.159602223300e-01   2.207116738498e+02  -9.114868708740e+00
  1.111563048595e+00    4.118645342591e-01   2.303876212751e+02  -9.114868708740e+00
  9.429434415835e-01    3.688048869119e-01   2.241514941053e+02  -9.114868708740e+00
  1.004018400001e+00    2.734367999356e-01   2.372681942243e+02  -1.329104829482e+00
  1.110555833326e+00    4.102833976912e-01   2.303035518790e+02  -1.329104829482e+00
  1.237656222208e+00    2.904475669481e-01   2.342620514308e+02  -1.329104829482e+00
  6.652941142632e-01    2.010152402016e-01   2.402384235465e+02  -6.263185238122e+00
  6.191432718048e-01    1.644726538414e-02   2.426763588077e+02  -6.263185238122e+00
  3.446133416813e-01    1.141264187999e-01   2.424715538342e+02  -6.263185238122e+00
  6.644255060532e-01    2.012523390594e-01   2.402757768933e+02  -3.532487184408e+00
  9.372772310056e-01    1.967590809981e-02   2.403971471849e+02  -3.532487184408e+00
  6.197966942099e-01    1.565666488404e-02   2.426013937181e+02  -3.532487184408e+00
  9.371846489329e-01    1.933837176285e-02   2.403971798878e+02   2.635737260721e+00
  6.509689595491e-01   -1.696315597100e-01   2.405439262567e+02   2.635737260721e+00
  6.198413330872e-01    1.505412014222e-02   2.426014305343e+02   2.635737260721e+00
  1.232456991598e+00    2.894436570540e-01   2.343316651582e+02   1.033472353036e+00
  1.115230057970e+00    4.108017121812e-01   2.302549718588e+02   1.033472353036e+00
  1.196976810108e+00    3.768180377023e-01   2.265532371196e+02   1.033472353036e+00
  1.016244469691e+00    3.019912650125e-03   2.304239227390e+02   1.412522418936e+01
  1.039612359746e+00    2.322920076150e-01   2.280036219091e+02   1.412522418936e+01
  5.819205539376e-01   -2.209929889205e-03   2.273349923641e+02   1.412522418936e+01
  1.018425780824e+00    2.367054998209e-03   2.304950601711e+02   8.824937237676e+00
  1.238256899681e+00    2.895339554828e-01   2.342916333448e+02   8.824937237676e+00
  1.038356605146e+00    2.349819061455e-01   2.279571429999e+02   8.824937237676e+00
  5.806124296236e-01    1.868931626047e-03   2.273219066298e+02   1.471680755590e+01
  5.779769195944e-01    9.937139781585e-02   2.255475265288e+02   1.471680755590e+01
 -4.859649364831e-04   -2.620438468374e-03   2.274466928038e+02   1.471680755590e+01
  5.807734908786e-01    1.030102791068e-01   2.254950250265e+02   1.189114099950e+01
  5.792397981362e-01   -1.078763855909e-03   2.274066247437e+02   1.189114099950e+01
  1.042993739448e+00    2.311161885103e-01   2.279494019928e+02   1.189114099950e+01
  7.335492723625e-01    1.409070069722e-01   2.199966847010e+02   1.831033373461e+01
  6.570928107727e-03   -4.776480547638e-05   2.097463896443e+02   1.831033373461e+01
 -1.649191369575e-03   -2.146648454758e-04   2.247101187298e+02   1.831033373461e+01
  4.266746524079e-03   -4.056925789966e-04   1.150738884138e+02   1.178538671399e+01
  3.989946240319e-04    3.511588606713e-04   1.235183313227e+02   1.178538671399e+01
  8.257612858459e-01   -1.222163932085e-02   1.239558536802e+02   1.178538671399e+01
  1.042441619115e+00    2.329025786180e-01   2.279320816412e+02   1.171246458639e+01
  1.022780823146e+00    2.587063730609e-01   2.236020666363e+02   1.171246458639e+01
  5.820982073822e-01    1.013022565167e-01   2.254764975892e+02   1.171246458639e+01
  7.096971202180e-01    2.651936304851e-02   1.248392215833e+02  -1.182466418750e+01
 -1.477423264898e-04   -5.001910611411e-04   1.240397569033e+02  -1.182466418750e+01
  3.894045779529e-03    3.362281950687e-04   1.158920558740e+02  -1.182466418750e+01
  1.193699044192e+00    3.764923835712e-01   2.266239964817e+02   2.635904305293e+00
  1.262639128919e+00    4.146661247996e-01   2.207213732858e+02   2.635904305293e+00
  1.150427579776e+00    2.892916240299e-01   2.177603303366e+02   2.635904305293e+00
  1.257799448573e+00    4.152686119460e-01   2.207867696748e+02  -2.772850165142e+00
  1.197397379960e+00    3.763897142103e-01   2.265513669476e+02  -2.772850165142e+00
  1.115357573865e+00    4.117091465410e-01   2.302425792810e+02  -2.772850165142e+00
  1.024002607150e+00    2.592269217405e-01   2.235873181448e+02   1.102048545049e+01
  1.146772854876e+00    2.881587011445e-01   2.178388775898e+02   1.102048545049e+01
  7.269300945434e-01    1.416144310277e-01   2.199703064683e+02   1.102048545049e+01
  1.146746011919e+00    2.893151232172e-01   2.178257631260e+02   5.105646947854e+00
  1.024225352581e+00    2.589936277944e-01   2.235866501234e+02   5.105646947854e+00
  1.196560267471e+00    3.762784859874e-01   2.265547652657e+02   5.105646947854e+00
  7.251064785725e-01    1.419468624671e-01   2.200207768712e+02   1.029491905081e+01
  1.148822565949e+00    2.879500808503e-01   2.178250359827e+02   1.029491905081e+01
  8.647226930689e-01    1.327051511521e-01   2.092667269403e+02   1.029491905081e+01
  1.025229689295e+00    2.587947640651e-01   2.235565908556e+02   1.097681803629e+01
  7.253893636837e-01    1.420229596854e-01   2.200162541187e+02   1.097681803629e+01
  5.793156734003e-01    1.007460659088e-01   2.255467995497e+02   1.097681803629e+01
  1.263739532136e+00    4.149256460592e-01   2.206823334396e+02  -3.382166040040e-01
  1.372514188886e+00    3.152049980356e-01   2.101745727244e+02  -3.382166040040e-01
  1.149255728684e+00    2.891140872539e-01   2.177957713731e+02  -3.382166040040e-01
  1.196978364646e+00    3.757183967345e-01   2.265621359439e+02   6.921598337269e+00
  1.023827884269e+00    2.591711105345e-01   2.235852374595e+02   6.921598337269e+00
  1.040333589810e+00    2.335924177813e-01   2.279839327145e+02   6.921598337269e+00
  1.234473207272e+00    2.899337772337e-01   2.342804688233e+02   7.309166080210e+00
  1.194815712049e+00    3.758070593803e-01   2.265908487766e+02   7.309166080210e+00
  1.041928886538e+00    2.340977643854e-01   2.279416263553e+02   7.309166080210e+00
  7.299915533529e-01    1.415864687592e-01   2.200470810328e+02   2.112914738353e+01
  8.603530831476e-01    1.322135663751e-01   2.092484997201e+02   2.112914738353e+01
  1.187106956604e-02   -7.005315811741e-04   2.096431589899e+02   2.112914738353e+01
  1.114734979696e+00    4.119676638817e-01   2.303172386856e+02  -1.219609346389e+01
  7.833540304787e-01    3.304415198519e-01   2.336798266314e+02  -1.219609346389e+01
  9.392934915123e-01    3.687151001409e-01   2.242184784692e+02  -1.219609346389e+01
  2.297335277307e-02    6.075653568617e-04   1.912255795883e+01  -1.034079022552e+01
  1.494316402525e+00    1.865999111671e-02   1.144961390721e+01  -1.034079022552e+01
  1.288044265383e+00    3.282745871031e-02   2.177754990845e+01  -1.034079022552e+01
  3.207536178379e-01    1.095275652973e-02   2.446668503740e+02  -1.073815126313e+01
  2.112677206530e-03    3.117052891522e-03   2.431413401463e+02  -1.073815126313e+01
  3.434012714963e-01    1.121721257288e-01   2.424484761308e+02  -1.073815126313e+01
  3.223601780182e-01    1.112839598561e-02   2.446546032575e+02  -3.922798595189e+00
  4.414621259941e-04   -1.048121771285e-03   2.449430929387e+02  -3.922798595189e+00
  7.754372438055e-04    2.732566517168e-03   2.431771311490e+02  -3.922798595189e+00
  3.440930370901e-01    1.147627335879e-01   2.425347918418e+02  -2.393870092167e+01
  4.357739518747e-03    4.321848093555e-03   2.372359566034e+02  -2.393870092167e+01
  4.023911868176e-01    1.852976448014e-01   2.361729657758e+02  -2.393870092167e+01
  4.883012292858e-01    2.164535667949e-01   2.267216637326e+02  -3.171604313006e+01
  4.043112994744e-01    1.865404981426e-01   2.362234386628e+02  -3.171604313006e+01
  1.111224339717e-03    2.063531859181e-03   2.370744471959e+02  -3.171604313006e+01
  4.932165656917e-01    2.176953171446e-01   2.267864994212e+02  -2.256502535176e+01
  9.408583393376e-01    3.684417081416e-01   2.241238136170e+02  -2.256502535176e+01
  7.820776897990e-01    3.307350001629e-01   2.338165953972e+02  -2.256502535176e+01
  4.904141759041e-01    2.171141546104e-01   2.268204214242e+02  -2.099630316782e+01
  7.843406445955e-01    3.312226745329e-01   2.337909238140e+02  -2.099630316782e+01
  4.035234851477e-01    1.863836836694e-01   2.361582184808e+02  -2.099630316782e+01
  2.344951437899e-03    2.995590470933e-03   2.372725328209e+02  -1.734391673836e+01
  3.458377372697e-01    1.155675670917e-01   2.425152365832e+02  -1.734391673836e+01
  1.563177196563e-04   -3.784055062065e-04   2.430508638878e+02  -1.734391673836e+01
  6.671672271785e-01    2.028254222355e-01   2.402811414449e+02  -1.323182499297e+01
  3.433247688678e-01    1.128844591927e-01   2.424368783850e+02  -1.323182499297e+01
  4.029595469915e-01    1.869658400535e-01   2.362555473291e+02  -1.323182499297e+01
 -1.129357755776e-03    6.002083315689e-04   2.370782401049e+02  -3.392373506575e+01
  3.058072644249e-03    1.404401386751e-03   2.272496746749e+02  -3.392373506575e+01
  4.907618580640e-01    2.174595546928e-01   2.267069817983e+02  -3.392373506575e+01
  7.724536236768e-01    3.634189904066e-02   1.778894917993e+02  -2.187045199591e+01
  3.931323843807e-03    1.519567236743e-03   1.580845722424e+02  -2.187045199591e+01
  7.078897118430e-01    8.163308342458e-02   1.620018313762e+02  -2.187045199591e+01
  1.490632012972e+00   -2.767152609364e-02   8.373658249042e+01   8.003516730449e+00
  4.460271991503e-02    1.837989107557e-03   9.253452001590e+01   8.003516730449e+00
  1.685856329321e+00   -1.916794132623e-02   9.387211142171e+01   8.003516730449e+00
  5.803613202151e-01   -2.816862760678e-03   2.302658199700e+02  -1.576378741854e+01
  2.620795565823e-03   -1.626400173077e-03   2.284684130055e+02  -1.576378741854e+01
  4.405988713800e-01   -7.692321693968e-02   2.279457790603e+02  -1.576378741854e+01
  5.892540357273e-01    1.900884712683e-01   2.147326365437e+02  -4.461626832120e+01
  1.058812575859e-03    1.577281188753e-03   2.145885443422e+02  -4.461626832120e+01
  3.477427100714e-03   -1.033899493244e-03   2.008027030464e+02  -4.461626832120e+01
  5.858539555376e-01    1.924138772227e-01   2.145808768004e+02  -4.197696078658e+01
 -6.433145522933e-04    1.731102048802e-03   2.271172667316e+02  -4.197696078658e+01
  2.823927348299e-03    3.254882663002e-04   2.147383160700e+02  -4.197696078658e+01
  5.918504353059e-01    8.523692753823e-02   1.495123795628e+02  -1.737391979591e+01
  1.013151992344e-03   -8.223835663831e-04   1.419749498097e+02  -1.737391979591e+01
  4.953031771881e-01    6.688301998656e-02   1.414618444103e+02  -1.737391979591e+01
  4.920861597697e-01    2.164730405924e-01   2.267766171768e+02  -4.229878831106e+01
  2.120262708258e-03    3.000638003672e-03   2.271207043253e+02  -4.229878831106e+01
  5.825434854492e-01    1.914121832484e-01   2.145865092404e+02  -4.229878831106e+01
  1.082025307459e+00    8.646063538882e-02   1.337795191799e+02  -7.435807724091e+00
  7.552904087980e-01    5.576645185879e-02   1.335670709428e+02  -7.435807724091e+00
  7.464048017100e-01    2.861977947343e-02   1.290020857452e+02  -7.435807724091e+00
  6.493079298862e-01    1.104749877583e-01   2.007173739703e+02  -4.757467176023e+01
  2.298452712858e-03    1.884211844101e-03   2.005667104263e+02  -4.757467176023e+01
  3.520409755381e-03   -2.324300607005e-03   1.859317271715e+02  -4.757467176023e+01
  9.414307233162e-01    3.685058957685e-01   2.242361348861e+02  -2.776747204772e+01
  5.869989405059e-01    1.910432633143e-01   2.146942934099e+02  -2.776747204772e+01
  1.096425379560e+00    3.113607311252e-01   2.125072986100e+02  -2.776747204772e+01
  5.842039184564e-01    1.906392861604e-01   2.147221707946e+02  -2.653111411940e+01
  9.437697922569e-01    3.690896812387e-01   2.242119362168e+02  -2.653111411940e+01
  4.913347546623e-01    2.168782452169e-01   2.266887176354e+02  -2.653111411940e+01
  1.420641173820e+00    1.770120272063e-01   1.986167469629e+02   4.620055008622e+00
  8.735853794169e-01    1.338329638149e-01   2.091712574769e+02   4.620055008622e+00
  1.380954081613e+00    3.133623866157e-01   2.100409330339e+02   4.620055008622e+00
  8.740930244689e-01    1.323326920030e-01   2.091545136877e+02   7.151506275701e+00
  1.143839870863e+00    2.888921050982e-01   2.179205586182e+02   7.151506275701e+00
  1.379506709624e+00    3.143588270469e-01   2.100817445428e+02   7.151506275701e+00
  1.377436563494e+00    3.153666107779e-01   2.100720979127e+02  -1.040151138269e+01
  1.259344994278e+00    4.161721236495e-01   2.208833827836e+02  -1.040151138269e+01
  1.098681576327e+00    3.117324272341e-01   2.125521634702e+02  -1.040151138269e+01
  1.098439836132e+00    3.106620307297e-01   2.124445361738e+02  -1.370339980401e+01
  1.203651123930e+00    1.845361828290e-01   1.996993181965e+02  -1.370339980401e+01
  1.378457944194e+00    3.166373230122e-01   2.101824244402e+02  -1.370339980401e+01
  1.099689730424e+00    3.115256740602e-01   2.126130051343e+02  -2.969071040011e+01
  5.845704568213e-01    1.904699845945e-01   2.145868450720e+02  -2.969071040011e+01
  6.460814778357e-01    1.122371374941e-01   2.007244213349e+02  -2.969071040011e+01
  9.429247894052e-01    3.684453202283e-01   2.240648273024e+02  -1.370216192433e+01
  1.094934922738e+00    3.118197343064e-01   2.126299471908e+02  -1.370216192433e+01
  1.262691354784e+00    4.164938113131e-01   2.208019572344e+02  -1.370216192433e+01
  6.454387836973e-01    1.125805565713e-01   2.005714015040e+02  -3.137765539256e+01
  6.715086843875e-01    1.093470595914e-02   1.859157044859e+02  -3.137765539256e+01
  1.208846688839e+00    1.830092801877e-01   1.996673728212e+02  -3.137765539256e+01
  6.452381163929e-01    1.128362577980e-01   2.005880157470e+02  -5.097984373951e+01
  5.859266229393e-01    1.890074104561e-01   2.147413747487e+02  -5.097984373951e+01
  6.776806253058e-03   -1.402339980678e-04   2.007685506634e+02  -5.097984373951e+01
  1.427853621129e+00    1.762965217481e-01   1.986406852916e+02  -1.283088217681e+01
  1.205560648626e+00    1.822773667208e-01   1.994889676583e+02  -1.283088217681e+01
  1.247557433550e+00    2.381522280470e-02   1.860713793226e+02  -1.283088217681e+01
  1.206763799564e+00    1.839930725372e-01   1.996192646191e+02  -9.995755318022e+00
  1.425979698900e+00    1.746726449210e-01   1.985099543489e+02  -9.995755318022e+00
  1.375513773150e+00    3.165965990542e-01   2.102661543758e+02  -9.995755318022e+00
  9.781575121648e-01    5.957110857078e-02   1.944787394617e+02   5.279442934639e+00
  1.423055798933e+00    1.735211311376e-01   1.985499052072e+02   5.279442934639e+00
  1.427265530413e+00    2.300621466268e-02   1.860856170228e+02   5.279442934639e+00
  1.424838531833e+00    1.757903709421e-01   1.985597960291e+02   8.705816212454e+00
  9.759452011566e-01    5.747532472657e-02   1.944701494063e+02   8.705816212454e+00
  8.674511016992e-01    1.345698872086e-01   2.092625334842e+02   8.705816212454e+00
  1.244684459583e+00    2.207729896537e-02   1.858794462714e+02  -3.238018040936e+01
  1.205726787166e+00    1.825138017144e-01   1.996847220771e+02  -3.238018040936e+01
  6.753688848099e-01    1.090976588658e-02   1.859046552879e+02  -3.238018040936e+01
  6.488995609098e-01    1.126483104242e-01   2.006984903803e+02  -3.114817891921e+01
  1.205098985985e+00    1.835254103201e-01   1.995501366056e+02  -3.114817891921e+01
  1.097146754496e+00    3.108158534290e-01   2.126380153996e+02  -3.114817891921e+01
  7.789225559018e-03   -2.212220119483e-03   1.859043730964e+02  -5.330865802003e+01
  6.695919530112e-01    1.239335031772e-02   1.857642485092e+02  -5.330865802003e+01
  6.458085624249e-01    1.101183471245e-01   2.007232370729e+02  -5.330865802003e+01
  9.765421010149e-01    5.868346518458e-02   1.945043756767e+02   2.195156516612e+01
  9.821091782054e-01   -3.994568949396e-02   1.777228491002e+02   2.195156516612e+01
  1.002121898136e-02   -8.132851877228e-04   1.838715372590e+02   2.195156516612e+01
  7.934644297280e-03    2.278777684908e-03   1.856214991190e+02  -5.297243609117e+01
  6.398445723610e-01   -8.586781882102e-02   1.710485749178e+02  -5.297243609117e+01
  6.694915126471e-01    1.006698794369e-02   1.858498900236e+02  -5.297243609117e+01
  3.429757422048e-01    1.138213126268e-01   2.424961628354e+02  -3.985276716252e+00
  6.209290509432e-01    1.649555437997e-02   2.426570358573e+02  -3.985276716252e+00
  3.205603148414e-01    8.663011088469e-03   2.445902823348e+02  -3.985276716252e+00
  6.209076051005e-01    1.425386346028e-02   2.426599089522e+02   2.883515987223e+00
  3.364617933006e-01   -9.511862169719e-02   2.425967669183e+02   2.883515987223e+00
  3.205090530831e-01    9.273658354351e-03   2.445879982298e+02   2.883515987223e+00
  4.064156457992e-03   -1.321313299072e-03   1.839356629152e+02   2.442905277021e+01
  2.083931678196e-03    1.380987169814e-03   2.096176488727e+02   2.442905277021e+01
  9.820010759580e-01    5.945280720741e-02   1.944821192423e+02   2.442905277021e+01
  5.993530096612e-01    8.534924924443e-02   1.495282373108e+02  -1.999563316512e+01
  4.986737943391e-03   -5.905940187817e-05   1.581304760411e+02  -1.999563316512e+01
 -9.380151227197e-04   -1.633189676030e-05   1.487316964049e+02  -1.999563316512e+01
  1.427648315180e+00    2.058267972524e-03   1.240363681852e+02  -3.065796847380e+00
  1.212369969640e+00    2.317863456011e-02   1.236534553208e+02  -3.065796847380e+00
  1.520664604615e+00    1.418740658078e-02   1.120957058617e+02  -3.065796847380e+00
  1.321099536983e+00    1.211404731047e-01   1.737528763612e+02   1.110489942250e+01
  1.149141809241e+00    1.344050987028e-01   1.730722027596e+02   1.110489942250e+01
  1.192806702751e+00   -1.248226284555e-02   1.865161809531e+02   1.110489942250e+01
  1.318418935965e+00    1.206658593022e-01   1.738261170029e+02  -1.133270047665e+01
  7.729103733236e-01    3.371482141828e-02   1.779190798501e+02  -1.133270047665e+01
  7.104471340803e-01    8.412911485434e-02   1.619989818326e+02  -1.133270047665e+01
  6.146085351187e-01    8.643045464356e-02   1.719164516901e+02   5.035082341963e+01
  6.184357242761e-03    3.511227605820e-03   1.719081699716e+02   5.035082341963e+01
  6.592985145278e-01   -6.411370654425e-03   1.866656233804e+02   5.035082341963e+01
  6.601898691202e-01   -8.680951672585e-03   1.864855352298e+02   2.999246751239e+01
  1.151583093903e+00    1.352556128649e-01   1.729039634266e+02   2.999246751239e+01
  6.152596383356e-01    8.788955477530e-02   1.720218013394e+02   2.999246751239e+01
  6.181482506373e-01    8.796652640831e-02   1.718971764808e+02   2.914589513184e+01
  1.148396210974e+00    1.357261465361e-01   1.730146785953e+02   2.914589513184e+01
  1.041688323829e+00    2.521751141613e-01   1.600660056419e+02   2.914589513184e+01
  8.556859493718e-03   -7.714515369048e-05   1.716347956240e+02   4.768769771309e+01
  6.131947085479e-01    8.820950382331e-02   1.720049446963e+02   4.768769771309e+01
  5.550105107483e-01    1.585067694880e-01   1.581456498709e+02   4.768769771309e+01
  1.319659206689e+00    1.194855018956e-01   1.738731285832e+02   7.952368248327e+00
  1.293684491815e+00    2.407364787416e-01   1.618821490260e+02   7.952368248327e+00
  1.149935154995e+00    1.361059573843e-01   1.729494120361e+02   7.952368248327e+00
  1.810971326118e-03    2.934071933981e-04   2.201704642837e+02  -1.930451024596e+01
  7.002362132373e-01   -1.003214465088e-01   2.114916594943e+02  -1.930451024596e+01
  5.489865114773e-01   -1.064318146851e-01   2.220509178645e+02  -1.930451024596e+01
  7.238825183910e-01    2.725453470814e-01   1.401184636755e+02   1.143285912351e+01
  8.834377379997e-01    3.047033446834e-01   1.489366365051e+02   1.143285912351e+01
  1.036305606814e+00    3.252437444790e-01   1.428885317843e+02   1.143285912351e+01
  1.296669348949e+00    2.406005136729e-01   1.619668087454e+02   1.240451894920e+01
  1.043256124760e+00    2.518231814116e-01   1.602569883027e+02   1.240451894920e+01
  1.146688635031e+00    1.368173941610e-01   1.728707011471e+02   1.240451894920e+01
  5.557497678296e-01    1.601202329108e-01   1.581961487650e+02   2.583324926693e+01
  1.041056961903e+00    2.526484600251e-01   1.601927963120e+02   2.583324926693e+01
  8.855201516161e-01    3.044703400257e-01   1.489233345303e+02   2.583324926693e+01
  5.533456662656e-01    1.597280106547e-01   1.582957805168e+02   2.784091602411e+01
  6.149889902831e-01    8.771600201089e-02   1.718690417346e+02   2.784091602411e+01
  1.044288349721e+00    2.527449781170e-01   1.600927175594e+02   2.784091602411e+01
  1.192502338506e+00    3.272215283222e-01   1.515910411897e+02   1.276371740232e+01
  8.869885872110e-01    3.043786230270e-01   1.490867770568e+02   1.276371740232e+01
  1.039561519457e+00    2.530834768855e-01   1.600782254907e+02   1.276371740232e+01
  4.453840747519e-03   -8.897039428067e-04   1.716025277055e+02   4.180291239913e+01
  5.585620709071e-01    1.594729509952e-01   1.581546943199e+02   4.180291239913e+01
  5.512603790389e-04    1.376588926555e-03   1.582994063041e+02   4.180291239913e+01
  1.296047768766e+00    2.393283152054e-01   1.620687222885e+02   9.001520465147e+00
  1.189357109908e+00    3.270163497507e-01   1.515083551834e+02   9.001520465147e+00
  1.043187180463e+00    2.528592961179e-01   1.601574390091e+02   9.001520465147e+00
  1.313660404308e+00    1.219151270741e-01   1.737814198765e+02  -6.522846923859e+00
  7.172094101937e-01    8.334479713347e-02   1.620751117119e+02  -6.522846923859e+00
  1.300421727486e+00    2.373324196850e-01   1.620940929372e+02  -6.522846923859e+00
  1.724761579293e-03   -3.104809185724e-04   1.987459465458e+02  -2.540658441942e+01
  3.277066155938e-03    9.000325117435e-04   1.841452518729e+02  -2.540658441942e+01
  7.652811698220e-01   -4.217716146286e-02   1.957983093697e+02  -2.540658441942e+01
  4.593748806979e-01    1.810511879368e-01   1.468221609650e+02   2.457005911676e+01
  5.531674257216e-01    1.597855045756e-01   1.581655674260e+02   2.457005911676e+01
  8.876759091439e-01    3.049869661388e-01   1.489492395694e+02   2.457005911676e+01
  5.550134621072e-01    1.616221885609e-01   1.582966960905e+02   3.889022321163e+01
 -3.329734118491e-04    1.932126059311e-03   1.463485193990e+02   3.889022321163e+01
  2.492963972855e-03    1.551755206319e-04   1.581589206219e+02   3.889022321163e+01
  2.639841740650e-03    3.416223075875e-03   1.463455364356e+02   3.865381028238e+01
  5.517069602169e-01    1.606137317401e-01   1.582898600935e+02   3.865381028238e+01
  4.597085827625e-01    1.803423491293e-01   1.467434318051e+02   3.865381028238e+01
  4.431644501024e-01   -7.736417166449e-02   2.279143437356e+02  -1.475446040689e+01
 -8.011991182525e-05   -5.779035158702e-05   2.285335960973e+02  -1.475446040689e+01
  1.423599791859e-03   -1.411710826187e-04   2.260705309707e+02  -1.475446040689e+01
  3.788153810857e-01    1.627342620419e-01   1.376448589033e+02   2.611392455980e+01
 -2.623544715600e-04    2.486969619291e-04   1.376549753185e+02   2.611392455980e+01
  3.690381756645e-03    1.890376214735e-03   1.461100209359e+02   2.611392455980e+01
  3.753563339049e-01    1.607648236737e-01   1.377251554980e+02   2.100741559427e+01
 -9.447576572812e-04   -8.564694219710e-04   1.315802127153e+02   2.100741559427e+01
  1.625183206707e-03    1.293153098075e-03   1.375748932321e+02   2.100741559427e+01
  4.944520525827e-01    6.566475337724e-02   1.414530376354e+02  -1.646120784281e+01
  1.183877645061e-03    2.765578905613e-04   1.419463394964e+02  -1.646120784281e+01
 -3.637676204950e-04   -7.028659092477e-04   1.339045249807e+02  -1.646120784281e+01
  3.764849950430e-01    1.616039580811e-01   1.376339076837e+02   3.256454282000e+01
  6.421800361519e-03    3.350755129270e-03   1.461437257829e+02   3.256454282000e+01
  4.575723394680e-01    1.803425448015e-01   1.468099173664e+02   3.256454282000e+01
  8.717537112601e-01   -7.359716076191e-02   1.339573535664e+02   1.299180980462e+01
  8.606424050562e-01   -3.423552111257e-02   1.285407574625e+02   1.299180980462e+01
  7.745505815272e-03   -3.866614642008e-04   1.339737953891e+02   1.299180980462e+01
  3.122930445564e-01    8.939279516628e-02   1.324677469713e+02   1.175264108702e+01
  3.741970372557e-01    1.613155419839e-01   1.376623345276e+02   1.175264108702e+01
  6.048365236743e-01    1.595442269304e-01   1.343169092776e+02   1.175264108702e+01
  7.249059130668e-01    2.734323148266e-01   1.400048951928e+02   1.896009027847e+01
  3.746331348855e-01    1.606803171428e-01   1.377535410338e+02   1.896009027847e+01
  4.590263520611e-01    1.813233400788e-01   1.467077986114e+02   1.896009027847e+01
  8.606486844472e-04    2.777415773645e-03   1.314814973569e+02   2.972005723325e+00
  2.944450098458e-01    1.394138880392e-03   1.304922699117e+02   2.972005723325e+00
  5.253865866874e-04   -1.156054593391e-03   1.299053569131e+02   2.972005723325e+00
  2.340216821534e-03    3.422076983253e-03   1.315090436043e+02   8.690210835541e+00
  3.115927303167e-01    8.821590760161e-02   1.324503287154e+02   8.690210835541e+00
  2.929597313255e-01    1.100539425973e-03   1.304761060153e+02   8.690210835541e+00
  5.656813623342e-01   -1.955317577865e-03   1.322749486155e+02   3.046970997260e+00
  2.930586395695e-01   -1.024959428793e-03   1.305418991974e+02   3.046970997260e+00
  3.113571438609e-01    8.995694279883e-02   1.324010852901e+02   3.046970997260e+00
  8.740549208379e-04    1.626110153620e-03   1.298712761408e+02  -4.333262231585e+00
  2.938098620147e-01   -1.525936473228e-03   1.305318867705e+02  -4.333262231585e+00
  3.162284177441e-01   -9.256298229933e-02   1.319224042622e+02  -4.333262231585e+00
  6.031323300831e-01    1.593868364508e-01   1.342939194585e+02   1.357338331490e+01
  3.761426533051e-01    1.616361891383e-01   1.376938819142e+02   1.357338331490e+01
  7.224007114663e-01    2.722118517678e-01   1.400677152376e+02   1.357338331490e+01
  3.127123596877e-01    9.010401618438e-02   1.324301797887e+02   1.703782967659e+01
  6.670760691761e-04   -1.550493651996e-05   1.315924686002e+02   1.703782967659e+01
  3.731971268176e-01    1.599204881167e-01   1.377128397983e+02   1.703782967659e+01
  4.615192462487e-01    1.819030649303e-01   1.467337563686e+02   2.101076054060e+01
  8.847392650268e-01    3.043697365209e-01   1.490296097481e+02   2.101076054060e+01
  7.228935870997e-01    2.729925142711e-01   1.399814603038e+02   2.101076054060e+01
  9.880964651560e-01   -4.209391263155e-02   1.777436766548e+02   2.458279956155e+01
  2.304964163321e-03   -1.533689378710e-03   1.585012405681e+02   2.458279956155e+01
  3.604331509311e-03    9.881144564804e-04   1.837984036161e+02   2.458279956155e+01
  1.298565253811e+00    2.382477407375e-01   1.620655543926e+02  -9.068740357568e+00
  7.182580809437e-01    8.199562222940e-02   1.620709600459e+02  -9.068740357568e+00
  1.057118794245e+00    2.074099510380e-01   1.530743981977e+02  -9.068740357568e+00
  8.743340473242e-01   -7.517409513014e-02   1.339745397440e+02   1.339494400768e+01
  4.512246348156e-03    1.878313449008e-03   1.340233495596e+02   1.339494400768e+01
  6.559668904986e-01   -9.031713176028e-02   1.422990106184e+02   1.339494400768e+01
  5.930127019887e-01    8.596794404495e-02   1.495250854584e+02  -1.184352214979e+01
  4.951894660454e-01    6.661093143880e-02   1.414600715626e+02  -1.184352214979e+01
  9.578157092553e-01    1.815659384863e-01   1.462459463197e+02  -1.184352214979e+01
  5.961143160655e-01    8.568446865069e-02   1.495146256621e+02  -2.220880400302e+01
  7.045207748765e-01    8.238022976489e-02   1.619674104469e+02  -2.220880400302e+01
  8.842076648883e-03   -2.172106921171e-04   1.581511572236e+02  -2.220880400302e+01
  1.060735177917e+00    2.074746910191e-01   1.531607555859e+02  -5.086768716442e+00
  9.558654659750e-01    1.818207503241e-01   1.462290321512e+02  -5.086768716442e+00
  1.128783636972e+00    2.805965094472e-01   1.450559815287e+02  -5.086768716442e+00
  9.561635808944e-01    1.819954494039e-01   1.462151858294e+02  -1.245865972567e+01
  1.060277763030e+00    2.064765864878e-01   1.531673270303e+02  -1.245865972567e+01
  5.952253644967e-01    8.565614754518e-02   1.495731758563e+02  -1.245865972567e+01
  9.862596777203e-01    1.750421620930e-01   1.410890121394e+02  -6.161643386168e+00
  1.128606219430e+00    2.796749974500e-01   1.450786020152e+02  -6.161643386168e+00
  9.558368000904e-01    1.821937281651e-01   1.462143254672e+02  -6.161643386168e+00
  1.064654906730e+00    2.074440133951e-01   1.532230638579e+02  -3.262980790923e+00
  1.125530673011e+00    2.808662404610e-01   1.449901883957e+02  -3.262980790923e+00
  1.192725151302e+00    3.253434991531e-01   1.516754237329e+02  -3.262980790923e+00
  9.546691419188e-01    1.814932628603e-01   1.462231972459e+02  -1.138912122223e+01
  4.989436678217e-01    6.688161386765e-02   1.415018755557e+02  -1.138912122223e+01
  9.883346966453e-01    1.748987943732e-01   1.411043461494e+02  -1.138912122223e+01
  5.929481692041e-01    8.586254883403e-02   1.495403214115e+02  -1.201951071947e+01
  1.062593701091e+00    2.064117139911e-01   1.531694791504e+02  -1.201951071947e+01
  7.085531709241e-01    8.253116033203e-02   1.619578933118e+02  -1.201951071947e+01
  7.606886208144e-01    5.715298564210e-02   1.335941563739e+02  -1.345150444012e+01
  4.937637707528e-01    6.649297562818e-02   1.414508860729e+02  -1.345150444012e+01
  1.348742475138e-03   -1.429625289374e-03   1.339334044803e+02  -1.345150444012e+01
  7.076453707213e-01    2.640316317632e-02   1.248315699819e+02  -1.178652268909e+01
  7.433276854012e-01    2.809448468895e-02   1.289638248679e+02  -1.178652268909e+01
  1.957378155310e-03   -7.100486465115e-04   1.240479089687e+02  -1.178652268909e+01
  1.211711931380e+00    2.373600804006e-02   1.237142578077e+02  -7.233091965171e+00
  7.454903697820e-01    2.903752087910e-02   1.290062683351e+02  -7.233091965171e+00
  7.076129064513e-01    2.689929962307e-02   1.248336486883e+02  -7.233091965171e+00
  7.574293004204e-01    5.475572824406e-02   1.336247023613e+02  -8.455110115471e+00
  1.080943458383e+00    8.833575260161e-02   1.337137903066e+02  -8.455110115471e+00
  9.845878338661e-01    1.747057237590e-01   1.410435223028e+02  -8.455110115471e+00
  1.400751049903e+00   -7.466098391412e-03   3.960683443171e+01  -9.061322012229e+00
  3.468355107316e-02   -1.117699001212e-03   2.939223802347e+01  -9.061322012229e+00
  1.687806557764e+00    9.303061085227e-03   3.012431835397e+01  -9.061322012229e+00
  1.133980297577e+00    2.182483386443e-01   1.387952663867e+02  -5.423790628935e+00
  1.126052611500e+00    2.794836742328e-01   1.450542730211e+02  -5.423790628935e+00
  9.885301690101e-01    1.756807414731e-01   1.411211237256e+02  -5.423790628935e+00
  1.289267537478e+00   -1.001207881583e-02   1.242690769980e+02   7.040854597352e+00
  8.632269970160e-01   -3.441617969198e-02   1.286188559065e+02   7.040854597352e+00
  1.168737356648e+00   -1.000460825825e-01   1.335592306946e+02   7.040854597352e+00
  7.558493465067e-01    5.585282010039e-02   1.335581512328e+02  -1.118168926877e+01
  9.879173633252e-01    1.738079131209e-01   1.410917586446e+02  -1.118168926877e+01
  4.985713590060e-01    6.796003073549e-02   1.414697732996e+02  -1.118168926877e+01
  4.537233961277e-04   -4.395520541998e-04   1.240512892971e+02  -1.238756921089e+01
  7.448715913767e-01    2.795480323194e-02   1.289544809573e+02  -1.238756921089e+01
  1.886444211024e-03   -1.611308936230e-04   1.281678024409e+02  -1.238756921089e+01
  1.258843097597e-02    1.076322504188e-03   1.158952955429e+02  -9.538670657798e+00
  1.538848967370e+00    1.565110759625e-02   1.122483771479e+02  -9.538670657798e+00
  7.061170980780e-01    2.711045534870e-02   1.248950727163e+02  -9.538670657798e+00
  9.026691824088e-01    2.075492847991e-01   1.370610289902e+02   5.800710525729e+00
  7.236703784972e-01    2.723968168642e-01   1.400547489866e+02   5.800710525729e+00
  1.035806036900e+00    3.248083748882e-01   1.429509824810e+02   5.800710525729e+00
  1.188171732477e+00    3.260554973971e-01   1.515961815461e+02   2.929408443143e+00
  1.128622151884e+00    2.806888086301e-01   1.450803605252e+02   2.929408443143e+00
  1.037163401438e+00    3.249635282222e-01   1.429641533463e+02   2.929408443143e+00
  5.644922815394e-01   -2.715682047170e-03   1.323289900072e+02   2.794293751701e+00
  6.022860254469e-01    1.583376759295e-01   1.343155740444e+02   2.794293751701e+00
  8.467220273123e-01   -6.492529865106e-03   1.347031785966e+02   2.794293751701e+00
  6.041236897549e-01    1.589022550088e-01   1.343872721411e+02   8.166030473555e+00
  7.210883052167e-01    2.723552271697e-01   1.400030332171e+02   8.166030473555e+00
  9.045946376105e-01    2.073471586290e-01   1.371057229546e+02   8.166030473555e+00
  8.445519588615e-01   -6.237694137526e-03   1.346620849599e+02   2.090242438483e+00
  6.044145471753e-01    1.584098364932e-01   1.343555609082e+02   2.090242438483e+00
  9.038872342650e-01    2.070149348515e-01   1.371400512843e+02   2.090242438483e+00
  6.032059253359e-01    1.581648059063e-01   1.343545894588e+02   5.069736150584e+00
  5.638385696133e-01   -2.026840027220e-03   1.322583480158e+02   5.069736150584e+00
  3.131409843851e-01    9.031529172838e-02   1.324238338607e+02   5.069736150584e+00
  1.032550068681e+00    3.235009086493e-01   1.428842713916e+02   2.100966364620e+00
  1.135880435186e+00    2.184519259146e-01   1.388680936113e+02   2.100966364620e+00
  9.074529550134e-01    2.086720789860e-01   1.372163149728e+02   2.100966364620e+00
  1.033473520605e+00    3.252001491230e-01   1.428155787154e+02   8.477156248443e+00
  8.868236501941e-01    3.047077951451e-01   1.490064190410e+02   8.477156248443e+00
  1.192125064490e+00    3.266909987616e-01   1.516733009624e+02   8.477156248443e+00
  1.131830438400e+00    2.155692789374e-01   1.387943998642e+02  -5.306956341657e+00
  1.084085177157e+00    8.773960417681e-02   1.337580692290e+02  -5.306956341657e+00
  1.240529959554e+00    6.725070618103e-02   1.330106781387e+02  -5.306956341657e+00
  1.036753901069e+00    3.239125579514e-01   1.429562801293e+02  -1.390440825949e-01
  1.128320263154e+00    2.810190570008e-01   1.450722803418e+02  -1.390440825949e-01
  1.131430876198e+00    2.174763209486e-01   1.387586627045e+02  -1.390440825949e-01
  1.116424344489e+00   -1.152369219650e-01   1.360790900778e+02  -5.235367338924e-01
  8.485571398609e-01   -6.664587382848e-03   1.347780261289e+02  -5.235367338924e-01
  1.095574959752e+00    9.436496132568e-02   1.361173193143e+02  -5.235367338924e-01
  8.463825439357e-01   -4.935019310685e-03   1.347382253721e+02   9.806706740331e-01
  9.030144861226e-01    2.056910915230e-01   1.371295348461e+02   9.806706740331e-01
  1.097189567826e+00    9.370724982276e-02   1.361580868884e+02   9.806706740331e-01
  1.242865667378e+00    6.750449801335e-02   1.330493269506e+02  -5.871232965454e-01
  1.099823113121e+00    9.546958797840e-02   1.361825464993e+02  -5.871232965454e-01
  1.129470187081e+00    2.166981106184e-01   1.387650444204e+02  -5.871232965454e-01
  1.245140815227e+00    6.969450657257e-02   1.330356307217e+02  -2.083541311827e+00
  1.300622469803e+00   -1.364691969799e-02   1.327737638037e+02  -2.083541311827e+00
  1.098606629389e+00    9.235005712888e-02   1.361917053614e+02  -2.083541311827e+00
  1.405731075467e+00    1.162425238168e-02   1.288385503080e+02  -1.504151695212e+00
  1.301456113186e+00   -1.163208098425e-02   1.327787970738e+02  -1.504151695212e+00
  1.242978650413e+00    6.751881515770e-02   1.329959328095e+02  -1.504151695212e+00
  1.094418521366e+00    9.325001342505e-02   1.360722870989e+02  -1.193231250165e+00
  9.075670737746e-01    2.068313640031e-01   1.372151641920e+02  -1.193231250165e+00
  1.135507987602e+00    2.197035692974e-01   1.388550188293e+02  -1.193231250165e+00
  9.858543345571e-01    1.766285236011e-01   1.410460448788e+02  -4.708916490956e+00
  1.080497836026e+00    8.732247985774e-02   1.336965476795e+02  -4.708916490956e+00
  1.136399920371e+00    2.170057721289e-01   1.388384669398e+02  -4.708916490956e+00
  5.644066337119e-01   -3.294563673145e-03   1.323253137146e+02  -3.555617150611e+00
  8.468198637131e-01   -6.692992886933e-03   1.347078348556e+02  -3.555617150611e+00
  6.135548039078e-01   -1.666264445641e-01   1.340976981388e+02  -3.555617150611e+00
  1.548311683731e+00    3.935035302606e-03   4.726031097916e+01   7.931342554779e+00
  4.527621056653e-02    1.868769514096e-03   4.807088265515e+01   7.931342554779e+00
  1.554755634241e+00    4.626349994045e-03   5.970393439017e+01   7.931342554779e+00
  1.062894994426e+00    2.073413653224e-01   1.532019300542e+02  -4.337397167634e-01
  1.194288889427e+00    3.256017794973e-01   1.517043852709e+02  -4.337397167634e-01
  1.291115380450e+00    2.392805557362e-01   1.619744609056e+02  -4.337397167634e-01
  1.117988024466e+00    1.113668265511e-02  -1.665452158940e-02   1.088929936243e+01
  1.498319300933e-03   -1.487705028195e-04   2.849766953673e-02   1.088929936243e+01
  5.751901217555e-03    2.617319528006e-04   7.957929715802e+00   1.088929936243e+01
  2.933810571164e-01   -4.874035328105e-04   1.305520391751e+02  -3.574392682433e+00
  5.655935588442e-01   -3.852684568964e-03   1.322786097644e+02  -3.574392682433e+00
  3.165125884921e-01   -9.471710612985e-02   1.319197314765e+02  -3.574392682433e+00
  4.840162736320e-01   -1.905124316966e-01   1.459692990281e+02  -3.618486961191e+01
  3.701065007242e-03   -3.171129190430e-04   1.573194392691e+02  -3.618486961191e+01
  2.838021264668e-04   -1.037566886118e-03   1.460875246919e+02  -3.618486961191e+01
  7.109681020729e-01    2.776304415058e-02   1.248861239292e+02  -7.146413079354e+00
  1.528173971285e+00    1.496313549803e-02   1.121843428066e+02  -7.146413079354e+00
  1.208485817010e+00    2.347732464695e-02   1.236310535968e+02  -7.146413079354e+00
  3.385301268612e-03    1.040516924278e-03   1.708967165802e+02  -4.272641863844e+01
  1.673921987071e-03   -1.806925450125e-03   1.575463904586e+02  -4.272641863844e+01
  5.745843512448e-01   -1.590901696481e-01   1.575109544066e+02  -4.272641863844e+01
 -5.435374604571e-04   -5.248506597427e-04   1.419569186139e+02  -1.976781070666e+01
  5.940191850536e-01    8.490208604662e-02   1.495223575836e+02  -1.976781070666e+01
  1.477128002238e-03    1.895731638223e-04   1.487376494931e+02  -1.976781070666e+01
  4.813261429278e-01   -1.893887434390e-01   1.459576595702e+02  -4.337848255922e+01
  5.699793739055e-01   -1.599862359725e-01   1.576379159570e+02  -4.337848255922e+01
  6.440395238538e-03   -1.406640466664e-03   1.573586480094e+02  -4.337848255922e+01
  6.506999178760e-03    3.193815007199e-04   1.709344278459e+02  -4.969040050469e+01
  5.717406151499e-01   -1.583666742843e-01   1.574975575088e+02  -4.969040050469e+01
  6.392070657174e-01   -8.849222004754e-02   1.711857321330e+02  -4.969040050469e+01
  2.378120535811e-03   -8.766446439963e-04   1.459719514753e+02  -3.196840971613e+01
 -1.147537572704e-03   -5.849763092132e-04   1.369201590356e+02  -3.196840971613e+01
  4.799105552270e-01   -1.906691767414e-01   1.460879826064e+02  -3.196840971613e+01
  1.517949461118e+00   -3.256607991447e-02   8.440668637519e+01  -1.660684963392e+00
  1.316388388200e+00   -3.252297366730e-02   8.517541537219e+01  -1.660684963392e+00
  1.184540822297e+00   -2.089039139586e-02   7.556088804563e+01  -1.660684963392e+00
  3.184047207929e-01   -9.577637126744e-02   1.319006024222e+02  -2.215385218998e+01
  3.819612247233e-01   -1.593209194876e-01   1.375857553882e+02  -2.215385218998e+01
  4.572203195618e-03   -3.909369869363e-03   1.367878624102e+02  -2.215385218998e+01
  1.016507124530e-03   -1.299648742643e-03   1.318512879957e+02  -9.573923270223e+00
 -4.016117075492e-04    1.922243149677e-03   1.298448643910e+02  -9.573923270223e+00
  3.180257737252e-01   -9.301973127460e-02   1.319387662172e+02  -9.573923270223e+00
  4.789440767656e-01   -1.899736784096e-01   1.459938249023e+02  -2.001488730987e+01
  3.832486347352e-01   -1.603707048666e-01   1.376007082610e+02  -2.001488730987e+01
  7.477149549596e-01   -2.824636936791e-01   1.397677816744e+02  -2.001488730987e+01
  4.771830842426e-01   -1.896188709425e-01   1.460793248706e+02  -2.984320126823e+01
  1.098952487830e-03   -1.909718897329e-03   1.369258668095e+02  -2.984320126823e+01
  3.839607547709e-01   -1.604096116274e-01   1.375436955104e+02  -2.984320126823e+01
  6.144435586461e-01   -1.678513724457e-01   1.340670368852e+02  -1.472641888484e+01
  7.452580253885e-01   -2.813737190131e-01   1.398258128421e+02  -1.472641888484e+01
  3.848472654918e-01   -1.613682985761e-01   1.375331805388e+02  -1.472641888484e+01
  5.711105310444e-01   -1.600484802189e-01   1.575206490399e+02  -2.558198723252e+01
  4.793449677548e-01   -1.896507684241e-01   1.461004222993e+02  -2.558198723252e+01
  9.232778970283e-01   -3.167486653821e-01   1.485066782559e+02  -2.558198723252e+01
  3.827795496818e-01   -1.608492882113e-01   1.375100282313e+02  -1.239423658789e+01
  3.171943619076e-01   -9.401124127260e-02   1.319913700763e+02  -1.239423658789e+01
  6.162043506373e-01   -1.681141633278e-01   1.340874962111e+02  -1.239423658789e+01
  2.550513830054e-03   -2.712993901788e-03   1.367580761659e+02  -1.543537069481e+01
 -1.925173489776e-04    5.436386575481e-04   1.318856521066e+02  -1.543537069481e+01
  3.202464840332e-01   -9.652741324273e-02   1.319095598253e+02  -1.543537069481e+01
  7.796181970617e-01   -1.144359074297e-01   1.505303026160e+02   2.117422972432e+01
  1.085475629829e-02    3.713219405162e-04   1.585412477459e+02   2.117422972432e+01
  8.976419045343e-01   -1.033870645813e-01   1.625194592885e+02   2.117422972432e+01
  9.202287916529e-01   -3.160892058313e-01   1.485862702942e+02  -2.187517790857e+01
  4.813640962932e-01   -1.903706485333e-01   1.460240143820e+02  -2.187517790857e+01
  7.457054247342e-01   -2.821060749594e-01   1.397437054766e+02  -2.187517790857e+01
  1.202033843751e+00   -1.375654516200e-01   1.722097689288e+02  -3.216459812401e+01
  1.244671644449e+00    2.082848028998e-02   1.859282889383e+02  -3.216459812401e+01
  6.752702740720e-01    1.173152357523e-02   1.857107183410e+02  -3.216459812401e+01
  1.201512334376e+00   -1.385461488495e-01   1.723428581745e+02  -3.071377914510e+01
  6.425918863248e-01   -8.808763211591e-02   1.710821826220e+02  -3.071377914510e+01
  1.087054639397e+00   -2.606556813836e-01   1.595500659224e+02  -3.071377914510e+01
  1.251216126981e+00    2.002798677659e-02   1.857950552177e+02  -9.403476976465e+00
  1.433915408211e+00   -1.294918552859e-01   1.733334873240e+02  -9.403476976465e+00
  1.426879726954e+00    2.213726229384e-02   1.860959209970e+02  -9.403476976465e+00
  9.853860010495e-01   -4.045578445120e-02   1.777535186595e+02   5.345475467293e+00
  1.427097802325e+00    1.963340430444e-02   1.860182338387e+02   5.345475467293e+00
  1.433157128553e+00   -1.264767701785e-01   1.734930454716e+02   5.345475467293e+00
  1.430309582136e+00    2.133096882853e-02   1.860525556858e+02   8.881815561109e+00
  9.820618162247e-01   -4.204758538040e-02   1.777154900445e+02   8.881815561109e+00
  9.752900052467e-01    6.119630821077e-02   1.945183219214e+02   8.881815561109e+00
  1.251491279733e+00    2.316864067692e-02   1.860153324573e+02  -9.546997905279e+00
  1.426763222917e+00    2.055509622451e-02   1.859940054253e+02  -9.546997905279e+00
  1.424397346295e+00    1.765815555443e-01   1.987119716695e+02  -9.546997905279e+00
  1.437530755153e+00   -1.289628491686e-01   1.734039268396e+02  -1.305559104420e+01
  1.247151263363e+00    1.913164592100e-02   1.857399873349e+02  -1.305559104420e+01
  1.202207882454e+00   -1.372051885861e-01   1.724067850397e+02  -1.305559104420e+01
  6.714110768121e-01    1.151286516041e-02   1.856978187157e+02  -3.132197731664e+01
  6.393540864605e-01   -8.821115593979e-02   1.712033452880e+02  -3.132197731664e+01
  1.205115222847e+00   -1.379005000007e-01   1.722288119342e+02  -3.132197731664e+01
  1.392615592398e+00   -2.578089911736e-01   1.619281365959e+02  -1.062998823444e+01
  1.088542194990e+00   -2.614663536855e-01   1.596380481634e+02  -1.062998823444e+01
  1.262256556665e+00   -3.495384965169e-01   1.514195563931e+02  -1.062998823444e+01
  1.089544863116e+00   -2.612571390164e-01   1.595762789163e+02  -2.934463286548e+01
  6.397899258744e-01   -8.779640922698e-02   1.710550028631e+02  -2.934463286548e+01
  5.709129747241e-01   -1.599883191405e-01   1.576473760065e+02  -2.934463286548e+01
  1.430407685838e+00   -1.299111462046e-01   1.734390188845e+02   4.450154665752e+00
  1.396703028641e+00   -2.558390723252e-01   1.619527974997e+02   4.450154665752e+00
  9.105039134042e-01   -1.049256128597e-01   1.626047083362e+02   4.450154665752e+00
  1.436031821741e+00   -1.273840926364e-01   1.735289304931e+02  -9.897374936260e+00
  1.203061875847e+00   -1.388540117841e-01   1.722824463716e+02  -9.897374936260e+00
  1.390374404387e+00   -2.592009267835e-01   1.617422815736e+02  -9.897374936260e+00
  9.223774915721e-01   -3.159995551808e-01   1.486493372641e+02  -1.412538149426e+01
  1.265395731492e+00   -3.497141593991e-01   1.515015958848e+02  -1.412538149426e+01
  1.084906975018e+00   -2.616953360028e-01   1.595592433898e+02  -1.412538149426e+01
  1.434824463253e+00   -1.285965491765e-01   1.734872199551e+02   8.889093727863e+00
  9.040647514468e-01   -1.057775847321e-01   1.625272452084e+02   8.889093727863e+00
  9.833864239658e-01   -3.870656159337e-02   1.777584989469e+02   8.889093727863e+00
  1.395100540431e+00   -2.568132594947e-01   1.619227680490e+02   7.064739412102e+00
  1.188662274736e+00   -2.369036364150e-01   1.534949227378e+02   7.064739412102e+00
  9.111582789088e-01   -1.034647453723e-01   1.626059334069e+02   7.064739412102e+00
  1.393328112785e+00   -2.590552103508e-01   1.618262159748e+02  -1.407117310233e+01
  1.199879065915e+00   -1.395741677952e-01   1.722029077085e+02  -1.407117310233e+01
  1.088535765289e+00   -2.604277697352e-01   1.597376467293e+02  -1.407117310233e+01
  5.736881067609e-01   -1.604806616703e-01   1.575472029059e+02  -2.740018535126e+01
  9.211545480193e-01   -3.162271011083e-01   1.484817500937e+02  -2.740018535126e+01
  1.086208155711e+00   -2.611786749455e-01   1.596753760822e+02  -2.740018535126e+01
  6.585404997387e-01   -9.073053135448e-02   1.423178992070e+02   1.738041670483e+01
  2.585597314609e-03    7.818804223206e-04   1.423544808687e+02   1.738041670483e+01
  7.780600156060e-01   -1.141215671833e-01   1.505462211672e+02   1.738041670483e+01
  1.084432466149e+00   -3.456520743512e-01   1.428125895403e+02  -1.252813580787e+01
  9.189286788271e-01   -3.163245630649e-01   1.485022263054e+02  -1.252813580787e+01
  7.467524862299e-01   -2.818443597956e-01   1.398690604227e+02  -1.252813580787e+01
  3.696261556837e-03    2.280775362035e-03   1.855925114999e+02  -4.692746055038e+01
  2.079095484133e-03   -1.736661118409e-03   1.711360177056e+02  -4.692746055038e+01
  6.433049863281e-01   -8.610673268537e-02   1.710556588406e+02  -4.692746055038e+01
  8.446266234786e-01   -6.917402891213e-03   1.346652094181e+02  -3.040926053732e+00
  9.271596535142e-01   -2.232466136599e-01   1.370381784199e+02  -3.040926053732e+00
  6.156956069510e-01   -1.667159942175e-01   1.341402162690e+02  -3.040926053732e+00
  3.182326312880e-01   -9.496838524824e-02   1.319514785406e+02  -5.758805426432e+00
  5.637872809379e-01   -3.852429530697e-03   1.322592777972e+02  -5.758805426432e+00
  6.143721071510e-01   -1.665566349368e-01   1.341308170138e+02  -5.758805426432e+00
  1.081593941452e+00   -3.456201239504e-01   1.427402753995e+02  -9.764643519651e+00
  1.264905879191e+00   -3.491770287729e-01   1.515819529632e+02  -9.764643519651e+00
  9.222911770735e-01   -3.163136856777e-01   1.485723920852e+02  -9.764643519651e+00
  7.466449711262e-01   -2.817325099834e-01   1.398070806017e+02  -6.936963912157e+00
  9.260479105749e-01   -2.238070135548e-01   1.369613177977e+02  -6.936963912157e+00
  1.083874258324e+00   -3.452128394292e-01   1.428718309796e+02  -6.936963912157e+00
  1.202121362376e+00   -2.444593477245e-01   1.389832927405e+02  -3.047900722454e+00
  1.080769350670e+00   -3.439675671763e-01   1.428094408662e+02  -3.047900722454e+00
  9.306759138544e-01   -2.249271708026e-01   1.371130069347e+02  -3.047900722454e+00
  1.085225451897e+00   -3.454035430298e-01   1.428841631198e+02  -4.133766966472e+00
  1.217188281652e+00   -3.104668043776e-01   1.453098608148e+02  -4.133766966472e+00
  1.261037226696e+00   -3.485568417459e-01   1.515083992979e+02  -4.133766966472e+00
  1.201634167415e+00   -2.455517241795e-01   1.389634470294e+02   1.358699501925e-01
  9.309052430434e-01   -2.231726461627e-01   1.371165498920e+02   1.358699501925e-01
  1.115357545786e+00   -1.142062526476e-01   1.360336408448e+02   1.358699501925e-01
  7.440566135905e-01   -2.816354855437e-01   1.397573531483e+02  -9.040102720470e+00
  6.152950439417e-01   -1.672104388267e-01   1.341685227296e+02  -9.040102720470e+00
  9.279829837435e-01   -2.236331629580e-01   1.370059489858e+02  -9.040102720470e+00
  8.706434843016e-01   -7.423648965833e-02   1.339424574006e+02   7.106425469746e+00
  1.171942978877e+00   -1.014341898535e-01   1.335941933760e+02   7.106425469746e+00
  8.602740339678e-01   -3.361094042701e-02   1.285766522096e+02   7.106425469746e+00
  1.551922253623e+00    1.363837082277e-02   1.122601684700e+02  -9.374684602807e+00
  8.413082409935e-03    2.147488840681e-03   1.157532692951e+02  -9.374684602807e+00
  1.552150107327e-02   -1.725325919654e-03   1.030514237249e+02  -9.374684602807e+00
  1.198141764831e+00   -2.413910986216e-01   1.389083816425e+02   4.716503811983e+00
  1.294650923994e+00   -8.117910675238e-02   1.332777284160e+02   4.716503811983e+00
  1.173423167818e+00   -1.023799223668e-01   1.336317976462e+02   4.716503811983e+00
  1.195712310905e+00   -2.422445736795e-01   1.388702561357e+02  -2.238911751678e-01
  1.120558251160e+00   -1.167506171605e-01   1.361389653739e+02  -2.238911751678e-01
  1.296631650119e+00   -8.193837862869e-02   1.333161670091e+02  -2.238911751678e-01
  1.298532147770e+00   -8.070365110902e-02   1.333359646212e+02  -1.036513851321e-01
  1.300484157449e+00   -1.230476482141e-02   1.327795587089e+02  -1.036513851321e-01
  1.407339578595e+00    1.243846824943e-02   1.288389091416e+02  -1.036513851321e-01
  1.216824153421e+00   -3.107580705567e-01   1.453002208032e+02  -9.790063921000e-01
  1.084938044439e+00   -3.444279796282e-01   1.428790827291e+02  -9.790063921000e-01
  1.197740020650e+00   -2.434716871410e-01   1.388785954535e+02  -9.790063921000e-01
  1.292797499317e+00   -1.142692178268e-02   1.243041273986e+02   2.043790461727e+00
  1.298348823453e+00   -7.998770382355e-02   1.333599667045e+02   2.043790461727e+00
  1.409105280639e+00    1.171854954445e-02   1.288335315483e+02   2.043790461727e+00
  1.298858757552e+00   -8.433465982415e-02   1.333172867544e+02   9.648075328385e-01
  1.119529484543e+00   -1.134618433038e-01   1.361411588322e+02   9.648075328385e-01
  1.300578484728e+00   -9.625812042946e-03   1.327848637936e+02   9.648075328385e-01
  9.264227763397e-01   -2.219097571048e-01   1.370308434989e+02  -1.820793220301e+00
  8.462930144906e-01   -8.282087233596e-03   1.347370599321e+02  -1.820793220301e+00
  1.118095056231e+00   -1.146949049458e-01   1.361213525035e+02  -1.820793220301e+00
  1.100536869375e+00   -2.081795679536e-01   1.415562942299e+02   3.905910522555e+00
  1.202917902507e+00   -2.428455302933e-01   1.389589497614e+02   3.905910522555e+00
  1.169784797949e+00   -1.023667787704e-01   1.335751828884e+02   3.905910522555e+00
  1.217226462130e+00   -3.095421763920e-01   1.453087910586e+02   4.929280950112e+00
  1.101241985560e+00   -2.064562812917e-01   1.415979629169e+02   4.929280950112e+00
  1.087397799780e+00   -2.142890233517e-01   1.468159447760e+02   4.929280950112e+00
  1.214689116225e+00   -3.093093457786e-01   1.452852228762e+02   4.445281942797e+00
  1.200229750868e+00   -2.441233918809e-01   1.389122928818e+02   4.445281942797e+00
  1.103447244307e+00   -2.071552917344e-01   1.416289811915e+02   4.445281942797e+00
  1.191772916418e+00   -2.360628748974e-01   1.535825386725e+02   1.088238005647e+01
  1.087705323055e+00   -2.141353169505e-01   1.468186640254e+02   1.088238005647e+01
  7.791222818827e-01   -1.145724812908e-01   1.505828226696e+02   1.088238005647e+01
  1.087545718207e+00   -2.139648981315e-01   1.468320722905e+02   3.771967489601e+00
  1.192066035032e+00   -2.370178917645e-01   1.535767309761e+02   3.771967489601e+00
  1.217214197317e+00   -3.104196747876e-01   1.452847795925e+02   3.771967489601e+00
  6.583860623102e-01   -9.069818592731e-02   1.423212287747e+02   1.064700390246e+01
  7.776671897213e-01   -1.149103356246e-01   1.505416309695e+02   1.064700390246e+01
  1.089188310343e+00   -2.137196805640e-01   1.468506303866e+02   1.064700390246e+01
  1.194190335791e+00   -2.359869512978e-01   1.535851250041e+02   1.025350253984e+01
  7.763665391344e-01   -1.147778920321e-01   1.505520484455e+02   1.025350253984e+01
  9.014018282659e-01   -1.038345473072e-01   1.625016510841e+02   1.025350253984e+01
  1.086414075996e+00   -2.136275081305e-01   1.468290116841e+02   1.050824998784e+01
  1.103304537242e+00   -2.062759148083e-01   1.416110868037e+02   1.050824998784e+01
  6.615371631780e-01   -9.098582738315e-02   1.423585938440e+02   1.050824998784e+01
  1.214016787613e+00   -3.106824257172e-01   1.452214004144e+02   1.774331533677e+00
  1.195923964886e+00   -2.369808736036e-01   1.536362608949e+02   1.774331533677e+00
  1.265618621107e+00   -3.478638559036e-01   1.515857739944e+02   1.774331533677e+00
  8.727597733852e-01   -7.297706353442e-02   1.339856038868e+02   8.102201738324e+00
  1.099497147089e+00   -2.061377530961e-01   1.415647430473e+02   8.102201738324e+00
  1.170208945444e+00   -1.035839373036e-01   1.335757398027e+02   8.102201738324e+00
  8.219049287680e-01   -1.222906767485e-02   1.240078639106e+02   1.200634515569e+01
  3.557251248942e-03    6.328489271042e-04   1.234898411158e+02   1.200634515569e+01
  8.606420680034e-01   -3.353630825140e-02   1.286067999441e+02   1.200634515569e+01
  8.214251929119e-01   -1.219161454045e-02   1.239598313482e+02   6.658763600722e+00
  1.290236225439e+00   -1.086131756778e-02   1.242414803040e+02   6.658763600722e+00
  1.131273009632e+00   -1.554918592107e-02   1.163745088612e+02   6.658763600722e+00
  3.463968197796e-03   -6.482298742055e-04   1.339265160540e+02   1.232540864668e+01
  8.642089336732e-01   -3.405069390889e-02   1.285792379939e+02   1.232540864668e+01
  7.589965325759e-04    6.412737983075e-04   1.234688389367e+02   1.232540864668e+01
  1.111436400714e+00    1.086665975751e-02   7.501193501729e-03   3.654272608385e+00
  1.315989768357e+00    1.293198527948e-02   8.672556791905e+00   3.654272608385e+00
  1.489220439346e+00    3.852821604169e-03   8.704379324140e-02   3.654272608385e+00
 -1.424104946579e-03   -1.716720110340e-03   2.275298027333e+02   1.449951239565e+01
  5.797081407620e-01    9.830948175508e-02   2.255213737939e+02   1.449951239565e+01
  2.304739283862e-03    9.645557545448e-04   2.246512922604e+02   1.449951239565e+01
  1.303766181420e+00   -1.688806718937e-02   1.034531752972e+02  -9.940760758518e+00
  1.540492415529e+00    1.243980211154e-02   1.122324262358e+02  -9.940760758518e+00
  2.291632690317e-02   -2.005501098182e-03   1.030526069885e+02  -9.940760758518e+00
  8.701248717994e-01   -7.392871372704e-02   1.339261740509e+02   1.038142297275e+01
  6.603296653673e-01   -9.198363950509e-02   1.423199965424e+02   1.038142297275e+01
  1.103499588475e+00   -2.052492866000e-01   1.416052286287e+02   1.038142297275e+01
  1.541612162221e+00    3.239234821255e-03   4.724384210037e+01   1.640622948221e-01
  1.414019932986e+00   -7.436213996937e-03   3.953721771505e+01   1.640622948221e-01
  1.356828007216e+00    7.129255848865e-03   3.796644119470e+01   1.640622948221e-01
 -9.533157399702e-04    3.275726222449e-04   1.422792572461e+02   1.952456554123e+01
  5.399345349488e-03   -8.383026983310e-05   1.584474987509e+02   1.952456554123e+01
  7.831723618135e-01   -1.138087638171e-01   1.505684592499e+02   1.952456554123e+01
  1.461422600746e+00   -6.861769005048e-03   1.049906678072e+02   1.038284174532e+01
  2.518218171713e-02   -1.977627960272e-03   1.151538176019e+02   1.038284174532e+01
  1.120939170482e+00   -1.597061516798e-02   1.162993134991e+02   1.038284174532e+01
  1.267037103460e+00   -3.481259399986e-01   1.516129172270e+02  -1.144097419897e+00
  1.194356732213e+00   -2.368570407460e-01   1.536170892851e+02  -1.144097419897e+00
  1.387805075374e+00   -2.578086494934e-01   1.618352277038e+02  -1.144097419897e+00
  1.301891809255e+00   -1.160671040366e-02   1.328333630077e+02  -4.506647431635e-01
  1.117035587785e+00   -1.115109933254e-01   1.361077200010e+02  -4.506647431635e-01
  1.095960714673e+00    9.064542976531e-02   1.361460867588e+02  -4.506647431635e-01
  6.423553495738e-03   -1.670127161440e-03   1.585331298221e+02   2.042863268255e+01
  9.841995170568e-01   -4.205334897763e-02   1.777254126147e+02   2.042863268255e+01
  9.007044793267e-01   -1.023341195713e-01   1.625298003075e+02   2.042863268255e+01
  1.523293408047e+00    1.353848738710e-02   1.120363691439e+02   2.703605230747e+00
  1.148060635032e+00   -1.563530897099e-02   1.163438565356e+02   2.703605230747e+00
  1.428870811206e+00    2.514311911153e-03   1.241244072951e+02   2.703605230747e+00
  1.316928445046e+00    1.186419024995e-01   1.738310075934e+02  -8.024504315571e+00
  1.303808693418e+00   -1.213118801151e-02   1.867796551572e+02  -8.024504315571e+00
  7.748259238971e-01    3.536294899045e-02   1.779209641803e+02  -8.024504315571e+00
  1.381821321578e-02    6.051011650772e-04   7.943675305586e+00   9.982966278894e+00
  1.319803738100e+00    1.285625374047e-02   8.615099250419e+00   9.982966278894e+00
  1.110732817445e+00    1.102685379070e-02  -3.739224120664e-02   9.982966278894e+00
  1.425153198407e+00    2.754687982440e-03   1.240878735987e+02   1.826080905218e+00
  1.293124117151e+00   -1.178526168102e-02   1.242904490992e+02   1.826080905218e+00
  1.408027703337e+00    1.150451134477e-02   1.288260512201e+02   1.826080905218e+00
  1.710179401397e+00    1.195958243822e-02   3.011598356108e+01   7.617593644381e+00
  1.410674761540e+00    2.192865674294e-02   1.799243785423e+01   7.617593644381e+00
  5.426631459761e-02   -1.045302513516e-03   2.777322620300e+01   7.617593644381e+00
  1.433117201550e+00    2.412478507131e-03   1.241380160464e+02   2.137635418579e+00
  1.141554899245e+00   -1.549427584055e-02   1.163672121765e+02   2.137635418579e+00
  1.285038715834e+00   -1.107225889193e-02   1.242924696704e+02   2.137635418579e+00
  1.131313283822e+00   -1.521241551247e-02   1.161777448545e+02   2.296291542174e+00
  1.534324442679e+00    1.207455315564e-02   1.120156157414e+02   2.296291542174e+00
  1.450497736649e+00   -7.010993773976e-03   1.049268636209e+02   2.296291542174e+00
  1.406452945671e+00    1.196894234155e-02   1.288254647579e+02  -4.189053750905e+00
  1.242579494948e+00    6.745301824730e-02   1.329971220360e+02  -4.189053750905e+00
  1.079956432759e+00    8.686567371041e-02   1.337589571929e+02  -4.189053750905e+00
  1.213382924167e+00    2.299518855114e-02   1.236990481114e+02  -3.104111227803e+00
  1.426943064931e+00    2.146669593451e-03   1.240867955194e+02  -3.104111227803e+00
  1.405444347490e+00    1.255756200261e-02   1.288629105827e+02  -3.104111227803e+00
  1.078540085049e+00    8.565642365475e-02   1.337788204382e+02  -6.640349562097e+00
  7.520974033836e-01    2.984346715234e-02   1.290399773608e+02  -6.640349562097e+00
  1.409637711146e+00    1.334271663434e-02   1.288349338296e+02  -6.640349562097e+00
  1.419387310286e-03   -9.308208846998e-04   1.281134773135e+02  -1.267898020274e+01
  7.613734760000e-01    5.516364908387e-02   1.335880277824e+02  -1.267898020274e+01
  1.758987912005e-03    3.150517899994e-04   1.339099595954e+02  -1.267898020274e+01
  7.576507245970e-01    5.500638033377e-02   1.335741945058e+02  -1.274890547436e+01
  4.083423587887e-03   -1.151399919313e-03   1.281388623521e+02  -1.274890547436e+01
  7.435196145472e-01    2.874018745737e-02   1.289781413997e+02  -1.274890547436e+01
  1.289590102706e+00   -9.890118016136e-03   1.242835117010e+02   3.448532703594e+00
  1.168056397132e+00   -1.004402155657e-01   1.335517735760e+02   3.448532703594e+00
  1.299922193657e+00   -8.127747673052e-02   1.333641591453e+02   3.448532703594e+00
  8.209832157895e-01   -1.207261567824e-02   1.239912619479e+02   7.056975206813e+00
  8.604620548930e-01   -3.407374789972e-02   1.286389573438e+02   7.056975206813e+00
  1.292155491693e+00   -1.087788977161e-02   1.242674145395e+02   7.056975206813e+00
  1.315963762430e+00    1.137774811184e-02   8.709418341071e+00   1.141550864563e+00
  1.417572797731e+00    2.317504574703e-02   1.851926876816e+01   1.141550864563e+00
  1.490032025629e+00    1.931039372191e-02   1.143479900866e+01   1.141550864563e+00
  2.103744870726e-02    1.046902454385e-03   9.243075393739e+01   9.856460654327e+00
  1.507914423699e+00   -2.619700671861e-02   8.395208945434e+01   9.856460654327e+00
  1.044724593558e-03    9.005046636193e-04   8.225688945039e+01   9.856460654327e+00
  4.081118392293e-02   -7.016261988213e-04   9.337099395098e+01  -7.962229134457e+00
  1.702468829474e+00   -1.820496899642e-02   9.397887693170e+01  -7.962229134457e+00
  1.305711527581e+00   -1.592281988005e-02   1.037849856521e+02  -7.962229134457e+00
  1.688701269017e+00   -1.852367208975e-02   9.401683999800e+01   7.861659668514e+00
  4.329249691448e-02    8.564631158853e-04   9.306026099171e+01   7.861659668514e+00
  1.457908179160e+00   -5.756384852010e-03   1.054511057143e+02   7.861659668514e+00
  1.344863398714e+00    1.305392140685e-03   5.383070447330e+01  -2.067282407637e+00
  1.566100010303e+00    5.384683066469e-03   5.929875660332e+01  -2.067282407637e+00
  1.342089302094e+00    1.575992623200e-02   6.502378454724e+01  -2.067282407637e+00
  1.357831759851e+00    7.598482977975e-03   3.798659311267e+01   9.868660961135e+00
 -4.595597751772e-04   -1.537580503280e-04   3.785053906902e+01   9.868660961135e+00
  1.639916576115e-02    7.111712701673e-04   4.760982152567e+01   9.868660961135e+00
  1.192715131221e+00   -2.096387567037e-02   7.541322157036e+01  -2.700459823703e+00
  1.560146525105e+00   -2.074123094385e-02   7.169500473317e+01  -2.700459823703e+00
  1.507965031879e+00   -3.222248491967e-02   8.445051052748e+01  -2.700459823703e+00
  1.552575905139e+00    4.371073217526e-03   5.871463012799e+01   7.652809735111e+00
  5.030324555623e-02   -2.474063914350e-03   7.145353824386e+01   7.652809735111e+00
  1.574346008946e+00   -1.976163549912e-02   7.163773441426e+01   7.652809735111e+00
  1.335317826358e+00    1.139465294960e-03   5.370368061030e+01  -2.203371473856e+00
  1.394633244633e+00   -6.786705322851e-03   3.949648374427e+01  -2.203371473856e+00
  1.554651081040e+00    2.197369048946e-03   4.720101874986e+01  -2.203371473856e+00
  1.577893224084e+00   -2.209875630132e-02   7.192207824275e+01   7.429075642491e+00
  4.614803547187e-02   -3.698184640245e-04   7.195392354296e+01   7.429075642491e+00
  1.494353871852e+00   -2.896927117103e-02   8.468230844869e+01   7.429075642491e+00
  1.504764716592e+00    1.715313858867e-02   1.142917350468e+01  -9.733811235990e+00
  1.495183341454e-02    1.117896738657e-03   1.909568240040e+01  -9.733811235990e+00
  9.747095380357e-03   -1.569673431555e-03   7.106551800938e+00  -9.733811235990e+00
  1.758812656766e-02   -1.304279803185e-03   1.755812465434e+01   9.556197911673e+00
  1.417090138544e+00    2.075279735999e-02   1.841897069073e+01   9.556197911673e+00
  1.318026596887e+00    1.221063456664e-02   8.645664756202e+00   9.556197911673e+00
  8.311158714787e-03   -6.759895616524e-04   1.756846505581e+01   1.008766278235e+01
  1.327756418073e+00    1.250477411790e-02   8.624012879821e+00   1.008766278235e+01
  6.807912821484e-03    6.847023327445e-04   8.007243635691e+00   1.008766278235e+01
  1.480617884862e+00    3.441789606904e-03   8.520294706235e-02   1.298804587287e+00
  1.324586832517e+00    1.315466087924e-02   8.631759752579e+00   1.298804587287e+00
  1.480353460398e+00    1.666017583526e-02   1.140726107907e+01   1.298804587287e+00
 -9.302756688118e-04    3.716711409047e-04   3.758596429161e+01   9.864189195024e+00
  1.355663262538e+00    7.235444825675e-03   3.844866220679e+01   9.864189195024e+00
  2.328868727998e-02    7.117636781358e-05   2.840179888653e+01   9.864189195024e+00
  1.429778201710e+00    2.461458773472e-02   1.851297505069e+01  -9.659050906679e-01
  1.680211165276e+00    1.142245714202e-02   3.029346766215e+01  -9.659050906679e-01
  1.303826674802e+00    3.393579449199e-02   2.205774630081e+01  -9.659050906679e-01
  1.427192299028e+00    2.025529435714e-02   1.821950480407e+01   9.659094607758e+00
  5.471748824680e-03   -1.132407614306e-03   1.772846282861e+01   9.659094607758e+00
  2.364454327568e-02   -7.120706046105e-04   2.773382865262e+01   9.659094607758e+00
  1.434501228366e+00    2.480330693138e-02   1.849233903588e+01  -9.291819854289e-01
  1.301046838357e+00    3.409416171739e-02   2.178629816566e+01  -9.291819854289e-01
  1.478342371395e+00    1.948821672471e-02   1.130102154094e+01  -9.291819854289e-01
  4.581919200973e-03    6.482308142025e-04   1.906214242105e+01  -1.076047047730e+01
  1.301171920535e+00    3.127764661939e-02   2.165421577281e+01  -1.076047047730e+01
  1.055510893735e-02   -1.155213854237e-03   2.896916045950e+01  -1.076047047730e+01
  3.193800321682e-02   -2.120242859313e-03   2.903615303016e+01  -8.974748297448e+00
  1.290029000651e+00    3.165283836440e-02   2.157969065097e+01  -8.974748297448e+00
  1.690748722146e+00    1.020609947430e-02   3.014768174810e+01  -8.974748297448e+00
  1.476223747464e+00   -6.597104380058e-03   1.050762934462e+02   1.018242559276e+01
  3.135386726388e-03    9.879680595619e-04   1.040622220188e+02   1.018242559276e+01
  1.386126482139e-02   -1.204581971803e-03   1.150908430839e+02   1.018242559276e+01
  1.317461714978e+00   -1.529770866127e-02   1.035424774076e+02  -1.077999113749e+00
  1.465917428130e+00   -6.460406345083e-03   1.050148388267e+02  -1.077999113749e+00
  1.521717758771e+00    1.159164210989e-02   1.122415267380e+02  -1.077999113749e+00
  5.271042218139e-03    2.494725372380e-04   8.174160277438e+01  -1.035855823343e+01
  1.330882871098e+00   -3.101797668980e-02   8.475805565471e+01  -1.035855823343e+01
  1.437470920796e-02    2.283149188932e-04   9.303276595782e+01  -1.035855823343e+01
  1.462889710787e+00   -5.857680485043e-03   1.050043733952e+02  -1.503513555866e+00
  1.321639945227e+00   -1.523797107048e-02   1.033218138456e+02  -1.503513555866e+00
  1.676697347377e+00   -1.810847567003e-02   9.390680791187e+01  -1.503513555866e+00
  1.317459430838e+00   -1.723963853692e-02   1.036108444520e+02  -1.000494828480e+01
  4.528991020434e-03   -1.176686108356e-03   1.030451942217e+02  -1.000494828480e+01
  1.648206722680e-02   -4.074341983701e-04   9.345405513182e+01  -1.000494828480e+01
  1.415180336466e-02   -4.811879514341e-04   2.941852943975e+01  -1.072279100284e+01
  1.416257672631e+00   -7.367968541047e-03   3.956229186829e+01  -1.072279100284e+01
  1.592632633776e-03    5.306752036173e-05   4.129452770390e+01  -1.072279100284e+01
  2.224860128609e-03    4.744261377359e-04   1.039217589285e+02   1.017092095393e+01
  1.474455470252e+00   -5.513372771612e-03   1.053044574718e+02   1.017092095393e+01
  1.986956559446e-02    5.585614083827e-04   9.309524964823e+01   1.017092095393e+01
  1.359755477160e+00    6.795985011728e-03   3.811052711208e+01   8.493093122226e-01
  1.408287964588e+00   -7.629775204290e-03   3.920016462070e+01   8.493093122226e-01
  1.678458580128e+00    9.430917633994e-03   3.004868447003e+01   8.493093122226e-01
  5.082403468630e-02    4.622278207823e-05   2.829343867284e+01   6.942965784600e+00
  1.339881604611e+00    6.647950035546e-03   3.873666126732e+01   6.942965784600e+00
  1.712373079994e+00    1.070744549347e-02   3.021044082414e+01   6.942965784600e+00
  1.345687557977e+00    7.293941135901e-03   3.772243000289e+01   7.721491607464e+00
  3.731413055456e-02    1.672537657831e-03   4.768772715281e+01   7.721491607464e+00
  1.554498560861e+00    4.180739298981e-03   4.708678395034e+01   7.721491607464e+00
  1.345743944252e+00    2.006086441893e-03   5.383275210213e+01  -1.058007359605e+01
  1.343057438137e+00    1.463991508424e-02   6.500908270594e+01  -1.058007359605e+01
  2.018921461645e-02   -1.241404836623e-04   6.189709931351e+01  -1.058007359605e+01
  1.573961761973e+00    4.503411159014e-03   5.944362877518e+01   9.262035801066e+00
  2.260211254988e-02    1.117011565764e-03   4.818016492899e+01   9.262035801066e+00
  3.108141777409e-03   -4.948839144269e-04   5.968687294756e+01   9.262035801066e+00
  2.674884987147e-03   -2.394332105992e-04   4.134221019386e+01  -1.071429143424e+01
  1.412160509176e+00   -6.660202800953e-03   3.950775735257e+01  -1.071429143424e+01
  1.212877322663e-02    5.188256539654e-04   5.126431824111e+01  -1.071429143424e+01
  1.325744729909e+00   -3.304209094283e-02   8.523801008116e+01  -1.940399448558e+00
  1.499762297838e+00   -3.055265074670e-02   8.424433597823e+01  -1.940399448558e+00
  1.673348077978e+00   -1.854727250846e-02   9.384998187757e+01  -1.940399448558e+00
  4.240480087570e-02   -3.226096311523e-05   9.302859170070e+01  -8.409656835158e+00
  1.312908346773e+00   -3.113541646416e-02   8.462195476162e+01  -8.409656835158e+00
  1.700381371568e+00   -1.890190884858e-02   9.386921327273e+01  -8.409656835158e+00
  1.295922625173e-02    8.627565115833e-04   8.159939406617e+01  -1.050995073481e+01
  1.171479634351e+00   -1.873370346837e-02   7.568871678581e+01  -1.050995073481e+01
  1.323569198939e+00   -3.210526959764e-02   8.488559404026e+01  -1.050995073481e+01
  1.175897252060e+00   -1.633254941162e-02   7.578834651542e+01  -1.142327992004e+01
  3.727059623112e-03   -1.753542533305e-05   8.158226103336e+01  -1.142327992004e+01
  4.684926976162e-03    9.923120889127e-04   7.305886871181e+01  -1.142327992004e+01
  7.247414267612e-03   -4.927218755948e-04   6.185842998417e+01  -1.071366425256e+01
  1.355073367019e+00    1.485828326237e-02   6.503026060391e+01  -1.071366425256e+01
  8.051157822160e-03    4.028597100748e-04   7.303838226682e+01  -1.071366425256e+01
  1.350274535264e+00    1.691350080351e-02   6.521666869572e+01  -1.864425289263e+00
  1.554376124637e+00    5.338942651037e-03   5.901047810209e+01  -1.864425289263e+00
  1.563741954494e+00   -1.881173974002e-02   7.159744613515e+01  -1.864425289263e+00
  2.458496911145e-02   -1.597717392365e-03   7.135436897902e+01   9.261891460758e+00
  1.572806794727e+00    3.445181030350e-03   5.898625758655e+01   9.261891460758e+00
  2.974821239511e-03    2.702229931843e-05   5.995558053586e+01   9.261891460758e+00
  2.759421996111e-04    1.653340087867e-03   8.200654810958e+01   9.869324525064e+00
  1.508934570050e+00   -2.693311734255e-02   8.437625546204e+01   9.869324525064e+00
  2.117999172074e-02   -6.756645227124e-05   7.201242273881e+01   9.869324525064e+00
  1.341578274412e+00    1.561279763452e-02   6.509470721935e+01  -1.068499563382e+01
  1.162761104751e+00   -1.624896154048e-02   7.580206372064e+01  -1.068499563382e+01
  1.894114307496e-02    1.257404058784e-03   7.306812865493e+01  -1.068499563382e+01
  1.336266481416e+00    1.685556948817e-02   6.514900321645e+01  -3.428518258055e+00
  1.573922802855e+00   -1.995732599803e-02   7.156194933474e+01  -3.428518258055e+00
  1.167487082124e+00   -1.822002951922e-02   7.566840298675e+01  -3.428518258055e+00
  1.354641570562e+00    2.225516541091e-03   5.381309564423e+01  -1.057468402221e+01
  9.125174464006e-03    1.048585933662e-04   6.191063336708e+01  -1.057468402221e+01
  7.130033955468e-03    2.798193686722e-04   5.121952577710e+01  -1.057468402221e+01
  1.398510886178e+00   -6.657696762507e-03   3.949147899294e+01  -1.035673559209e+01
  1.334861908805e+00    1.587775065796e-03   5.373406237919e+01  -1.035673559209e+01
  2.449279378150e-02    7.543307913350e-04   5.125919212111e+01  -1.035673559209e+01
  1.554021846855e+00    4.987676796496e-03   5.954406940588e+01  -1.893153450317e+00
  1.353946612866e+00    6.578886778306e-04   5.368656349488e+01  -1.893153450317e+00
  1.541257368007e+00    2.614626790106e-03   4.725148808375e+01  -1.893153450317e+00
