
 -8.178732768127e-04    9.919893347631e-04  -1.004363392736e+02   5.653099776514e+00
 -2.555329509330e-01    9.111033580617e-04  -1.012249349964e+02   5.653099776514e+00
  1.423789343340e-04   -4.077867721084e-04  -1.007296349716e+02   5.653099776514e+00
 -3.102841346287e-01    4.320032941797e-02  -9.282628529372e+01   1.031466205359e+01
  2.181798522927e-04    1.938378217182e-05  -9.670393752438e+01   1.031466205359e+01
 -8.622610127941e-04   -2.430288108882e-05  -9.267699202932e+01   1.031466205359e+01
 -2.553172814150e-01   -5.467917756018e-04  -1.012315862745e+02   5.970629415020e+00
 -4.170675697582e-01    8.948913353684e-02  -1.010692743661e+02   5.970629415020e+00
 -4.464399867966e-01    1.210482169159e-03  -1.026394525870e+02   5.970629415020e+00
 -4.187327526657e-01    8.868016273970e-02  -1.010437853890e+02   5.641770761271e+00
 -2.539442259424e-01    2.568614622734e-04  -1.012712545535e+02   5.641770761271e+00
 -1.954133262702e-01    3.539113222945e-02  -1.001755346079e+02   5.641770761271e+00
 -5.187276844676e-01    1.108027637995e-01  -1.033942717004e+02   3.974418707269e+00
 -4.466312587078e-01    1.213549188104e-03  -1.026907466309e+02   3.974418707269e+00
 -4.172919222724e-01    9.019509498252e-02  -1.010388332470e+02   3.974418707269e+00
 -6.456018271099e-01   -6.587082916984e-03  -5.087928336196e+00   4.282684705653e+00
 -8.775802866710e-03    5.403865398463e-04  -3.216506129384e+00   4.282684705653e+00
 -4.721920787074e-01    6.699048151893e-03   2.654689216608e-02   4.282684705653e+00
 -1.958947596989e-01    3.484812125673e-02  -1.001686919348e+02   5.404464936190e+00
 -4.007788569940e-01    9.690775417815e-02  -9.909267178454e+01   5.404464936190e+00
 -4.187004463038e-01    8.921424889035e-02  -1.010326125795e+02   5.404464936190e+00
 -6.173787950897e-01   -5.817577902827e-03  -5.665774511821e+01   2.444199431791e+00
 -3.283071464057e-01   -1.270966518746e-02  -5.674330261506e+01   2.444199431791e+00
 -5.291759268951e-01   -1.020151839926e-02  -5.442367941230e+01   2.444199431791e+00
 -2.421116836001e-01    4.717025130492e-02  -9.754402343664e+01   5.176157732778e+00
 -3.105181630290e-01    4.340732440857e-02  -9.282289865270e+01   5.176157732778e+00
 -4.537128714266e-01    1.071734877507e-01  -9.638352680551e+01   5.176157732778e+00
 -8.844207095975e-04   -1.939217076675e-04  -9.932628913707e+01   7.426721276367e+00
 -2.413353165168e-01    4.692841721049e-02  -9.756017820421e+01   7.426721276367e+00
 -1.952509111121e-01    3.510957460611e-02  -1.001942448103e+02   7.426721276367e+00
 -4.013507949932e-01    9.697441567109e-02  -9.908414186241e+01   2.610164665848e+00
 -4.529282302007e-01    1.077510572412e-01  -9.638761724710e+01   2.610164665848e+00
 -4.922021782358e-01    1.458097161411e-01  -1.001471736833e+02   2.610164665848e+00
 -4.528534361217e-01    1.072548538487e-01  -9.638952087416e+01   5.524438583196e+00
 -4.013298164724e-01    9.706513968053e-02  -9.908769944719e+01   5.524438583196e+00
 -2.430410961939e-01    4.709767003246e-02  -9.752904994062e+01   5.524438583196e+00
 -5.241335657025e-01    1.622789511309e-01  -9.745000852769e+01   1.624380380668e+00
 -4.908393126790e-01    1.459046098092e-01  -1.001775618003e+02   1.624380380668e+00
 -4.546544146426e-01    1.077368737494e-01  -9.635956388004e+01   1.624380380668e+00
 -4.012588808271e-01    9.710186679389e-02  -9.908589744605e+01   3.338971808182e+00
 -4.922724906266e-01    1.455093528026e-01  -1.001472395881e+02   3.338971808182e+00
 -4.178721608384e-01    8.945149624026e-02  -1.010506057529e+02   3.338971808182e+00
 -5.246783335702e-01    1.624059517215e-01  -9.743364104836e+01   3.476194565679e-01
 -4.541026521408e-01    1.076411734863e-01  -9.637396546885e+01   3.476194565679e-01
 -5.628527992055e-01    1.195994602557e-01  -9.283707307113e+01   3.476194565679e-01
 -2.420780272193e-01    4.730881232551e-02  -9.755335911639e+01   5.326222890127e+00
 -4.019208547830e-01    9.684596640564e-02  -9.907494848518e+01   5.326222890127e+00
 -1.947289381002e-01    3.486722589233e-02  -1.001990462631e+02   5.326222890127e+00
 -9.304405155851e-04    2.531092482829e-04  -8.070336645352e+01   1.128067714005e+01
 -4.995707269611e-04   -4.502897305066e-04  -6.933732497229e+01   1.128067714005e+01
 -3.395625789060e-01   -1.741335233570e-02  -7.802567019045e+01   1.128067714005e+01
 -5.173640489184e-01    1.110412605846e-01  -1.033875476753e+02   3.357547510790e+00
 -4.187329094957e-01    8.968166541566e-02  -1.010307221069e+02   3.357547510790e+00
 -4.912336303736e-01    1.455467978733e-01  -1.001601150232e+02   3.357547510790e+00
 -5.751519433072e-01    2.408819761946e-03  -1.051543090561e+02   2.232548333665e+00
 -5.157741636085e-01    1.100080030648e-01  -1.033837789587e+02   2.232548333665e+00
 -5.313348364592e-01    4.885842462368e-02  -1.057063443986e+02   2.232548333665e+00
 -5.737361681124e-01    6.780422711206e-04  -1.051256473037e+02   4.966004811849e+00
 -4.479102095533e-01    6.632103501383e-04  -1.026803470573e+02   4.966004811849e+00
 -5.171761209435e-01    1.108735552146e-01  -1.034089534848e+02   4.966004811849e+00
 -5.758548932771e-01    2.334917395186e-03  -1.051801817461e+02   2.329161036044e+00
 -5.308859196212e-01    4.834660953454e-02  -1.057023553876e+02   2.329161036044e+00
 -6.376001554656e-01   -7.884385684243e-04  -1.070124213265e+02   2.329161036044e+00
 -5.288666752126e-01    4.674377974657e-02  -1.057051342135e+02   1.191881972520e+00
 -5.186912007096e-01    1.115958783150e-01  -1.033773086830e+02   1.191881972520e+00
 -4.273800631909e-01    1.022198004800e-01  -1.044470593883e+02   1.191881972520e+00
 -4.078865559433e-01   -7.902257397498e-03  -1.056143784814e+02  -2.369439994348e-01
 -5.301746470751e-01    4.688433063681e-02  -1.056620461231e+02  -2.369439994348e-01
 -4.252640208794e-01    1.014776713519e-01  -1.044797405149e+02  -2.369439994348e-01
 -5.295756694780e-01    4.522090216271e-02  -1.056884622374e+02   7.533573954617e-01
 -5.376447117632e-01   -5.778844712559e-02  -1.056318023357e+02   7.533573954617e-01
 -6.381929240018e-01    2.057487717761e-03  -1.070073244099e+02   7.533573954617e-01
 -5.186840523721e-01    1.112095518180e-01  -1.033688128159e+02  -3.616853415185e-01
 -4.656626146783e-01    1.612417237184e-01  -1.015630563485e+02  -3.616853415185e-01
 -4.273704386848e-01    1.029485460103e-01  -1.044519726115e+02  -3.616853415185e-01
 -3.590213612016e-01    5.162139721270e-03  -5.455518504013e+01  -4.590647704959e+00
 -4.950242728309e-01    6.928362140248e-03  -5.125019486523e+01  -4.590647704959e+00
 -5.544215073220e-03    5.448714720314e-04  -5.069753087874e+01  -4.590647704959e+00
 -3.306704279631e-01    1.309992529344e-01  -1.029023339006e+02  -4.946217450191e+00
 -4.674785176071e-01    1.619558302142e-01  -1.015670070172e+02  -4.946217450191e+00
 -3.946789379530e-01    1.470828737502e-01  -9.883895016272e+01  -4.946217450191e+00
 -4.677150539308e-01    1.614359969589e-01  -1.015387901089e+02   7.212257660082e-01
 -5.163973554688e-01    1.107894755306e-01  -1.034055649545e+02   7.212257660082e-01
 -4.922443456430e-01    1.460441039084e-01  -1.001462864484e+02   7.212257660082e-01
 -1.463972500412e-01    4.102626004175e-02  -1.064299365705e+02  -5.325949688641e+00
 -2.839398476810e-01    7.472977094039e-02  -1.056180138926e+02  -5.325949688641e+00
 -1.718758955024e-01    7.639924291907e-02  -1.040244350620e+02  -5.325949688641e+00
 -2.837114913948e-01    7.440181296156e-02  -1.055869464375e+02  -3.569375747169e+00
 -4.258448592214e-01    1.021582787524e-01  -1.044896689741e+02  -3.569375747169e+00
 -3.293108047471e-01    1.309187008535e-01  -1.029531375629e+02  -3.569375747169e+00
 -3.299930970990e-01    1.308189056790e-01  -1.029250540132e+02  -5.959954939305e+00
 -1.727880712423e-01    7.654699964568e-02  -1.040099294273e+02  -5.959954939305e+00
 -2.831618237422e-01    7.467109317390e-02  -1.056287942130e+02  -5.959954939305e+00
 -2.837507939472e-01    7.419737717394e-02  -1.055983493025e+02  -7.818615582859e-01
 -4.069555395566e-01   -8.459237814529e-03  -1.056482070915e+02  -7.818615582859e-01
 -4.256742106789e-01    1.019889517396e-01  -1.044773885881e+02  -7.818615582859e-01
 -5.238812123880e-01    1.628642696194e-01  -9.744696587607e+01  -3.542593349919e+00
 -3.962579942652e-01    1.470858601419e-01  -9.880873569511e+01  -3.542593349919e+00
 -4.661201890362e-01    1.619429116035e-01  -1.015981391395e+02  -3.542593349919e+00
 -3.305027635119e-01    1.309139131822e-01  -1.029296497590e+02  -2.227944257865e+00
 -4.249635335128e-01    1.023171227238e-01  -1.045110989762e+02  -2.227944257865e+00
 -4.673239678255e-01    1.618029435071e-01  -1.015397093225e+02  -2.227944257865e+00
 -5.220186856950e-01    1.625763785063e-01  -9.747992451910e+01  -9.120647063453e-01
 -4.678388015299e-01    1.618764379635e-01  -1.015339415158e+02  -9.120647063453e-01
 -4.924180088713e-01    1.458377531313e-01  -1.001442109989e+02  -9.120647063453e-01
 -2.832729647235e-01    7.406597243588e-02  -1.056009343786e+02  -2.193836326792e+00
 -1.467424209773e-01    4.148263612373e-02  -1.064504313098e+02  -2.193836326792e+00
 -2.684110550649e-01   -6.263449846994e-03  -1.065510394651e+02  -2.193836326792e+00
 -5.659266342779e-01    1.191906838218e-01  -9.279450213364e+01   3.727206001641e+00
 -4.516381784735e-01    1.075489537443e-01  -9.642791144025e+01   3.727206001641e+00
 -3.142281198248e-01    4.325047030710e-02  -9.276977363165e+01   3.727206001641e+00
 -6.402991121185e-01   -6.746323260212e-03  -5.112427341160e+00   1.693646671122e+00
 -4.744793222759e-01    6.620912048578e-03  -6.452836655396e-03   1.693646671122e+00
 -6.423243830855e-01   -1.362058475972e-03  -6.304470203138e-02   1.693646671122e+00
 -5.756930423769e-01    6.221564978763e-02  -8.769453649404e+01   3.542047992078e+00
 -3.363167993912e-01    1.782899127734e-02  -8.588650926602e+01   3.542047992078e+00
 -5.724484885665e-01    3.270177092676e-03  -8.199599256179e+01   3.542047992078e+00
 -5.744455730453e-01    6.363441931727e-02  -8.772217237273e+01   2.702031409391e+00
 -5.666557364499e-01    1.187406076061e-01  -9.277572541101e+01   2.702031409391e+00
 -3.138663451132e-01    4.392663767212e-02  -9.277950304721e+01   2.702031409391e+00
 -5.240973879396e-01    1.630659564813e-01  -9.748637557071e+01  -5.522299357256e+00
 -4.586188899485e-01    1.227157867111e-01  -9.376704621711e+01  -5.522299357256e+00
 -3.963189693345e-01    1.469526408552e-01  -9.877100861587e+01  -5.522299357256e+00
 -4.602701583537e-01    1.226685473356e-01  -9.373290142302e+01  -3.981033367670e+00
 -5.226364577662e-01    1.629315584359e-01  -9.752234125861e+01  -3.981033367670e+00
 -5.650253820207e-01    1.196812269650e-01  -9.279327262002e+01  -3.981033367670e+00
 -5.042881204599e-01    6.999187823858e-02  -8.808266205153e+01  -5.388858419408e+00
 -4.602190658510e-01    1.222260830980e-01  -9.368542774266e+01  -5.388858419408e+00
 -5.653869796895e-01    1.202059495684e-01  -9.284142786395e+01  -5.388858419408e+00
 -2.432644597564e-01    7.445317790022e-02  -9.457709690455e+01  -1.165354971772e+01
 -3.957302748686e-01    1.469989481062e-01  -9.884734491527e+01  -1.165354971772e+01
 -4.592628160080e-01    1.225250434708e-01  -9.371232369445e+01  -1.165354971772e+01
 -5.640635884025e-01    1.201838263339e-01  -9.287849948657e+01  -3.580256178148e+00
 -5.769520942601e-01    6.263159322229e-02  -8.767150320742e+01  -3.580256178148e+00
 -5.056897100835e-01    6.973927732903e-02  -8.804772433150e+01  -3.580256178148e+00
 -5.764209519906e-01    6.310227671809e-02  -8.769701895613e+01   4.885042248526e+00
 -3.112867459542e-01    4.430280800271e-02  -9.282749029271e+01   4.885042248526e+00
 -3.350889034232e-01    1.709861003420e-02  -8.588978029155e+01   4.885042248526e+00
 -5.237753136131e-01    3.711191477811e-03  -8.206742822714e+01  -4.834256708519e+00
 -5.052715426783e-01    6.899836548272e-02  -8.799244689697e+01  -4.834256708519e+00
 -5.776542496541e-01    6.335740411626e-02  -8.772502229698e+01  -4.834256708519e+00
 -9.751457591449e-04    5.535133232769e-04  -8.196616789150e+01  -2.086942356225e+01
 -2.911980754931e-01    7.510751219576e-04  -8.203373951469e+01  -2.086942356225e+01
 -9.111486119153e-04   -1.272129775963e-03  -7.554746602322e+01  -2.086942356225e+01
 -5.064104255099e-01    6.936634526226e-02  -8.806751809378e+01  -1.312461831610e+01
 -2.900641050832e-01    1.710564920403e-03  -8.204285417902e+01  -1.312461831610e+01
 -2.727879687860e-01    4.490157543005e-02  -8.843769058399e+01  -1.312461831610e+01
 -2.915463734797e-01    1.644459947733e-03  -8.203890778255e+01  -1.317719540599e+01
 -5.051469701021e-01    6.919121126905e-02  -8.807480231601e+01  -1.317719540599e+01
 -5.226207769803e-01    2.916479690436e-03  -8.198808497722e+01  -1.317719540599e+01
 -2.728446131945e-01    4.440859833506e-02  -8.848408342189e+01  -2.244049937572e+01
 -2.896010581079e-01    2.658569012760e-03  -8.196190316711e+01  -2.244049937572e+01
 -2.105484779565e-03    1.278144638745e-03  -8.849393984699e+01  -2.244049937572e+01
 -5.050705086953e-01    6.959622363235e-02  -8.801815450453e+01  -1.285734835530e+01
 -2.738598770807e-01    4.486299478817e-02  -8.849305807305e+01  -1.285734835530e+01
 -4.594439712225e-01    1.222409835551e-01  -9.376860458858e+01  -1.285734835530e+01
 -5.042012996266e-01   -6.274784738248e-02  -7.593930085233e+01  -1.312006286255e+01
 -2.914540290136e-01    1.863160235606e-03  -8.195847213532e+01  -1.312006286255e+01
 -5.226519696110e-01    2.438442727039e-03  -8.200904797631e+01  -1.312006286255e+01
 -5.255455698687e-01    3.397595419728e-03  -8.204391926666e+01  -3.234447964381e+00
 -5.760747408972e-01    6.352275871810e-02  -8.775598881701e+01  -3.234447964381e+00
 -5.722502595170e-01    2.241586159060e-03  -8.196388830766e+01  -3.234447964381e+00
 -3.349215324710e-01    1.837771452877e-02  -8.589817577664e+01   5.101464868394e+00
 -3.378310863630e-01   -1.747027391433e-02  -7.801559973303e+01   5.101464868394e+00
 -5.738930661658e-01    2.632939136352e-03  -8.198550566532e+01   5.101464868394e+00
 -2.421170054400e-01    7.424861140312e-02  -9.452866648896e+01  -1.244571516825e+01
 -4.606659965546e-01    1.225332211885e-01  -9.375709814926e+01  -1.244571516825e+01
 -2.724161877109e-01    4.473758227185e-02  -8.850555934254e+01  -1.244571516825e+01
 -4.366386341691e-05    1.771247969546e-04  -1.040011590787e+02  -1.207506882811e+01
 -1.738778547077e-01    7.698058247224e-02  -1.040337784201e+02  -1.207506882811e+01
 -1.269043884482e-03    7.165456621106e-04  -1.000537111258e+02  -1.207506882811e+01
 -1.722556707530e-01    7.611277756201e-02  -1.039835046925e+02  -8.565880097248e+00
 -3.309850106995e-01    1.313565680787e-01  -1.029523570952e+02  -8.565880097248e+00
 -2.076215556995e-01    8.708194226382e-02  -9.990308234128e+01  -8.565880097248e+00
 -2.864190817506e-01    3.855247272523e-02  -6.253342920523e+01  -7.150018312643e+00
 -1.257042644071e-04   -4.625816933586e-04  -5.895417962272e+01  -7.150018312643e+00
 -8.390759990419e-04    1.489749160371e-04  -6.254825513597e+01  -7.150018312643e+00
 -1.120447455762e-03    1.616951986888e-03  -1.068270283726e+02  -3.878057179931e+00
 -1.388624488202e-01   -3.007043803130e-03  -1.073573613209e+02  -3.878057179931e+00
 -1.460450347821e-01    4.047888263146e-02  -1.064388057755e+02  -3.878057179931e+00
 -7.470535937414e-04    6.439294804188e-04  -1.040389088513e+02  -9.784774605433e+00
  3.539364154286e-04   -4.577538035847e-04  -1.067992340446e+02  -9.784774605433e+00
 -1.724802626287e-01    7.604722179034e-02  -1.039956271989e+02  -9.784774605433e+00
 -3.207849426144e-01   -6.239124832722e-02  -9.663731393745e+01  -7.464895484654e+00
 -1.410337131131e-03    2.542208453787e-04  -9.867231230469e+01  -7.464895484654e+00
 -2.555747076154e-01   -4.535354949036e-02  -9.910902735885e+01  -7.464895484654e+00
 -1.729415099838e-01    7.652268598087e-02  -1.040391285363e+02  -1.491957213719e+01
 -2.073613624284e-01    8.675220235743e-02  -9.985884846939e+01  -1.491957213719e+01
 -2.191660956423e-03    1.223506334458e-03  -1.000360006559e+02  -1.491957213719e+01
 -4.075498957494e-04   -8.312272675005e-05  -1.067925424577e+02  -7.709430467983e+00
 -1.465414670603e-01    4.139875155426e-02  -1.064467745556e+02  -7.709430467983e+00
 -1.714924463968e-01    7.567606924227e-02  -1.040018471824e+02  -7.709430467983e+00
 -1.531349054969e-03   -1.878844340217e-04  -8.857573713558e+01  -1.947465875107e+01
 -2.689541688861e-04    1.206943846298e-03  -9.467459765868e+01  -1.947465875107e+01
 -2.731345885256e-01    4.577308325501e-02  -8.843435824990e+01  -1.947465875107e+01
 -6.113827563118e-04    1.126179050792e-03  -8.848499227734e+01  -2.087644378315e+01
 -2.911694918690e-01    2.653412505601e-03  -8.196196998872e+01  -2.087644378315e+01
 -1.048829602075e-03   -4.795556572845e-04  -8.203798656288e+01  -2.087644378315e+01
 -4.294438416032e-01   -2.438002471382e-02  -8.532343811616e+01  -8.745793269451e+00
 -3.338403520036e-03   -4.763141917379e-04  -9.196552969351e+01  -8.745793269451e+00
 -3.812734044894e-01   -5.664123056716e-02  -9.184844877167e+01  -8.745793269451e+00
 -2.956807007034e-04    6.220706930111e-04  -9.996226100828e+01  -1.584185583664e+01
 -2.092931275557e-01    8.710938610202e-02  -9.990955458683e+01  -1.584185583664e+01
 -1.792591219477e-03    2.337498464009e-04  -9.480979465164e+01  -1.584185583664e+01
 -1.841130280741e-03    1.761676751124e-03  -9.468086320282e+01  -2.034484512176e+01
 -2.421402924843e-01    7.370211976667e-02  -9.457142222257e+01  -2.034484512176e+01
 -2.716773391177e-01    4.548373431382e-02  -8.843611706379e+01  -2.034484512176e+01
 -3.349395656958e-01    1.736609735360e-02  -8.589624162120e+01   1.031606918375e+01
 -3.263662012659e-03   -4.329069417066e-04  -8.073625447287e+01   1.031606918375e+01
 -3.374763144146e-01   -1.667980311006e-02  -7.801660307061e+01   1.031606918375e+01
 -2.425874126603e-01    4.680882403140e-02  -9.754355839894e+01   8.070793088536e+00
  1.892958223284e-04   -1.235182398016e-04  -9.934788408033e+01   8.070793088536e+00
 -9.385420552926e-04    3.465654769783e-05  -9.670476540932e+01   8.070793088536e+00
 -3.272575304994e-03    8.151111394167e-04  -9.479346827666e+01  -1.847772154556e+01
 -2.081211927076e-01    8.665103657540e-02  -9.991670141170e+01  -1.847772154556e+01
 -2.413181871269e-01    7.417958102324e-02  -9.453428282554e+01  -1.847772154556e+01
 -2.075074250844e-01    8.687858032652e-02  -9.985567913748e+01  -1.092011910466e+01
 -3.967689463163e-01    1.472724823366e-01  -9.883643030113e+01  -1.092011910466e+01
 -2.419768949623e-01    7.420737995858e-02  -9.458905183238e+01  -1.092011910466e+01
 -3.115784762439e-01    4.306306731519e-02  -9.283955157984e+01   1.032433147878e+01
 -3.248722516528e-03   -6.916382280062e-04  -8.718560705038e+01   1.032433147878e+01
 -3.341757306929e-01    1.782559324280e-02  -8.588926252456e+01   1.032433147878e+01
 -5.255063475600e-01    1.987445737376e-03  -8.195332362925e+01  -3.177445265766e+00
 -5.722618649521e-01    2.968063476565e-03  -8.200522041858e+01  -3.177445265766e+00
 -5.771868647610e-01   -5.663851158241e-02  -7.622518983920e+01  -3.177445265766e+00
 -2.085960426640e-01    8.729117089262e-02  -9.989232174211e+01  -9.250265672383e+00
 -3.301347461744e-01    1.311924241652e-01  -1.029623268331e+02  -9.250265672383e+00
 -3.953304105302e-01    1.469406771659e-01  -9.879865329464e+01  -9.250265672383e+00
  9.611377143773e-05    2.132521945272e-04  -9.267194520080e+01   1.040834081429e+01
 -1.919342025133e-03   -4.930323395161e-04  -8.719798590044e+01   1.040834081429e+01
 -3.126658177216e-01    4.272318519042e-02  -9.283212581466e+01   1.040834081429e+01
 -1.396071694752e-01   -2.911536563694e-03  -1.073530235331e+02  -1.161101280015e+00
 -4.141229689419e-04    1.333563373080e-03  -1.068395861476e+02  -1.161101280015e+00
 -1.791925910894e-04   -5.568212689736e-04  -1.074310039997e+02  -1.161101280015e+00
 -5.434489046695e-01   -1.325980661673e-01  -1.030418769459e+02  -9.254364518666e-01
 -5.366845955973e-01   -6.002346925774e-02  -1.056157375832e+02  -9.254364518666e-01
 -4.382246261154e-01   -1.205889624608e-01  -1.042418232071e+02  -9.254364518666e-01
 -5.376592062286e-01   -5.829434735709e-02  -1.056228480166e+02  -1.142886516179e+00
 -6.381498180828e-01   -1.868062124813e-03  -1.064788656674e+02  -1.142886516179e+00
 -6.385053672179e-01    2.408248161405e-03  -1.070344555017e+02  -1.142886516179e+00
 -6.371354308897e-01    4.989762303077e-04  -1.064601932412e+02  -3.967243191995e+00
 -5.395059135849e-01   -1.312205323873e-01  -1.030821292026e+02  -3.967243191995e+00
 -5.749595145563e-01   -1.117140563477e-03  -1.039401569544e+02  -3.967243191995e+00
 -5.400957234117e-01   -1.309873973833e-01  -1.030736502017e+02  -1.290980183718e+00
 -6.365977938875e-01   -6.293749913883e-05  -1.064658902717e+02  -1.290980183718e+00
 -5.385244727424e-01   -6.121294864268e-02  -1.056089948313e+02  -1.290980183718e+00
 -5.735423034397e-01   -6.352619793588e-04  -1.039459217029e+02  -5.377928166352e+00
 -5.424973340542e-01   -1.321413385969e-01  -1.030675126185e+02  -5.377928166352e+00
 -4.483640476359e-01   -5.966647163991e-04  -1.013751988789e+02  -5.377928166352e+00
 -3.723722041963e-03    1.874322327915e-04  -3.228506157705e+00   4.641205150261e+00
  4.693989073177e-05   -1.016182561411e-04  -1.887054835367e-02   4.641205150261e+00
 -4.759136399663e-01    6.674664677118e-03   1.071560421614e-02   4.641205150261e+00
 -5.380890593985e-01   -6.029421674133e-02  -1.055775710399e+02   4.485703458703e-01
 -4.079079100749e-01   -9.452013042910e-03  -1.056166279020e+02   4.485703458703e-01
 -4.360615191983e-01   -1.198134805937e-01  -1.042751622773e+02   4.485703458703e-01
 -5.376540918189e-01   -6.039986823846e-02  -1.056165626032e+02   1.125773671288e-01
 -5.296907731968e-01    4.708406928607e-02  -1.056935364021e+02   1.125773671288e-01
 -4.087642250406e-01   -8.712874693646e-03  -1.055866614890e+02   1.125773671288e-01
 -2.894933266715e-01   -8.808910109818e-02  -1.054808476796e+02   1.251733158975e+00
 -4.364461360421e-01   -1.202952780391e-01  -1.042755704158e+02   1.251733158975e+00
 -4.069970433329e-01   -8.911126409311e-03  -1.056489392554e+02   1.251733158975e+00
 -3.410210135635e-01   -1.437641388549e-01  -1.026487064361e+02   6.734676725077e+00
 -2.889650941587e-01   -8.855807133004e-02  -1.055144236624e+02   6.734676725077e+00
 -1.762848643387e-01   -8.127520099374e-02  -1.037016901142e+02   6.734676725077e+00
 -4.357914625281e-01   -1.206886604253e-01  -1.043107602111e+02   2.774508959854e+00
 -3.415792304120e-01   -1.439642691610e-01  -1.026565960674e+02   2.774508959854e+00
 -4.886230647035e-01   -1.813506767428e-01  -1.011660766905e+02   2.774508959854e+00
 -3.403840438461e-01   -1.439298127815e-01  -1.026793210854e+02   4.012958200990e+00
 -4.366691374553e-01   -1.205610785649e-01  -1.042895092889e+02   4.012958200990e+00
 -2.894202529807e-01   -8.822012924470e-02  -1.054687863174e+02   4.012958200990e+00
 -5.553417934580e-01   -1.814282755604e-01  -9.696519593835e+01   4.155381892102e+00
 -4.874331503564e-01   -1.815015030710e-01  -1.012249917346e+02   4.155381892102e+00
 -4.128384014098e-01   -1.596666031464e-01  -9.846815077847e+01   4.155381892102e+00
 -4.381765412902e-01   -1.212532690849e-01  -1.042510861216e+02   7.211954393322e-01
 -4.870016202477e-01   -1.808549462716e-01  -1.011878436659e+02   7.211954393322e-01
 -5.434838423140e-01   -1.322177877938e-01  -1.030254147767e+02   7.211954393322e-01
 -2.889432367917e-01   -8.790525734737e-02  -1.054862271564e+02   2.766713382248e+00
 -2.684524364408e-01   -7.225171022032e-03  -1.065496229943e+02   2.766713382248e+00
 -1.494129934634e-01   -4.956414172469e-02  -1.064094745896e+02   2.766713382248e+00
 -2.885559374085e-01   -8.804070395648e-02  -1.055022342622e+02   1.566419627992e+00
 -4.079132586709e-01   -8.815187056363e-03  -1.056268395391e+02   1.566419627992e+00
 -2.687429770326e-01   -6.861751142333e-03  -1.065174251058e+02   1.566419627992e+00
 -4.078739936216e-01   -8.613354467035e-03  -1.056269741955e+02  -1.169793354155e+00
 -2.828204234925e-01    7.419275687357e-02  -1.056187645578e+02  -1.169793354155e+00
 -2.687617765251e-01   -6.623841178946e-03  -1.065173854686e+02  -1.169793354155e+00
 -5.411790645922e-01   -1.317900992732e-01  -1.030557048938e+02  -3.188737585053e-01
 -4.890686816368e-01   -1.810685870722e-01  -1.011669244920e+02  -3.188737585053e-01
 -5.271764192512e-01   -1.675903773107e-01  -9.956442704271e+01  -3.188737585053e-01
 -4.463937176509e-01   -1.438780498457e-03  -1.013524325642e+02  -6.268236862230e+00
 -4.579477711152e-01   -1.053050861891e-01  -1.002337953330e+02  -6.268236862230e+00
 -2.555973005170e-01    9.753022314749e-04  -9.990668508907e+01  -6.268236862230e+00
 -4.473714068254e-01   -1.191585066944e-03  -1.013897269367e+02  -3.910862147822e+00
 -5.437891367796e-01   -1.318943571753e-01  -1.030420517660e+02  -3.910862147822e+00
 -4.573865929159e-01   -1.064610953656e-01  -1.002101604256e+02  -3.910862147822e+00
 -2.550358215768e-01   -8.700095896677e-04  -9.990136400786e+01  -6.488614186949e+00
 -2.548237506042e-01   -4.487815087613e-02  -9.911417377325e+01  -6.488614186949e+00
  2.324996806419e-04    1.181933373300e-03  -9.994494666502e+01  -6.488614186949e+00
 -2.560749823545e-01   -4.649290054907e-02  -9.909070911610e+01  -5.258564928549e+00
 -2.544050117276e-01    4.356628793227e-04  -9.993963745507e+01  -5.258564928549e+00
 -4.594335958573e-01   -1.047181622189e-01  -1.002094586012e+02  -5.258564928549e+00
 -3.241101097071e-01   -6.225224839049e-02  -9.662550806738e+01  -8.089544546247e+00
 -2.900243684119e-03    4.793852626917e-05  -9.203747806626e+01  -8.089544546247e+00
  7.285055946327e-04    7.460416827131e-05  -9.872277576686e+01  -8.089544546247e+00
 -1.934395533141e-03    1.884558259068e-04  -5.068847844976e+01  -5.152848371069e+00
 -1.405549171116e-04   -1.541755437332e-04  -5.437505364869e+01  -5.152848371069e+00
 -3.610143342663e-01    5.230014065705e-03  -5.455229900408e+01  -5.152848371069e+00
 -4.591987699990e-01   -1.054965128485e-01  -1.002009903421e+02  -5.118990328106e+00
 -4.513970634877e-01   -1.153818644672e-01  -9.825353054160e+01  -5.118990328106e+00
 -2.566734174295e-01   -4.574088425140e-02  -9.908281779317e+01  -5.118990328106e+00
 -3.113723961782e-01   -1.175087836267e-02  -5.493024086551e+01   5.188254560031e+00
  8.821205117574e-05    2.227345397352e-04  -5.458035964204e+01   5.188254560031e+00
 -1.731424994165e-03   -1.561288135990e-04  -5.108350705306e+01   5.188254560031e+00
 -5.257351711257e-01   -1.674262782543e-01  -9.959473849399e+01  -1.035886229038e+00
 -5.556317518380e-01   -1.808776947019e-01  -9.696851620092e+01  -1.035886229038e+00
 -5.077723359703e-01   -1.267847788281e-01  -9.564578823787e+01  -1.035886229038e+00
 -5.534937614576e-01   -1.811374215601e-01  -9.699718880583e+01   1.374659506193e+00
 -5.273799488259e-01   -1.673970587989e-01  -9.956312487272e+01   1.374659506193e+00
 -4.891315748874e-01   -1.814539332141e-01  -1.011622210589e+02   1.374659506193e+00
 -4.519430510271e-01   -1.155743280217e-01  -9.824701045069e+01  -4.790465967272e+00
 -5.061442910749e-01   -1.263244101137e-01  -9.567980919874e+01  -4.790465967272e+00
 -3.211994493315e-01   -6.259136113301e-02  -9.661381914474e+01  -4.790465967272e+00
 -5.061482440933e-01   -1.268005801593e-01  -9.567445193491e+01  -2.157166207527e+00
 -4.520363916083e-01   -1.154912551266e-01  -9.824664984665e+01  -2.157166207527e+00
 -5.270046081629e-01   -1.673309640606e-01  -9.956454604502e+01  -2.157166207527e+00
 -3.203947640250e-01   -6.275509575304e-02  -9.663591644148e+01  -4.504615009594e+00
 -5.070301231862e-01   -1.262082760723e-01  -9.567365859990e+01  -4.504615009594e+00
 -3.815904848229e-01   -5.725036458797e-02  -9.185024347663e+01  -4.504615009594e+00
 -4.524737486481e-01   -1.154004942803e-01  -9.823338968085e+01  -4.816988034782e+00
 -3.205219957132e-01   -6.275421591302e-02  -9.663438772680e+01  -4.816988034782e+00
 -2.554478135925e-01   -4.550875148738e-02  -9.911415034539e+01  -4.816988034782e+00
 -5.561306359018e-01   -1.809723286525e-01  -9.695183532175e+01   2.597857264658e-01
 -6.043489628800e-01   -1.353420363725e-01  -9.230891603185e+01   2.597857264658e-01
 -5.072577076381e-01   -1.267213556326e-01  -9.566076932702e+01   2.597857264658e-01
 -5.271864723942e-01   -1.671207637776e-01  -9.956768140431e+01  -2.971156748523e+00
 -4.518502010791e-01   -1.155529029276e-01  -9.824604485351e+01  -2.971156748523e+00
 -4.582725388877e-01   -1.058450985333e-01  -1.002235280363e+02  -2.971156748523e+00
 -5.420940292908e-01   -1.320092338595e-01  -1.030348859997e+02  -3.129681848525e+00
 -5.262260974563e-01   -1.671696452812e-01  -9.958020679396e+01  -3.129681848525e+00
 -4.589896997315e-01   -1.060717020220e-01  -1.002047994667e+02  -3.129681848525e+00
 -3.225422773083e-01   -6.255408878669e-02  -9.664758195041e+01  -9.292334386488e+00
 -3.796821886775e-01   -5.707352728412e-02  -9.184198731204e+01  -9.292334386488e+00
 -5.254538759999e-03    3.393170445642e-04  -9.199173784099e+01  -9.292334386488e+00
 -4.888144387115e-01   -1.815385704033e-01  -1.011944212870e+02   5.500253130375e+00
 -3.416863712410e-01   -1.439812551001e-01  -1.026280950728e+02   5.500253130375e+00
 -4.112463617804e-01   -1.596340332473e-01  -9.849716364724e+01   5.500253130375e+00
 -1.008538018674e-02   -2.675715428232e-04  -8.477577268789e+00   4.486543722280e+00
 -6.488539388440e-01   -7.963509654168e-03  -5.108408178807e+00   4.486543722280e+00
 -5.583405398120e-01   -1.437354846637e-02  -9.649462163695e+00   4.486543722280e+00
 -1.389349774807e-01   -4.756806729952e-03  -1.073609713750e+02   4.668447797983e+00
 -9.180007397077e-04   -1.348512003345e-03  -1.066536369285e+02   4.668447797983e+00
 -1.488950267822e-01   -4.870837046669e-02  -1.063996735500e+02   4.668447797983e+00
 -1.396331168471e-01   -4.832416191795e-03  -1.073559690606e+02   1.700464906520e+00
 -1.890456436799e-04    4.547950241819e-04  -1.074291305359e+02   1.700464906520e+00
 -3.380122696484e-04   -1.183358729170e-03  -1.066687310073e+02   1.700464906520e+00
 -1.492048821758e-01   -4.982908261103e-02  -1.064365752497e+02   1.042997158422e+01
 -1.904830771760e-03   -1.860172013193e-03  -1.041040244229e+02   1.042997158422e+01
 -1.750964474157e-01   -8.030234984138e-02  -1.036776478747e+02   1.042997158422e+01
 -2.131831558442e-01   -9.341119682648e-02  -9.957295547567e+01   1.383291800186e+01
 -1.759501862892e-01   -8.083575526869e-02  -1.036990646493e+02   1.383291800186e+01
 -4.618787498093e-04   -8.931439207525e-04  -1.040350958733e+02   1.383291800186e+01
 -2.153370544478e-01   -9.392866126681e-02  -9.960047876764e+01   9.956800657581e+00
 -4.119176848070e-01   -1.595198928048e-01  -9.845651493299e+01   9.956800657581e+00
 -3.411336454611e-01   -1.440959677016e-01  -1.026870558783e+02   9.956800657581e+00
 -2.141219599512e-01   -9.368376402580e-02  -9.961514038982e+01   9.233681269898e+00
 -3.421110883374e-01   -1.442980196984e-01  -1.026759836864e+02   9.233681269898e+00
 -1.755881315371e-01   -8.077213057626e-02  -1.036711726685e+02   9.233681269898e+00
 -1.029802234734e-03   -1.290029735905e-03  -1.041195944134e+02   7.526709246614e+00
 -1.499647725311e-01   -5.017337035824e-02  -1.064282656522e+02   7.526709246614e+00
 -6.032862415851e-05    1.641046846778e-04  -1.066149975934e+02   7.526709246614e+00
 -2.897635267374e-01   -8.868881514351e-02  -1.055046268448e+02   5.819898764766e+00
 -1.488537518049e-01   -4.901814481163e-02  -1.063945703104e+02   5.819898764766e+00
 -1.753491269664e-01   -8.102282669460e-02  -1.037130405162e+02   5.819898764766e+00
  5.124175037904e-04   -2.637823639782e-04  -1.040367531759e+02   1.475008332164e+01
 -1.336448712878e-03   -6.010381720286e-04  -9.977956921614e+01   1.475008332164e+01
 -2.142527233832e-01   -9.384183380418e-02  -9.956669475359e+01   1.475008332164e+01
 -3.384407146092e-01   -1.723209555317e-02  -7.801762243340e+01   9.553248753308e+00
 -1.674212185630e-03   -6.459884772263e-04  -6.935178208654e+01   9.553248753308e+00
 -3.091473007092e-01   -3.659247163914e-02  -7.107300448390e+01   9.553248753308e+00
 -6.489302533884e-01    1.256784434105e-02  -3.692257558752e+01  -3.487275737965e+00
 -1.978909795312e-02   -7.817506878009e-04  -4.087065234189e+01  -3.487275737965e+00
 -7.352961160987e-01    8.775985752073e-03  -4.146954126116e+01  -3.487275737965e+00
 -2.549251895978e-01    1.303594949638e-03  -1.012434598708e+02   6.960975708110e+00
 -1.166003159678e-03    7.353176495037e-04  -1.004277417176e+02   6.960975708110e+00
 -1.943082805789e-01    3.467556178778e-02  -1.001936851649e+02   6.960975708110e+00
 -2.578412240131e-01   -8.140968455483e-02  -9.435346322712e+01   1.947591530679e+01
 -4.550810691835e-04   -6.874882349215e-04  -9.428136313236e+01   1.947591530679e+01
 -1.530153451486e-03    4.631997434624e-04  -8.827111188248e+01   1.947591530679e+01
 -2.563329300161e-01   -8.243679189636e-02  -9.428804484872e+01   1.829137939961e+01
  2.989356722621e-04   -7.581225606771e-04  -9.972316645602e+01   1.829137939961e+01
 -1.235873193830e-03   -1.334357153119e-04  -9.434583434197e+01   1.829137939961e+01
 -2.578789361840e-01   -3.733589727936e-02  -6.564074878167e+01   7.583862508038e+00
 -4.332100641747e-04    3.720045203256e-04  -6.237758962425e+01   7.583862508038e+00
 -2.159002732805e-01   -2.886887934294e-02  -6.216047926896e+01   7.583862508038e+00
 -2.148566168405e-01   -9.340800623742e-02  -9.959615792094e+01   1.846404648159e+01
 -9.057259935373e-04   -1.303309781479e-03  -9.972454339699e+01   1.846404648159e+01
 -2.548921359509e-01   -8.200784945644e-02  -9.429038945576e+01   1.846404648159e+01
 -4.735633781411e-01   -3.624735235816e-02  -5.882862143084e+01   3.256703641843e+00
 -3.301290639067e-01   -2.349767444551e-02  -5.874613417704e+01   3.256703641843e+00
 -3.263172439632e-01   -1.205319331846e-02  -5.674206695928e+01   3.256703641843e+00
 -2.846241866758e-01   -4.627704191694e-02  -8.823008858311e+01   2.083541237059e+01
 -9.995837189939e-04   -8.206047971667e-04  -8.816794020222e+01   2.083541237059e+01
 -1.555155229033e-03    1.027544364281e-03  -8.175895637143e+01   2.083541237059e+01
 -4.121797164827e-01   -1.595276935030e-01  -9.850499755480e+01   1.222987915910e+01
 -2.568475258235e-01   -8.182005539417e-02  -9.433638913575e+01   1.222987915910e+01
 -4.809431534514e-01   -1.332956939473e-01  -9.337227006560e+01   1.222987915910e+01
 -2.556318026779e-01   -8.165010895032e-02  -9.434856010558e+01   1.166336400024e+01
 -4.131912214907e-01   -1.597754070787e-01  -9.849447818664e+01   1.166336400024e+01
 -2.145150685132e-01   -9.359499319164e-02  -9.955836166474e+01   1.166336400024e+01
 -6.246597084772e-01   -7.365637462770e-02  -8.720445180216e+01  -1.978422358802e+00
 -3.855298266173e-01   -5.776696947589e-02  -9.180766493771e+01  -1.978422358802e+00
 -6.080596847606e-01   -1.345093015338e-01  -9.225073682404e+01  -1.978422358802e+00
 -3.857267668331e-01   -5.708627579981e-02  -9.180081987704e+01  -3.075784248889e+00
 -5.048339124811e-01   -1.266164719475e-01  -9.571536516413e+01  -3.075784248889e+00
 -6.074303066563e-01   -1.349736918252e-01  -9.226808623449e+01  -3.075784248889e+00
 -6.064811608562e-01   -1.353991837293e-01  -9.226502985079e+01   4.682829497944e+00
 -5.541448490304e-01   -1.814962397418e-01  -9.703930889490e+01   4.682829497944e+00
 -4.819354851562e-01   -1.334381777014e-01  -9.339127656699e+01   4.682829497944e+00
 -4.818518536781e-01   -1.329841954893e-01  -9.334477488203e+01   6.106805681486e+00
 -5.282302640783e-01   -7.679525100717e-02  -8.775305722097e+01   6.106805681486e+00
 -6.069051716022e-01   -1.359382473414e-01  -9.231273862100e+01   6.106805681486e+00
 -4.823620384376e-01   -1.333415854326e-01  -9.341807048168e+01   1.304923087567e+01
 -2.557927408049e-01   -8.159863809055e-02  -9.428998797008e+01   1.304923087567e+01
 -2.831931514740e-01   -4.704397702293e-02  -8.823262391098e+01   1.304923087567e+01
 -4.128438304488e-01   -1.595236062484e-01  -9.843089438862e+01   6.148082777694e+00
 -4.802962258437e-01   -1.334793708987e-01  -9.342505588406e+01   6.148082777694e+00
 -5.556073309314e-01   -1.816388545631e-01  -9.700397851538e+01   6.148082777694e+00
 -2.829275418624e-01   -4.721274651103e-02  -8.816597241783e+01   1.378593559409e+01
 -2.947244141881e-01   -2.462580372892e-03  -8.174134994813e+01   1.378593559409e+01
 -5.305120150858e-01   -7.612407791968e-02  -8.773983598968e+01   1.378593559409e+01
 -2.828272542678e-01   -4.732142586876e-02  -8.817337788650e+01   2.230835401623e+01
 -2.563902437300e-01   -8.094814129276e-02  -9.435728398454e+01   2.230835401623e+01
 -2.971005063788e-03    8.201345789330e-05  -8.825606068527e+01   2.230835401623e+01
 -6.277560742800e-01   -7.329798473144e-02  -8.721569862176e+01   5.672469859448e+00
 -5.291050178673e-01   -7.581521548066e-02  -8.766131490142e+01   5.672469859448e+00
 -5.474260622999e-01   -5.918441363462e-03  -8.176891224252e+01   5.672469859448e+00
 -5.296002339247e-01   -7.655308140353e-02  -8.771807834469e+01   4.445239903541e+00
 -6.269700512735e-01   -7.260111471385e-02  -8.715869753815e+01   4.445239903541e+00
 -6.056055420748e-01   -1.359198790448e-01  -9.234922143329e+01   4.445239903541e+00
 -4.300087744940e-01   -2.420966131514e-02  -8.531581465808e+01  -2.303977853490e+00
 -6.256833055830e-01   -7.210705299783e-02  -8.717553459166e+01  -2.303977853490e+00
 -6.261434136328e-01   -5.849285031095e-03  -8.168940234359e+01  -2.303977853490e+00
 -6.264942689749e-01   -7.312633511032e-02  -8.717925949806e+01  -3.803200494470e+00
 -4.290238260449e-01   -2.328430153847e-02  -8.531245268820e+01  -3.803200494470e+00
 -3.828233876221e-01   -5.809371898135e-02  -9.184778379914e+01  -3.803200494470e+00
 -5.462005295541e-01   -5.176157632706e-03  -8.168504404715e+01   1.420980622700e+01
 -5.291433436041e-01   -7.591568891701e-02  -8.774741267771e+01   1.420980622700e+01
 -2.964198289639e-01   -2.435604128068e-03  -8.173650915654e+01   1.420980622700e+01
 -2.844261199816e-01   -4.721553643228e-02  -8.822127582048e+01   1.368901187096e+01
 -5.288822881962e-01   -7.636840568532e-02  -8.768857544073e+01   1.368901187096e+01
 -4.812542569046e-01   -1.330366316988e-01  -9.342897278286e+01   1.368901187096e+01
 -3.427272269682e-03    9.908159951579e-04  -8.174681373793e+01   2.338277391647e+01
 -2.938880076311e-01   -3.113533335663e-03  -8.167482616440e+01   2.338277391647e+01
 -2.830917048766e-01   -4.613107948196e-02  -8.823271332959e+01   2.338277391647e+01
 -4.292859716052e-01   -2.383211897507e-02  -8.532691493340e+01  -9.623499172971e+00
 -4.299046429732e-01    1.941008560187e-02  -7.795166806065e+01  -9.623499172971e+00
 -4.386259251204e-03    3.544236055228e-04  -8.061749380987e+01  -9.623499172971e+00
 -3.477618453385e-03   -9.794875159752e-04  -8.162263116842e+01   2.326343633841e+01
 -2.812017088027e-01    3.985496849300e-02  -7.519927293756e+01   2.326343633841e+01
 -2.938585195743e-01   -2.093066568408e-03  -8.171246394904e+01   2.326343633841e+01
 -1.487048777348e-01   -4.943474443154e-02  -1.064200573799e+02   1.742500943820e+00
 -2.692242608730e-01   -7.245502374704e-03  -1.065413496278e+02   1.742500943820e+00
 -1.388455145632e-01   -3.759034019720e-03  -1.073280598541e+02   1.742500943820e+00
 -2.692151383327e-01   -6.255288287148e-03  -1.065426495293e+02  -1.260616875576e+00
 -1.459513211251e-01    4.133503038713e-02  -1.064615160666e+02  -1.260616875576e+00
 -1.388230431047e-01   -4.033901363686e-03  -1.073270466552e+02  -1.260616875576e+00
 -1.748834055173e-03    5.851227053555e-04  -8.064532195114e+01  -1.073952854683e+01
 -9.605502580670e-04   -6.214466269607e-04  -9.197914019073e+01  -1.073952854683e+01
 -4.317145285478e-01   -2.419401569672e-02  -8.531692736710e+01  -1.073952854683e+01
 -2.611658574501e-01   -3.740502890099e-02  -6.564771849197e+01   8.713483134718e+00
 -2.178317893283e-03    1.585687114720e-05  -6.937318294670e+01   8.713483134718e+00
  4.098667245598e-04    1.223698781058e-05  -6.529742333785e+01   8.713483134718e+00
 -6.234991371453e-01   -1.313296354673e-03  -5.457028699005e+01   1.322410929996e+00
 -5.306125387193e-01   -1.037372510105e-02  -5.440648198423e+01   1.322410929996e+00
 -6.639678010438e-01   -6.584949011291e-03  -4.940102554643e+01   1.322410929996e+00
 -5.787780375911e-01   -5.641483419716e-02  -7.625563296166e+01  -4.833292079305e+00
 -5.043984194465e-01   -6.251497747036e-02  -7.602099667303e+01  -4.833292079305e+00
 -5.237193211922e-01    1.621057061555e-03  -8.193015320392e+01  -4.833292079305e+00
 -5.775479212119e-01   -5.616161344497e-02  -7.628696348171e+01   4.978367851930e+00
 -3.386836589350e-01   -1.610435366627e-02  -7.803107208301e+01   4.978367851930e+00
 -3.102291909840e-01   -3.766573828472e-02  -7.107091823712e+01   4.978367851930e+00
 -2.701315697864e-01   -3.983977586950e-02  -7.553802415700e+01  -2.213182640268e+01
 -2.731083138594e-03   -1.556826201929e-03  -7.553936302752e+01  -2.213182640268e+01
 -2.895142081332e-01    7.844254508057e-04  -8.203342769493e+01  -2.213182640268e+01
 -2.899075050087e-01    1.768344876876e-03  -8.195387471112e+01  -1.314859118892e+01
 -5.055029879454e-01   -6.289923869911e-02  -7.594722715054e+01  -1.314859118892e+01
 -2.704193892559e-01   -4.047796311569e-02  -7.558455471586e+01  -1.314859118892e+01
 -2.717090262357e-01   -4.053324054640e-02  -7.552949032400e+01  -1.277452442755e+01
 -5.040896244768e-01   -6.308995458995e-02  -7.599606810420e+01  -1.277452442755e+01
 -4.574469619657e-01   -1.135425362953e-01  -7.029946955700e+01  -1.277452442755e+01
 -3.761970169095e-03    9.285641809391e-06  -7.541847630239e+01  -2.099173169453e+01
 -2.695238028164e-01   -4.061751384431e-02  -7.557726328566e+01  -2.099173169453e+01
 -2.443524790526e-01   -7.129663167876e-02  -6.946168065427e+01  -2.099173169453e+01
 -5.781165872098e-01   -5.567607838355e-02  -7.630885715746e+01  -3.441073640000e+00
 -5.659066106766e-01   -1.081643392494e-01  -7.106195352671e+01  -3.441073640000e+00
 -5.047767944973e-01   -6.327125316233e-02  -7.596666350129e+01  -3.441073640000e+00
 -8.267785524317e-04   -1.089623739987e-04  -9.669143552741e+01   8.509183377459e+00
 -3.091006691002e-01    4.339262164011e-02  -9.283289216837e+01   8.509183377459e+00
 -2.427645437122e-01    4.704311576241e-02  -9.754504003081e+01   8.509183377459e+00
 -3.197054645071e-01   -1.206526316579e-01  -6.149608824741e+01  -4.896107397251e+00
 -3.886408350246e-01   -1.356687623490e-01  -6.539312271370e+01  -4.896107397251e+00
 -4.551809464010e-01   -1.426745067438e-01  -6.273862149444e+01  -4.896107397251e+00
 -5.672077729931e-01   -1.081070154529e-01  -7.109934653962e+01  -5.360237000507e+00
 -4.581044873258e-01   -1.133776010091e-01  -7.038396319087e+01  -5.360237000507e+00
 -5.033556771890e-01   -6.357881944836e-02  -7.593193448862e+01  -5.360237000507e+00
 -2.446875016204e-01   -7.202087888770e-02  -6.948364712293e+01  -1.130036118768e+01
 -4.571644033503e-01   -1.137345099575e-01  -7.035575039045e+01  -1.130036118768e+01
 -3.895620359857e-01   -1.355808101230e-01  -6.538732710841e+01  -1.130036118768e+01
 -2.436221582652e-01   -7.182460925344e-02  -6.952804873675e+01  -1.219881755193e+01
 -2.703178910320e-01   -4.041430919051e-02  -7.551708269881e+01  -1.219881755193e+01
 -4.585968430839e-01   -1.137992345965e-01  -7.031127398845e+01  -1.219881755193e+01
 -5.218736371677e-01   -1.448379434390e-01  -6.655884922041e+01  -5.485453036488e+00
 -3.901988578288e-01   -1.355245687916e-01  -6.545999501870e+01  -5.485453036488e+00
 -4.565004773310e-01   -1.139351590159e-01  -7.030456635771e+01  -5.485453036488e+00
 -1.953174290591e-03    3.786429991788e-04  -7.540430392158e+01  -1.844476933866e+01
 -2.459209752058e-01   -7.173382406417e-02  -6.946567124898e+01  -1.844476933866e+01
 -2.506893070606e-04   -6.071750871189e-04  -6.952122756514e+01  -1.844476933866e+01
 -5.669105010727e-01   -1.075363794313e-01  -7.114475060561e+01  -3.854005747457e+00
 -5.204866093984e-01   -1.447466190693e-01  -6.652221264566e+01  -3.854005747457e+00
 -4.580967593365e-01   -1.138409646395e-01  -7.033964744691e+01  -3.854005747457e+00
 -5.754571648542e-01   -5.671375285381e-02  -7.626745298505e+01   2.890763924840e+00
 -3.131709617592e-01   -3.732574505419e-02  -7.110430065561e+01   2.890763924840e+00
 -5.687907032565e-01   -1.066683800419e-01  -7.115536260683e+01   2.890763924840e+00
 -7.677948138073e-04    1.367943797594e-04  -8.717868621764e+01   1.117063524391e+01
 -1.422931702859e-03   -3.939833214444e-04  -8.074695513569e+01   1.117063524391e+01
 -3.364777138207e-01    1.718519068934e-02  -8.589164005029e+01   1.117063524391e+01
 -2.026786110833e-01   -8.083176138806e-02  -6.444714486063e+01  -1.076737830166e+01
 -2.435426406488e-01   -7.186721845775e-02  -6.947014790525e+01  -1.076737830166e+01
 -3.905234325525e-01   -1.358153450386e-01  -6.539880536998e+01  -1.076737830166e+01
 -2.443770330303e-01   -7.267151388777e-02  -6.952912801139e+01  -1.718852327176e+01
  1.286807793852e-04   -8.527490091145e-04  -6.422048355220e+01  -1.718852327176e+01
 -1.097331636564e-03   -7.507806143097e-05  -6.945836706765e+01  -1.718852327176e+01
 -1.186595271811e-03   -1.517559342147e-03  -6.421916382135e+01  -1.705577487218e+01
 -2.429127901775e-01   -7.221804986578e-02  -6.952593204471e+01  -1.705577487218e+01
 -2.028102722831e-01   -8.052399252996e-02  -6.441184056752e+01  -1.705577487218e+01
 -1.954599247452e-01    3.486435946927e-02  -1.001796757254e+02   6.507296850487e+00
  4.254592154944e-05    2.968821043356e-05  -1.004570022704e+02   6.507296850487e+00
 -6.397979617956e-04    6.016607905024e-05  -9.934201554183e+01   6.507296850487e+00
 -1.677357979270e-01   -7.241944630284e-02  -6.037471294751e+01  -1.158112938581e+01
  1.066404132754e-04   -1.094773074994e-04  -6.034924927451e+01  -1.158112938581e+01
 -1.619972348993e-03   -8.521816721745e-04  -6.411373822298e+01  -1.158112938581e+01
 -1.662266974251e-01   -7.153456917308e-02  -6.041103474409e+01  -9.323957523595e+00
  4.045557511716e-04    3.816012315427e-04  -5.763898035037e+01  -9.323957523595e+00
 -7.174650609967e-04   -5.793165654469e-04  -6.031289600526e+01  -9.323957523595e+00
 -2.155561955151e-01   -2.833163564150e-02  -6.215666051745e+01   7.176480967974e+00
 -5.077547119971e-04   -1.205820207113e-04  -6.236556359860e+01   7.176480967974e+00
  1.457041677178e-04    3.070233497656e-04  -5.889826153954e+01   7.176480967974e+00
 -1.667037568871e-01   -7.191033491449e-02  -6.036976402118e+01  -1.438053756574e+01
 -2.829328509056e-03   -1.507170203990e-03  -6.412882131864e+01  -1.438053756574e+01
 -2.018842057339e-01   -8.051630585128e-02  -6.444174624388e+01  -1.438053756574e+01
 -3.803043313555e-01    3.100757417342e-02  -5.892949241577e+01  -5.660787842353e+00
 -3.757864465101e-01    1.423342879900e-02  -5.657282993937e+01  -5.660787842353e+00
 -3.378409696496e-03    1.596878060965e-04  -5.894999614390e+01  -5.660787842353e+00
 -1.387883211428e-01   -3.961441477584e-02  -5.807266762941e+01  -5.153396936187e+00
 -1.656955100247e-01   -7.177273358360e-02  -6.038230042993e+01  -5.153396936187e+00
 -2.684152026592e-01   -7.032228925010e-02  -5.892703784010e+01  -5.153396936187e+00
 -3.201602891032e-01   -1.210633389707e-01  -6.144546002544e+01  -8.306507670505e+00
 -1.659017574852e-01   -7.148883821232e-02  -6.042316799289e+01  -8.306507670505e+00
 -2.025185136655e-01   -8.096359482809e-02  -6.439610495483e+01  -8.306507670505e+00
 -3.787591111816e-04   -1.238395491780e-03  -5.759442522484e+01  -1.311579271197e+00
 -1.310425064470e-01   -4.706818324122e-04  -5.719786563443e+01  -1.311579271197e+00
 -2.365096868292e-04    5.166298882037e-04  -5.689395365690e+01  -1.311579271197e+00
 -1.035136993591e-03   -1.526271251081e-03  -5.760704121337e+01  -3.841572368810e+00
 -1.384718974163e-01   -3.908825580666e-02  -5.806484182534e+01  -3.841572368810e+00
 -1.303847562334e-01   -3.403553788748e-04  -5.719040822745e+01  -3.841572368810e+00
 -2.515938642703e-01    1.124711000554e-03  -5.802584149031e+01  -1.336292822809e+00
 -1.304353391353e-01    6.034504054879e-04  -5.721985144551e+01  -1.336292822809e+00
 -1.383712677413e-01   -3.985666016450e-02  -5.804283630105e+01  -1.336292822809e+00
 -3.925064011871e-04   -7.197476781966e-04  -5.687892013035e+01   1.929353294146e+00
 -1.307614494842e-01    8.287594132579e-04  -5.721538452652e+01   1.929353294146e+00
 -1.405806160649e-01    4.135589729201e-02  -5.784201646064e+01   1.929353294146e+00
 -2.676578496169e-01   -7.024766917785e-02  -5.891672159239e+01  -5.915490737718e+00
 -1.665607210505e-01   -7.191892510125e-02  -6.039642526392e+01  -5.915490737718e+00
 -3.190638689147e-01   -1.205084622279e-01  -6.147356304360e+01  -5.915490737718e+00
 -1.389573343430e-01   -3.992959147813e-02  -5.805564045746e+01  -7.526982793483e+00
 -3.109947387599e-04    4.704279600325e-06  -5.764467528614e+01  -7.526982793483e+00
 -1.652680292150e-01   -7.115369216654e-02  -6.040525401920e+01  -7.526982793483e+00
 -2.036262515538e-01   -8.122703191652e-02  -6.440769066159e+01  -9.175846551281e+00
 -3.892285628329e-01   -1.355208304051e-01  -6.543469388259e+01  -9.175846551281e+00
 -3.192629233719e-01   -1.208610674519e-01  -6.143500581299e+01  -9.175846551281e+00
 -4.324676806143e-01    2.032005628764e-02  -7.796017848852e+01  -1.075928527204e+01
 -9.589292793771e-04    6.519563630529e-04  -6.953302992706e+01  -1.075928527204e+01
 -1.613755440745e-03   -4.260037935612e-04  -8.058555902313e+01  -1.075928527204e+01
 -5.679700563159e-01   -1.070459182161e-01  -7.114234945868e+01   4.011782252900e+00
 -3.136523243220e-01   -3.675253385087e-02  -7.110307253031e+01   4.011782252900e+00
 -4.611695619982e-01   -9.148796199772e-02  -6.719675653133e+01   4.011782252900e+00
 -3.814122173288e-01    3.168844271443e-02  -5.893745590436e+01  -5.844904735528e+00
 -1.987057365475e-03   -8.196168350169e-04  -5.897063383604e+01  -5.844904735528e+00
 -2.853918545637e-01    3.897525339465e-02  -6.253579239319e+01  -5.844904735528e+00
 -2.583884658098e-01   -3.767195835150e-02  -6.564648425664e+01   5.178883317662e+00
 -2.158516415420e-01   -2.873791115189e-02  -6.215950668735e+01   5.178883317662e+00
 -4.176071499864e-01   -7.904672624842e-02  -6.422881890628e+01   5.178883317662e+00
 -2.597495948120e-01   -3.754799203028e-02  -6.564162741720e+01   9.712213511111e+00
 -3.076487325789e-01   -3.689946043320e-02  -7.105740788626e+01   9.712213511111e+00
 -3.853571943621e-03    8.578870624577e-05  -6.938207077883e+01   9.712213511111e+00
 -4.627188358418e-01   -9.152296833500e-02  -6.723512870969e+01   2.286402871240e+00
 -4.167540556355e-01   -7.915011058305e-02  -6.422138103136e+01   2.286402871240e+00
 -4.933001447994e-01   -1.223379177841e-01  -6.370480323388e+01   2.286402871240e+00
 -4.168800038961e-01   -7.924014152456e-02  -6.421551674245e+01   5.475877149876e+00
 -4.625339984199e-01   -9.106350403301e-02  -6.723749429910e+01   5.475877149876e+00
 -2.593525612758e-01   -3.752676189000e-02  -6.566724518742e+01   5.475877149876e+00
 -4.304716529339e-01   -7.533718266626e-02  -6.199259666304e+01   2.748882517060e+00
 -4.932274482287e-01   -1.219159192149e-01  -6.371434516690e+01   2.748882517060e+00
 -4.167482671521e-01   -7.932386335169e-02  -6.421513735613e+01   2.748882517060e+00
 -4.644258588637e-01   -9.151612344801e-02  -6.726250584832e+01   1.513350336085e+00
 -4.918905692429e-01   -1.224499366368e-01  -6.367581516761e+01   1.513350336085e+00
 -5.219250726143e-01   -1.439834240340e-01  -6.659564363221e+01   1.513350336085e+00
 -4.162345719602e-01   -7.900475446236e-02  -6.421874139777e+01   4.999435560009e+00
 -2.174835339269e-01   -2.886291967556e-02  -6.217783845195e+01   4.999435560009e+00
 -4.313686577660e-01   -7.529189732290e-02  -6.199950955419e+01   4.999435560009e+00
 -2.583588365377e-01   -3.760570380613e-02  -6.565260054295e+01   5.264915857941e+00
 -4.635606267876e-01   -9.105061645777e-02  -6.723859739874e+01   5.264915857941e+00
 -3.094203622648e-01   -3.698719654119e-02  -7.105353626349e+01   5.264915857941e+00
 -3.324694444522e-01   -2.409947578233e-02  -5.875810668864e+01   5.878769343428e+00
 -2.152519440929e-01   -2.869164049059e-02  -6.215583449386e+01   5.878769343428e+00
 -6.114654940830e-04    6.222626473508e-04  -5.891077238708e+01   5.878769343428e+00
 -3.103791143592e-01   -1.167611852131e-02  -5.492535356901e+01   5.161010784826e+00
 -3.249736404388e-01   -1.186172111869e-02  -5.672399026243e+01   5.161010784826e+00
 -8.834349881435e-04    2.908931101763e-04  -5.458466831451e+01   5.161010784826e+00
 -5.302615802185e-01   -1.062118954714e-02  -5.443185682628e+01   3.146112300206e+00
 -3.258917772255e-01   -1.224644458666e-02  -5.674163468639e+01   3.146112300206e+00
 -3.103880573736e-01   -1.190476046747e-02  -5.492678766580e+01   3.146112300206e+00
 -3.310282063168e-01   -2.304149244597e-02  -5.877112659199e+01   3.709354955161e+00
 -4.730841923599e-01   -3.705169519141e-02  -5.879971858167e+01   3.709354955161e+00
 -4.297524809086e-01   -7.518786951363e-02  -6.197316805853e+01   3.709354955161e+00
 -6.105853234895e-01    2.778666366016e-03  -1.751552239248e+01   3.936083869348e+00
 -1.500652784045e-02    4.440252409474e-04  -1.307574986684e+01   3.936083869348e+00
 -7.331066895422e-01   -4.672146834328e-03  -1.339399785791e+01   3.936083869348e+00
 -4.971588138119e-01   -9.374049112279e-02  -6.097612653070e+01   2.444658965709e+00
 -4.921163358186e-01   -1.218255283999e-01  -6.370354520854e+01   2.444658965709e+00
 -4.314495935068e-01   -7.561531356542e-02  -6.200678305626e+01   2.444658965709e+00
 -5.628579647001e-01    3.812895106526e-03  -5.467839380126e+01  -3.068559510647e+00
 -3.768899702715e-01    1.430917859906e-02  -5.660652587530e+01  -3.068559510647e+00
 -5.107813258522e-01    4.202945160734e-02  -5.874647592972e+01  -3.068559510647e+00
 -3.303606480857e-01   -2.351788763240e-02  -5.874239170370e+01   4.887345982766e+00
 -4.311902447749e-01   -7.480788562235e-02  -6.199404288397e+01   4.887345982766e+00
 -2.173310446183e-01   -2.933987879210e-02  -6.216407219506e+01   4.887345982766e+00
 -2.183989958593e-04    1.747501885950e-04  -5.458589846726e+01   5.415839589141e+00
 -3.256725007370e-01   -1.180375362793e-02  -5.672083921078e+01   5.415839589141e+00
 -8.219416165545e-04    7.293634037329e-05  -5.639535149048e+01   5.415839589141e+00
 -5.576151581475e-03   -4.908967300824e-04  -5.108501590933e+01   4.166006101341e+00
 -6.718908883067e-01   -7.227608358362e-03  -4.946874691754e+01   4.166006101341e+00
 -3.098569653987e-01   -1.201193398648e-02  -5.495523334126e+01   4.166006101341e+00
 -3.988248498056e-01   -9.049618000891e-02  -6.017214436019e+01  -2.425839120786e+00
 -3.196184219888e-01   -1.205847879209e-01  -6.146769399371e+01  -2.425839120786e+00
 -4.549657508205e-01   -1.424742142225e-01  -6.276643337286e+01  -2.425839120786e+00
 -5.199401766944e-01   -1.442953868387e-01  -6.656111326336e+01  -1.160049795964e+00
 -4.932291555593e-01   -1.223668612308e-01  -6.371519145810e+01  -1.160049795964e+00
 -4.555162520640e-01   -1.425376845105e-01  -6.277209639142e+01  -1.160049795964e+00
 -2.510592760335e-01    1.446717814476e-03  -5.804974532542e+01  -1.211789640233e+00
 -2.673009709117e-01   -6.976263795891e-02  -5.892647175610e+01  -1.211789640233e+00
 -3.754576013544e-01    3.149158829908e-03  -5.913619088193e+01  -1.211789640233e+00
 -2.681084084488e-01   -7.003643916812e-02  -5.895850379127e+01  -3.500127400980e+00
 -3.184744078120e-01   -1.205587372125e-01  -6.144464252952e+01  -3.500127400980e+00
 -3.996805861365e-01   -9.041875506351e-02  -6.019211339807e+01  -3.500127400980e+00
 -3.745008656214e-01    3.041035278208e-03  -5.911772814263e+01  -8.564017888674e-01
 -2.682417594836e-01   -6.979874363680e-02  -5.894439999183e+01  -8.564017888674e-01
 -3.993779740561e-01   -9.028754193353e-02  -6.020733256855e+01  -8.564017888674e-01
 -2.677012397342e-01   -6.971002011330e-02  -5.894380886648e+01  -2.205620000664e+00
 -2.507740797339e-01    1.155595271060e-03  -5.801824861667e+01  -2.205620000664e+00
 -1.391645513763e-01   -4.001781516988e-02  -5.805314731416e+01  -2.205620000664e+00
 -4.535136924488e-01   -1.418698385581e-01  -6.273657085684e+01  -8.110983883736e-01
 -4.980184552137e-01   -9.381633074174e-02  -6.100784577386e+01  -8.110983883736e-01
 -4.009107001205e-01   -9.099666643215e-02  -6.024096657657e+01  -8.110983883736e-01
 -4.539241774900e-01   -1.426496847916e-01  -6.270630472695e+01  -3.590805195125e+00
 -3.901382504840e-01   -1.356758927573e-01  -6.542408678793e+01  -3.590805195125e+00
 -5.216998067035e-01   -1.445910327072e-01  -6.659567634376e+01  -3.590805195125e+00
 -4.962430817169e-01   -9.256125438714e-02  -6.097552991566e+01   2.345234548706e+00
 -4.744326054690e-01   -3.679435862968e-02  -5.881925259799e+01   2.345234548706e+00
 -5.441808864661e-01   -2.818615125343e-02  -5.847884736619e+01   2.345234548706e+00
 -4.553493928159e-01   -1.420596193992e-01  -6.276832688032e+01   1.631336074000e-01
 -4.931075864860e-01   -1.225181981271e-01  -6.371188349665e+01   1.631336074000e-01
 -4.960782768055e-01   -9.338312149138e-02  -6.095971324032e+01   1.631336074000e-01
 -4.920743221403e-01    4.977383508488e-02  -5.977814387513e+01   2.235102620721e-01
 -3.762453977219e-01    3.203438992482e-03  -5.916933729382e+01   2.235102620721e-01
 -4.830457544379e-01   -4.035671383238e-02  -5.979013110766e+01   2.235102620721e-01
 -3.752937830955e-01    2.437721374082e-03  -5.915146552817e+01  -3.806255122374e-01
 -3.989883858127e-01   -8.967340981586e-02  -6.020262786814e+01  -3.806255122374e-01
 -4.837369847898e-01   -4.005258275504e-02  -5.980841397441e+01  -3.806255122374e-01
 -5.451771214696e-01   -2.829945911734e-02  -5.849582526503e+01   3.083442603524e-01
 -4.848397696603e-01   -4.081443173989e-02  -5.981874814318e+01   3.083442603524e-01
 -4.952482712510e-01   -9.305060797049e-02  -6.096251855925e+01   3.083442603524e-01
 -5.461781283790e-01   -2.926279907322e-02  -5.848979132406e+01   9.170858730251e-01
 -5.709429419507e-01    5.886485997200e-03  -5.837048527252e+01   9.170858730251e-01
 -4.843115559572e-01   -3.945428324480e-02  -5.982284819243e+01   9.170858730251e-01
 -6.150377880886e-01   -5.011300455605e-03  -5.666621329542e+01   6.595730501384e-01
 -5.712787411191e-01    5.006802354129e-03  -5.837268587152e+01   6.595730501384e-01
 -5.452747166613e-01   -2.833412295713e-02  -5.847258182350e+01   6.595730501384e-01
 -4.825308542300e-01   -3.983440335948e-02  -5.977044645268e+01   5.947559476937e-01
 -4.009725883341e-01   -9.018108361845e-02  -6.024053364626e+01   5.947559476937e-01
 -4.978697078272e-01   -9.437660878103e-02  -6.100210809055e+01   5.947559476937e-01
 -4.303082751853e-01   -7.602979881282e-02  -6.197428604083e+01   2.102960236944e+00
 -4.728938024188e-01   -3.660830340194e-02  -5.879237486956e+01   2.102960236944e+00
 -4.982064635316e-01   -9.320124141514e-02  -6.099508232742e+01   2.102960236944e+00
 -2.510221311576e-01    1.721906438187e-03  -5.804815735402e+01   1.549517274274e+00
 -3.754994607396e-01    3.197209142748e-03  -5.913816592199e+01   1.549517274274e+00
 -2.723051802434e-01    7.392760460613e-02  -5.884026039761e+01   1.549517274274e+00
 -6.718092157939e-01   -1.464415062399e-03  -2.085564949001e+01  -3.443458356809e+00
 -1.956103943086e-02   -7.817202425204e-04  -2.123609379572e+01  -3.443458356809e+00
 -6.761779903174e-01   -1.699609279185e-03  -2.637872560993e+01  -3.443458356809e+00
 -4.636564547886e-01   -9.145736840516e-02  -6.725266029496e+01   2.744309460850e-01
 -5.225936882211e-01   -1.441151476567e-01  -6.660869337764e+01   2.744309460850e-01
 -5.647179872568e-01   -1.074985724522e-01  -7.110245949557e+01   2.744309460850e-01
 -4.844353377451e-01   -4.723469470906e-03   7.180510402585e-03  -4.718166346736e+00
 -6.771311471811e-04    6.461515406244e-05  -1.227524455471e-02  -4.718166346736e+00
 -2.524824373345e-03   -1.136722874920e-04  -3.551903319491e+00  -4.718166346736e+00
 -1.305779709006e-01    3.713396858558e-04  -5.722446735272e+01   1.584368362016e+00
 -2.515544669856e-01    1.956057486073e-03  -5.802736277727e+01   1.584368362016e+00
 -1.407071348868e-01    4.230505898181e-02  -5.784055108655e+01   1.584368362016e+00
 -2.136473782689e-01    8.535675786856e-02  -6.410193321522e+01   1.602533685863e+01
 -1.624893778834e-03    1.537192265357e-04  -6.912977803924e+01   1.602533685863e+01
 -1.348646198707e-04    4.605300366827e-04  -6.413470689215e+01   1.602533685863e+01
 -3.119497647246e-01   -1.229161081141e-02  -5.495115005077e+01   3.115628086470e+00
 -6.672647178804e-01   -6.928895929785e-03  -4.944070135411e+01   3.115628086470e+00
 -5.288952817689e-01   -1.050253118840e-02  -5.439605176282e+01   3.115628086470e+00
 -1.482718230566e-03   -4.489376715676e-04  -7.513714006671e+01   1.885855842262e+01
 -7.474079362876e-04    8.023397727293e-04  -6.923075696230e+01   1.885855842262e+01
 -2.529759463492e-01    7.181605220191e-02  -6.921952157362e+01   1.885855842262e+01
  2.413824088258e-04    2.395763264770e-04  -6.236961396410e+01   8.613629317765e+00
 -2.588284556521e-01   -3.718845626693e-02  -6.564510968738e+01   8.613629317765e+00
 -6.475990168688e-04   -8.785481375545e-05  -6.529996912495e+01   8.613629317765e+00
 -2.124548652902e-01    8.484839847431e-02  -6.409673574748e+01   1.914365401507e+01
 -2.509580708978e-01    7.219701531967e-02  -6.927588042118e+01   1.914365401507e+01
 -2.837835073553e-03    6.444879876192e-04  -6.914715605984e+01   1.914365401507e+01
 -2.860418291958e-03   -1.219358105265e-04  -7.515366984367e+01   2.187675216334e+01
 -2.517195578740e-01    7.148742340873e-02  -6.921367084297e+01   2.187675216334e+01
 -2.809361543933e-01    4.100929294713e-02  -7.525953690529e+01   2.187675216334e+01
 -1.048724355299e-03    3.959486598500e-04  -6.408243285132e+01   1.418160397587e+01
  4.876453918069e-04    2.597428292872e-04  -6.004389347493e+01   1.418160397587e+01
 -2.118570459819e-01    8.541469794298e-02  -6.415546392226e+01   1.418160397587e+01
 -6.605659033316e-01    1.469369446835e-02  -3.721042302534e+01   7.221979906691e-01
 -5.717260543935e-01    1.436286643150e-02  -3.757623753476e+01   7.221979906691e-01
 -5.168674576289e-01    8.831427421877e-03  -3.328690853783e+01   7.221979906691e-01
 -1.415337488850e-01    4.278988938736e-02  -5.783199869414e+01   9.813951563639e+00
 -1.691439068063e-01    7.114243534461e-02  -6.036916157715e+01   9.813951563639e+00
 -2.017491171588e-03    1.754492595488e-03  -5.998424951775e+01   9.813951563639e+00
 -4.517899145904e-04    5.811998661314e-04  -5.777068882139e+01   4.270588758334e+00
  1.736451555795e-04   -8.541849623465e-04  -5.686679253854e+01   4.270588758334e+00
 -1.413772691003e-01    4.156458932099e-02  -5.784966299722e+01   4.270588758334e+00
 -2.114022727765e-01    8.510547656269e-02  -6.411258082986e+01   8.781126820959e+00
 -1.697166089537e-01    7.161150052998e-02  -6.037581949556e+01   8.781126820959e+00
 -3.302236613841e-01    1.255038477781e-01  -6.136079464515e+01   8.781126820959e+00
 -2.106450089113e-01    8.493979400136e-02  -6.415135682332e+01   1.320202588087e+01
 -5.095138631590e-04    8.557161918365e-04  -6.004655827999e+01   1.320202588087e+01
 -1.700112684655e-01    7.163080510128e-02  -6.035001796019e+01   1.320202588087e+01
 -2.726838578972e-01    7.449046004962e-02  -5.882656318310e+01   6.433643656782e+00
 -3.291484861905e-01    1.250061402037e-01  -6.138683682988e+01   6.433643656782e+00
 -1.704188859223e-01    7.206239971257e-02  -6.034558273503e+01   6.433643656782e+00
 -2.514525025654e-01    7.224114194214e-02  -6.922348209382e+01   1.121036927436e+01
 -2.115923491041e-01    8.494981655878e-02  -6.416032268134e+01   1.121036927436e+01
 -4.061608166878e-01    1.414679549395e-01  -6.523192975538e+01   1.121036927436e+01
 -1.694994064506e-01    7.182488842093e-02  -6.033516312369e+01   5.443207421070e+00
 -1.410142595197e-01    4.200021809278e-02  -5.787269902652e+01   5.443207421070e+00
 -2.734659486520e-01    7.461416087384e-02  -5.883575714795e+01   5.443207421070e+00
 -1.120625931756e-03    1.215961242470e-03  -5.997069995727e+01   6.873905223928e+00
  7.771648256766e-05   -2.413910975122e-04  -5.778653131838e+01   6.873905223928e+00
 -1.423492555992e-01    4.313003940164e-02  -5.783620230569e+01   6.873905223928e+00
 -3.391842977355e-01    5.019170184740e-02  -6.609324027184e+01  -9.255080691942e+00
 -4.716700649578e-03   -1.565172331045e-04  -6.955207098725e+01  -9.255080691942e+00
 -3.914434006749e-01    4.648585316521e-02  -7.130751905936e+01  -9.255080691942e+00
 -4.048173450214e-01    1.411515537224e-01  -6.526756385680e+01   9.555633060415e+00
 -2.124791874708e-01    8.528818583792e-02  -6.412602168570e+01   9.555633060415e+00
 -3.293262701625e-01    1.253360820295e-01  -6.135004739681e+01   9.555633060415e+00
 -5.274549912543e-01    6.450129944311e-02  -7.567781901874e+01   1.410675892607e+01
 -5.461951375974e-01   -4.629123407478e-03  -8.170650811120e+01   1.410675892607e+01
 -2.964018140967e-01   -2.795972868525e-03  -8.165139821249e+01   1.410675892607e+01
 -5.272123101922e-01    6.492279115339e-02  -7.573647528832e+01   1.345680952112e+01
 -2.824298572293e-01    4.085286055022e-02  -7.521345833541e+01   1.345680952112e+01
 -4.772549867048e-01    1.177853047912e-01  -7.010592728143e+01   1.345680952112e+01
 -5.490928628050e-01   -4.246107109497e-03  -8.164770203833e+01   4.112328812670e+00
 -6.277214589082e-01    6.083927134758e-02  -7.609409496550e+01   4.112328812670e+00
 -6.259652650836e-01   -5.468148935861e-03  -8.169477422212e+01   4.112328812670e+00
 -4.313238900438e-01    1.964554247842e-02  -7.796527125534e+01  -2.359038319684e+00
 -6.260649678341e-01   -4.370359286861e-03  -8.165980851923e+01  -2.359038319684e+00
 -6.273332160093e-01    5.949690583002e-02  -7.616386768248e+01  -2.359038319684e+00
 -6.274739364742e-01   -5.120958237274e-03  -8.167472621921e+01  -3.897859621538e+00
 -4.298691267590e-01    2.033722817190e-02  -7.794847956467e+01  -3.897859621538e+00
 -4.287519285957e-01   -2.492954521813e-02  -8.533310712039e+01  -3.897859621538e+00
 -5.491623179337e-01   -5.623487384282e-03  -8.174437946667e+01   4.193817940790e+00
 -6.259335688326e-01   -4.773367592629e-03  -8.165003276258e+01   4.193817940790e+00
 -6.262221377814e-01   -7.342946146465e-02  -8.724690940931e+01   4.193817940790e+00
 -6.292899890979e-01    6.061520132518e-02  -7.612507656331e+01   5.676701785033e+00
 -5.473184005444e-01   -3.865226095580e-03  -8.162346678168e+01   5.676701785033e+00
 -5.274936778069e-01    6.434028784922e-02  -7.576409424575e+01   5.676701785033e+00
 -2.947073690837e-01   -2.716175770658e-03  -8.164573081922e+01   1.372270930031e+01
 -2.809876762147e-01    4.088158384587e-02  -7.526710928880e+01   1.372270930031e+01
 -5.288096877459e-01    6.465787765410e-02  -7.568619644108e+01   1.372270930031e+01
 -6.087226014084e-01    1.162555319115e-01  -7.110585627463e+01   4.553898029397e+00
 -4.779000186331e-01    1.181418208030e-01  -7.014455923292e+01   4.553898029397e+00
 -5.520668987169e-01    1.550844641585e-01  -6.650461265316e+01   4.553898029397e+00
 -4.783579270868e-01    1.180572477203e-01  -7.011749373370e+01   1.285639060261e+01
 -2.811947345723e-01    4.071534685501e-02  -7.520150145630e+01   1.285639060261e+01
 -2.513625509660e-01    7.219477170129e-02  -6.927996533021e+01   1.285639060261e+01
 -6.260929131275e-01    6.098433569799e-02  -7.613954899468e+01  -1.994774115543e+00
 -6.104735732436e-01    1.154023403441e-01  -7.111608056620e+01  -1.994774115543e+00
 -3.970360848083e-01    4.716685615611e-02  -7.134430140780e+01  -1.994774115543e+00
 -6.285953957242e-01    5.990725935242e-02  -7.618033611388e+01   4.282033340440e+00
 -5.279033504118e-01    6.507657632181e-02  -7.570910570242e+01   4.282033340440e+00
 -6.077735789552e-01    1.168796355714e-01  -7.102333370974e+01   4.282033340440e+00
 -4.057413159884e-01    1.411108351638e-01  -6.529545607711e+01   6.069183768012e+00
 -5.534521892964e-01    1.551640693734e-01  -6.654097477328e+01   6.069183768012e+00
 -4.762999094163e-01    1.182368869693e-01  -7.010964098220e+01   6.069183768012e+00
 -6.280328524953e-01    6.040425415361e-02  -7.616060716129e+01  -3.912216123805e+00
 -3.942353935479e-01    4.753468436309e-02  -7.131034130819e+01  -3.912216123805e+00
 -4.304615902893e-01    1.888089453044e-02  -7.796787918314e+01  -3.912216123805e+00
 -6.097679544354e-01    1.158048152448e-01  -7.110231079076e+01  -3.146640967965e+00
 -5.180358081819e-01    1.046911300403e-01  -6.739465446711e+01  -3.146640967965e+00
 -3.973480979984e-01    4.654591956851e-02  -7.134556431969e+01  -3.146640967965e+00
 -6.090611158084e-01    1.168185219681e-01  -7.106039466711e+01   6.077154951324e+00
 -5.265115233732e-01    6.538640087700e-02  -7.567404371730e+01   6.077154951324e+00
 -4.778733105035e-01    1.176736878902e-01  -7.018896289821e+01   6.077154951324e+00
 -2.525951081869e-01    7.243963964975e-02  -6.923524257345e+01   1.198720325148e+01
 -4.052138315104e-01    1.412296013348e-01  -6.522089144604e+01   1.198720325148e+01
 -4.768777836479e-01    1.179973807802e-01  -7.016161117574e+01   1.198720325148e+01
 -2.864786325707e-01    3.916360348320e-02  -6.254394861440e+01  -7.577657641060e+00
 -1.109310865055e-03   -3.558249208703e-04  -6.255039877732e+01  -7.577657641060e+00
 -3.384921039945e-01    5.004031468693e-02  -6.610020640329e+01  -7.577657641060e+00
 -4.761043933671e-01    1.520393006486e-01  -6.272171089999e+01   5.368647493837e+00
 -4.042271994658e-01    1.412558872513e-01  -6.522983315539e+01   5.368647493837e+00
 -3.297977192890e-01    1.252111732608e-01  -6.140607819739e+01   5.368647493837e+00
 -1.614349052956e-03   -9.926639999828e-04  -8.161002528823e+01   2.064268859075e+01
 -9.220878180771e-04    7.675972423582e-04  -7.524263987458e+01   2.064268859075e+01
 -2.827252637822e-01    3.997048858962e-02  -7.520231891172e+01   2.064268859075e+01
 -3.745332367854e-01    3.290421078822e-03  -5.911902630178e+01   1.272165263842e+00
 -4.095685137280e-01    9.790396567430e-02  -6.017169234628e+01   1.272165263842e+00
 -2.732516253188e-01    7.397253673804e-02  -5.885931350908e+01   1.272165263842e+00
 -1.414724730152e-01    4.241977373818e-02  -5.785483794327e+01   2.519861126733e+00
 -2.507509909246e-01    1.954902453622e-03  -5.801858008806e+01   2.519861126733e+00
 -2.726624721618e-01    7.392079777581e-02  -5.885511598846e+01   2.519861126733e+00
 -4.748436576900e-01    1.520168550622e-01  -6.268968037882e+01   4.142678457501e+00
 -5.532288497473e-01    1.549104331483e-01  -6.657706121672e+01   4.142678457501e+00
 -4.057146059333e-01    1.412581640115e-01  -6.526096635412e+01   4.142678457501e+00
 -3.297549507419e-01    1.251617224228e-01  -6.137831933683e+01   2.917122670755e+00
 -4.090603499337e-01    9.812351898466e-02  -6.013732648133e+01   2.917122670755e+00
 -4.758653265049e-01    1.518351599540e-01  -6.274820131332e+01   2.917122670755e+00
 -5.265624230666e-01    1.052228599107e-01  -6.106875294457e+01   1.212480487208e+00
 -4.744753765829e-01    1.512563819842e-01  -6.272004952173e+01   1.212480487208e+00
 -4.110810725342e-01    9.862320430871e-02  -6.020472564044e+01   1.212480487208e+00
 -4.764094404748e-01    1.519122132139e-01  -6.275348461398e+01   1.669524496311e+00
 -5.314258339345e-01    1.355535077798e-01  -6.382993776483e+01   1.669524496311e+00
 -5.515043291133e-01    1.546208439141e-01  -6.654395055631e+01   1.669524496311e+00
 -5.263667045988e-01    1.057138897450e-01  -6.106021789092e+01  -1.456480464751e-01
 -4.111901297656e-01    9.784590109188e-02  -6.020622065091e+01  -1.456480464751e-01
 -4.915990305052e-01    4.928351987637e-02  -5.975818982945e+01  -1.456480464751e-01
 -3.286071431914e-01    1.251091596365e-01  -6.135612225064e+01   3.882116710343e+00
 -2.730723032632e-01    7.420950859894e-02  -5.887203611015e+01   3.882116710343e+00
 -4.099203029607e-01    9.806069156241e-02  -6.015727616230e+01   3.882116710343e+00
 -3.798148236479e-01    3.127635833715e-02  -5.892301570183e+01  -3.112594290012e+00
 -5.121454421269e-01    4.262178227766e-02  -5.876129956983e+01  -3.112594290012e+00
 -3.756235486254e-01    1.396769303741e-02  -5.658840354984e+01  -3.112594290012e+00
 -6.771827364391e-01   -6.313966844693e-03  -4.947221716222e+01   4.090222329792e+00
 -3.863528768675e-03   -9.704506760213e-04  -5.102387393851e+01   4.090222329792e+00
 -6.571630264566e-03    7.591635968420e-04  -4.547883967723e+01   4.090222329792e+00
 -5.248163631523e-01    1.038782306209e-01  -6.103609862292e+01  -2.089877169572e+00
 -5.670788692166e-01    3.404804927321e-02  -5.860357703437e+01  -2.089877169572e+00
 -5.127527238512e-01    4.300707241459e-02  -5.877729375599e+01  -2.089877169572e+00
 -5.237936126110e-01    1.042546904920e-01  -6.101927146583e+01   3.355890042664e-02
 -4.938268814118e-01    5.040185164641e-02  -5.980439228388e+01   3.355890042664e-02
 -5.679265310391e-01    3.437816871591e-02  -5.862049605809e+01   3.355890042664e-02
 -5.687381902238e-01    3.387271623301e-02  -5.862903607941e+01   1.042957965069e-02
 -5.708484887668e-01    5.298259600919e-03  -5.837338626987e+01   1.042957965069e-02
 -6.157339343028e-01   -5.371702022423e-03  -5.666599855923e+01   1.042957965069e-02
 -5.312776190343e-01    1.356852207417e-01  -6.382601327050e+01   3.095995907142e-01
 -4.762956241403e-01    1.514690307416e-01  -6.275081371043e+01   3.095995907142e-01
 -5.246495375600e-01    1.047808661561e-01  -6.102261869142e+01   3.095995907142e-01
 -5.643176096148e-01    4.389846809804e-03  -5.469380661464e+01  -8.898994335085e-01
 -5.686256253190e-01    3.356250301652e-02  -5.863991540229e+01  -8.898994335085e-01
 -6.165029670758e-01   -5.077694130220e-03  -5.666334085066e+01  -8.898994335085e-01
 -5.688964138287e-01    3.542950141607e-02  -5.862099129053e+01  -4.508906359069e-01
 -4.933823192743e-01    4.897096168470e-02  -5.980541802827e+01  -4.508906359069e-01
 -5.709020276951e-01    4.126917599034e-03  -5.837552208069e+01  -4.508906359069e-01
 -4.092352487066e-01    9.728311107732e-02  -6.016826604628e+01   7.422080661334e-01
 -3.752572947325e-01    3.920616735452e-03  -5.915100770944e+01   7.422080661334e-01
 -4.927897107207e-01    4.951799410348e-02  -5.979700991641e+01   7.422080661334e-01
 -4.796510144606e-01    8.966415720766e-02  -6.220764492777e+01  -1.761519432560e+00
 -5.268620799146e-01    1.045238791202e-01  -6.105842170240e+01  -1.761519432560e+00
 -5.111929289882e-01    4.299257052037e-02  -5.875253946046e+01  -1.761519432560e+00
 -5.314472803941e-01    1.351394921448e-01  -6.382937436033e+01  -2.225391757434e+00
 -4.799429718527e-01    8.891345139801e-02  -6.222539885053e+01  -2.225391757434e+00
 -4.734516865142e-01    9.337609359319e-02  -6.448972023438e+01  -2.225391757434e+00
 -5.303440893602e-01    1.350306404054e-01  -6.381886578935e+01  -2.031529281439e+00
 -5.257010119615e-01    1.050816042143e-01  -6.103792259318e+01  -2.031529281439e+00
 -4.808917729330e-01    8.921701072829e-02  -6.223914058141e+01  -2.031529281439e+00
 -5.193691230756e-01    1.043026078944e-01  -6.743303145501e+01  -4.797082361924e+00
 -4.735752523906e-01    9.331277880891e-02  -6.449097308136e+01  -4.797082361924e+00
 -3.389588900692e-01    5.024455644410e-02  -6.611629383209e+01  -4.797082361924e+00
 -4.735095096862e-01    9.322367823515e-02  -6.449655246141e+01  -1.727742519098e+00
 -5.194810187760e-01    1.047445443673e-01  -6.743113458510e+01  -1.727742519098e+00
 -5.314358222910e-01    1.355428888574e-01  -6.381931516266e+01  -1.727742519098e+00
 -2.864129882756e-01    3.913340165562e-02  -6.254509269323e+01  -4.659968565498e+00
 -3.383264195635e-01    5.040416997699e-02  -6.609856447514e+01  -4.659968565498e+00
 -4.742242150481e-01    9.312281992954e-02  -6.450473882275e+01  -4.659968565498e+00
 -5.204403384171e-01    1.042877475121e-01  -6.743431359844e+01  -4.502779877130e+00
 -3.377561436586e-01    5.031946720160e-02  -6.610250152640e+01  -4.502779877130e+00
 -3.930992275265e-01    4.670764814571e-02  -7.129998624875e+01  -4.502779877130e+00
 -4.730141168506e-01    9.307135198796e-02  -6.449508885455e+01  -4.619991131733e+00
 -4.808317249789e-01    8.885333452197e-02  -6.223138304359e+01  -4.619991131733e+00
 -2.877834688319e-01    3.926684724533e-02  -6.256155505263e+01  -4.619991131733e+00
 -5.300527118512e-01    1.356521406418e-01  -6.379135773917e+01  -8.778390633628e-01
 -5.211613377243e-01    1.047361806226e-01  -6.745732323141e+01  -8.778390633628e-01
 -5.534996777546e-01    1.543187487443e-01  -6.657763738932e+01  -8.778390633628e-01
 -3.807020474367e-01    3.071595434071e-02  -5.894193357685e+01  -3.556652769950e+00
 -4.791893015373e-01    8.876833597169e-02  -6.221118783239e+01  -3.556652769950e+00
 -5.113768207144e-01    4.352839858377e-02  -5.875274782811e+01  -3.556652769950e+00
 -3.592629892368e-01    5.209504039636e-03  -5.457449225729e+01  -5.239374832304e+00
 -1.558370134911e-03   -2.604697752836e-04  -5.436323020016e+01  -5.239374832304e+00
 -3.757597280748e-01    1.393781498704e-02  -5.660097539908e+01  -5.239374832304e+00
 -3.591103647638e-01    5.204827503500e-03  -5.455391012142e+01  -2.897695294980e+00
 -5.632443151530e-01    4.202094637983e-03  -5.466446896335e+01  -2.897695294980e+00
 -4.952264714708e-01    6.635024521677e-03  -5.123567232465e+01  -2.897695294980e+00
 -1.513867344021e-03    2.718962801866e-04  -5.893016489694e+01  -5.381354046253e+00
 -3.773354676064e-01    1.415993672598e-02  -5.658920580203e+01  -5.381354046253e+00
 -3.371058676419e-04   -2.664470069899e-04  -5.435460389978e+01  -5.381354046253e+00
 -4.814096947847e-01   -4.604027513924e-03  -2.731834608867e-03  -1.578460270744e+00
 -5.707946538812e-01   -5.463085354379e-03  -3.867087607616e+00  -1.578460270744e+00
 -6.445892926012e-01   -1.473459145811e-03  -4.023978903925e-02  -1.578460270744e+00
  6.502772737919e-04    7.699313324099e-04  -9.998276479016e+01  -6.392932100537e+00
 -2.555905179702e-01   -4.438710889031e-02  -9.910220603293e+01  -6.392932100537e+00
 -1.030922769167e-03   -4.316915180549e-04  -9.869830774496e+01  -6.392932100537e+00
 -5.683541444265e-01    7.563486067687e-03  -4.563468288023e+01   4.339517657893e+00
 -6.719844333560e-01   -5.761938515559e-03  -4.945895335611e+01   4.339517657893e+00
 -9.839898059261e-03    8.713415387786e-04  -4.547938621813e+01   4.339517657893e+00
 -3.795821624389e-01    3.112942342965e-02  -5.891632157355e+01  -4.538889620298e+00
 -2.872752993498e-01    3.971067114652e-02  -6.254504960766e+01  -4.538889620298e+00
 -4.809164599314e-01    8.839503938990e-02  -6.222875577719e+01  -4.538889620298e+00
 -6.686812826828e-01   -1.186399286354e-03  -2.084394956881e+01  -8.736010118969e-02
 -6.161362238607e-01    2.760316627907e-03  -1.748012106193e+01  -8.736010118969e-02
 -5.899265184175e-01   -3.110753645856e-03  -1.678812799228e+01  -8.736010118969e-02
  4.215188919035e-04   -1.580344209184e-04  -6.251734286126e+01  -8.494852347589e+00
 -2.359846895196e-03    5.077592765863e-05  -6.951137988831e+01  -8.494852347589e+00
 -3.407319991463e-01    4.991174230798e-02  -6.611000306748e+01  -8.494852347589e+00
 -6.392130248073e-01    3.211810042611e-03  -4.631136605553e+01  -4.541644604488e+00
 -1.118043542044e-02    8.761628204386e-04  -5.072382253753e+01  -4.541644604488e+00
 -4.909107771646e-01    6.803823206384e-03  -5.120464236837e+01  -4.541644604488e+00
 -5.541007932459e-01    1.544508571635e-01  -6.658997805512e+01   3.995158581402e-01
 -5.204799076925e-01    1.046702002177e-01  -6.744821086146e+01   3.995158581402e-01
 -6.065855883182e-01    1.162389425289e-01  -7.106399636032e+01   3.995158581402e-01
 -5.714590271974e-01    4.992798310162e-03  -5.839675096350e+01   1.918267544849e-01
 -4.923162360835e-01    4.812797050853e-02  -5.979049142339e+01   1.918267544849e-01
 -4.831975175365e-01   -3.871476113213e-02  -5.980253261258e+01   1.918267544849e-01
 -2.740376208847e-03    7.024875546915e-04  -6.954731340892e+01  -8.913984924769e+00
 -4.307638450936e-01    2.031421684485e-02  -7.795239759335e+01  -8.913984924769e+00
 -3.928099629580e-01    4.605186348839e-02  -7.131278480774e+01  -8.913984924769e+00
 -6.650465059597e-01   -6.289815123042e-03  -4.937427686749e+01  -1.170623701961e+00
 -5.024371765191e-01    6.636647502191e-03  -5.122247166210e+01  -1.170623701961e+00
 -6.239788938483e-01   -1.527258990208e-03  -5.460884209737e+01  -1.170623701961e+00
 -5.769244136723e-01   -5.529445435699e-02  -7.628971462227e+01   3.530149034972e+00
 -5.723144326330e-01    1.921725276302e-03  -8.197311679957e+01   3.530149034972e+00
 -3.395042088407e-01   -1.682436301411e-02  -7.803145610673e+01   3.530149034972e+00
 -6.050297661544e-03   -2.629441068074e-04  -3.545741813971e+00  -4.328881452822e+00
 -5.723612926922e-01   -5.426412009495e-03  -3.840898983426e+00  -4.328881452822e+00
 -4.812179345209e-01   -4.675888460974e-03   1.615456265070e-02  -4.328881452822e+00
 -6.224133320310e-01   -1.587897928119e-03  -5.459285299611e+01  -8.066551834521e-01
 -5.644920755945e-01    4.555816274578e-03  -5.468702783849e+01  -8.066551834521e-01
 -6.160126268445e-01   -4.987239455256e-03  -5.666058611067e+01  -8.066551834521e-01
 -7.424712485740e-01   -5.791909527571e-03  -1.338863963511e+01  -3.300389093104e+00
 -6.115199270360e-01   -9.408309666619e-03  -8.014781106293e+00  -3.300389093104e+00
 -2.390439373588e-02    4.634145150005e-04  -1.236404354351e+01  -3.300389093104e+00
 -6.258043233784e-01   -1.482500199610e-03  -5.461458014517e+01  -9.317800192298e-01
 -4.996149242672e-01    6.587967034722e-03  -5.123232127828e+01  -9.317800192298e-01
 -5.609852983887e-01    4.301017861642e-03  -5.468627815220e+01  -9.317800192298e-01
 -4.954666128214e-01    6.443694739028e-03  -5.115158763961e+01  -9.856982785503e-01
 -6.695661224822e-01   -5.618706643778e-03  -4.936298138265e+01  -9.856982785503e-01
 -6.344190909740e-01    3.299068855666e-03  -4.628291291404e+01  -9.856982785503e-01
 -6.153871221398e-01   -5.138232070266e-03  -5.666017537923e+01   1.845254011642e+00
 -5.450759660554e-01   -2.831275300724e-02  -5.847366063721e+01   1.845254011642e+00
 -4.726958066769e-01   -3.640926360600e-02  -5.881963152770e+01   1.845254011642e+00
 -5.309530635023e-01   -1.029126472031e-02  -5.442567239177e+01   1.334327924476e+00
 -6.231944599293e-01   -1.343794788723e-03  -5.459290582736e+01   1.334327924476e+00
 -6.148152796885e-01   -5.404875169124e-03  -5.667638535191e+01   1.334327924476e+00
 -4.720697541045e-01   -3.589462855406e-02  -5.882849274726e+01   2.888463807307e+00
 -3.287743181753e-01   -1.257004672478e-02  -5.675803245525e+01   2.888463807307e+00
 -6.167622912766e-01   -5.712595466267e-03  -5.666395215908e+01   2.888463807307e+00
 -6.263137201875e-04    3.927244535648e-04  -5.637196396685e+01   5.541461432270e+00
 -3.327856394632e-01   -2.325009054834e-02  -5.875528596076e+01   5.541461432270e+00
 -7.727088733016e-04   -1.329818413240e-04  -5.890102637784e+01   5.541461432270e+00
 -3.311606236337e-01   -2.317551496769e-02  -5.874928826268e+01   5.567077769844e+00
 -1.789893695702e-03    4.828510292987e-04  -5.638277979818e+01   5.567077769844e+00
 -3.250707472786e-01   -1.211090232845e-02  -5.673153911431e+01   5.567077769844e+00
 -5.629597778618e-01    3.750370178820e-03  -5.468505969200e+01  -1.524137454642e+00
 -5.105112145687e-01    4.220380001937e-02  -5.874281392240e+01  -1.524137454642e+00
 -5.692872228196e-01    3.410626664936e-02  -5.864173885557e+01  -1.524137454642e+00
 -3.588589159791e-01    5.145974633341e-03  -5.456729648598e+01  -3.065795315625e+00
 -3.756746981440e-01    1.415894253221e-02  -5.661520302809e+01  -3.065795315625e+00
 -5.641178067632e-01    4.194561199419e-03  -5.467699908583e+01  -3.065795315625e+00
 -5.707010079444e-01   -4.787568408385e-03  -3.881593080613e+00  -5.017765440789e-01
 -6.144461632500e-01   -9.930273074485e-03  -8.237121594837e+00  -5.017765440789e-01
 -6.469388985162e-01   -8.245801924895e-03  -5.102290986773e+00  -5.017765440789e-01
 -9.393457620028e-03   -4.469647446502e-04  -4.082576775855e+01  -4.291425391510e+00
 -6.565529885618e-01    1.193818733795e-02  -3.701585695432e+01  -4.291425391510e+00
 -4.552943064571e-04   -3.760654919899e-04  -3.629116512934e+01  -4.291425391510e+00
 -1.778733551451e-02    2.888943056414e-04  -4.126114013160e+01   3.474525787734e+00
 -7.427559673038e-01    8.346534587678e-03  -4.151543338973e+01   3.474525787734e+00
 -5.696304191940e-01    7.124589155208e-03  -4.578099607224e+01   3.474525787734e+00
 -7.368012776640e-01    8.495702411863e-03  -4.153164684724e+01  -3.429233994904e+00
 -1.886353644831e-02   -3.589608910023e-04  -4.110074629689e+01  -3.429233994904e+00
 -6.374342468048e-01    2.749484101486e-03  -4.651486183945e+01  -3.429233994904e+00
 -5.856247249232e-01   -1.470205606232e-04  -2.376301301502e+01   8.991037349366e-01
 -6.812747087465e-01   -2.025406325990e-03  -2.620104562507e+01   8.991037349366e-01
 -5.839201785876e-01   -6.793198948597e-03  -2.869375509431e+01   8.991037349366e-01
 -5.903831242468e-01   -3.268511021675e-03  -1.679806816757e+01  -4.291009576525e+00
  1.951900088328e-04    7.073575572098e-05  -1.676026207924e+01  -4.291009576525e+00
 -7.126135671126e-03   -2.807337826846e-04  -2.103304204720e+01  -4.291009576525e+00
 -5.205237795040e-01    8.871355381485e-03  -3.322577125571e+01   1.164714557713e+00
 -6.799288880543e-01    8.920029453691e-03  -3.161787315247e+01   1.164714557713e+00
 -6.562512825417e-01    1.455084488208e-02  -3.722777331795e+01   1.164714557713e+00
 -6.757349626137e-01   -1.652051915410e-03  -2.594736964420e+01  -3.330672060412e+00
 -2.211414380624e-02    1.052502178281e-03  -3.151775283605e+01  -3.330672060412e+00
 -6.859270947512e-01    8.456181319842e-03  -3.159418012204e+01  -3.330672060412e+00
 -5.814850832907e-01   -1.248636187602e-04  -2.370772426013e+01   9.262132731561e-01
 -6.076605260672e-01    2.495799438669e-03  -1.745991169258e+01   9.262132731561e-01
 -6.746041720449e-01   -7.515072241375e-04  -2.082925967941e+01   9.262132731561e-01
 -6.874284467223e-01    9.493156699369e-03  -3.171628932934e+01  -3.241349978809e+00
 -2.004715966262e-02    1.360171987923e-04  -3.173476236483e+01  -3.241349978809e+00
 -6.502496339604e-01    1.312841148218e-02  -3.732873026237e+01  -3.241349978809e+00
 -6.532212491095e-01   -7.329588677790e-03  -5.102686045932e+00   4.225376978282e+00
 -6.621180486596e-03   -4.869331103606e-04  -8.465958654627e+00   4.225376978282e+00
 -4.151618528351e-03    6.613238703382e-04  -3.233783889303e+00   4.225376978282e+00
 -7.710132778632e-03    5.835160734473e-04  -7.810496153465e+00  -4.142041559825e+00
 -6.143077071947e-01   -8.874794744043e-03  -8.196057057212e+00  -4.142041559825e+00
 -5.716260325613e-01   -5.140443379988e-03  -3.851882896936e+00  -4.142041559825e+00
 -3.663202371857e-03    3.026229837861e-04  -7.814752899382e+00  -4.375144829563e+00
 -5.758744923978e-01   -5.267312054573e-03  -3.843234917719e+00  -4.375144829563e+00
 -2.975646160299e-03   -3.006812990472e-04  -3.574295404080e+00  -4.375144829563e+00
 -6.408398475845e-01   -1.293188985122e-03  -4.128306383206e-02  -5.624828731490e-01
 -5.746232112352e-01   -5.561175551520e-03  -3.848498992010e+00  -5.624828731490e-01
 -6.425704643854e-01   -7.103325750873e-03  -5.096293038769e+00  -5.624828731490e-01
  4.088765149569e-04   -1.443294101499e-04  -1.664421065532e+01  -4.289208960097e+00
 -5.894539825082e-01   -3.144138144425e-03  -1.700207240942e+01  -4.289208960097e+00
 -1.012367982609e-02   -3.154827979990e-05  -1.263783551039e+01  -4.289208960097e+00
 -6.195952275745e-01   -1.056408312417e-02  -8.238281844067e+00   4.271853679771e-01
 -7.290740877555e-01   -5.571502861691e-03  -1.346736256800e+01   4.271853679771e-01
 -5.646058162830e-01   -1.487716853517e-02  -9.774957220423e+00   4.271853679771e-01
 -6.188136562646e-01   -8.667147973933e-03  -8.112052922190e+00  -4.187595758643e+00
 -2.377301506630e-03    5.072105316569e-04  -7.884528415110e+00  -4.187595758643e+00
 -1.046503089765e-02    3.071041644819e-04  -1.234799965174e+01  -4.187595758643e+00
 -6.217398149124e-01   -1.064335557346e-02  -8.227248588910e+00   4.040848484085e-01
 -5.638264649679e-01   -1.492820595430e-02  -9.655510514180e+00   4.040848484085e-01
 -6.421228469964e-01   -8.308471114641e-03  -5.041429255892e+00   4.040848484085e-01
 -2.087447482629e-03   -2.712838852370e-04  -8.449992698446e+00   4.663214575727e+00
 -5.639409734928e-01   -1.374497190925e-02  -9.600011110684e+00   4.663214575727e+00
 -4.626052405635e-03    4.720076663487e-04  -1.289265379027e+01   4.663214575727e+00
 -1.402656036134e-02    8.699122938400e-04  -1.292107575176e+01   3.897541583919e+00
 -5.587905538857e-01   -1.390519196134e-02  -9.569187506799e+00   3.897541583919e+00
 -7.339658655320e-01   -5.058489594713e-03  -1.340358388914e+01   3.897541583919e+00
 -6.456201588190e-01    3.099846592902e-03  -4.634912321369e+01  -4.453819209521e+00
 -1.278458523216e-03   -4.317436292310e-04  -4.590825004905e+01  -4.453819209521e+00
 -6.175645521478e-03    5.284089071230e-04  -5.069626630375e+01  -4.453819209521e+00
 -5.743668382821e-01    6.889829286821e-03  -4.567438169790e+01   4.898599663468e-01
 -6.410932787518e-01    3.075968387666e-03  -4.632112294223e+01   4.898599663468e-01
 -6.636984664114e-01   -5.387138539128e-03  -4.946125614705e+01   4.898599663468e-01
 -2.339450210252e-03   -1.096964069007e-04  -3.602844505399e+01   4.501051739181e+00
 -5.783729846071e-01    1.372398173526e-02  -3.739917998849e+01   4.501051739181e+00
 -6.365571087810e-03   -9.894693419624e-05  -4.111697159542e+01   4.501051739181e+00
 -6.398095222426e-01    2.812178529565e-03  -4.631815343739e+01   6.679097499395e-01
 -5.766616581484e-01    6.852264816267e-03  -4.557839305230e+01   6.679097499395e-01
 -7.318136120388e-01    8.306644572622e-03  -4.148461576009e+01   6.679097499395e-01
 -5.745500815040e-01    7.689853241701e-03  -4.570495187868e+01   4.363885837606e+00
 -1.863140623049e-03    5.061216463344e-04  -4.547584420376e+01   4.363885837606e+00
 -7.237184105990e-03    1.663916752994e-04  -4.129784215288e+01   4.363885837606e+00
 -6.113354876617e-03    1.876588128010e-04  -1.308770983142e+01   4.672808257194e+00
 -6.171959150342e-01    2.735286839824e-03  -1.749453716192e+01   4.672808257194e+00
 -6.938736651180e-04   -1.760510987251e-05  -1.825363400072e+01   4.672808257194e+00
 -9.806888864655e-04   -2.130743009087e-04  -4.584614466351e+01  -4.446732413432e+00
 -6.446614634310e-01    2.639934606516e-03  -4.645009092425e+01  -4.446732413432e+00
 -8.627382591932e-03   -2.333863078071e-04  -4.111675151259e+01  -4.446732413432e+00
 -5.914231707642e-01   -2.983827475015e-03  -1.685340173703e+01  -3.796846278284e-01
 -6.139262837409e-01    2.843524722918e-03  -1.733646359549e+01  -3.796846278284e-01
 -7.293952307476e-01   -4.722164788449e-03  -1.336272507793e+01  -3.796846278284e-01
 -2.209533041012e-02   -6.215109199656e-06  -1.258972576833e+01  -3.017789774200e+00
 -5.826498475291e-01   -2.917476271589e-03  -1.712825085115e+01  -3.017789774200e+00
 -7.437540059496e-01   -5.256684662550e-03  -1.342971512342e+01  -3.017789774200e+00
 -5.851094800914e-01   -3.153400312356e-03  -1.668069209528e+01  -3.350109830728e+00
 -1.622762808544e-02   -6.798137022005e-04  -2.106839857747e+01  -3.350109830728e+00
 -6.744527951344e-01   -1.587197250605e-03  -2.077777230589e+01  -3.350109830728e+00
 -5.860144956737e-01   -4.749148455805e-04  -2.376348932708e+01   4.606495504459e+00
 -5.843824763599e-01   -6.308243225248e-03  -2.868705530162e+01   4.606495504459e+00
 -8.846058217839e-03    4.797380727493e-05  -2.732079646932e+01   4.606495504459e+00
 -6.846487353325e-01   -1.664138439108e-03  -2.626465436608e+01  -4.027957689088e+00
 -9.713170296649e-03   -4.643078533937e-04  -2.128441443313e+01  -4.027957689088e+00
 -1.468195610557e-03    2.021284204269e-04  -2.636932834157e+01  -4.027957689088e+00
 -1.161651801559e-03    9.288747424790e-05  -1.827597408428e+01   4.668940323377e+00
 -6.153905173543e-01    2.459034618823e-03  -1.746719897185e+01   4.668940323377e+00
 -5.327565726379e-03   -2.070946190581e-04  -2.263069193392e+01   4.668940323377e+00
 -5.756569195123e-01    1.460028675187e-02  -3.760819621658e+01   8.579293947792e-01
 -6.526515584558e-01    1.381499548583e-02  -3.714118888932e+01   8.579293947792e-01
 -7.296456901333e-01    8.504895812190e-03  -4.146297218697e+01   8.579293947792e-01
 -1.865979729743e-02    4.214971495888e-06  -4.111283777456e+01   3.664956021917e+00
 -5.703490350382e-01    1.378005810779e-02  -3.734368445143e+01   3.664956021917e+00
 -7.415562203917e-01    8.650018879948e-03  -4.146925533543e+01   3.664956021917e+00
 -5.706364898910e-03   -3.775777605325e-04  -3.596639534250e+01   4.567614444613e+00
 -5.110273058663e-01    7.875427375986e-03  -3.334226116312e+01   4.567614444613e+00
 -5.750989993695e-01    1.419744890199e-02  -3.745064078344e+01   4.567614444613e+00
 -5.129463429964e-01    6.794067452046e-03  -3.339020848405e+01   4.982768187170e+00
 -1.625835345096e-03    1.196282100256e-05  -3.595668737865e+01   4.982768187170e+00
 -2.054158796048e-03   -4.565213284977e-04  -3.221344689361e+01   4.982768187170e+00
 -3.156606649527e-03    2.328380759717e-04  -2.730413165922e+01   4.662546081419e+00
 -5.896952510475e-01   -6.448055365624e-03  -2.869780232907e+01   4.662546081419e+00
 -3.555358672684e-03   -2.029972390288e-04  -3.220595335380e+01   4.662546081419e+00
 -5.873529214622e-01   -7.317770574778e-03  -2.877933952052e+01   8.186231509393e-01
 -6.763101972029e-01   -2.046223626704e-03  -2.607548879550e+01   8.186231509393e-01
 -6.813093710975e-01    8.027582539782e-03  -3.157747515307e+01   8.186231509393e-01
 -1.086260797660e-02    6.751409698550e-04  -3.147494715606e+01  -4.030896345770e+00
 -6.844714200030e-01   -1.242115398177e-03  -2.606528787164e+01  -4.030896345770e+00
 -1.234947241364e-03   -5.120726351069e-06  -2.648611326844e+01  -4.030896345770e+00
 -2.295913835770e-04   -6.947005033372e-04  -3.618348190218e+01  -4.295076651344e+00
 -6.567539405625e-01    1.224881201535e-02  -3.719783879250e+01  -4.295076651344e+00
 -9.169388848223e-03    1.275549906086e-05  -3.175898220372e+01  -4.295076651344e+00
 -5.837939805830e-01   -6.794644870396e-03  -2.872755088891e+01   4.658286600753e+00
 -5.072641953127e-01    6.758938944974e-03  -3.339829231248e+01   4.658286600753e+00
 -8.316887842971e-03   -5.936037704869e-04  -3.221768781993e+01   4.658286600753e+00
 -5.813613791768e-01   -7.335548277843e-03  -2.875177045008e+01   1.494616890103e+00
 -6.858257639832e-01    8.568081995544e-03  -3.156100896939e+01   1.494616890103e+00
 -5.094285527109e-01    7.639630051488e-03  -3.333981278364e+01   1.494616890103e+00
 -5.899023268510e-01   -5.906690145197e-04  -2.375500976383e+01   4.604729495536e+00
 -4.002693408487e-03   -4.903826077041e-05  -2.732788383644e+01   4.604729495536e+00
 -3.134562608254e-03   -1.210901166930e-04  -2.261436011116e+01   4.604729495536e+00
 -6.093978766158e-01    2.458139231593e-03  -1.745826703547e+01   4.505460329037e+00
 -5.812408663597e-01   -3.249496473050e-04  -2.372014849627e+01   4.505460329037e+00
 -1.076696887941e-02   -3.053977871808e-04  -2.262961462436e+01   4.505460329037e+00
 -6.759260939580e-01   -1.835647139812e-03  -2.630876048999e+01   8.091713306048e-01
 -5.896434464244e-01    1.066942867181e-04  -2.370109617431e+01   8.091713306048e-01
 -6.688125378232e-01   -9.100255795497e-04  -2.085281074054e+01   8.091713306048e-01
