
 -4.715207654170e-04    5.742869863478e-04  -5.739966451848e+01   3.308083722951e+00
 -1.495452830087e-01    5.267095114555e-04  -5.784157576981e+01   3.308083722951e+00
  8.188499679313e-05   -2.365705901256e-04  -5.756157901201e+01   3.308083722951e+00
 -1.814065491442e-01    2.535229889478e-02  -5.300143537082e+01   6.030495826555e+00
  1.323528226986e-04    9.678258995877e-06  -5.525152714495e+01   6.030495826555e+00
 -5.045231506269e-04   -1.350022335425e-05  -5.291674946540e+01   6.030495826555e+00
 -1.494196353222e-01   -3.237312129178e-04  -5.784492629839e+01   3.488844865546e+00
 -2.439911736295e-01    5.208880221381e-02  -5.776407028788e+01   3.488844865546e+00
 -2.612762310680e-01    6.971779636066e-04  -5.864685851092e+01   3.488844865546e+00
 -2.449658106402e-01    5.162471808160e-02  -5.774915576250e+01   3.299520080988e+00
 -1.486166972363e-01    1.397996176382e-04  -5.786810149695e+01   3.299520080988e+00
 -1.142335977504e-01    2.060351231690e-02  -5.725098109635e+01   3.299520080988e+00
 -3.036037128836e-01    6.450664356986e-02  -5.911209085375e+01   2.322853413186e+00
 -2.613861638976e-01    6.916836642672e-04  -5.867623274497e+01   2.322853413186e+00
 -2.441249735234e-01    5.250878891958e-02  -5.774666925060e+01   2.322853413186e+00
 -3.786759961171e-01   -3.886539974638e-03  -2.863327249017e+00   2.512138547982e+00
 -5.051490967511e-03    3.148569043749e-04  -1.796761098677e+00   2.512138547982e+00
 -2.767379186130e-01    3.892287248295e-03   1.525263883545e-02   2.512138547982e+00
 -1.145131667083e-01    2.028497892822e-02  -5.724688491295e+01   3.167438572167e+00
 -2.343855596435e-01    5.659200609285e-02  -5.662735612751e+01   3.167438572167e+00
 -2.449473817470e-01    5.194004239730e-02  -5.774277098263e+01   3.167438572167e+00
 -3.620658942838e-01   -3.388732577835e-03  -3.202974692493e+01   1.440319931589e+00
 -1.918694096255e-01   -7.463679020482e-03  -3.207526247634e+01   1.440319931589e+00
 -3.100426828987e-01   -5.896135896703e-03  -3.076086396847e+01   1.440319931589e+00
 -1.414898630287e-01    2.758111034354e-02  -5.573484998182e+01   3.032171067162e+00
 -1.815490885612e-01    2.547720760670e-02  -5.299941192061e+01   3.032171067162e+00
 -2.653577387123e-01    6.277200065552e-02  -5.506245955367e+01   3.032171067162e+00
 -5.112768595717e-04   -1.140305170108e-04  -5.676555523286e+01   4.343097000552e+00
 -1.410358626378e-01    2.743950293916e-02  -5.574428354633e+01   4.343097000552e+00
 -1.141350637371e-01    2.043949488192e-02  -5.726174387148e+01   4.343097000552e+00
 -2.347206437282e-01    5.663259876387e-02  -5.662239908578e+01   1.535795724700e+00
 -2.648983388434e-01    6.311143629760e-02  -5.506482523274e+01   1.535795724700e+00
 -2.879886408534e-01    8.521835806158e-02  -5.724313095234e+01   1.535795724700e+00
 -2.648542199724e-01    6.281830910232e-02  -5.506592982337e+01   3.239327096409e+00
 -2.347080267273e-01    5.668756287263e-02  -5.662451178460e+01   3.239327096409e+00
 -1.420334995003e-01    2.753939794993e-02  -5.572612374161e+01   3.239327096409e+00
 -3.067126048667e-01    9.511156400198e-02  -5.568803546647e+01   9.606610254819e-01
 -2.871909543514e-01    8.527435043205e-02  -5.726091776869e+01   9.606610254819e-01
 -2.659092426565e-01    6.310327267498e-02  -5.504841139099e+01   9.606610254819e-01
 -2.346678675365e-01    5.670827332093e-02  -5.662344611934e+01   1.962148110491e+00
 -2.880295706113e-01    8.503985830871e-02  -5.724313611238e+01   1.962148110491e+00
 -2.444624274924e-01    5.207626919138e-02  -5.775328398466e+01   1.962148110491e+00
 -3.070307924867e-01    9.518699800596e-02  -5.567844592321e+01   2.114067314514e-01
 -2.655856504167e-01    6.304639110975e-02  -5.505684137760e+01   2.114067314514e-01
 -3.293597073104e-01    7.024159719406e-02  -5.300575962130e+01   2.114067314514e-01
 -1.414711630945e-01    2.766433287761e-02  -5.574031453459e+01   3.119507008173e+00
 -2.350537957048e-01    5.655742669061e-02  -5.661705572539e+01   3.119507008173e+00
 -1.138310505457e-01    2.029509551019e-02  -5.726452803933e+01   3.119507008173e+00
 -5.424017962008e-04    1.488633633238e-04  -4.594857992826e+01   6.601993690583e+00
 -2.909359853361e-04   -2.649751766670e-04  -3.932922731241e+01   6.601993690583e+00
 -1.987272861075e-01   -1.012734602111e-02  -4.438827271406e+01   6.601993690583e+00
 -3.028080027987e-01    6.465061371632e-02  -5.910845964893e+01   1.972647967395e+00
 -2.449656418847e-01    5.221032376121e-02  -5.774167853631e+01   1.972647967395e+00
 -2.874216363501e-01    8.506087475174e-02  -5.725067610782e+01   1.972647967395e+00
 -3.366011227924e-01    1.389875777682e-03  -6.009126831636e+01   1.303385336248e+00
 -3.018775843800e-01    6.404422460144e-02  -5.910663338703e+01   1.303385336248e+00
 -3.111121785063e-01    2.838866595489e-02  -6.045731060080e+01   1.303385336248e+00
 -3.357760949135e-01    3.876183686334e-04  -6.007507059654e+01   2.899596958254e+00
 -2.621338930457e-01    3.778967816230e-04  -5.866983743003e+01   2.899596958254e+00
 -3.026955003166e-01    6.453864743236e-02  -5.912092870347e+01   2.899596958254e+00
 -3.370130516215e-01    1.352847623956e-03  -6.010586271154e+01   1.359103902003e+00
 -3.108503127548e-01    2.808562608788e-02  -6.045531763945e+01   1.359103902003e+00
 -3.731550439604e-01   -4.605864462942e-04  -6.116269623947e+01   1.359103902003e+00
 -3.096723519172e-01    2.715547073951e-02  -6.045689865651e+01   7.035163836710e-01
 -3.035846869075e-01    6.497881212958e-02  -5.910253547811e+01   7.035163836710e-01
 -2.503028665694e-01    5.973924952721e-02  -5.975831486074e+01   7.035163836710e-01
 -2.389741801676e-01   -4.688167648040e-03  -6.043775406653e+01  -1.334758793509e-01
 -3.104372490757e-01    2.724299767931e-02  -6.043174857486e+01  -1.334758793509e-01
 -2.490647452294e-01    5.930254481633e-02  -5.977742269063e+01  -1.334758793509e-01
 -3.100845976112e-01    2.626948449322e-02  -6.044720206227e+01   4.387416944282e-01
 -3.148503239683e-01   -3.375188006426e-02  -6.041380846692e+01   4.387416944282e-01
 -3.735000649075e-01    1.196213094174e-03  -6.115983531913e+01   4.387416944282e-01
 -3.035804532599e-01    6.475207893738e-02  -5.909760869956e+01  -2.018089006968e-01
 -2.725850403073e-01    9.435778269710e-02  -5.808075232628e+01  -2.018089006968e-01
 -2.502958177199e-01    6.016670758305e-02  -5.976110745966e+01  -2.018089006968e-01
 -2.098919411327e-01    3.006534071789e-03  -3.083397699986e+01  -2.689722468419e+00
 -2.898607813564e-01    4.013556721228e-03  -2.896756517346e+01  -2.689722468419e+00
 -3.171012855666e-03    3.167194012503e-04  -2.866251098250e+01  -2.689722468419e+00
 -1.936383581776e-01    7.674348395370e-02  -5.887907341446e+01  -2.886905795537e+00
 -2.736494438564e-01    9.477986928203e-02  -5.808303120197e+01  -2.886905795537e+00
 -2.310377731551e-01    8.624771580731e-02  -5.650976877034e+01  -2.886905795537e+00
 -2.737859304182e-01    9.447317316831e-02  -5.806650842844e+01   4.317283157317e-01
 -3.022435512099e-01    6.450398732356e-02  -5.911916908728e+01   4.317283157317e-01
 -2.880137086741e-01    8.535381508246e-02  -5.724252537936e+01   4.317283157317e-01
 -8.577137854341e-02    2.401982060992e-02  -6.094891518460e+01  -3.115954461371e+00
 -1.663514987574e-01    4.373617893560e-02  -6.046286648649e+01  -3.115954461371e+00
 -1.006567114282e-01    4.476736083107e-02  -5.954464042487e+01  -3.115954461371e+00
 -1.662180269635e-01    4.354369038372e-02  -6.044462031648e+01  -2.082522157499e+00
 -2.494052746822e-01    5.970443540405e-02  -5.978327299854e+01  -2.082522157499e+00
 -1.928428098408e-01    7.669589772629e-02  -5.890886006627e+01  -2.082522157499e+00
 -1.932426090753e-01    7.663784262155e-02  -5.889238846374e+01  -3.485693984301e+00
 -1.011911046032e-01    4.485428404998e-02  -5.953616241821e+01  -3.485693984301e+00
 -1.658956284121e-01    4.370139397749e-02  -6.046915926169e+01  -3.485693984301e+00
 -1.662418787067e-01    4.342266755898e-02  -6.045135129907e+01  -4.525973956190e-01
 -2.384306563122e-01   -5.018377498461e-03  -6.045756904807e+01  -4.525973956190e-01
 -2.493052718486e-01    5.960587505280e-02  -5.977602933685e+01  -4.525973956190e-01
 -3.065665337028e-01    9.545512499916e-02  -5.568622829126e+01  -2.065295260662e+00
 -2.319628884611e-01    8.625014007479e-02  -5.649207888419e+01  -2.065295260662e+00
 -2.728535715644e-01    9.477170554840e-02  -5.810125714718e+01  -2.065295260662e+00
 -1.935411997987e-01    7.669408640675e-02  -5.889511675958e+01  -1.296014337108e+00
 -2.488886716641e-01    5.979614627564e-02  -5.979581002010e+01  -1.296014337108e+00
 -2.735588229195e-01    9.468872406416e-02  -5.806701270852e+01  -1.296014337108e+00
 -3.054743038108e-01    9.528582744823e-02  -5.570556741989e+01  -5.231889089288e-01
 -2.738577685101e-01    9.473144860698e-02  -5.806361429707e+01  -5.231889089288e-01
 -2.881141303469e-01    8.523412567546e-02  -5.724133774439e+01  -5.231889089288e-01
 -1.659613413421e-01    4.334689722396e-02  -6.045282962015e+01  -1.281733758402e+00
 -8.597357379107e-02    2.428718521124e-02  -6.096095638589e+01  -1.281733758402e+00
 -1.572978221527e-01   -3.719278871015e-03  -6.100668807356e+01  -1.281733758402e+00
 -3.311596707991e-01    7.000182799865e-02  -5.298085996599e+01   2.187353676843e+00
 -2.641441733976e-01    6.299305524540e-02  -5.508842625692e+01   2.187353676843e+00
 -1.837197006850e-01    2.538467273477e-02  -5.296835230582e+01   2.187353676843e+00
 -3.755800123688e-01   -3.977818444256e-03  -2.877490519382e+00   9.995412575885e-01
 -2.781018525896e-01    3.844763427785e-03  -4.124623070194e-03   9.995412575885e-01
 -3.771810302936e-01   -8.051137389827e-04  -3.655814092351e-02   9.995412575885e-01
 -3.369454672401e-01    3.668360714368e-02  -5.001446763104e+01   2.074506918713e+00
 -1.967652450381e-01    1.053971411985e-02  -4.896579672680e+01   2.074506918713e+00
 -3.351240739879e-01    2.144535177862e-03  -4.669704408748e+01   2.074506918713e+00
 -3.362129787534e-01    3.751411823822e-02  -5.003061298146e+01   1.585432990332e+00
 -3.315869302618e-01    6.973984755254e-02  -5.296985942485e+01   1.585432990332e+00
 -1.835068121249e-01    2.577928480374e-02  -5.297404695855e+01   1.585432990332e+00
 -3.066938424675e-01    9.557494440042e-02  -5.570933167893e+01  -3.225899861409e+00
 -2.684272407590e-01    7.206266834299e-02  -5.355299336554e+01  -3.225899861409e+00
 -2.319973633052e-01    8.617086064543e-02  -5.646995534307e+01  -3.225899861409e+00
 -2.693947179384e-01    7.203545524758e-02  -5.353300434341e+01  -2.324976142992e+00
 -3.058380425717e-01    9.549632541767e-02  -5.573039302175e+01  -2.324976142992e+00
 -3.306347416383e-01    7.029044526984e-02  -5.298009130911e+01  -2.324976142992e+00
 -2.951595777242e-01    4.123927477255e-02  -5.023963336964e+01  -3.151026749041e+00
 -2.693627665176e-01    7.177530054667e-02  -5.350519526277e+01  -3.151026749041e+00
 -3.308484460906e-01    7.059873150113e-02  -5.300828767574e+01  -3.151026749041e+00
 -1.423761162032e-01    4.369496778164e-02  -5.402940240946e+01  -6.820574745205e+00
 -2.316535626676e-01    8.619905312886e-02  -5.651466046209e+01  -6.820574745205e+00
 -2.688038487981e-01    7.194968331251e-02  -5.352093482726e+01  -6.820574745205e+00
 -3.300738356211e-01    7.058566746834e-02  -5.302998312418e+01  -2.094730763707e+00
 -3.376827538096e-01    3.692867133866e-02  -5.000095829568e+01  -2.094730763707e+00
 -2.959806195611e-01    4.109186972489e-02  -5.021919839931e+01  -2.094730763707e+00
 -3.373698553598e-01    3.720177606638e-02  -5.001591646479e+01   2.862044300149e+00
 -1.819983783268e-01    2.599965285975e-02  -5.300212580356e+01   2.862044300149e+00
 -1.960480175651e-01    1.011183710004e-02  -4.896771513546e+01   2.862044300149e+00
 -3.065874277357e-01    2.435726254222e-03  -4.673345109553e+01  -2.830020912903e+00
 -2.957333436219e-01    4.065730795287e-02  -5.018685322382e+01  -2.830020912903e+00
 -3.380959494398e-01    3.735432938815e-02  -5.003226495277e+01  -2.830020912903e+00
 -5.703415782153e-04    3.241493113717e-04  -4.667153958674e+01  -1.220919018038e+01
 -1.703768712654e-01    5.787316541296e-04  -4.671101517237e+01  -1.220919018038e+01
 -5.310779986468e-04   -7.441001166793e-04  -4.292787542602e+01  -1.220919018038e+01
 -2.964008484097e-01    4.087267027270e-02  -5.023070982614e+01  -7.683573545848e+00
 -1.697162786793e-01    1.139651293433e-03  -4.671639157778e+01  -7.683573545848e+00
 -1.596255570825e-01    2.641255589235e-02  -5.044683750686e+01  -7.683573545848e+00
 -1.705837160202e-01    1.102101135808e-03  -4.671408857715e+01  -7.717161685983e+00
 -2.956615921285e-01    4.076957877153e-02  -5.023496670492e+01  -7.717161685983e+00
 -3.059091390067e-01    1.969901742169e-03  -4.668705587030e+01  -7.717161685983e+00
 -1.596588787651e-01    2.612377307941e-02  -5.047394369879e+01  -1.313237766915e+01
 -1.694442272659e-01    1.694267369287e-03  -4.666908981187e+01  -1.313237766915e+01
 -1.230765333160e-03    7.485516686779e-04  -5.048028943648e+01  -1.313237766915e+01
 -2.956157508778e-01    4.100690913912e-02  -5.020186179729e+01  -7.527681534346e+00
 -1.602542193149e-01    2.639084918485e-02  -5.047921955768e+01  -7.527681534346e+00
 -2.689106335215e-01    7.178418309664e-02  -5.355386415037e+01  -7.527681534346e+00
 -2.951262830121e-01   -3.652341934679e-02  -4.316121310397e+01  -7.684651986294e+00
 -1.705285217180e-01    1.231538885143e-03  -4.666710367313e+01  -7.684651986294e+00
 -3.059274539973e-01    1.689313815978e-03  -4.669929422762e+01  -7.684651986294e+00
 -3.076243379529e-01    2.252840881833e-03  -4.671970650695e+01  -1.895558679510e+00
 -3.371716169706e-01    3.745066103829e-02  -5.005037604558e+01  -1.895558679510e+00
 -3.350088951833e-01    1.541870911622e-03  -4.667823769152e+01  -1.895558679510e+00
 -1.959484947058e-01    1.086123051154e-02  -4.897261404992e+01   2.987943035880e+00
 -1.977196545045e-01   -1.015859403026e-02  -4.438243046076e+01   2.987943035880e+00
 -3.359703220267e-01    1.770362572634e-03  -4.669093798291e+01   2.987943035880e+00
 -1.417034691865e-01    4.357366540395e-02  -5.400103763158e+01  -7.285283200284e+00
 -2.696260339534e-01    7.195562393847e-02  -5.354714059798e+01  -7.285283200284e+00
 -1.594092992187e-01    2.631666765971e-02  -5.048652152697e+01  -7.285283200284e+00
 -2.603202843093e-05    1.035082790356e-04  -5.953562254911e+01  -7.072857191487e+00
 -1.018282065106e-01    4.510819931559e-02  -5.955013367181e+01  -7.072857191487e+00
 -7.418997485909e-04    4.203236477360e-04  -5.722939649099e+01  -7.072857191487e+00
 -1.008796271912e-01    4.459898365488e-02  -5.952064173401e+01  -5.012731237251e+00
 -1.938229126335e-01    7.695418837442e-02  -5.890841491361e+01  -5.012731237251e+00
 -1.215461058870e-01    5.105769949884e-02  -5.713817973517e+01  -5.012731237251e+00
 -1.676033491963e-01    2.269092519229e-02  -3.538140496953e+01  -4.184002126850e+00
 -6.105832190368e-05   -2.720643644299e-04  -3.332022875080e+01  -4.184002126850e+00
 -4.916649564826e-04    8.753191058770e-05  -3.538529256973e+01  -4.184002126850e+00
 -6.553627054367e-04    9.474327772778e-04  -6.118774745632e+01  -2.269587530367e+00
 -8.137591042016e-02   -1.790287205937e-03  -6.149036350638e+01  -2.269587530367e+00
 -8.556494083355e-02    2.369904311014e-02  -6.095411052624e+01  -2.269587530367e+00
 -4.372140601894e-04    3.775945009919e-04  -5.955775610643e+01  -5.731830692880e+00
  2.066744021803e-04   -2.687825018407e-04  -6.117141519588e+01  -5.731830692880e+00
 -1.010113076520e-01    4.456042604926e-02  -5.952777759039e+01  -5.731830692880e+00
 -1.875662045615e-01   -3.651147560237e-02  -5.520382947696e+01  -4.368440239192e+00
 -8.162605494049e-04    1.504315370319e-04  -5.638292822219e+01  -4.368440239192e+00
 -1.494527991010e-01   -2.641177575208e-02  -5.662616944679e+01  -4.368440239192e+00
 -1.012800899848e-01    4.483984579947e-02  -5.955322682632e+01  -8.735590834951e+00
 -1.213940950971e-01    5.086332760985e-02  -5.711226323507e+01  -8.735590834951e+00
 -1.281946467385e-03    7.173548563642e-04  -5.721906620520e+01  -8.735590834951e+00
 -2.390932752175e-04   -4.939586533519e-05  -6.116752557115e+01  -4.513026076363e+00
 -8.585492244009e-02    2.423825847041e-02  -6.095878752833e+01  -4.513026076363e+00
 -1.004329269353e-01    4.434291093554e-02  -5.953139534114e+01  -4.513026076363e+00
 -8.952307833816e-04   -1.094681071562e-04  -5.052808195914e+01  -1.139964955103e+01
 -1.574672391384e-04    7.060773509334e-04  -5.408803174497e+01  -1.139964955103e+01
 -1.598287845013e-01    2.692212398043e-02  -5.044488779946e+01  -1.139964955103e+01
 -3.573089006893e-04    6.590999663878e-04  -5.047505497439e+01  -1.221598568573e+01
 -1.703610383803e-01    1.691822890757e-03  -4.666912682984e+01  -1.221598568573e+01
 -6.131304452215e-04   -2.803095964106e-04  -4.671346287001e+01  -1.221598568573e+01
 -2.513727995639e-01   -1.442885293386e-02  -4.863470326241e+01  -5.117795218033e+00
 -1.939421105616e-03   -2.776995539040e-04  -5.250066858151e+01  -5.117795218033e+00
 -2.230610214077e-01   -3.327474573563e-02  -5.242784021099e+01  -5.117795218033e+00
 -1.734405116370e-04    3.640598908519e-04  -5.717588580084e+01  -9.277332943258e+00
 -1.225234873516e-01    5.107332188111e-02  -5.714194263613e+01  -9.277332943258e+00
 -1.047784970899e-03    1.375013179669e-04  -5.416704672256e+01  -9.277332943258e+00
 -1.076888478575e-03    1.031172721823e-03  -5.409170771547e+01  -1.190893622395e+01
 -1.417168719901e-01    4.325391599082e-02  -5.402603920771e+01  -1.190893622395e+01
 -1.589765057622e-01    2.675240256639e-02  -5.044590991231e+01  -1.190893622395e+01
 -1.959594590184e-01    1.026829074460e-02  -4.897151568740e+01   6.036038012934e+00
 -1.904812206879e-03   -2.540874614761e-04  -4.596783693825e+01   6.036038012934e+00
 -1.975096150732e-01   -9.695481050187e-03  -4.438297624653e+01   6.036038012934e+00
 -1.417650424920e-01    2.736988097396e-02  -5.573461391698e+01   4.716585133457e+00
  1.126608389396e-04   -7.326130617185e-05  -5.677814778426e+01   4.716585133457e+00
 -5.461817199588e-04    2.058336242671e-05  -5.525196107449e+01   4.716585133457e+00
 -1.913530860302e-03    4.781795616114e-04  -5.415753513957e+01  -1.081735880233e+01
 -1.218377798130e-01    5.080471627322e-02  -5.714609210352e+01  -1.081735880233e+01
 -1.412367445653e-01    4.353309497290e-02  -5.400433569380e+01  -1.081735880233e+01
 -1.214794319843e-01    5.093738195075e-02  -5.711039567150e+01  -6.391435617442e+00
 -2.322620509269e-01    8.635957214690e-02  -5.650828785048e+01  -6.391435617442e+00
 -1.416222743208e-01    4.355056282660e-02  -5.403638589645e+01  -6.391435617442e+00
 -1.821709052941e-01    2.527506925737e-02  -5.300921125148e+01   6.040403574480e+00
 -1.897231826852e-03   -4.043162429174e-04  -4.972372987161e+01   6.040403574480e+00
 -1.955105214594e-01    1.053669645390e-02  -4.896738786360e+01   6.040403574480e+00
 -3.075990229760e-01    1.427587582525e-03  -4.666676584187e+01  -1.863581348217e+00
 -3.350164028322e-01    1.966883729434e-03  -4.670237988661e+01  -1.863581348217e+00
 -3.379746545833e-01   -3.299208950367e-02  -4.333578970439e+01  -1.863581348217e+00
 -1.221169838118e-01    5.118067189546e-02  -5.713189476792e+01  -5.412141689738e+00
 -1.933245741830e-01    7.685754653647e-02  -5.891423443149e+01  -5.412141689738e+00
 -2.314196859978e-01    8.616356829053e-02  -5.648614573599e+01  -5.412141689738e+00
  5.810819643561e-05    1.243390992469e-04  -5.291377846020e+01   6.085472215930e+00
 -1.122176710018e-03   -2.879296278587e-04  -4.973097306185e+01   6.085472215930e+00
 -1.828045501280e-01    2.507564931704e-02  -5.300487748333e+01   6.085472215930e+00
 -8.181194991859e-02   -1.734503509107e-03  -6.148785777775e+01  -6.783265393123e-01
 -2.418653960869e-04    7.815058462142e-04  -6.119507570615e+01  -6.783265393123e-01
 -1.052795879746e-04   -3.264620849919e-04  -6.153987558723e+01  -6.783265393123e-01
 -3.181550205295e-01   -7.730798409447e-02  -5.890434141975e+01  -5.473038512683e-01
 -3.142899331756e-01   -3.505056270550e-02  -6.040443221056e+01  -5.473038512683e-01
 -2.567063419314e-01   -7.061932827258e-02  -5.963761580241e+01  -5.473038512683e-01
 -3.148602108152e-01   -3.404459051964e-02  -6.040879558928e+01  -6.675756753772e-01
 -3.734761002549e-01   -1.082725349879e-03  -6.085404818491e+01  -6.675756753772e-01
 -3.736824604465e-01    1.401442171850e-03  -6.117534482476e+01  -6.675756753772e-01
 -3.728838047967e-01    2.951862605926e-04  -6.084386347029e+01  -2.315844133008e+00
 -3.158491364810e-01   -7.648263860984e-02  -5.892818266439e+01  -2.315844133008e+00
 -3.364898578748e-01   -6.448428028512e-04  -5.938477022989e+01  -2.315844133008e+00
 -3.161942125790e-01   -7.635653027445e-02  -5.892322883420e+01  -7.557291093494e-01
 -3.725702146552e-01   -2.680068088787e-05  -6.084716474660e+01  -7.557291093494e-01
 -3.153642892051e-01   -3.574802418510e-02  -6.040029846076e+01  -7.557291093494e-01
 -3.356635184924e-01   -3.649881700581e-04  -5.938850131390e+01  -3.141275393811e+00
 -3.175937234363e-01   -7.701589201343e-02  -5.891906360897e+01  -3.141275393811e+00
 -2.623981886870e-01   -3.380637996242e-04  -5.790650475743e+01  -3.141275393811e+00
 -2.138189657907e-03    1.090534456742e-04  -1.803784867300e+00   2.719755668798e+00
  4.200311080926e-05   -5.884009453342e-05  -1.089769842078e-02   2.719755668798e+00
 -2.788706435488e-01    3.878338494115e-03   6.122023744249e-03   2.719755668798e+00
 -3.151112379486e-01   -3.521444001113e-02  -6.038212969519e+01   2.588703573879e-01
 -2.389870041188e-01   -5.599452787199e-03  -6.043906009728e+01   2.588703573879e-01
 -2.554405855517e-01   -7.016191746358e-02  -5.965710284247e+01   2.588703573879e-01
 -3.148570591557e-01   -3.528025693211e-02  -6.040485358979e+01   6.667556803514e-02
 -3.101539754462e-01    2.736324566235e-02  -6.045010566015e+01   6.667556803514e-02
 -2.394885108034e-01   -5.164635608088e-03  -6.042162208198e+01   6.667556803514e-02
 -1.696408924045e-01   -5.166068937435e-02  -6.038184931856e+01   7.300389403775e-01
 -2.556665117017e-01   -7.044820130639e-02  -5.965730487257e+01   7.300389403775e-01
 -2.384551265244e-01   -5.278830135499e-03  -6.045800525930e+01   7.300389403775e-01
 -1.997673065485e-01   -8.431883831283e-02  -5.872903369569e+01   3.943406256498e+00
 -1.693303867699e-01   -5.193635193460e-02  -6.040149108224e+01   3.943406256498e+00
 -1.032724285885e-01   -4.767923959355e-02  -5.935416317596e+01   3.943406256498e+00
 -2.552827006913e-01   -7.067677664700e-02  -5.967795963489e+01   1.617875005329e+00
 -2.000946294782e-01   -8.443702215612e-02  -5.873369432481e+01   1.617875005329e+00
 -2.861233019886e-01   -1.062482941279e-01  -5.784669638029e+01   1.617875005329e+00
 -1.993941667455e-01   -8.441551307279e-02  -5.874699340072e+01   2.344428033995e+00
 -2.557972356847e-01   -7.060361647303e-02  -5.966552340783e+01   2.344428033995e+00
 -1.695972415996e-01   -5.173844073104e-02  -6.037472566756e+01   2.344428033995e+00
 -3.251159352723e-01   -1.064322529471e-01  -5.540195788249e+01   2.425752252470e+00
 -2.854261343127e-01   -1.063376022052e-01  -5.788122986732e+01   2.425752252470e+00
 -2.417659188948e-01   -9.371346593208e-02  -5.629026362642e+01   2.425752252470e+00
 -2.566774320233e-01   -7.100884263489e-02  -5.964294472362e+01   4.119942883370e-01
 -2.851722497706e-01   -1.059555346690e-01  -5.785951818602e+01   4.119942883370e-01
 -3.181744370854e-01   -7.708576898139e-02  -5.889475774209e+01   4.119942883370e-01
 -1.693178980096e-01   -5.155385405124e-02  -6.038495746155e+01   1.621214573559e+00
 -1.573222116595e-01   -4.282320231390e-03  -6.100586258110e+01   1.621214573559e+00
 -8.755667312874e-02   -2.907961032797e-02  -6.093627737830e+01   1.621214573559e+00
 -1.690915816626e-01   -5.163152896095e-02  -6.039435257455e+01   9.175026255076e-01
 -2.389920322680e-01   -5.223261120501e-03  -6.044508590577e+01   9.175026255076e-01
 -1.574919597323e-01   -4.070226503072e-03  -6.098696224023e+01   9.175026255076e-01
 -2.389689516049e-01   -5.108369285129e-03  -6.044515796518e+01  -6.828123542120e-01
 -1.656967386573e-01    4.341945666261e-02  -6.046328412102e+01  -6.828123542120e-01
 -1.575030229669e-01   -3.929494349919e-03  -6.098694266164e+01  -6.828123542120e-01
 -3.168257893286e-01   -7.683228181625e-02  -5.891251230907e+01  -1.972134226295e-01
 -2.863824301013e-01   -1.060827932856e-01  -5.784724078897e+01  -1.972134226295e-01
 -3.085648406867e-01   -9.804006039817e-02  -5.689985650095e+01  -1.972134226295e-01
 -2.612485888071e-01   -8.304490418939e-04  -5.789424285286e+01  -3.663350553205e+00
 -2.679781292488e-01   -6.135934063271e-02  -5.727235941229e+01  -3.663350553205e+00
 -1.495826995668e-01    5.752387183300e-04  -5.707106338801e+01  -3.663350553205e+00
 -2.618175658113e-01   -6.778521708366e-04  -5.791528924004e+01  -2.286589515001e+00
 -3.183494479557e-01   -7.688227367110e-02  -5.890396572961e+01  -2.286589515001e+00
 -2.676533342466e-01   -6.204433679769e-02  -5.725904023739e+01  -2.286589515001e+00
 -1.492559945546e-01   -5.016316273703e-04  -5.706840513536e+01  -3.794818524944e+00
 -1.490154525947e-01   -2.613014233383e-02  -5.662908905306e+01  -3.794818524944e+00
  1.364440003498e-04    6.892684328188e-04  -5.710322075208e+01  -3.794818524944e+00
 -1.497499523522e-01   -2.707595467758e-02  -5.661568317779e+01  -3.076512276582e+00
 -1.488854763651e-01    2.648714134065e-04  -5.709029210205e+01  -3.076512276582e+00
 -2.688488099074e-01   -6.102373788377e-02  -5.725815159015e+01  -3.076512276582e+00
 -1.895082594773e-01   -3.643245339375e-02  -5.519701199205e+01  -4.730134495015e+00
 -1.693638538923e-03    2.557075368439e-05  -5.254267818943e+01  -4.730134495015e+00
  4.295934215617e-04    4.618809643087e-05  -5.641240521302e+01  -4.730134495015e+00
 -1.103531813604e-03    1.089858687746e-04  -2.865723170187e+01  -3.012200856479e+00
 -7.769257248262e-05   -8.955431607582e-05  -3.072834917128e+01  -3.012200856479e+00
 -2.110328058178e-01    3.046852157182e-03  -3.083237499145e+01  -3.012200856479e+00
 -2.687123858025e-01   -6.148227336243e-02  -5.725339971099e+01  -3.002427555979e+00
 -2.640928868981e-01   -6.743556821883e-02  -5.613446360347e+01  -3.002427555979e+00
 -1.500974637240e-01   -2.663535946552e-02  -5.661093283828e+01  -3.002427555979e+00
 -1.818695754521e-01   -6.817636443170e-03  -3.105385793851e+01   3.030443319684e+00
  5.225768702037e-05    1.288824300196e-04  -3.085023268173e+01   3.030443319684e+00
 -9.879293027847e-04   -8.934540939948e-05  -2.888228693632e+01   3.030443319684e+00
 -3.077204768345e-01   -9.794679850248e-02  -5.691770665631e+01  -6.169046384945e-01
 -3.252841865882e-01   -1.061090688251e-01  -5.540393852251e+01  -6.169046384945e-01
 -2.971293572198e-01   -7.432202029467e-02  -5.462895052258e+01  -6.169046384945e-01
 -3.240317361764e-01   -1.062612187775e-01  -5.542074626698e+01   7.938913807260e-01
 -3.086827717714e-01   -9.792853560491e-02  -5.689914080232e+01   7.938913807260e-01
 -2.864186844252e-01   -1.063081764233e-01  -5.784440992584e+01   7.938913807260e-01
 -2.644131508523e-01   -6.755204081699e-02  -5.613071688797e+01  -2.812998519542e+00
 -2.961753876210e-01   -7.404944526908e-02  -5.464885466105e+01  -2.812998519542e+00
 -1.878114584303e-01   -3.662858100197e-02  -5.519010321824e+01  -2.812998519542e+00
 -2.961775039253e-01   -7.433100624669e-02  -5.464573123164e+01  -1.272255686129e+00
 -2.644680249514e-01   -6.750172083793e-02  -5.613046778863e+01  -1.272255686129e+00
 -3.084638949751e-01   -9.789054066837e-02  -5.690002107109e+01  -1.272255686129e+00
 -1.873398149575e-01   -3.672336411027e-02  -5.520301449896e+01  -2.641945796440e+00
 -2.966953973195e-01   -7.398308076986e-02  -5.464529593058e+01  -2.641945796440e+00
 -2.232465235115e-01   -3.363178806365e-02  -5.242893333128e+01  -2.641945796440e+00
 -2.647238790303e-01   -6.744780871070e-02  -5.612274861255e+01  -2.824183531221e+00
 -1.874153314665e-01   -3.672607468248e-02  -5.520211226494e+01  -2.824183531221e+00
 -1.493793698673e-01   -2.649903049413e-02  -5.662913582912e+01  -2.824183531221e+00
 -3.255752966711e-01   -1.061652486590e-01  -5.539415166803e+01   1.438753986761e-01
 -3.538142683402e-01   -7.956031187781e-02  -5.269414599596e+01   1.438753986761e-01
 -2.968277548447e-01   -7.428437894608e-02  -5.463773605954e+01   1.438753986761e-01
 -3.085703041263e-01   -9.776489107353e-02  -5.690183784462e+01  -1.748539483002e+00
 -2.643599527948e-01   -6.753865189011e-02  -5.613012595387e+01  -1.748539483002e+00
 -2.681697412582e-01   -6.168410857857e-02  -5.726661404397e+01  -1.748539483002e+00
 -3.173597175393e-01   -7.695742818484e-02  -5.890010227505e+01  -1.841132405981e+00
 -3.080080257520e-01   -9.779259970432e-02  -5.690918037325e+01  -1.841132405981e+00
 -2.685891898956e-01   -6.181664706178e-02  -5.725567152271e+01  -1.841132405981e+00
 -1.885951265219e-01   -3.660958726308e-02  -5.520988645316e+01  -5.439518280243e+00
 -2.221275526062e-01   -3.352501747588e-02  -5.242407459457e+01  -5.439518280243e+00
 -3.065124596748e-03    1.960860426432e-04  -5.251596662293e+01  -5.439518280243e+00
 -2.862357009177e-01   -1.063602934400e-01  -5.786333345268e+01   3.213146437303e+00
 -2.001561717715e-01   -8.444606695288e-02  -5.871695128035e+01   3.213146437303e+00
 -2.408328669275e-01   -9.369337462571e-02  -5.630725342507e+01   3.213146437303e+00
 -5.820992983365e-03   -1.552928023551e-04  -4.790847813574e+00   2.631277117560e+00
 -3.805405418964e-01   -4.691960062083e-03  -2.875306860683e+00   2.631277117560e+00
 -3.273627510678e-01   -8.422740548599e-03  -5.453485545114e+00   2.631277117560e+00
 -8.141870767814e-02   -2.815872539270e-03  -6.149248785830e+01   2.737917957082e+00
 -5.375930242051e-04   -7.906491006104e-04  -6.108528242738e+01   2.737917957082e+00
 -8.725267857891e-02   -2.857789918405e-02  -6.093050067948e+01   2.737917957082e+00
 -8.182754269715e-02   -2.860357649124e-03  -6.148959217912e+01   9.985199582658e-01
 -1.108097349122e-04    2.665106576283e-04  -6.153876981482e+01   9.985199582658e-01
 -1.978940846922e-04   -6.936780009024e-04  -6.109409965111e+01   9.985199582658e-01
 -8.743375088175e-02   -2.923488797909e-02  -6.095212168784e+01   6.112469306223e+00
 -1.114705257935e-03   -1.090713411648e-03  -5.959473516053e+01   6.112469306223e+00
 -1.025762984559e-01   -4.710793606490e-02  -5.934004128256e+01   6.112469306223e+00
 -1.248490745945e-01   -5.481612609050e-02  -5.694261958078e+01   8.104520965608e+00
 -1.030754276911e-01   -4.742089742695e-02  -5.935258910865e+01   8.104520965608e+00
 -2.708700230364e-04   -5.229498125257e-04  -5.955434530587e+01   8.104520965608e+00
 -1.261103661032e-01   -5.512144179320e-02  -5.695877402744e+01   5.829912997689e+00
 -2.412263214531e-01   -9.362564070401e-02  -5.628341780695e+01   5.829912997689e+00
 -1.998324857324e-01   -8.451402956535e-02  -5.875151190494e+01   5.829912997689e+00
 -1.253983906198e-01   -5.497724002068e-02  -5.696734376857e+01   5.407381720274e+00
 -2.004054834877e-01   -8.463318508889e-02  -5.874504533538e+01   5.407381720274e+00
 -1.028642127106e-01   -4.738332389036e-02  -5.933624427805e+01   5.407381720274e+00
 -6.023979375388e-04   -7.563805543245e-04  -5.960382310877e+01   4.412866223621e+00
 -8.787865128880e-02   -2.943690058819e-02  -6.094728487585e+01   4.412866223621e+00
 -3.563812503671e-05    9.619360289926e-05  -6.106259881463e+01   4.412866223621e+00
 -1.697982445099e-01   -5.201364838437e-02  -6.039577461256e+01   3.408665359245e+00
 -8.722888235932e-02   -2.875941118756e-02  -6.092750094344e+01   3.408665359245e+00
 -1.027241701728e-01   -4.753071117732e-02  -5.936079144281e+01   3.408665359245e+00
  2.994776950418e-04   -1.539880433183e-04  -5.955528651402e+01   8.644472802772e+00
 -7.821657260448e-04   -3.526151338813e-04  -5.706701124461e+01   8.644472802772e+00
 -1.254753206700e-01   -5.506870132292e-02  -5.693897329314e+01   8.644472802772e+00
 -1.980733467962e-01   -1.002023706066e-02  -4.438355024993e+01   5.591602845002e+00
 -9.758318758662e-04   -3.803793483692e-04  -3.933767289025e+01   5.591602845002e+00
 -1.809756155515e-01   -2.141632297090e-02  -4.034016217377e+01   5.591602845002e+00
 -3.803463822619e-01    7.339189276569e-03  -2.087196142300e+01  -2.045522252227e+00
 -1.142356517905e-02   -4.607161541402e-04  -2.308772876564e+01  -2.045522252227e+00
 -4.311461097758e-01    5.088260078697e-03  -2.343129577329e+01  -2.045522252227e+00
 -1.491891585602e-01    7.520651179751e-04  -5.785221396205e+01   4.068876575412e+00
 -6.745144122107e-04    4.259216596409e-04  -5.739477198814e+01   4.068876575412e+00
 -1.135875997890e-01    2.018500396663e-02  -5.726139389320e+01   4.068876575412e+00
 -1.509667939098e-01   -4.781412239377e-02  -5.389495352965e+01   1.140721441283e+01
 -2.666071689256e-04   -4.026264411385e-04  -5.385455389473e+01   1.140721441283e+01
 -8.945074358204e-04    2.709188428634e-04  -5.034502572529e+01   1.140721441283e+01
 -1.500850023410e-01   -4.841497576647e-02  -5.385668079907e+01   1.071613838851e+01
  1.746418554832e-04   -4.435534529866e-04  -5.703396690741e+01   1.071613838851e+01
 -7.232721988137e-04   -7.860778832723e-05  -5.389228785543e+01   1.071613838851e+01
 -1.508874405957e-01   -2.191836584694e-02  -3.718106550186e+01   4.434267013163e+00
 -2.443610068659e-04    2.176293157830e-04  -3.528828364055e+01   4.434267013163e+00
 -1.262167330205e-01   -1.697862253759e-02  -3.516538552711e+01   4.434267013163e+00
 -1.258280286963e-01   -5.481517032664e-02  -5.695621968475e+01   1.081570065085e+01
 -5.304137525917e-04   -7.632237688852e-04  -5.703479581572e+01   1.081570065085e+01
 -1.492416547325e-01   -4.816343143839e-02  -5.385804056268e+01   1.081570065085e+01
 -2.772582581799e-01   -2.139548641531e-02  -3.325867931156e+01   1.914617734542e+00
 -1.929686181972e-01   -1.385456780690e-02  -3.320782851469e+01   1.914617734542e+00
 -1.907083536786e-01   -7.078851575498e-03  -3.207445064518e+01   1.914617734542e+00
 -1.666230043027e-01   -2.725675492348e-02  -5.032081249741e+01   1.219886236953e+01
 -5.850134837519e-04   -4.806185898564e-04  -5.028477418200e+01   1.219886236953e+01
 -9.082951018070e-04    6.012105395541e-04  -4.654460181172e+01   1.219886236953e+01
 -2.413796087438e-01   -9.363145704330e-02  -5.631181691722e+01   7.162315472350e+00
 -1.503870096666e-01   -4.805572426373e-02  -5.388500559123e+01   7.162315472350e+00
 -2.816167303149e-01   -7.834401450935e-02  -5.331860410729e+01   7.162315472350e+00
 -1.496748302615e-01   -4.795547253951e-02  -5.389211684503e+01   6.830512435976e+00
 -2.419724830402e-01   -9.377712647361e-02  -5.630567231921e+01   6.830512435976e+00
 -1.256285399913e-01   -5.492428209137e-02  -5.693407702088e+01   6.830512435976e+00
 -3.657814960495e-01   -4.347137356204e-02  -4.972482838824e+01  -1.162921409730e+00
 -2.255502171959e-01   -3.393302712837e-02  -5.240403075330e+01  -1.162921409730e+00
 -3.559889419913e-01   -7.907371263586e-02  -5.266009076594e+01  -1.162921409730e+00
 -2.256675256110e-01   -3.353533839972e-02  -5.240003151912e+01  -1.807659038817e+00
 -2.954099945130e-01   -7.422358898073e-02  -5.466971821089e+01  -1.807659038817e+00
 -3.556198504378e-01   -7.934435003204e-02  -5.267026102415e+01  -1.807659038817e+00
 -3.550657702197e-01   -7.959464125407e-02  -5.266840504552e+01   2.737482489947e+00
 -3.244153213984e-01   -1.064740008218e-01  -5.544540283387e+01   2.737482489947e+00
 -2.821991024772e-01   -7.842956291300e-02  -5.332976495407e+01   2.737482489947e+00
 -2.821479870145e-01   -7.816225476124e-02  -5.330251204101e+01   3.573256418510e+00
 -3.093128832733e-01   -4.529782657239e-02  -5.004281625083e+01   3.573256418510e+00
 -3.553161729121e-01   -7.991176187624e-02  -5.269635231410e+01   3.573256418510e+00
 -2.824485009038e-01   -7.837216684295e-02  -5.334542141068e+01   7.642690571450e+00
 -1.497683642958e-01   -4.792435789313e-02  -5.385781297430e+01   7.642690571450e+00
 -1.657879406249e-01   -2.770603739107e-02  -5.032236252641e+01   7.642690571450e+00
 -2.417676526753e-01   -9.362806070733e-02  -5.626840275953e+01   3.594170122091e+00
 -2.812383005622e-01   -7.845301363174e-02  -5.334954513535e+01   3.594170122091e+00
 -3.252723609857e-01   -1.065576916168e-01  -5.542470900267e+01   3.594170122091e+00
 -1.656310406911e-01   -2.780448228725e-02  -5.028336829073e+01   8.074658507130e+00
 -1.725185498684e-01   -1.606855173309e-03  -4.653517599414e+01   8.074658507130e+00
 -3.106477292259e-01   -4.490432005710e-02  -5.003500642120e+01   8.074658507130e+00
 -1.655730111074e-01   -2.786796711794e-02  -5.028770480222e+01   1.306348378313e+01
 -1.501176779263e-01   -4.754345928420e-02  -5.389716447230e+01   1.306348378313e+01
 -1.737600677872e-03    4.723780935385e-05  -5.033626013548e+01   1.306348378313e+01
 -3.676013984653e-01   -4.326405808122e-02  -4.973138005135e+01   3.322506664478e+00
 -3.098229262816e-01   -4.472347628683e-02  -4.998913510254e+01   3.322506664478e+00
 -3.205761727094e-01   -3.786137346095e-03  -4.655440055443e+01   3.322506664478e+00
 -3.101157519639e-01   -4.515664130884e-02  -5.002235521298e+01   2.602599184428e+00
 -3.671383303121e-01   -4.285504604313e-02  -4.969803424733e+01   2.602599184428e+00
 -3.545551701842e-01   -7.990081636101e-02  -5.271770904711e+01   2.602599184428e+00
 -2.517099617998e-01   -1.433066648083e-02  -4.863021154986e+01  -1.351016301530e+00
 -3.663842064845e-01   -4.256395274630e-02  -4.970792840091e+01  -1.351016301530e+00
 -3.667574317512e-01   -3.722824372455e-03  -4.651446060697e+01  -1.351016301530e+00
 -3.668571263888e-01   -4.316001316491e-02  -4.971011568773e+01  -2.230597559479e+00
 -2.511339689184e-01   -1.378840662068e-02  -4.862825449616e+01  -2.230597559479e+00
 -2.239659079489e-01   -3.412462837964e-02  -5.242748924552e+01  -2.230597559479e+00
 -3.198552873666e-01   -3.350712620591e-03  -4.650535829708e+01   8.325649188263e+00
 -3.098468428874e-01   -4.478162276833e-02  -5.003943377807e+01   8.325649188263e+00
 -1.735105862558e-01   -1.592345205811e-03  -4.653234629785e+01   8.325649188263e+00
 -1.665097913989e-01   -2.780729077465e-02  -5.031573166420e+01   8.018760090896e+00
 -3.096927000994e-01   -4.504693721460e-02  -5.000504362716e+01   8.018760090896e+00
 -2.817997112481e-01   -7.819311313098e-02  -5.335179299280e+01   8.018760090896e+00
 -2.003080708147e-03    5.788602918994e-04  -4.653753380836e+01   1.368911702142e+01
 -1.720287033011e-01   -1.987976590249e-03  -4.649632962470e+01   1.368911702142e+01
 -1.657266415708e-01   -2.717075270489e-02  -5.032233173201e+01   1.368911702142e+01
 -2.512842443197e-01   -1.410859759734e-02  -4.863675060637e+01  -5.633998487698e+00
 -2.517715934550e-01    1.126047584609e-02  -4.434293561908e+01  -5.633998487698e+00
 -2.561300138243e-03    2.080431822302e-04  -4.589762919229e+01  -5.633998487698e+00
 -2.033423872761e-03   -5.751949522449e-04  -4.646505701766e+01   1.361738158863e+01
 -1.645718361030e-01    2.318834929260e-02  -4.272014654054e+01   1.361738158863e+01
 -1.720104278272e-01   -1.390531038030e-03  -4.651828228132e+01   1.361738158863e+01
 -8.714168468259e-02   -2.900341657772e-02  -6.094245515757e+01   1.022130420855e+00
 -1.577745794866e-01   -4.294439103227e-03  -6.100104398589e+01   1.022130420855e+00
 -8.136651294354e-02   -2.231102513983e-03  -6.147317518304e+01   1.022130420855e+00
 -1.577690447441e-01   -3.714637560377e-03  -6.100180203111e+01  -7.363652250215e-01
 -8.551008542120e-02    2.420060411297e-02  -6.096742643524e+01  -7.363652250214e-01
 -8.135345734877e-02   -2.392049131854e-03  -6.147258232702e+01  -7.363652250215e-01
 -1.023788790815e-03    3.427670226967e-04  -4.591397479551e+01  -6.286310321873e+00
 -5.545556151395e-04   -3.632082403114e-04  -5.250865560880e+01  -6.286310321873e+00
 -2.526979859685e-01   -1.431888486796e-02  -4.863091954667e+01  -6.286310321873e+00
 -1.528106131455e-01   -2.195730228266e-02  -3.718512347360e+01   5.098365196278e+00
 -1.273273102919e-03    1.021022576406e-05  -3.935011076817e+01   5.098365196278e+00
  2.416684731516e-04    6.831403526251e-06  -3.698035689663e+01   5.098365196278e+00
 -3.657327744081e-01   -7.367068840584e-04  -3.084860191510e+01   7.809528556456e-01
 -3.108787172420e-01   -5.997672657400e-03  -3.075067185978e+01   7.809528556456e-01
 -3.891928083227e-01   -3.804254865804e-03  -2.792188971935e+01   7.809528556456e-01
 -3.389080190697e-01   -3.286100571027e-02  -4.335357873171e+01  -2.834954608459e+00
 -2.952443656017e-01   -3.638829612364e-02  -4.320894921558e+01  -2.834954608459e+00
 -3.065513874960e-01    1.212726783554e-03  -4.665322915060e+01  -2.834954608459e+00
 -3.381899780256e-01   -3.271623109537e-02  -4.337196244085e+01   2.915753372398e+00
 -1.982162053496e-01   -9.356866269353e-03  -4.439138227051e+01   2.915753372398e+00
 -1.816104167396e-01   -2.204760966755e-02  -4.033902483637e+01   2.915753372398e+00
 -1.580417460911e-01   -2.319534938643e-02  -4.292342003176e+01  -1.294918842411e+01
 -1.594608055164e-03   -9.098263779622e-04  -4.292315463494e+01  -1.294918842411e+01
 -1.693929156485e-01    5.978736611183e-04  -4.671083760789e+01  -1.294918842411e+01
 -1.696237897517e-01    1.175331542086e-03  -4.666441873423e+01  -7.700216669532e+00
 -2.958875801680e-01   -3.661162874304e-02  -4.316583622532e+01  -7.700216669532e+00
 -1.582096671481e-01   -2.356950352891e-02  -4.295056886059e+01  -7.700216669532e+00
 -1.589628480674e-01   -2.359962745083e-02  -4.291840742424e+01  -7.483051445730e+00
 -2.950613917100e-01   -3.672514385712e-02  -4.319435246983e+01  -7.483051445730e+00
 -2.677359662137e-01   -6.633531470345e-02  -3.987415242938e+01  -7.483051445730e+00
 -2.198658924528e-03    7.976684145094e-06  -4.285265726999e+01  -1.228043039766e+01
 -1.576851786792e-01   -2.365100206659e-02  -4.294628337593e+01  -1.228043039766e+01
 -1.429240641327e-01   -4.162608488781e-02  -3.938095548072e+01  -1.228043039766e+01
 -3.385225069968e-01   -3.242962844063e-02  -4.338465432849e+01  -2.021170452936e+00
 -3.314260407288e-01   -6.326589846541e-02  -4.032843293662e+01  -2.021170452936e+00
 -2.954643285762e-01   -3.683027365815e-02  -4.317721336903e+01  -2.021170452936e+00
 -4.751170850163e-04   -6.586121058832e-05  -5.524421855591e+01   4.975761262497e+00
 -1.807168439260e-01    2.546550107993e-02  -5.300526580373e+01   4.975761262497e+00
 -1.418717991497e-01    2.750907236888e-02  -5.573543472012e+01   4.975761262497e+00
 -1.869788443986e-01   -7.063898641189e-02  -3.474508352847e+01  -2.877661378152e+00
 -2.274075937233e-01   -7.937239490796e-02  -3.701535280456e+01  -2.877661378152e+00
 -2.664542031859e-01   -8.369834706317e-02  -3.548180528692e+01  -2.877661378152e+00
 -3.321890037290e-01   -6.323266886625e-02  -4.035028288039e+01  -3.146875678896e+00
 -2.681236918599e-01   -6.624066253546e-02  -3.992350184628e+01  -3.146875678896e+00
 -2.946313451346e-01   -3.701012811742e-02  -4.315692364495e+01  -3.146875678896e+00
 -1.431201486716e-01   -4.204917552853e-02  -3.939376955756e+01  -6.621560835566e+00
 -2.675707006422e-01   -6.644955209185e-02  -3.990699715381e+01  -6.621560835566e+00
 -2.279464537815e-01   -7.931917242889e-02  -3.701197372190e+01  -6.621560835566e+00
 -1.424971853122e-01   -4.193646185564e-02  -3.941968783765e+01  -7.145123549953e+00
 -1.581493050181e-01   -2.353045640035e-02  -4.291116547539e+01  -7.145123549953e+00
 -2.684080363669e-01   -6.648519027836e-02  -3.988103774226e+01  -7.145123549953e+00
 -3.056200252856e-01   -8.487221809748e-02  -3.770619549032e+01  -3.222643606823e+00
 -2.283199551846e-01   -7.928814298827e-02  -3.705439921309e+01  -3.222643606823e+00
 -2.671832197467e-01   -6.656627639235e-02  -3.987713451643e+01  -3.222643606823e+00
 -1.141815982118e-03    2.229834365595e-04  -4.284440421695e+01  -1.078647161427e+01
 -1.438403261129e-01   -4.188062049423e-02  -3.938326159503e+01  -1.078647161427e+01
 -1.458447580476e-04   -3.550805012855e-04  -3.941520476345e+01  -1.078647161427e+01
 -3.320162539398e-01   -6.289959881844e-02  -4.037678723391e+01  -2.266387261538e+00
 -3.048079555144e-01   -8.481843971380e-02  -3.768479674086e+01  -2.266387261538e+00
 -2.681180625327e-01   -6.651139610385e-02  -3.989762137090e+01  -2.266387261538e+00
 -3.369666201274e-01   -3.303935430667e-02  -4.336053714441e+01   1.690765188795e+00
 -1.833333533190e-01   -2.184835948184e-02  -4.035856624883e+01   1.690765188795e+00
 -3.331194551326e-01   -6.239038264876e-02  -4.038304474172e+01   1.690765188795e+00
 -4.468642839946e-04    8.015231244627e-05  -4.971963801315e+01   6.535431072082e+00
 -8.312022369162e-04   -2.310660758044e-04  -4.597410576093e+01   6.535431072082e+00
 -1.968562841173e-01    1.016155584555e-02  -4.896882081088e+01   6.535431072082e+00
 -1.185214432060e-01   -4.724212422203e-02  -3.645897136735e+01  -6.306774081801e+00
 -1.424511124745e-01   -4.195951952119e-02  -3.938589676958e+01  -6.306774081801e+00
 -2.285077866343e-01   -7.945588825134e-02  -3.701866001948e+01  -6.306774081801e+00
 -1.429360967521e-01   -4.242998774032e-02  -3.942022024071e+01  -1.005037400605e+01
  7.731200376095e-05   -4.983742302241e-04  -3.632600788625e+01  -1.005037400605e+01
 -6.415635567052e-04   -4.331766430673e-05  -3.937859255563e+01  -1.005037400605e+01
 -6.908676848734e-04   -8.861233139980e-04  -3.632521733450e+01  -9.975877757340e+00
 -1.420810128499e-01   -4.216566958614e-02  -3.941838806318e+01  -9.975877757340e+00
 -1.185999699463e-01   -4.706160083796e-02  -3.643840772934e+01  -9.975877757340e+00
 -1.142561339390e-01    2.029589924802e-02  -5.725330141444e+01   3.803956900073e+00
  2.610638558174e-05    1.599002529305e-05  -5.741168718674e+01   3.803956900073e+00
 -3.712921167370e-04    3.559164422322e-05  -5.677464279768e+01   3.803956900073e+00
 -9.804434359711e-02   -4.234135711494e-02  -3.408590920709e+01  -6.770141154900e+00
  6.303574355498e-05   -6.397108634259e-05  -3.407122522895e+01  -6.770141154900e+00
 -9.471362035431e-04   -4.966292316602e-04  -3.626384492334e+01  -6.770141154900e+00
 -9.716093545244e-02   -4.182485752308e-02  -3.410703521869e+01  -5.450856027199e+00
  2.376485865347e-04    2.234027735785e-04  -3.249211125001e+01  -5.450856027199e+00
 -4.193463062820e-04   -3.382344840007e-04  -3.405008392047e+01  -5.450856027199e+00
 -1.260034346771e-01   -1.666313409271e-02  -3.516307995235e+01   4.195046868189e+00
 -2.971266593577e-04   -7.090564637222e-05  -3.528123789072e+01   4.195046868189e+00
  9.177324071370e-05    1.806013082315e-04  -3.328958541320e+01   4.195046868189e+00
 -9.744150081415e-02   -4.204471434562e-02  -3.408307118365e+01  -8.410777006698e+00
 -1.653466499646e-03   -8.785953956801e-04  -3.627259464118e+01  -8.410777006698e+00
 -1.180572226875e-01   -4.705782391690e-02  -3.645580751496e+01  -8.410777006698e+00
 -2.225426064746e-01    1.830893942502e-02  -3.331442063321e+01  -3.314685200456e+00
 -2.197228490247e-01    8.401492161787e-03  -3.197324225382e+01  -3.314685200456e+00
 -1.949376671086e-03    9.367332754446e-05  -3.331791012179e+01  -3.314685200456e+00
 -8.109517686529e-02   -2.317661713764e-02  -3.274512522269e+01  -3.018194030775e+00
 -9.685201936618e-02   -4.196578188120e-02  -3.409037975091e+01  -3.018194030775e+00
 -1.568976679886e-01   -4.119423823762e-02  -3.324846722530e+01  -3.018194030775e+00
 -1.872442383914e-01   -7.087754988701e-02  -3.471550468841e+01  -4.866039047360e+00
 -9.697155470516e-02   -4.179950843604e-02  -3.411422321095e+01  -4.866039047360e+00
 -1.184285827779e-01   -4.731842961427e-02  -3.642918724308e+01  -4.866039047360e+00
 -2.210789501220e-04   -7.236421414191e-04  -3.246615742880e+01  -7.669993023373e-01
 -7.656393779666e-02   -2.846593596026e-04  -3.223481469681e+01  -7.669993023373e-01
 -1.379847592180e-04    3.017857265957e-04  -3.205791368009e+01  -7.669993023373e-01
 -6.044318304257e-04   -8.917148257291e-04  -3.247345015948e+01  -2.246843479108e+00
 -8.091098316599e-02   -2.286942479617e-02  -3.274056569077e+01  -2.246843479108e+00
 -7.617962279111e-02   -2.084800848643e-04  -3.223052261812e+01  -2.246843479108e+00
 -1.470402997344e-01    6.441860375945e-04  -3.272288590768e+01  -7.816453536894e-01
 -7.620889431747e-02    3.437550680056e-04  -3.224770949287e+01  -7.816453536894e-01
 -8.085145503379e-02   -2.331970394368e-02  -3.272771916111e+01  -7.816453536894e-01
 -2.286771561769e-04   -4.214389929269e-04  -3.204909223806e+01   1.127502937964e+00
 -7.640003946210e-02    4.750523004145e-04  -3.224508672644e+01   1.127502937964e+00
 -8.215071222360e-02    2.417213956988e-02  -3.260864821693e+01   1.127502937964e+00
 -1.564552842081e-01   -4.115103206008e-02  -3.324247348302e+01  -3.467803831323e+00
 -9.735736260733e-02   -4.205096364900e-02  -3.409859998747e+01  -3.467803831323e+00
 -1.866024294881e-01   -7.055406697269e-02  -3.473191755228e+01  -3.467803831323e+00
 -8.119537875079e-02   -2.336120613277e-02  -3.273521821147e+01  -4.402130607294e+00
 -1.802034251185e-04    3.609535100949e-06  -3.249537431109e+01  -4.402130607294e+00
 -9.660105771805e-02   -4.160301578760e-02  -3.410372524147e+01  -4.402130607294e+00
 -1.190756051834e-01   -4.747190974869e-02  -3.643592735442e+01  -5.377600748745e+00
 -2.277502703946e-01   -7.928548781725e-02  -3.703960919138e+01  -5.377600748745e+00
 -1.867202804519e-01   -7.075995015517e-02  -3.470942604076e+01  -5.377600748745e+00
 -2.532696701161e-01    1.179691245819e-02  -4.434797012263e+01  -6.301100851291e+00
 -5.594085077896e-04    3.840720144971e-04  -3.944172251679e+01  -6.301100851291e+00
 -9.405993791210e-04   -2.505742230563e-04  -4.587886645979e+01  -6.301100851291e+00
 -3.326396974425e-01   -6.261379787012e-02  -4.037547758541e+01   2.346878765549e+00
 -1.836133655983e-01   -2.151065090049e-02  -4.035778787516e+01   2.346878765549e+00
 -2.700731262626e-01   -5.365844112423e-02  -3.808485760895e+01   2.346878765549e+00
 -2.231918383398e-01    1.870976468720e-02  -3.331903331457e+01  -3.421304935477e+00
 -1.133524990710e-03   -4.825949008599e-04  -3.332989155123e+01  -3.421304935477e+00
 -1.670114256761e-01    2.293975622342e-02  -3.538277147450e+01  -3.421304935477e+00
 -1.511895610276e-01   -2.211432984991e-02  -3.718443412677e+01   3.035084920154e+00
 -1.261866478301e-01   -1.690254199544e-02  -3.516482140662e+01   3.035084920154e+00
 -2.444935666437e-01   -4.644878084800e-02  -3.636407461255e+01   3.035084920154e+00
 -1.519857896581e-01   -2.204161218076e-02  -3.718159377134e+01   5.683666726463e+00
 -1.800992406806e-01   -2.159816914274e-02  -4.033109406357e+01   5.683666726463e+00
 -2.250466804175e-03    5.129907348442e-05  -3.935532049940e+01   5.683666726463e+00
 -2.709821859232e-01   -5.367874015791e-02  -3.810728201966e+01   1.338236425248e+00
 -2.439968729027e-01   -4.651027238025e-02  -3.635973895800e+01   1.338236425248e+00
 -2.888976770010e-01   -7.186454945594e-02  -3.605556425887e+01   1.338236425248e+00
 -2.440697539522e-01   -4.656193859632e-02  -3.635627999611e+01   3.207190020422e+00
 -2.708725759234e-01   -5.341097760889e-02  -3.810870807114e+01   3.207190020422e+00
 -1.517533819816e-01   -2.202976471552e-02  -3.719661877563e+01   3.207190020422e+00
 -2.519968313018e-01   -4.434247968405e-02  -3.507056899512e+01   1.610234807930e+00
 -2.888559154684e-01   -7.161874005604e-02  -3.606117225363e+01   1.610234807930e+00
 -2.439923890256e-01   -4.661119417584e-02  -3.635606884853e+01   1.610234807930e+00
 -2.719835792174e-01   -5.367461495001e-02  -3.812330426402e+01   8.816198670849e-01
 -2.880706152189e-01   -7.193049950315e-02  -3.603859670693e+01   8.816198670849e-01
 -3.056544712144e-01   -8.437456753218e-02  -3.772775506388e+01   8.816198670849e-01
 -2.436916770726e-01   -4.642508709349e-02  -3.635818126118e+01   2.929595421127e+00
 -1.271393120538e-01   -1.697519473195e-02  -3.517555117256e+01   2.929595421127e+00
 -2.525209512293e-01   -4.431407956896e-02  -3.507460938119e+01   2.929595421127e+00
 -1.511725352912e-01   -2.207705580567e-02  -3.718806041609e+01   3.084661439238e+00
 -2.714716605683e-01   -5.340198569623e-02  -3.810933518721e+01   3.084661439238e+00
 -1.811361847717e-01   -2.164786124083e-02  -4.032878692850e+01   3.084661439238e+00
 -1.943331827657e-01   -1.420757289555e-02  -3.321479272010e+01   3.437230733640e+00
 -1.258319246326e-01   -1.687489839170e-02  -3.516259669342e+01   3.437230733640e+00
 -3.403805540585e-04    3.663138163178e-04  -3.329691627259e+01   3.437230733640e+00
 -1.813148928482e-01   -6.777384781548e-03  -3.105127570325e+01   3.016450319503e+00
 -1.899152521977e-01   -6.963504240456e-03  -3.206395960650e+01   3.016450319503e+00
 -4.933059759880e-04    1.718631280070e-04  -3.085257388180e+01   3.016450319503e+00
 -3.106739165784e-01   -6.142367988635e-03  -3.076562936483e+01   1.852055725906e+00
 -1.904596025369e-01   -7.191058201948e-03  -3.207435154093e+01   1.852055725906e+00
 -1.813229233222e-01   -6.908611114417e-03  -3.105204983461e+01   1.852055725906e+00
 -1.935006384449e-01   -1.358703794708e-02  -3.322246496293e+01   2.179808304762e+00
 -2.769772442193e-01   -2.187002741783e-02  -3.324180143082e+01   2.179808304762e+00
 -2.515733940578e-01   -4.425501431318e-02  -3.505916086112e+01   2.179808304762e+00
 -3.577744501846e-01    1.674941282447e-03  -9.897610586291e+00   2.309577370345e+00
 -8.681957569008e-03    2.608754061193e-04  -7.378594077636e+00   2.309577370345e+00
 -4.300800471995e-01   -2.716990544937e-03  -7.564027785423e+00   2.309577370345e+00
 -2.911440516877e-01   -5.518669390316e-02  -3.447847134953e+01   1.432665179789e+00
 -2.882043040751e-01   -7.156607307633e-02  -3.605485274444e+01   1.432665179789e+00
 -2.525708563178e-01   -4.450615761861e-02  -3.507887904165e+01   1.432665179789e+00
 -3.299380043375e-01    2.242614275276e-03  -3.090962772746e+01  -1.808366390427e+00
 -2.203840470687e-01    8.446198861261e-03  -3.199295076075e+01  -1.808366390427e+00
 -2.992425183166e-01    2.485174492645e-02  -3.320987405233e+01  -1.808366390427e+00
 -1.931070114355e-01   -1.386708856890e-02  -3.320559157118e+01   2.865752900663e+00
 -2.524164576960e-01   -4.403040358638e-02  -3.507140589914e+01   2.865752900663e+00
 -1.270487505607e-01   -1.725483144016e-02  -3.516746586402e+01   2.865752900663e+00
 -1.153212752362e-04    1.041179620824e-04  -3.085330532141e+01   3.165005583928e+00
 -1.903116896057e-01   -6.929474856114e-03  -3.206203317445e+01   3.165005583928e+00
 -4.716210641359e-04    4.247681406261e-05  -3.186855588339e+01   3.165005583928e+00
 -3.192516590798e-03   -2.821845241105e-04  -2.888315805856e+01   2.441314700801e+00
 -3.938058771120e-01   -4.174609346781e-03  -2.796124854791e+01   2.441314700801e+00
 -1.810027401126e-01   -6.969036943549e-03  -3.106829368908e+01   2.441314700801e+00
 -2.333323456844e-01   -5.312543583218e-02  -3.398762681340e+01  -1.429787051149e+00
 -1.869271785365e-01   -7.060001113116e-02  -3.472848011990e+01  -1.429787051149e+00
 -2.663280030478e-01   -8.358150770242e-02  -3.549806401551e+01  -1.429787051149e+00
 -3.044893690410e-01   -8.455673396580e-02  -3.770753894707e+01  -6.875987411233e-01
 -2.888577413066e-01   -7.188260970230e-02  -3.606165501801e+01  -6.875987411233e-01
 -2.666543968669e-01   -8.361955253519e-02  -3.550140211206e+01  -6.875987411233e-01
 -1.467290147427e-01    8.345474046301e-04  -3.273690738242e+01  -7.097263972226e-01
 -1.562449361359e-01   -4.086937367002e-02  -3.324815269795e+01  -7.097263972226e-01
 -2.195959333193e-01    1.836969870597e-03  -3.338359780037e+01  -7.097263972226e-01
 -1.567179405007e-01   -4.102673539458e-02  -3.326685391945e+01  -2.056546846979e+00
 -1.862581445178e-01   -7.058529332259e-02  -3.471503950947e+01  -2.056546846979e+00
 -2.338324684738e-01   -5.307902187174e-02  -3.399926245270e+01  -2.056546846979e+00
 -2.190364293032e-01    1.773233750430e-03  -3.337285458941e+01  -5.057647590693e-01
 -1.567950103650e-01   -4.089016094949e-02  -3.325859276593e+01  -5.057647590693e-01
 -2.336552664226e-01   -5.300028751129e-02  -3.400817943901e+01  -5.057647590693e-01
 -1.564799477192e-01   -4.083574404818e-02  -3.325828496610e+01  -1.293034225953e+00
 -1.465616186785e-01    6.623332158046e-04  -3.271850215939e+01  -1.293034225953e+00
 -8.131468957679e-02   -2.341374691888e-02  -3.273369700148e+01  -1.293034225953e+00
 -2.654783997740e-01   -8.323019867764e-02  -3.548064109610e+01  -4.815879913161e-01
 -2.916475313925e-01   -5.523248097782e-02  -3.449702953497e+01  -4.815879913161e-01
 -2.345565528418e-01   -5.341805439303e-02  -3.402786180890e+01  -4.815879913161e-01
 -2.657190459088e-01   -8.368417288007e-02  -3.546293622627e+01  -2.113941947200e+00
 -2.282838589333e-01   -7.937649374124e-02  -3.703342486982e+01  -2.113941947200e+00
 -3.055185397178e-01   -8.472873404577e-02  -3.772769453359e+01  -2.113941947200e+00
 -2.906054345933e-01   -5.449527107734e-02  -3.447813527731e+01   1.380336364796e+00
 -2.777765627181e-01   -2.171874104341e-02  -3.325318206621e+01   1.380336364796e+00
 -3.188518934451e-01   -1.662729596305e-02  -3.305585389602e+01   1.380336364796e+00
 -2.665558973491e-01   -8.334108948031e-02  -3.549919989090e+01   9.048053876320e-02
 -2.887854805603e-01   -7.197065746332e-02  -3.605970343461e+01   9.048053876320e-02
 -2.905081349061e-01   -5.497863663987e-02  -3.446886642055e+01   9.048053876320e-02
 -2.881619055646e-01    2.931121462321e-02  -3.377867216938e+01   1.326526485040e-01
 -2.200594636561e-01    1.871169734772e-03  -3.340298948987e+01   1.326526485040e-01
 -2.828201299272e-01   -2.375487936170e-02  -3.378635846566e+01   1.326526485040e-01
 -2.195022476711e-01    1.422999246015e-03  -3.339258983180e+01  -2.254825518984e-01
 -2.334271810358e-01   -5.264367688044e-02  -3.400543064000e+01  -2.254825518984e-01
 -2.832253118552e-01   -2.357802465224e-02  -3.379699937790e+01  -2.254825518984e-01
 -3.194390666257e-01   -1.669370727574e-02  -3.306576787815e+01   1.807887107425e-01
 -2.838781438227e-01   -2.402612787892e-02  -3.380309240227e+01   1.807887107425e-01
 -2.900184502751e-01   -5.478249783290e-02  -3.447055849829e+01   1.807887107425e-01
 -3.200281464865e-01   -1.725900578296e-02  -3.306222128666e+01   5.406929687512e-01
 -3.346435598492e-01    3.502341412165e-03  -3.299326785728e+01   5.406929687512e-01
 -2.835666422272e-01   -2.322742304978e-02  -3.380548310458e+01   5.406929687512e-01
 -3.606917193356e-01   -2.911603999263e-03  -3.203463300661e+01   3.897079494543e-01
 -3.348427033101e-01    2.985310119850e-03  -3.299454389536e+01   3.897079494543e-01
 -3.194932134826e-01   -1.671126175557e-02  -3.305210190395e+01   3.897079494543e-01
 -2.825178350178e-01   -2.345170276925e-02  -3.377480846519e+01   3.464615646616e-01
 -2.345914521121e-01   -5.294085411746e-02  -3.402756977186e+01   3.464615646616e-01
 -2.915598324598e-01   -5.555992343093e-02  -3.449369474168e+01   3.464615646616e-01
 -2.518971067110e-01   -4.474935556321e-02  -3.505983261424e+01   1.234931340336e+00
 -2.768688248382e-01   -2.160964716719e-02  -3.323744757989e+01   1.234931340336e+00
 -2.917613379895e-01   -5.487004354256e-02  -3.448954803634e+01   1.234931340336e+00
 -1.467071041838e-01    9.932953474271e-04  -3.273597315981e+01   9.091951435926e-01
 -2.196207493204e-01    1.869510577339e-03  -3.338476532350e+01   9.091951435926e-01
 -1.591990981682e-01    4.328287697927e-02  -3.319631117222e+01   9.091951435926e-01
 -3.942022788185e-01   -8.473698379879e-04  -1.178883019090e+01  -2.020919518556e+00
 -1.131340436259e-02   -4.615731753710e-04  -1.199495558699e+01  -2.020919518556e+00
 -3.963525440654e-01   -1.021646750899e-03  -1.490374989191e+01  -2.020919518556e+00
 -2.715337911914e-01   -5.364131558317e-02  -3.811758762109e+01   1.555323081662e-01
 -3.060466771118e-01   -8.445009533672e-02  -3.773537261584e+01   1.555323081662e-01
 -3.307338464404e-01   -6.287830967005e-02  -4.035212699539e+01   1.555323081662e-01
 -2.837541863561e-01   -2.760274950666e-03   4.040241673267e-03  -2.763793542090e+00
 -3.807165065206e-04    3.727890002773e-05  -7.078535411511e-03  -2.763793542090e+00
 -1.444306214918e-03   -6.595891487124e-05  -1.997938501527e+00  -2.763793542090e+00
 -7.629216911370e-02    2.068692533101e-04  -3.225038788263e+01   9.268374225954e-01
 -1.470175298143e-01    1.132093474401e-03  -3.272379254839e+01   9.268374225954e-01
 -8.222467967289e-02    2.472861312626e-02  -3.260783473883e+01   9.268374225954e-01
 -1.249616160539e-01    4.986761994117e-02  -3.625303335709e+01   9.370832176616e+00
 -9.502627374988e-04    8.836926843201e-05  -3.918146836418e+01   9.370832176616e+00
 -7.794291534849e-05    2.690779706616e-04  -3.627197994220e+01   9.370832176616e+00
 -1.822279244850e-01   -7.131819686094e-03  -3.106601752545e+01   1.832989141438e+00
 -3.911115030726e-01   -4.001832490768e-03  -2.794490263993e+01   1.832989141438e+00
 -3.098752943188e-01   -6.074499442404e-03  -3.074475146672e+01   1.832989141438e+00
 -8.671935675668e-04   -2.638511279588e-04  -4.268293398148e+01   1.103156982489e+01
 -4.359083443627e-04    4.687429928726e-04  -3.924031990821e+01   1.103156982489e+01
 -1.480161140848e-01    4.191981909075e-02  -3.923463776244e+01   1.103156982489e+01
  1.467152399154e-04    1.399988581602e-04  -3.528362662963e+01   5.039754106510e+00
 -1.514388984276e-01   -2.183178137958e-02  -3.718359588942e+01   5.039754106510e+00
 -3.789634102633e-04   -5.115878091992e-05  -3.698185879709e+01   5.039754106510e+00
 -1.242650791272e-01    4.957161825763e-02  -3.625003676215e+01   1.119944444713e+01
 -1.468356680356e-01    4.214436348239e-02  -3.926750473764e+01   1.119944444713e+01
 -1.658829358149e-03    3.744283820904e-04  -3.919157762454e+01   1.119944444713e+01
 -1.672330775487e-03   -7.338506088413e-05  -4.269256976751e+01   1.280174163310e+01
 -1.472819563283e-01    4.172854615989e-02  -3.923123541335e+01   1.280174163310e+01
 -1.644155839407e-01    2.386415891443e-02  -4.275530935653e+01   1.280174163310e+01
 -6.132206552089e-04    2.308766024318e-04  -3.624157132389e+01   8.291632526661e+00
  2.872019439338e-04    1.512679137925e-04  -3.388974509728e+01   8.291632526661e+00
 -1.239129687822e-01    4.990236178601e-02  -3.628417662854e+01   8.291632526661e+00
 -3.872564534806e-01    8.588202542647e-03  -2.104031748680e+01   4.245452310308e-01
 -3.351174163500e-01    8.415867364841e-03  -2.123529801271e+01   4.245452310308e-01
 -3.027637576765e-01    5.217891919113e-03  -1.880010476015e+01   4.245452310308e-01
 -8.270876243985e-02    2.501023184031e-02  -3.260285120361e+01   5.739793702184e+00
 -9.889419079701e-02    4.158660128306e-02  -3.407987083422e+01   5.739793702184e+00
 -1.179193446459e-03    1.023636236124e-03  -3.385501177845e+01   5.739793702184e+00
 -2.639515585697e-04    3.395087714345e-04  -3.256764673436e+01   2.495953894380e+00
  1.020712832242e-04   -4.996848881380e-04  -3.204208397700e+01   2.495953894380e+00
 -8.261620762040e-02    2.429346933774e-02  -3.261303667771e+01   2.495953894380e+00
 -1.236502227329e-01    4.972265402723e-02  -3.625928273746e+01   5.144818769612e+00
 -9.922851125523e-02    4.186052230842e-02  -3.408376468791e+01   5.144818769612e+00
 -1.931888809071e-01    7.346101277346e-02  -3.466329675454e+01   5.144818769612e+00
 -1.232052585787e-01    4.962580927564e-02  -3.628183049373e+01   7.721841906478e+00
 -2.950961375994e-04    4.986508389802e-04  -3.389126181119e+01   7.721841906478e+00
 -9.940273091000e-02    4.187178845162e-02  -3.406875536036e+01   7.721841906478e+00
 -1.594218513819e-01    4.361009104618e-02  -3.318831438440e+01   3.772292034262e+00
 -1.925592035438e-01    7.317095210752e-02  -3.467849774818e+01   3.772292034262e+00
 -9.963953423672e-02    4.212389475340e-02  -3.406610121514e+01   3.772292034262e+00
 -1.471255611764e-01    4.216866482028e-02  -3.923695489600e+01   6.568968292243e+00
 -1.237598890827e-01    4.963265198045e-02  -3.628712765918e+01   6.568968292243e+00
 -2.377431432742e-01    8.274971816501e-02  -3.691739457916e+01   6.568968292243e+00
 -9.910249503792e-02    4.198566214408e-02  -3.406004881669e+01   3.188979246970e+00
 -8.240371253406e-02    2.454897886646e-02  -3.262658771243e+01   3.188979246970e+00
 -1.598787340199e-01    4.368177969730e-02  -3.319365292535e+01   3.188979246970e+00
 -6.553616172666e-04    7.097049477309e-04  -3.384717541277e+01   4.017340141392e+00
  4.602926807981e-05   -1.412601525039e-04  -3.257683445344e+01   4.017340141392e+00
 -8.318528494179e-02    2.520827985544e-02  -3.260523901327e+01   4.017340141392e+00
 -1.986374003050e-01    2.947503491962e-02  -3.744407826961e+01  -5.419632799781e+00
 -2.754711371487e-03   -9.272808858209e-05  -3.945272687613e+01  -5.419632799781e+00
 -2.293267533571e-01    2.720955515735e-02  -4.047550874755e+01  -5.419632799781e+00
 -2.369568614140e-01    8.256682281682e-02  -3.693818664894e+01   5.602662327108e+00
 -1.242792959154e-01    4.982905651265e-02  -3.626711128027e+01   5.602662327108e+00
 -1.926649135624e-01    7.336370525294e-02  -3.465704619631e+01   5.602662327108e+00
 -3.088693678430e-01    3.751422210351e-02  -4.300375786320e+01   8.266136451407e+00
 -3.198521411142e-01   -3.029634517679e-03  -4.651789155848e+01   8.266136451407e+00
 -1.734981943270e-01   -1.804740904445e-03  -4.648261880663e+01   8.266136451407e+00
 -3.087280662319e-01    3.776260021811e-02  -4.303800636748e+01   7.886313470917e+00
 -1.652896891529e-01    2.377066706522e-02  -4.272843636258e+01   7.886313470917e+00
 -2.794426938294e-01    6.879922586951e-02  -3.975670364639e+01   7.886313470917e+00
 -3.215492469298e-01   -2.808148807801e-03  -4.648355071182e+01   2.413144449206e+00
 -3.677756081582e-01    3.541108366798e-02  -4.325588662012e+01   2.413144449206e+00
 -3.666542216627e-01   -3.498712316701e-03  -4.651754348428e+01   2.413144449206e+00
 -2.526069259034e-01    1.139766084426e-02  -4.435092813418e+01  -1.381340632331e+00
 -3.667121152501e-01   -2.855360634161e-03  -4.649718635153e+01  -1.381340632331e+00
 -3.675518281867e-01    3.462591681647e-02  -4.329669271947e+01  -1.381340632331e+00
 -3.675377827467e-01   -3.295074709513e-03  -4.650590882623e+01  -2.284699264526e+00
 -2.517544470179e-01    1.180385262726e-02  -4.434112666674e+01  -2.284699264526e+00
 -2.509731882176e-01   -1.475254781526e-02  -4.864031313035e+01  -2.284699264526e+00
 -3.215934802384e-01   -3.614368654225e-03  -4.654005645468e+01   2.459274641222e+00
 -3.666343396455e-01   -3.092216664785e-03  -4.649140387155e+01   2.459274641222e+00
 -3.667034239711e-01   -4.334045215868e-02  -4.974963296616e+01   2.459274641222e+00
 -3.686963663899e-01    3.527966920917e-02  -4.327399613544e+01   3.331843036562e+00
 -3.205082290940e-01   -2.584552321468e-03  -4.646938907126e+01   3.331843036562e+00
 -3.088957072327e-01    3.742126002342e-02  -4.305418859325e+01   3.331843036562e+00
 -1.725066746111e-01   -1.757029059418e-03  -4.647930856956e+01   8.040626460344e+00
 -1.644469442315e-01    2.379014139274e-02  -4.275976457193e+01   8.040626460344e+00
 -3.096619034346e-01    3.760529828676e-02  -4.300864755934e+01   8.040626460344e+00
 -3.567040544523e-01    6.799161522376e-02  -4.035087181144e+01   2.679304020927e+00
 -2.798221820319e-01    6.900915802423e-02  -3.977927403579e+01   2.679304020927e+00
 -3.234714893380e-01    9.087747943385e-02  -3.767159911040e+01   2.679304020927e+00
 -2.800873773320e-01    6.895790240553e-02  -3.976345125019e+01   7.533224299845e+00
 -1.645672030496e-01    2.369066879964e-02  -4.272145634058e+01   7.533224299845e+00
 -1.470726781797e-01    4.214359956421e-02  -3.926991692585e+01   7.533224299845e+00
 -3.668279600651e-01    3.549967654699e-02  -4.328253757217e+01  -1.165729667746e+00
 -3.577332089295e-01    6.749077105730e-02  -4.035691046647e+01  -1.165729667746e+00
 -2.326058115813e-01    2.760917198250e-02  -4.049707474515e+01  -1.165729667746e+00
 -3.682919438741e-01    3.486652113335e-02  -4.330626825121e+01   2.516385301891e+00
 -3.091337034274e-01    3.785133535966e-02  -4.302206530652e+01   2.516385301891e+00
 -3.561456802123e-01    6.835541166414e-02  -4.030268123834e+01   2.516385301891e+00
 -2.374998888940e-01    8.254365844317e-02  -3.695449640178e+01   3.567730607103e+00
 -3.242827001083e-01    9.092433004416e-02  -3.769283789134e+01   3.567730607103e+00
 -2.788847601373e-01    6.906461217302e-02  -3.975888266499e+01   3.567730607103e+00
 -3.679642721172e-01    3.516005422699e-02  -4.329486974279e+01  -2.292199585650e+00
 -2.309639294526e-01    2.782486483525e-02  -4.047719084140e+01  -2.292199585650e+00
 -2.521001565998e-01    1.094872362690e-02  -4.435238084925e+01  -2.292199585650e+00
 -3.573204404890e-01    6.772894837095e-02  -4.034890629541e+01  -1.840115603618e+00
 -3.035847073338e-01    6.141240966619e-02  -3.819839839935e+01  -1.840115603618e+00
 -2.327863262017e-01    2.724325248324e-02  -4.049773979716e+01  -1.840115603618e+00
 -3.569009364322e-01    6.831992357077e-02  -4.032433924311e+01   3.569936658074e+00
 -3.083173586262e-01    3.803263579661e-02  -4.300157821600e+01   3.569936658074e+00
 -2.798076947058e-01    6.873592664521e-02  -3.980520077732e+01   3.569936658074e+00
 -1.477933449742e-01    4.228431827286e-02  -3.924381093358e+01   7.026587730932e+00
 -2.371901376604e-01    8.261092181363e-02  -3.691096288979e+01   7.026587730932e+00
 -2.792219721403e-01    6.892542238947e-02  -3.978919799280e+01   7.026587730932e+00
 -1.676527097059e-01    2.304975346793e-02  -3.538767167581e+01  -4.434680117698e+00
 -6.397424622496e-04   -2.080304067040e-04  -3.538653753841e+01  -4.434680117698e+00
 -1.982304175788e-01    2.938718526630e-02  -3.744814452377e+01  -4.434680117698e+00
 -2.788259025952e-01    8.919079780824e-02  -3.546964982081e+01   3.157137578967e+00
 -2.366131416145e-01    8.262823729126e-02  -3.691618765632e+01   3.157137578967e+00
 -1.929399616967e-01    7.329146705194e-02  -3.468974111084e+01   3.157137578967e+00
 -9.441337783934e-04   -5.819851834051e-04  -4.645770111551e+01   1.207980572535e+01
 -5.383931601166e-04    4.488018710629e-04  -4.274448311828e+01   1.207980572535e+01
 -1.654623976276e-01    2.325502393161e-02  -4.272191899643e+01   1.207980572535e+01
 -2.190556278400e-01    1.924588120180e-03  -3.337362558865e+01   7.517484297697e-01
 -2.396803880196e-01    5.745895583764e-02  -3.398601384183e+01   7.517484297697e-01
 -1.597524875296e-01    4.330881526419e-02  -3.320740909812e+01   7.517484297697e-01
 -8.267162893564e-02    2.479548037600e-02  -3.261614328741e+01   1.478087647515e+00
 -1.465483119333e-01    1.131465974313e-03  -3.271870783100e+01   1.478087647515e+00
 -1.594084615214e-01    4.327607461786e-02  -3.320497344476e+01   1.478087647515e+00
 -2.780884133652e-01    8.917817248398e-02  -3.545094646102e+01   2.440215204016e+00
 -3.241521976641e-01    9.077721704829e-02  -3.771389379640e+01   2.440215204016e+00
 -2.374837374726e-01    8.262944025089e-02  -3.693436053017e+01   2.440215204016e+00
 -1.929144943317e-01    7.326303836313e-02  -3.467352466486e+01   1.720296705121e+00
 -2.393841858360e-01    5.759047827636e-02  -3.396595928321e+01   1.720296705121e+00
 -2.786854608656e-01    8.907187504209e-02  -3.548512400178e+01   1.720296705121e+00
 -3.085256357457e-01    6.197236816798e-02  -3.453123877227e+01   7.196192970203e-01
 -2.778725872390e-01    8.873554000917e-02  -3.546872397910e+01   7.196192970203e-01
 -2.405700977680e-01    5.788289774524e-02  -3.400534347304e+01   7.196192970203e-01
 -2.790087858431e-01    8.911809227525e-02  -3.548824470067e+01   9.889069434373e-01
 -3.114236688641e-01    7.964646919959e-02  -3.612672735357e+01   9.889069434373e-01
 -3.231434843414e-01    9.060871751041e-02  -3.769459959328e+01   9.889069434373e-01
 -3.084102637683e-01    6.225914872406e-02  -3.452624775830e+01  -8.017831009490e-02
 -2.406328530609e-01    5.742809008623e-02  -3.400619447044e+01  -8.017831009490e-02
 -2.878830928009e-01    2.902711077143e-02  -3.376696601537e+01  -8.017831009490e-02
 -1.922432969043e-01    7.323291879317e-02  -3.466058501009e+01   2.282440870130e+00
 -1.596480639506e-01    4.344516121184e-02  -3.321484454726e+01   2.282440870130e+00
 -2.398867485090e-01    5.755245710318e-02  -3.397758402990e+01   2.282440870130e+00
 -2.222573732499e-01    1.846787109538e-02  -3.331066771488e+01  -1.830458777603e+00
 -3.000454833019e-01    2.520043746712e-02  -3.321859563517e+01  -1.830458777603e+00
 -2.196383770149e-01    8.244684943578e-03  -3.198233659267e+01  -1.830458777603e+00
 -3.968935706405e-01   -3.645789703960e-03  -2.796363171923e+01   2.397576803573e+00
 -2.197705113147e-03   -5.604310240677e-04  -2.884757635386e+01   2.397576803573e+00
 -3.793421868874e-03    4.426319723303e-04  -2.569760429933e+01   2.397576803573e+00
 -3.075005243992e-01    6.118307970205e-02  -3.451211891528e+01  -1.229685740208e+00
 -3.324157875611e-01    2.015609546420e-02  -3.312889624965e+01  -1.229685740208e+00
 -3.004086256699e-01    2.542981466927e-02  -3.322795681201e+01  -1.229685740208e+00
 -3.068969558243e-01    6.140311973491e-02  -3.450231735449e+01   2.231400187974e-02
 -2.891954900326e-01    2.968354616327e-02  -3.379399610418e+01   2.231400187974e-02
 -3.329152285523e-01    2.035047136705e-02  -3.313875153875e+01   2.231400187974e-02
 -3.333979378871e-01    2.005051803816e-02  -3.314384574760e+01   7.812948773182e-03
 -3.345876033733e-01    3.157381267428e-03  -3.299491006263e+01   7.812948773182e-03
 -3.611068903497e-01   -3.124311598624e-03  -3.203460057823e+01   7.812948773182e-03
 -3.113358154875e-01    7.972316638375e-02  -3.612440670018e+01   1.891857761084e-01
 -2.789413724508e-01    8.885994555990e-02  -3.548669868651e+01   1.891857761084e-01
 -3.074021654492e-01    6.171338110551e-02  -3.450425313430e+01   1.891857761084e-01
 -3.308057365897e-01    2.585143482889e-03  -3.091870891955e+01  -5.252583114865e-01
 -3.333319260849e-01    1.986835988357e-02  -3.315018066555e+01  -5.252583114865e-01
 -3.615629496969e-01   -2.950157281521e-03  -3.203311162153e+01  -5.252583114865e-01
 -3.334875107460e-01    2.096800274127e-02  -3.313903009686e+01  -2.635162898021e-01
 -2.889326287802e-01    2.884296711133e-02  -3.379459524795e+01  -2.635162898021e-01
 -3.346203724769e-01    2.469181914972e-03  -3.299622865343e+01  -2.635162898021e-01
 -2.394857957586e-01    5.709842704648e-02  -3.398402829730e+01   4.400634565343e-01
 -2.194805716126e-01    2.290739780423e-03  -3.339231612652e+01   4.400634565343e-01
 -2.885814040667e-01    2.916287723706e-02  -3.378965962319e+01   4.400634565343e-01
 -2.810081963709e-01    5.279892493876e-02  -3.519469211397e+01  -1.033759517638e+00
 -3.087058237522e-01    6.156156484994e-02  -3.452516839393e+01  -1.033759517638e+00
 -2.994886495565e-01    2.542149439995e-02  -3.321346703421e+01  -1.033759517638e+00
 -3.114358408657e-01    7.940445206834e-02  -3.612641114656e+01  -1.302665792540e+00
 -2.811825875519e-01    5.235806111478e-02  -3.520510060530e+01  -1.302665792540e+00
 -2.774108697608e-01    5.488771657792e-02  -3.651484647389e+01  -1.302665792540e+00
 -3.107881526608e-01    7.934088550984e-02  -3.612026460965e+01  -1.189039683888e+00
 -3.080217887594e-01    6.188853944881e-02  -3.451319639176e+01  -1.189039683888e+00
 -2.817403833018e-01    5.253676990804e-02  -3.521315351730e+01  -1.189039683888e+00
 -3.043677672643e-01    6.118642518055e-02  -3.822088024204e+01  -2.811081217577e+00
 -2.774836360204e-01    5.485033329956e-02  -3.651556626415e+01  -2.811081217577e+00
 -1.985077854413e-01    2.950655867803e-02  -3.745760328696e+01  -2.811081217577e+00
 -2.774459263991e-01    5.479936686636e-02  -3.651886691617e+01  -1.009885787948e+00
 -3.044344551873e-01    6.144375975826e-02  -3.821971428954e+01  -1.009885787948e+00
 -3.114283673697e-01    7.963922682882e-02  -3.612048983343e+01  -1.009885787948e+00
 -1.676148254124e-01    2.303306478457e-02  -3.538835728194e+01  -2.733404481994e+00
 -1.981373178625e-01    2.959929124842e-02  -3.744718589238e+01  -2.733404481994e+00
 -2.778629332492e-01    5.473941783055e-02  -3.652364644508e+01  -2.733404481994e+00
 -3.049935285597e-01    6.117603487114e-02  -3.822161069968e+01  -2.639558273394e+00
 -1.978036085870e-01    2.955179723541e-02  -3.744955361537e+01  -2.639558273394e+00
 -2.302963272389e-01    2.733757044393e-02  -4.047104992281e+01  -2.639558273394e+00
 -2.771549108896e-01    5.471020883699e-02  -3.651801129906e+01  -2.709187616137e+00
 -2.817025589787e-01    5.232080517607e-02  -3.520858381135e+01  -2.709187616137e+00
 -1.684163771611e-01    2.311061201496e-02  -3.539798172971e+01  -2.709187616137e+00
 -3.106159672126e-01    7.970346769512e-02  -3.610412719353e+01  -5.076913285312e-01
 -3.054209196093e-01    6.143873743043e-02  -3.823503705237e+01  -5.076913285312e-01
 -3.243155509808e-01    9.043235197503e-02  -3.771432707014e+01  -5.076913285312e-01
 -2.227824030101e-01    1.813958378559e-02  -3.332167405191e+01  -2.090397775574e+00
 -2.807390002034e-01    5.227323848604e-02  -3.519674082141e+01  -2.090397775574e+00
 -2.995938306231e-01    2.573569297190e-02  -3.321364531391e+01  -2.090397775574e+00
 -2.100339908639e-01    3.037598877516e-03  -3.084553780794e+01  -3.064712046100e+00
 -8.856290416704e-04   -1.541490688813e-04  -3.072126241658e+01  -3.064712046100e+00
 -2.197089006413e-01    8.226863404677e-03  -3.198968064045e+01  -3.064712046100e+00
 -2.099447423594e-01    3.031976731614e-03  -3.083321931590e+01  -1.706956020555e+00
 -3.301630139361e-01    2.468219749635e-03  -3.090162482320e+01  -1.706956020555e+00
 -2.899982110567e-01    3.840711419551e-03  -2.895925827400e+01  -1.706956020555e+00
 -8.736175740480e-04    1.602291502262e-04  -3.330632624279e+01  -3.146472424056e+00
 -2.206138894044e-01    8.357253014097e-03  -3.198277009040e+01  -3.146472424056e+00
 -1.845177899129e-04   -1.579080793655e-04  -3.071615689974e+01  -3.146472424056e+00
 -2.820432976836e-01   -2.690702530796e-03  -2.000932478819e-03  -9.332375262255e-01
 -3.346762541112e-01   -3.189490574191e-03  -2.178462003252e+00  -9.332375262255e-01
 -3.785066709534e-01   -8.687278190000e-04  -2.315801226225e-02  -9.332375262255e-01
  3.793480404273e-04    4.497925347723e-04  -5.712496408671e+01  -3.738450129406e+00
 -1.494618856562e-01   -2.584596261178e-02  -5.662227374981e+01  -3.738450129406e+00
 -5.988835710207e-04   -2.517689919424e-04  -5.639788208508e+01  -3.738450129406e+00
 -3.330136144321e-01    4.384970345247e-03  -2.579875194684e+01   2.542589402955e+00
 -3.938921890787e-01   -3.328758243032e-03  -2.795616744868e+01   2.542589402955e+00
 -5.682851994178e-03    5.097108860888e-04  -2.569782651952e+01   2.542589402955e+00
 -2.221244846453e-01    1.838268719317e-02  -3.330662344516e+01  -2.663873645640e+00
 -1.681171003509e-01    2.337067016424e-02  -3.538826575871e+01  -2.663873645640e+00
 -2.817519484323e-01    5.205241384433e-02  -3.520704261830e+01  -2.663873645640e+00
 -3.923793905282e-01   -6.804105224547e-04  -1.178339813059e+01  -5.065705674185e-02
 -3.610987768866e-01    1.669869453764e-03  -9.878073306832e+00  -5.065705674185e-02
 -3.457056945707e-01   -1.819418804810e-03  -9.489416802790e+00  -5.065705674185e-02
  2.524235634491e-04   -9.179217280505e-05  -3.536716826577e+01  -4.974746154960e+00
 -1.379821105106e-03    2.848227657238e-05  -3.942885549043e+01  -4.974746154960e+00
 -1.995365192033e-01    2.931088531627e-02  -3.745384705340e+01  -4.974746154960e+00
 -3.743626153548e-01    1.845962086395e-03  -2.617864109954e+01  -2.660467146849e+00
 -6.432850598779e-03    5.100525908931e-04  -2.867821078533e+01  -2.660467146849e+00
 -2.874648678925e-01    3.943578485434e-03  -2.894096009403e+01  -2.660467146849e+00
 -3.246687036249e-01    9.050819998705e-02  -3.772152393844e+01   2.411525357915e-01
 -3.050220131040e-01    6.140105715423e-02  -3.822976078862e+01   2.411525357915e-01
 -3.554535495438e-01    6.798266030639e-02  -4.032647697926e+01   2.411525357915e-01
 -3.349479971595e-01    2.977663481898e-03  -3.300863868758e+01   1.139436239035e-01
 -2.883057275583e-01    2.834689375094e-02  -3.378593370084e+01   1.139436239035e-01
 -2.829104935772e-01   -2.279270964028e-02  -3.379364055379e+01   1.139436239035e-01
 -1.598868630705e-03    4.143851408019e-04  -3.945006203890e+01  -5.221008587454e+00
 -2.522760669964e-01    1.179248741314e-02  -4.434339694987e+01  -5.221008587454e+00
 -2.301259962602e-01    2.695246868157e-02  -4.047848855080e+01  -5.221008587454e+00
 -3.898478603594e-01   -3.635204251565e-03  -2.790651225195e+01  -6.890725905753e-01
 -2.942546259905e-01    3.842562074026e-03  -2.895189077982e+01  -6.890725905753e-01
 -3.660112326459e-01   -8.611216535593e-04  -3.087118078375e+01  -6.890725905753e-01
 -3.378228006260e-01   -3.220599959179e-02  -4.337350226125e+01   2.066607778596e+00
 -3.350468325250e-01    1.353905239001e-03  -4.668369802439e+01   2.066607778596e+00
 -1.986984598060e-01   -9.779452138483e-03  -4.439167570184e+01   2.066607778596e+00
 -3.473175981345e-03   -1.526982712126e-04  -1.994307234182e+00  -2.538600828033e+00
 -3.355809619201e-01   -3.168739866330e-03  -2.163482410302e+00  -2.538600828033e+00
 -2.819077842437e-01   -2.732294834893e-03   9.130833830627e-03  -2.538600828033e+00
 -3.650841191600e-01   -9.006440392687e-04  -3.086167670597e+01  -4.759062858534e-01
 -3.309073565891e-01    2.681302121286e-03  -3.091478160014e+01  -4.759062858534e-01
 -3.612735014120e-01   -2.896282686574e-03  -3.203142738313e+01  -4.759062858534e-01
 -4.355963133630e-01   -3.376348320138e-03  -7.561562023579e+00  -1.937410710047e+00
 -3.586169826164e-01   -5.554287366825e-03  -4.506070987253e+00  -1.937410710047e+00
 -1.384207848737e-02    2.689041255440e-04  -6.978390758031e+00  -1.937410710047e+00
 -3.670877195654e-01   -8.355861442639e-04  -3.087457979006e+01  -5.502173996076e-01
 -2.925882052766e-01    3.813669914663e-03  -2.895755009516e+01  -5.502173996076e-01
 -3.288367324678e-01    2.526604836182e-03  -3.091434905555e+01  -5.502173996076e-01
 -2.901359363491e-01    3.734638868881e-03  -2.890997357034e+01  -5.806733209384e-01
 -3.925346852932e-01   -3.250222981449e-03  -2.790025163961e+01  -5.806733209384e-01
 -3.715926283203e-01    1.894239986626e-03  -2.616184796567e+01  -5.806733209384e-01
 -3.608924339659e-01   -2.986883943869e-03  -3.203111501330e+01   1.087517807996e+00
 -3.193783185868e-01   -1.669862340694e-02  -3.305270479770e+01   1.087517807996e+00
 -2.767511020481e-01   -2.149206060274e-02  -3.325341948616e+01   1.087517807996e+00
 -3.110876363572e-01   -5.950294764456e-03  -3.076203321096e+01   7.881551040226e-01
 -3.655495075179e-01   -7.544957332538e-04  -3.086175878842e+01   7.881551040226e-01
 -3.605653327889e-01   -3.144773329730e-03  -3.204066656158e+01   7.881551040226e-01
 -2.763835995819e-01   -2.118869123345e-02  -3.325858677691e+01   1.701822618609e+00
 -1.921465218061e-01   -7.382994448232e-03  -3.208384133909e+01   1.701822618609e+00
 -3.617000383812e-01   -3.326201288480e-03  -3.203337724201e+01   1.701822618609e+00
 -3.527383255791e-04    2.322537678029e-04  -3.185477585374e+01   3.238975883137e+00
 -1.945026625333e-01   -1.370657607134e-02  -3.321310063868e+01   3.238975883137e+00
 -4.451629933893e-04   -7.824243595131e-05  -3.329127038651e+01   3.238975883137e+00
 -1.935638681512e-01   -1.366377955245e-02  -3.320961580695e+01   3.255240453472e+00
 -1.021897315961e-03    2.857886150901e-04  -3.186112070546e+01   3.255240453472e+00
 -1.899763867588e-01   -7.113575627892e-03  -3.206833168242e+01   3.255240453472e+00
 -3.300020855581e-01    2.206775728277e-03  -3.091353217788e+01  -8.989529673360e-01
 -2.990818744676e-01    2.495401866852e-02  -3.320774452245e+01  -8.989529673360e-01
 -3.337225087649e-01    2.018943735817e-02  -3.315124166687e+01  -8.989529673360e-01
 -2.098028126353e-01    2.998036213235e-03  -3.084124929810e+01  -1.806162967092e+00
 -2.196729423638e-01    8.358555542202e-03  -3.199805568899e+01  -1.806162967092e+00
 -3.306751633726e-01    2.465594931334e-03  -3.090884071251e+01  -1.806162967092e+00
 -3.346250306695e-01   -2.794360736403e-03  -2.187194933881e+00  -2.950800369969e-01
 -3.603626515548e-01   -5.857347074274e-03  -4.636638611582e+00  -2.950800369969e-01
 -3.794917224172e-01   -4.851899686583e-03  -2.871482227980e+00  -2.950800369969e-01
 -5.403817751367e-03   -2.644014307062e-04  -2.306143753938e+01  -2.515016495346e+00
 -3.847487778056e-01    6.970632131316e-03  -2.092633061104e+01  -2.515016495346e+00
 -2.403228316354e-04   -2.213196918101e-04  -2.050310555531e+01  -2.515016495346e+00
 -1.029221978598e-02    1.701652821909e-04  -2.331852018048e+01   2.038021486390e+00
 -4.354831810059e-01    4.838297287540e-03  -2.345770698399e+01   2.038021486390e+00
 -3.337199557971e-01    4.130258417597e-03  -2.588350660179e+01   2.038021486390e+00
 -4.320060784210e-01    4.924292497886e-03  -2.346701887294e+01  -2.011561073045e+00
 -1.091170241964e-02   -2.116514002513e-04  -2.322277065148e+01  -2.011561073045e+00
 -3.733520830653e-01    1.575623034018e-03  -2.629698949711e+01  -2.011561073045e+00
 -3.432424805337e-01   -1.032780115930e-04  -1.342175343087e+01   5.277702352340e-01
 -3.993936932207e-01   -1.215614697802e-03  -1.480039624318e+01   5.277702352340e-01
 -3.422381095798e-01   -3.996085979684e-03  -1.622169485197e+01   5.277702352340e-01
 -3.458745850191e-01   -1.916267915803e-03  -9.495112639188e+00  -2.513996088414e+00
  1.325383028128e-04    4.130336070263e-05  -9.472178154794e+00  -2.513996088414e+00
 -4.100255007181e-03   -1.675592638806e-04  -1.187623867114e+01  -2.513996088414e+00
 -3.049139847257e-01    5.240348444176e-03  -1.876401627916e+01   6.857091633657e-01
 -3.987513746350e-01    5.270632176078e-03  -1.786215195902e+01   6.857091633657e-01
 -3.847023645607e-01    8.507121887060e-03  -2.105025096742e+01   6.857091633657e-01
 -3.960578192316e-01   -9.924883747421e-04  -1.465227949500e+01  -1.954609831383e+00
 -1.277916737874e-02    6.210858615296e-04  -1.781188717313e+01  -1.954609831383e+00
 -4.022925511933e-01    4.997956991779e-03  -1.784915027161e+01  -1.954609831383e+00
 -3.408153176504e-01   -8.509859155987e-05  -1.338972546850e+01   5.488513610255e-01
 -3.560891245686e-01    1.512896342159e-03  -9.866807200198e+00   5.488513610255e-01
 -3.958605228754e-01   -4.218145840446e-04  -1.177378575589e+01   5.488513610255e-01
 -4.031717603348e-01    5.607086306533e-03  -1.792020672602e+01  -1.901537964648e+00
 -1.159247860603e-02    8.311231411156e-05  -1.793924177217e+01  -1.901537964648e+00
 -3.811409958622e-01    7.675394088068e-03  -2.110927474020e+01  -1.901537964648e+00
 -3.830827390977e-01   -4.321371377865e-03  -2.871985477064e+00   2.478330812397e+00
 -3.814034958881e-03   -2.839613013708e-04  -4.783964835836e+00   2.478330812397e+00
 -2.381875109772e-03    3.859542684049e-04  -1.806687621613e+00   2.478330812397e+00
 -4.425821335874e-03    3.379881459310e-04  -4.403597584864e+00  -2.429289982831e+00
 -3.602512057878e-01   -5.241620548760e-03  -4.612337902034e+00  -2.429289982831e+00
 -3.351394525226e-01   -3.003067915523e-03  -2.170086900134e+00  -2.429289982831e+00
 -2.091584981157e-03    1.748986448188e-04  -4.406077456488e+00  -2.565095076211e+00
 -3.375941938618e-01   -3.077394572067e-03  -2.164978099832e+00  -2.565095076211e+00
 -1.705952810294e-03   -1.741244086950e-04  -2.010743638482e+00  -2.565095076211e+00
 -3.762968609014e-01   -7.637033680520e-04  -2.362010062487e-02  -3.319478622663e-01
 -3.369308608833e-01   -3.245679965922e-03  -2.167316204335e+00  -3.319478622663e-01
 -3.769227073968e-01   -4.185108528666e-03  -2.867831586558e+00  -3.319478622663e-01
  2.589611430246e-04   -8.554135014407e-05  -9.404697584366e+00  -2.513002938176e+00
 -3.453367548753e-01   -1.840183882883e-03  -9.613856579885e+00  -2.513002938176e+00
 -5.856203971997e-03   -1.919547138133e-05  -7.138903328445e+00  -2.513002938176e+00
 -3.634071535770e-01   -6.230131987525e-03  -4.637200209262e+00   2.507457849262e-01
 -4.277585926623e-01   -3.246905037948e-03  -7.608085471284e+00   2.507457849262e-01
 -3.311070774194e-01   -8.718766871553e-03  -5.527542307217e+00   2.507457849262e-01
 -3.628372418622e-01   -5.121502447981e-03  -4.563006157377e+00  -2.455751050143e+00
 -1.350502633510e-03    2.950466276185e-04  -4.446842481402e+00  -2.455751050143e+00
 -6.038086286809e-03    1.787765304646e-04  -6.968941442500e+00  -2.455751050143e+00
 -3.646735240248e-01   -6.274775181356e-03  -4.630692762626e+00   2.375058510676e-01
 -3.306108008122e-01   -8.750261827142e-03  -5.457093981342e+00   2.375058510676e-01
 -3.766173410441e-01   -4.890624149233e-03  -2.835802440219e+00   2.375058510676e-01
 -1.187932075575e-03   -1.580459231833e-04  -4.774606767929e+00   2.734052235939e+00
 -3.306000009101e-01   -8.051550448183e-03  -5.424593479763e+00   2.734052235939e+00
 -2.658874195016e-03    2.786385437175e-04  -7.271267861664e+00   2.734052235939e+00
 -8.095715391602e-03    5.127855025708e-04  -7.287834850876e+00   2.287332124956e+00
 -3.276489171447e-01   -8.147547773490e-03  -5.406857593974e+00   2.287332124956e+00
 -4.306086659499e-01   -2.945302792458e-03  -7.570347414465e+00   2.287332124956e+00
 -3.780761266837e-01    1.780938779473e-03  -2.620060552977e+01  -2.608299700215e+00
 -7.274824635176e-04   -2.509392832558e-04  -2.594779832865e+01  -2.608299700215e+00
 -3.545168748267e-03    3.076223284127e-04  -2.866213383618e+01  -2.608299700215e+00
 -3.365506287631e-01    3.991881813985e-03  -2.582174142597e+01   2.852669257970e-01
 -3.755464586686e-01    1.761629133970e-03  -2.618415392281e+01   2.852669257970e-01
 -3.890851563534e-01   -3.115223832456e-03  -2.795809732471e+01   2.852669257970e-01
 -1.338973906696e-03   -6.198515306588e-05  -2.035595844437e+01   2.637939004768e+00
 -3.389229359756e-01    8.047003441617e-03  -2.113100270322e+01   2.637939004768e+00
 -3.660524807806e-03   -5.760876090216e-05  -2.323385893260e+01   2.637939004768e+00
 -3.747758073828e-01    1.609592661173e-03  -2.618192048550e+01   3.910162444785e-01
 -3.378683457954e-01    3.969947786851e-03  -2.576502788065e+01   3.910162444785e-01
 -4.290492079488e-01    4.814962442518e-03  -2.343906223121e+01   3.910162444785e-01
 -3.365725402018e-01    4.461253657686e-03  -2.583935056287e+01   2.556618415101e+00
 -1.064963434622e-03    2.958970912931e-04  -2.569596187605e+01   2.556618415101e+00
 -4.170863014727e-03    9.779486617914e-05  -2.333979202320e+01   2.556618415101e+00
 -3.528226206844e-03    1.098583996342e-04  -7.385476352649e+00   2.737897467369e+00
 -3.616012186321e-01    1.648529774106e-03  -9.885788667841e+00   2.737897467369e+00
 -3.850992824113e-04   -1.056923465369e-05  -1.031532682698e+01   2.737897467369e+00
 -5.490799027999e-04   -1.230301268439e-04  -2.591176997619e+01  -2.604302553213e+00
 -3.775313587579e-01    1.512255049441e-03  -2.625932950095e+01  -2.604302553213e+00
 -4.978189985605e-03   -1.372916530307e-04  -2.323211865677e+01  -2.604302553213e+00
 -3.465756882079e-01   -1.742005122382e-03  -9.526849055737e+00  -2.233193692139e-01
 -3.597749369705e-01    1.716515569991e-03  -9.793142469296e+00  -2.233193692139e-01
 -4.278729724142e-01   -2.746566075151e-03  -7.544977352042e+00  -2.233193692139e-01
 -1.280917980582e-02   -6.417592460417e-06  -7.110844062050e+00  -1.771369494325e+00
 -3.414000499325e-01   -1.704050451419e-03  -9.687404638432e+00  -1.771369494325e+00
 -4.363275051880e-01   -3.061309525669e-03  -7.585099131388e+00  -1.771369494325e+00
 -3.428394013973e-01   -1.847136868420e-03  -9.426854301292e+00  -1.966978668163e+00
 -9.363370712925e-03   -4.038149795104e-04  -1.189677428429e+01  -1.966978668163e+00
 -3.957483685740e-01   -9.184038832023e-04  -1.174401797832e+01  -1.966978668163e+00
 -3.434430565429e-01   -2.956114145904e-04  -1.342235538031e+01   2.700319590077e+00
 -3.424846039463e-01   -3.709061828752e-03  -1.621748800617e+01   2.700319590077e+00
 -5.101042429875e-03    2.933390763315e-05  -1.543859333499e+01   2.700319590077e+00
 -4.012499740549e-01   -9.998457090255e-04  -1.483732746598e+01  -2.360931745561e+00
 -5.605528751477e-03   -2.735938227532e-04  -1.202317955305e+01  -2.360931745561e+00
 -8.171125945918e-04    1.196039031221e-04  -1.489723156330e+01  -2.360931745561e+00
 -6.584736799646e-04    5.510369373229e-05  -1.032795283808e+01   2.735592893171e+00
 -3.605471238363e-01    1.486398479521e-03  -9.870539318994e+00   2.735592893171e+00
 -3.059558756314e-03   -1.240491953861e-04  -1.278672894380e+01   2.735592893171e+00
 -3.374460686628e-01    8.554362482167e-03  -2.125375705141e+01   5.035310715328e-01
 -3.825911114350e-01    8.069924985402e-03  -2.100016109235e+01   5.035310715328e-01
 -4.278343457709e-01    4.928145695639e-03  -2.342757021617e+01   5.035310715328e-01
 -1.078849750842e-02    4.068709811462e-06  -2.323151205257e+01   2.149901654872e+00
 -3.342834061718e-01    8.076499961163e-03  -2.109853061386e+01   2.149901654872e+00
 -4.348020716344e-01    5.014917902305e-03  -2.343101278664e+01   2.149901654872e+00
 -3.274493179724e-03   -2.189202895157e-04  -2.031970697023e+01   2.677386148538e+00
 -2.993223144148e-01    4.656240099251e-03  -1.883287965747e+01   2.677386148538e+00
 -3.370514721808e-01    8.323236090753e-03  -2.116136792477e+01   2.677386148538e+00
 -3.004002422742e-01    4.024230899837e-03  -1.886073688106e+01   2.918372700554e+00
 -9.291370664825e-04    6.979349889892e-06  -2.031420401421e+01   2.918372700554e+00
 -1.170451148774e-03   -2.667830263412e-04  -1.821208670864e+01   2.918372700554e+00
 -1.815503445610e-03    1.359506432786e-04  -1.542878573607e+01   2.732397343425e+00
 -3.455442921757e-01   -3.786707927964e-03  -1.622368021974e+01   2.732397343425e+00
 -2.034219445231e-03   -1.166752374878e-04  -1.820762432809e+01   2.732397343425e+00
 -3.442798985846e-01   -4.302338071305e-03  -1.627181512413e+01   4.803857901044e-01
 -3.964442207317e-01   -1.226166561007e-03  -1.472738012343e+01   4.803857901044e-01
 -3.995811575655e-01    4.746996211234e-03  -1.783944787448e+01   4.803857901044e-01
 -6.255689937015e-03    3.981951776900e-04  -1.778681121528e+01  -2.362429418695e+00
 -4.011233683030e-01   -7.509106753189e-04  -1.472108273696e+01  -2.362429418695e+00
 -6.935010324395e-04   -3.649972050044e-06  -1.496519083996e+01  -2.362429418695e+00
 -1.015915257468e-04   -4.102237697078e-04  -2.044035306214e+01  -2.517235647159e+00
 -3.848819219384e-01    7.157839235900e-03  -2.103265599326e+01  -2.517235647159e+00
 -5.287118126859e-03    1.010207034192e-05  -1.795348564904e+01  -2.517235647159e+00
 -3.421270510249e-01   -3.989495953913e-03  -1.624110484483e+01   2.729510574507e+00
 -2.971120216657e-01    4.004613958766e-03  -1.886516436491e+01   2.729510574507e+00
 -4.780881144459e-03   -3.448368538523e-04  -1.821456774346e+01   2.729510574507e+00
 -3.407300764808e-01   -4.308503400586e-03  -1.625552524438e+01   8.798995555566e-01
 -4.022381963343e-01    5.062250341554e-03  -1.782937952278e+01   8.798995555566e-01
 -2.983840903108e-01    4.520864525642e-03  -1.883066670751e+01   8.798995555566e-01
 -3.456827756227e-01   -3.623149327035e-04  -1.341752677551e+01   2.698710059620e+00
 -2.302443609740e-03   -2.848782688306e-05  -1.544263898718e+01   2.698710059620e+00
 -1.791730981233e-03   -7.228494568729e-05  -1.277689972439e+01   2.698710059620e+00
 -3.570810679859e-01    1.487867022793e-03  -9.865652765654e+00   2.641672417962e+00
 -3.406663095104e-01   -2.030995841938e-04  -1.339723732122e+01   2.641672417962e+00
 -6.201770016383e-03   -1.838490000528e-04  -1.278595978060e+01   2.641672417962e+00
 -3.962322974723e-01   -1.104466588608e-03  -1.486285773993e+01   4.764574636214e-01
 -3.456201067028e-01    4.900440585240e-05  -1.338558321858e+01   4.764574636214e-01
 -3.924415023583e-01   -5.184539505407e-04  -1.178698917581e+01   4.764574636214e-01
