
 -8.725998038687e-04    1.062852461145e-03  -1.062451483336e+02   6.080642714588e+00
 -2.748665783319e-01    9.762164056229e-04  -1.070708974327e+02   6.080642714588e+00
  1.519214725761e-04   -4.378913841015e-04  -1.065493574736e+02   6.080642714588e+00
 -3.336996359983e-01    4.647709600646e-02  -9.811491718714e+01   1.109309720639e+01
  2.384536280753e-04    2.071090596402e-05  -1.022663975009e+02   1.109309720639e+01
 -9.263054117191e-04   -2.616303732042e-05  -9.795629754266e+01   1.109309720639e+01
 -2.746339528559e-01   -5.926924197758e-04  -1.070772264246e+02   6.421948102334e+00
 -4.486730036140e-01    9.622593606875e-02  -1.069209340985e+02   6.421948102334e+00
 -4.802259904602e-01    1.299478309564e-03  -1.085729243174e+02   6.421948102334e+00
 -4.504644433177e-01    9.535841241816e-02  -1.068934603195e+02   6.070633228724e+00
 -2.731564505177e-01    2.693070132525e-04  -1.071200606818e+02   6.070633228724e+00
 -2.101263462532e-01    3.803560187660e-02  -1.059691535352e+02   6.070633228724e+00
 -5.580533951230e-01    1.192095000105e-01  -1.094112969894e+02   4.275480667697e+00
 -4.804301903653e-01    1.299409333885e-03  -1.086279350245e+02   4.275480667697e+00
 -4.489166380836e-01    9.699058840029e-02  -1.068883760708e+02   4.275480667697e+00
 -6.945987578427e-01   -7.109471979936e-03  -5.334856411576e+00   4.607413203001e+00
 -9.319348518531e-03    5.754541049930e-04  -3.361942047798e+00   4.607413203001e+00
 -5.074994525636e-01    7.156242633415e-03   2.763020516760e-02   4.607413203001e+00
 -2.106425400623e-01    3.745067709379e-02  -1.059616809218e+02   5.817450193334e+00
 -4.311364463072e-01    1.042513615216e-01  -1.048150310425e+02   5.817450193334e+00
 -4.504311151729e-01    9.593511232492e-02  -1.068815695719e+02   5.817450193334e+00
 -6.647639054331e-01   -6.221935768373e-03  -5.948245699055e+01   2.640049766083e+00
 -3.526136458890e-01   -1.364342861134e-02  -5.956893723656e+01   2.640049766083e+00
 -5.694221003532e-01   -1.090257702578e-02  -5.713171848157e+01   2.640049766083e+00
 -2.603606004410e-01    5.074424237357e-02  -1.031625002729e+02   5.571672713817e+00
 -3.339585854142e-01    4.669976525114e-02  -9.811127387419e+01   5.571672713817e+00
 -4.881113488998e-01    1.153230952802e-01  -1.019219119302e+02   5.571672713817e+00
 -9.450671772415e-04   -2.090657384147e-04  -1.050672956751e+02   7.987282295581e+00
 -2.595241807108e-01    5.048363278425e-02  -1.031798882777e+02   7.987282295581e+00
 -2.099492886886e-01    3.773334843666e-02  -1.059890860604e+02   7.987282295581e+00
 -4.317533195155e-01    1.043238248864e-01  -1.048058818768e+02   2.810392797604e+00
 -4.872696457619e-01    1.159448256664e-01  -1.019263176687e+02   2.810392797604e+00
 -5.295508024861e-01    1.569025581933e-01  -1.059487769068e+02   2.810392797604e+00
 -4.871876018776e-01    1.154111378102e-01  -1.019283118386e+02   5.946815615171e+00
 -4.317304635406e-01    1.044214456090e-01  -1.048097572918e+02   5.946815615171e+00
 -2.613597958123e-01    5.066570732317e-02  -1.031464386465e+02   5.946815615171e+00
 -5.638959901724e-01    1.746107137873e-01  -1.030726575961e+02   1.747778317315e+00
 -5.280831964478e-01    1.570052629369e-01  -1.059814528883e+02   1.747778317315e+00
 -4.891283638655e-01    1.159293230789e-01  -1.018961598726e+02   1.747778317315e+00
 -4.316542618629e-01    1.044604682479e-01  -1.048078047525e+02   3.595493842579e+00
 -5.296262960100e-01    1.565798234860e-01  -1.059488033191e+02   3.595493842579e+00
 -4.495397633645e-01    9.619168434770e-02  -1.069009011030e+02   3.595493842579e+00
 -5.644824775299e-01    1.747464431288e-01  -1.030550723371e+02   3.729486991552e-01
 -4.885345773407e-01    1.158270707270e-01  -1.019115965808e+02   3.729486991552e-01
 -6.055703130918e-01    1.286580116617e-01  -9.812956603883e+01   3.729486991552e-01
 -2.603245915269e-01    5.089331319264e-02  -1.031725831705e+02   5.733129538337e+00
 -4.323650486182e-01    1.041846322539e-01  -1.047960403121e+02   5.733129538337e+00
 -2.093880041132e-01    3.747159918563e-02  -1.059942248244e+02   5.733129538337e+00
 -1.000061586040e-03    2.725198341014e-04  -8.512099263231e+01   1.213041579699e+01
 -5.318395035517e-04   -4.846979110994e-04  -7.294434393762e+01   1.213041579699e+01
 -3.651395986474e-01   -1.879924292966e-02  -8.225196591558e+01   1.213041579699e+01
 -5.565862719924e-01    1.194671573052e-01  -1.094041846567e+02   3.613986470412e+00
 -4.504669211860e-01    9.643942617795e-02  -1.068795221169e+02   3.613986470412e+00
 -5.285077506735e-01    1.566199519137e-01  -1.059626485431e+02   3.613986470412e+00
 -6.186792418940e-01    2.590374393576e-03  -1.112640220050e+02   2.400189554755e+00
 -5.548735550423e-01    1.183556725330e-01  -1.094000925636e+02   2.400189554755e+00
 -5.715362759265e-01    5.252166495153e-02  -1.118915485556e+02   2.400189554755e+00
 -6.171537198965e-01    7.289026659913e-04  -1.112331676938e+02   5.342234150512e+00
 -4.818052523507e-01    7.095126029220e-04  -1.086165972093e+02   5.342234150512e+00
 -5.563838080495e-01    1.192833980102e-01  -1.094271722232e+02   5.342234150512e+00
 -6.194339544164e-01    2.512063483845e-03  -1.112918231829e+02   2.504666469057e+00
 -5.710541059126e-01    5.196898630420e-02  -1.118873393308e+02   2.504666469057e+00
 -6.858489741833e-01   -8.501053473588e-04  -1.132557443799e+02   2.504666469057e+00
 -5.688785136301e-01    5.024489574526e-02  -1.118903254862e+02   1.281040383523e+00
 -5.580134680539e-01    1.200667907973e-01  -1.093931277370e+02   1.281040383523e+00
 -4.596465238498e-01    1.099581252204e-01  -1.105702368805e+02   1.281040383523e+00
 -4.386410451683e-01   -8.601979209791e-03  -1.118207766924e+02  -2.559001454933e-01
 -5.702867134748e-01    5.039625033557e-02  -1.118440087180e+02  -2.559001454933e-01
 -4.573684556783e-01    1.091590380106e-01  -1.106053415082e+02  -2.559001454933e-01
 -5.696420304168e-01    4.860545664158e-02  -1.118723763433e+02   8.094379125752e-01
 -5.783286920513e-01   -6.231877858467e-02  -1.118098675294e+02   8.094379125752e-01
 -6.864885465276e-01    2.213309288378e-03  -1.132501825476e+02   8.094379125752e-01
 -5.580066654987e-01    1.196510214210e-01  -1.093840342391e+02  -3.913269244381e-01
 -5.009136962942e-01    1.734994923846e-01  -1.074802771028e+02  -3.913269244381e-01
 -4.596360702974e-01    1.107425614337e-01  -1.105754604073e+02  -3.913269244381e-01
 -3.856924045727e-01    5.517532389003e-03  -5.726977114506e+01  -4.940274266823e+00
 -5.324898556504e-01    7.378271188275e-03  -5.380511838299e+01  -4.940274266823e+00
 -5.883646059449e-03    5.853878010472e-04  -5.323747910930e+01  -4.940274266823e+00
 -3.555821098851e-01    1.408886220416e-01  -1.089340938023e+02  -5.326368536783e+00
 -5.028668336921e-01    1.742670530337e-01  -1.074845484925e+02  -5.326368536783e+00
 -4.244816842362e-01    1.581889940804e-01  -1.045767027159e+02  -5.326368536783e+00
 -5.031231277580e-01    1.737092016324e-01  -1.074541732970e+02   7.743781969719e-01
 -5.555451968056e-01    1.191975831258e-01  -1.094236052665e+02   7.743781969719e-01
 -5.295956971353e-01    1.571547232666e-01  -1.059477856793e+02   7.743781969719e-01
 -1.573755896941e-01    4.408854812449e-02  -1.127264602016e+02  -5.728192320880e+00
 -3.052832437662e-01    8.034354913577e-02  -1.118459338125e+02  -5.728192320880e+00
 -1.847797885200e-01    8.212789756464e-02  -1.101469507644e+02  -5.728192320880e+00
 -3.050374223894e-01    7.999052332858e-02  -1.118125197659e+02  -3.842735792386e+00
 -4.579933067800e-01    1.098914869164e-01  -1.106160575788e+02  -3.842735792386e+00
 -3.541197961623e-01    1.408027101720e-01  -1.089887033485e+02  -3.842735792386e+00
 -3.548531059062e-01    1.406941714249e-01  -1.089585261468e+02  -6.412925353075e+00
 -1.857601945722e-01    8.228656980985e-02  -1.101313902366e+02  -6.412925353075e+00
 -3.044469705249e-01    8.028076775713e-02  -1.118574867108e+02  -6.412925353075e+00
 -3.050794912367e-01    7.977194379807e-02  -1.118248100496e+02  -8.425721235071e-01
 -4.376388962837e-01   -9.200245696017e-03  -1.118571737699e+02  -8.425721235071e-01
 -4.578094454773e-01    1.097082725012e-01  -1.106028217799e+02  -8.425721235071e-01
 -5.636220519012e-01    1.752395871097e-01  -1.030694543499e+02  -3.816906118116e+00
 -4.261802442819e-01    1.581923710423e-01  -1.045442400304e+02  -3.816906118116e+00
 -5.014059499055e-01    1.742532193164e-01  -1.075180065401e+02  -3.816906118116e+00
 -3.554016648396e-01    1.407974196188e-01  -1.089634819112e+02  -2.401404972692e+00
 -4.570456788719e-01    1.100628902701e-01  -1.106390665326e+02  -2.401404972692e+00
 -5.027003143344e-01    1.741024578227e-01  -1.074551916407e+02  -2.401404972692e+00
 -5.616188025429e-01    1.749303480352e-01  -1.031048545579e+02  -9.840799530927e-01
 -5.032564287334e-01    1.741820611343e-01  -1.074489545514e+02  -9.840799530927e-01
 -5.297830401311e-01    1.569336496442e-01  -1.059455301137e+02  -9.840799530927e-01
 -3.045660504062e-01    7.962924645058e-02  -1.118275493965e+02  -2.359235875325e+00
 -1.577464476523e-01    4.458024138569e-02  -1.127485216573e+02  -2.359235875325e+00
 -2.885778989920e-01   -6.805705532138e-03  -1.128459532293e+02  -2.359235875325e+00
 -6.088793864638e-01    1.282182396631e-01  -9.808379318887e+01   4.011466446022e+00
 -4.858802466168e-01    1.157279480999e-01  -1.019696410028e+02   4.011466446022e+00
 -3.379501424549e-01    4.653065636063e-02  -9.805413874268e+01   4.011466446022e+00
 -6.889208967679e-01   -7.277017948466e-03  -5.361110718052e+00   1.830617721198e+00
 -5.099726826284e-01    7.071266609217e-03  -7.793565583751e-03   1.830617721198e+00
 -6.914207424961e-01   -1.451130722972e-03  -6.759333671877e-02   1.830617721198e+00
 -6.193574834408e-01    6.687320992743e-02  -9.261794689074e+01   3.811066791741e+00
 -3.617153785583e-01    1.915133794669e-02  -9.067818810358e+01   3.811066791741e+00
 -6.158303522361e-01    3.405531426013e-03  -8.650939391773e+01   3.811066791741e+00
 -6.180162107259e-01    6.840105003896e-02  -9.264757889085e+01   2.907656869058e+00
 -6.096635414558e-01    1.277329319378e-01  -9.806364507757e+01   2.907656869058e+00
 -3.375614263185e-01    4.725909871200e-02  -9.806451865015e+01   2.907656869058e+00
 -5.638544548640e-01    1.754563650376e-01  -1.031118012896e+02  -5.946774987501e+00
 -4.932999628978e-01    1.319563812855e-01  -9.913721991986e+01  -5.946774987501e+00
 -4.262459649608e-01    1.580488585805e-01  -1.045036831747e+02  -5.946774987501e+00
 -4.950768257129e-01    1.319058190257e-01  -9.910053216205e+01  -4.287987828855e+00
 -5.622826799458e-01    1.753116585419e-01  -1.031504568319e+02  -4.287987828855e+00
 -6.079078821389e-01    1.287455751003e-01  -9.808253662549e+01  -4.287987828855e+00
 -5.424465017704e-01    7.520693515101e-02  -9.304031720427e+01  -5.802492699195e+00
 -4.950221529882e-01    1.314299125779e-01  -9.904951247272e+01  -5.802492699195e+00
 -6.082964071791e-01    1.293097197356e-01  -9.813427067087e+01  -5.802492699195e+00
 -2.615888085987e-01    8.003100004875e-02  -1.000116992576e+02  -1.253955266528e+01
 -4.256122011348e-01    1.580976401602e-01  -1.045857176273e+02  -1.253955266528e+01
 -4.939917886410e-01    1.317512636086e-01  -9.907843270983e+01  -1.253955266528e+01
 -6.068718628493e-01    1.292858380217e-01  -9.817411581401e+01  -3.855670347646e+00
 -6.207137105257e-01    6.732123830165e-02  -9.259320955110e+01  -3.855670347646e+00
 -5.439554283299e-01    7.493536597062e-02  -9.300277657792e+01  -3.855670347646e+00
 -6.201412389545e-01    6.782818388055e-02  -9.262055630727e+01   5.257305048514e+00
 -3.347856204281e-01    4.766448121003e-02  -9.811610086972e+01   5.257305048514e+00
 -3.603943368815e-01    1.836497256159e-02  -9.068175497598e+01   5.257305048514e+00
 -5.634199230909e-01    3.867087784099e-03  -8.658809778865e+01  -5.204683488223e+00
 -5.435059721961e-01    7.413865343135e-02  -9.294337630032e+01  -5.204683488223e+00
 -6.214683615328e-01    6.810149348416e-02  -9.265070569770e+01  -5.204683488223e+00
 -1.048090934172e-03    5.951525144965e-04  -8.648030283838e+01  -2.244345463896e+01
 -3.131517099257e-01    7.417358929386e-04  -8.655287085464e+01  -2.244345463896e+01
 -9.786626148518e-04   -1.368253784421e-03  -7.959130585579e+01  -2.244345463896e+01
 -5.447285292925e-01    7.453323356479e-02  -9.302404342275e+01  -1.412142262400e+01
 -3.119340177852e-01    1.772389436017e-03  -8.656267219277e+01  -1.412142262400e+01
 -2.933494644993e-01    4.823732284772e-02  -9.342437341212e+01  -1.412142262400e+01
 -3.135280692063e-01    1.701077839693e-03  -8.655843468602e+01  -1.417986607688e+01
 -5.433700521072e-01    7.434506882036e-02  -9.303186565094e+01  -1.417986607688e+01
 -5.621779298132e-01    3.013376259288e-03  -8.650286333645e+01  -1.417986607688e+01
 -2.934103853826e-01    4.770632331620e-02  -9.347419288903e+01  -2.413270806834e+01
 -3.114350804951e-01    2.793163503618e-03  -8.647574716751e+01  -2.413270806834e+01
 -2.261613951554e-03    1.374167590857e-03  -9.348573186263e+01  -2.413270806834e+01
 -5.432876908226e-01    7.478175225429e-02  -9.297102209225e+01  -1.383503557152e+01
 -2.945019678676e-01    4.819459743025e-02  -9.348386395463e+01  -1.383503557152e+01
 -4.941869595939e-01    1.314449036080e-01  -9.913888903844e+01  -1.383503557152e+01
 -5.423517753342e-01   -6.765646089522e-02  -8.001440566300e+01  -1.411878395875e+01
 -3.134294468877e-01    1.938117740780e-03  -8.647202760414e+01  -1.411878395875e+01
 -5.622114369971e-01    2.498281013000e-03  -8.652536961243e+01  -1.411878395875e+01
 -5.653258523893e-01    3.529482415803e-03  -8.656283827944e+01  -3.482692772773e+00
 -6.197677388233e-01    6.827954958171e-02  -9.268398581806e+01  -3.482692772773e+00
 -6.156180717281e-01    2.298373841327e-03  -8.647494222489e+01  -3.482692772773e+00
 -3.602148121848e-01    1.974244377826e-02  -9.069070716966e+01   5.490070329333e+00
 -3.632886447102e-01   -1.886077882684e-02  -8.224119081557e+01   5.490070329333e+00
 -6.173842585637e-01    2.719455698573e-03  -8.649813913933e+01   5.490070329333e+00
 -2.603551530966e-01    7.981199698357e-02  -9.995964949834e+01  -1.339062517229e+01
 -4.955005374473e-01    1.317589469226e-01  -9.912653437942e+01  -1.339062517229e+01
 -2.929497644154e-01    4.805982841109e-02  -9.349729042083e+01  -1.339062517229e+01
 -4.647391456343e-05    1.900646466830e-04  -1.101237933781e+02  -1.298115499299e+01
 -1.869314404439e-01    8.275106768335e-02  -1.101570308698e+02  -1.298115499299e+01
 -1.364116156253e-03    7.697429724436e-04  -1.058893351495e+02  -1.298115499299e+01
 -1.851873097114e-01    8.181930803804e-02  -1.101029767944e+02  -9.215399138222e+00
 -3.559201637391e-01    1.412721028556e-01  -1.089878751470e+02  -9.215399138222e+00
 -2.232367727462e-01    9.361734588623e-02  -1.057257927149e+02  -9.215399138222e+00
 -3.077301343518e-01    4.155279965950e-02  -6.568450786056e+01  -7.682103642158e+00
 -1.210501995344e-04   -4.991695488482e-04  -6.188647022834e+01  -7.682103642158e+00
 -9.008729189244e-04    1.607046170194e-04  -6.569322052999e+01  -7.682103642158e+00
 -1.203684345044e-03    1.737880615675e-03  -1.131556021881e+02  -4.167529865789e+00
 -1.492764590687e-01   -3.269941079043e-03  -1.137210898967e+02  -4.167529865789e+00
 -1.569975062266e-01    4.350032675934e-02  -1.127359842641e+02  -4.167529865789e+00
 -8.030200258443e-04    6.921064150989e-04  -1.101642920436e+02  -1.051878010123e+01
  3.813588416853e-04   -4.929362271527e-04  -1.131257377232e+02  -1.051878010123e+01
 -1.854283325362e-01    8.174744941322e-02  -1.101161069150e+02  -1.051878010123e+01
 -3.450594020814e-01   -6.715680009417e-02  -1.021843760995e+02  -8.030937446749e+00
 -1.507626829488e-03    2.747967367044e-04  -1.043609365002e+02  -8.030937446749e+00
 -2.748756919691e-01   -4.876687333434e-02  -1.048176392290e+02  -8.030937446749e+00
 -1.859252479191e-01    8.225955124007e-02  -1.101627213528e+02  -1.604173607912e+01
 -2.229563510714e-01    9.326271067372e-02  -1.056782954945e+02  -1.604173607912e+01
 -2.355494338659e-03    1.314195037226e-03  -1.058703668500e+02  -1.604173607912e+01
 -4.368416489920e-04   -9.079744677649e-05  -1.131186037479e+02  -8.287392324130e+00
 -1.575314918536e-01    4.448952271601e-02  -1.127445216054e+02  -8.287392324130e+00
 -1.843668394895e-01    8.134916888124e-02  -1.101227297864e+02  -8.287392324130e+00
 -1.645958079611e-03   -2.023608610741e-04  -9.357351911714e+01  -2.094114440272e+01
 -2.873786032451e-04    1.297483847664e-03  -1.001181230078e+02  -2.094114440272e+01
 -2.937202964252e-01    4.917350411557e-02  -9.342085704088e+01  -2.094114440272e+01
 -6.559153695416e-04    1.211081533896e-03  -9.347613344057e+01  -2.244972825322e+01
 -3.131205069583e-01    2.787527338969e-03  -8.647582281681e+01  -2.244972825322e+01
 -1.127436406295e-03   -5.158734760409e-04  -8.655742002118e+01  -2.244972825322e+01
 -4.620231088292e-01   -2.619943868443e-02  -9.007096193479e+01  -9.408910475170e+00
 -3.580344211348e-03   -5.133575998850e-04  -9.718910174804e+01  -9.408910475170e+00
 -4.102245524707e-01   -6.096317737255e-02  -9.706072104270e+01  -9.408910475170e+00
 -3.171491119944e-04    6.683505585248e-04  -1.057911955824e+02  -1.703269669171e+01
 -2.250330734514e-01    9.364581577044e-02  -1.057327389592e+02  -1.703269669171e+01
 -1.926703282960e-03    2.504073076019e-04  -1.002632092069e+02  -1.703269669171e+01
 -1.976779871471e-03    1.893285548177e-03  -1.001248537933e+02  -2.187806168664e+01
 -2.603808133453e-01    7.922389578565e-02  -1.000055500161e+02  -2.187806168664e+01
 -2.921543036579e-01    4.886282488787e-02  -9.342273670692e+01  -2.187806168664e+01
 -3.602324064192e-01    1.865320483413e-02  -9.068867596167e+01   1.109309568342e+01
 -3.501954975931e-03   -4.660967889510e-04  -8.515643428133e+01   1.109309568342e+01
 -3.629055497124e-01   -1.800960965682e-02  -8.224222224189e+01   1.109309568342e+01
 -2.608676294437e-01    5.035478071107e-02  -1.031620699466e+02   8.679067536260e+00
  2.063639707646e-04   -1.333660529338e-04  -1.050904789086e+02   8.679067536260e+00
 -1.007024390642e-03    3.735050836299e-05  -1.022672852737e+02   8.679067536260e+00
 -3.517009816306e-03    8.747737736676e-04  -1.002457123250e+02  -1.986952482070e+01
 -2.237737052831e-01    9.315372515769e-02  -1.057403867197e+02  -1.986952482070e+01
 -2.594962234360e-01    7.973761273144e-02  -9.996571639063e+01  -1.986952482070e+01
 -2.231134039298e-01    9.339902545664e-02  -1.056748594080e+02  -1.174911541276e+01
 -4.267284732095e-01    1.583913890317e-01  -1.045740053838e+02  -1.174911541276e+01
 -2.602047945899e-01    7.976696967926e-02  -1.000245316376e+02  -1.174911541276e+01
 -3.350964761805e-01    4.632940926773e-02  -9.812914559229e+01   1.110327130595e+01
 -3.487432525271e-03   -7.447988457965e-04  -9.207142035299e+01   1.110327130595e+01
 -3.594118152159e-01    1.914803782631e-02  -9.068114869601e+01   1.110327130595e+01
 -5.652850255690e-01    2.012937010632e-03  -8.646549150692e+01  -3.421454433880e+00
 -6.156300298557e-01    3.079585268211e-03  -8.651934054780e+01  -3.421454433880e+00
 -6.208915406560e-01   -6.110623374130e-02  -8.032370649767e+01  -3.421454433880e+00
 -2.242841682026e-01    9.384208715846e-02  -1.057142502086e+02  -9.953781217210e+00
 -3.550063543759e-01    1.410959981396e-01  -1.089985646810e+02  -9.953781217210e+00
 -4.251814951088e-01    1.580355192671e-01  -1.045334098116e+02  -9.953781217210e+00
  1.047919007578e-04    2.296061063453e-04  -9.795087363429e+01   1.119385012047e+01
 -2.061030829714e-03   -5.309725109767e-04  -9.208472619423e+01   1.119385012047e+01
 -3.362619923633e-01    4.596338103758e-02  -9.812119622597e+01   1.119385012047e+01
 -1.500768634953e-01   -3.167463726938e-03  -1.137165076921e+02  -1.245475876559e+00
 -4.447002244835e-04    1.433593651969e-03  -1.131690155930e+02  -1.245475876559e+00
 -1.925995634724e-04   -5.988258674092e-04  -1.138023325604e+02  -1.245475876559e+00
 -5.846907106312e-01   -1.428221995458e-01  -1.090281897849e+02  -9.937910690700e-01
 -5.772958031365e-01   -6.472412367488e-02  -1.117927453269e+02  -9.937910690700e-01
 -4.713536491481e-01   -1.299124825136e-01  -1.103481301857e+02  -9.937910690700e-01
 -5.783456350551e-01   -6.286456988802e-02  -1.118003671443e+02  -1.232493120758e+00
 -6.864411487766e-01   -2.012295561360e-03  -1.126791623495e+02  -1.232493120758e+00
 -6.868233224103e-01    2.591702100537e-03  -1.132792759916e+02  -1.232493120758e+00
 -6.853480921716e-01    5.349999372816e-04  -1.126587357533e+02  -4.271119500053e+00
 -5.804456851179e-01   -1.413366903237e-01  -1.090715691889e+02  -4.271119500053e+00
 -6.184704552584e-01   -1.201164132696e-03  -1.099531322105e+02  -4.271119500053e+00
 -5.810790610945e-01   -1.410871621404e-01  -1.090623257863e+02  -1.389573934499e+00
 -6.847703064073e-01   -6.986000120611e-05  -1.126650634523e+02  -1.389573934499e+00
 -5.792772776740e-01   -6.600529267968e-02  -1.117855259624e+02  -1.389573934499e+00
 -6.169441158432e-01   -6.844585115666e-04  -1.099594963304e+02  -5.788479953376e+00
 -5.836673060067e-01   -1.423217367618e-01  -1.090556622969e+02  -5.788479953376e+00
 -4.822935036114e-01   -6.364355005871e-04  -1.072082228603e+02  -5.788479953376e+00
 -3.949326606452e-03    1.991500242857e-04  -3.374916812114e+00   4.987924228327e+00
  6.261168763582e-05   -1.075186204792e-04  -1.999089035574e-02   4.987924228327e+00
 -5.114511228412e-01    7.129962541797e-03   1.106392285830e-02   4.987924228327e+00
 -5.788085359227e-01   -6.501642008568e-02  -1.117516990780e+02   4.846656942315e-01
 -4.386642212380e-01   -1.027027347570e-02  -1.118231885627e+02   4.846656942315e-01
 -4.690241950206e-01   -1.290765259186e-01  -1.103839394531e+02   4.846656942315e-01
 -5.783395553360e-01   -6.512991441078e-02  -1.117935528499e+02   1.211411344888e-01
 -5.697650508282e-01    5.061150852650e-02  -1.118778213330e+02   1.211411344888e-01
 -4.395864361407e-01   -9.474960306995e-03  -1.117910398515e+02   1.211411344888e-01
 -3.112848297234e-01   -9.484845732742e-02  -1.116976293772e+02   1.351485215949e+00
 -4.694378512071e-01   -1.295937263929e-01  -1.103843929271e+02   1.351485215949e+00
 -4.376834483629e-01   -9.689126368367e-03  -1.118579502801e+02   1.351485215949e+00
 -3.667755171418e-01   -1.547349405110e-01  -1.086599512596e+02   7.250952086885e+00
 -3.107175614909e-01   -9.535144463534e-02  -1.117336766462e+02   7.250952086885e+00
 -1.895565161711e-01   -8.743722365301e-02  -1.097986719387e+02   7.250952086885e+00
 -4.687343486006e-01   -1.300185704662e-01  -1.104222225923e+02   2.992983270061e+00
 -3.673764725868e-01   -1.549514021559e-01  -1.086684563096e+02   2.992983270061e+00
 -5.257016399112e-01   -1.952904844375e-01  -1.070511564731e+02   2.992983270061e+00
 -3.660909939885e-01   -1.549142376309e-01  -1.086928509677e+02   4.323592700685e+00
 -4.696781757921e-01   -1.298809737015e-01  -1.103994122416e+02   4.323592700685e+00
 -3.112063363136e-01   -9.498772465399e-02  -1.116846315880e+02   4.323592700685e+00
 -5.976083109344e-01   -1.953226864280e-01  -1.025489893866e+02   4.479991814090e+00
 -5.244223380501e-01   -1.954525916424e-01  -1.071144961509e+02   4.479991814090e+00
 -4.441058204282e-01   -1.718119837562e-01  -1.041763753653e+02   4.479991814090e+00
 -4.713015451485e-01   -1.306269232618e-01  -1.103580333264e+02   7.794508720635e-01
 -5.239578155484e-01   -1.947582086990e-01  -1.070745391418e+02   7.794508720635e-01
 -5.847296293224e-01   -1.424133558522e-01  -1.090105331984e+02   7.794508720635e-01
 -3.106934930125e-01   -9.464887725150e-02  -1.117033719214e+02   2.980480730696e+00
 -2.886225623715e-01   -7.841180411563e-03  -1.128444315540e+02   2.980480730696e+00
 -1.606321999571e-01   -5.334006632049e-02  -1.127038865555e+02   2.980480730696e+00
 -3.102766786824e-01   -9.479628552610e-02  -1.117205773539e+02   1.687668716885e+00
 -4.386688944063e-01   -9.585859308786e-03  -1.118342436950e+02   1.687668716885e+00
 -2.889350758510e-01   -7.449088484288e-03  -1.128098108257e+02   1.687668716885e+00
 -4.386266758992e-01   -9.366446812896e-03  -1.118343947258e+02  -1.257371068033e+00
 -3.040789852562e-01    7.976721091559e-02  -1.118467174848e+02  -1.257371068033e+00
 -2.889552878010e-01   -7.194479907763e-03  -1.128097658156e+02  -1.257371068033e+00
 -5.822483749727e-01   -1.419508267219e-01  -1.090431279732e+02  -3.402188490119e-01
 -5.261833664007e-01   -1.949891465547e-01  -1.070520459870e+02  -3.402188490119e-01
 -5.672849497754e-01   -1.804686009810e-01  -1.053184906779e+02  -3.402188490119e-01
 -4.801762607548e-01   -1.546462357996e-03  -1.071841077132e+02  -6.743822168881e+00
 -4.927156245100e-01   -1.133259834276e-01  -1.060170114623e+02  -6.743822168881e+00
 -2.749336614497e-01    1.055336648162e-03  -1.056478237906e+02  -6.743822168881e+00
 -4.812260202072e-01   -1.275317514826e-03  -1.072239710815e+02  -4.208295880618e+00
 -5.850581638339e-01   -1.420571148493e-01  -1.090281986590e+02  -4.208295880618e+00
 -4.921155775396e-01   -1.145771012493e-01  -1.059918594639e+02  -4.208295880618e+00
 -2.743337913480e-01   -9.321252269729e-04  -1.056427511922e+02  -6.979269346953e+00
 -2.740650666899e-01   -4.825149218807e-02  -1.048230516444e+02  -6.979269346953e+00
  2.528148734273e-04    1.271952581033e-03  -1.057002768822e+02  -6.979269346953e+00
 -2.754165050654e-01   -4.999136148613e-02  -1.047981928242e+02  -5.659544289477e+00
 -2.736501450152e-01    4.766647454690e-04  -1.056833861539e+02  -5.659544289477e+00
 -4.943151813886e-01   -1.126961820131e-01  -1.059908160379e+02  -5.659544289477e+00
 -3.486307523356e-01   -6.700653336201e-02  -1.021717780051e+02  -8.701677030873e+00
 -3.116296684834e-03    5.164367902851e-05  -9.726652391623e+01  -8.701677030873e+00
  7.882425364512e-04    8.109376154089e-05  -1.044151684631e+02  -8.701677030873e+00
 -2.050895150233e-03    2.022581749863e-04  -5.322770415358e+01  -5.535382741366e+00
 -1.409969585986e-04   -1.649620127590e-04  -5.707757046491e+01  -5.535382741366e+00
 -3.878046974151e-01    5.591631024392e-03  -5.726683929115e+01  -5.535382741366e+00
 -4.940648488314e-01   -1.135364093294e-01  -1.059818662703e+02  -5.511672235630e+00
 -4.857000095878e-01   -1.242075855219e-01  -1.039086083417e+02  -5.511672235630e+00
 -2.760587046184e-01   -4.918167403911e-02  -1.047895530057e+02  -5.511672235630e+00
 -3.344212501541e-01   -1.257494836993e-02  -5.767264080696e+01   5.572387512464e+00
  9.841605986822e-05    2.380228309741e-04  -5.729784612739e+01   5.572387512464e+00
 -1.831728504706e-03   -1.662320006286e-04  -5.364873403009e+01   5.572387512464e+00
 -5.657334872346e-01   -1.802930596606e-01  -1.053511448271e+02  -1.113259349883e+00
 -5.979232085735e-01   -1.947313544065e-01  -1.025524877472e+02  -1.113259349883e+00
 -5.464270941141e-01   -1.364986765474e-01  -1.011255258555e+02  -1.113259349883e+00
 -5.956206051239e-01   -1.950103056178e-01  -1.025833545356e+02   1.483854364163e+00
 -5.675046556113e-01   -1.802620684166e-01  -1.053170815157e+02   1.483854364163e+00
 -5.262510690728e-01   -1.954018912179e-01  -1.070469704176e+02   1.483854364163e+00
 -4.862892646443e-01   -1.244150799838e-01  -1.039016852041e+02  -5.158924968280e+00
 -5.446718144002e-01   -1.360040582509e-01  -1.011620485359e+02  -5.158924968280e+00
 -3.455084586002e-01   -6.737172986724e-02  -1.021591049918e+02  -5.158924968280e+00
 -5.446776749067e-01   -1.365160106059e-01  -1.011563500648e+02  -2.322681578936e+00
 -4.863894712546e-01   -1.243259325013e-01  -1.039012372944e+02  -2.322681578936e+00
 -5.671009793975e-01   -1.801898087690e-01  -1.053186711502e+02  -2.322681578936e+00
 -3.446416334379e-01   -6.754864819357e-02  -1.021828312054e+02  -4.850602574424e+00
 -5.456247892550e-01   -1.358782675668e-01  -1.011554815924e+02  -4.850602574424e+00
 -4.105654810971e-01   -6.161904359424e-02  -9.706265700795e+01  -4.850602574424e+00
 -4.868592341204e-01   -1.242268927897e-01  -1.038870235498e+02  -5.187485535346e+00
 -3.447802018982e-01   -6.754765988456e-02  -1.021812432496e+02  -5.187485535346e+00
 -2.747390952317e-01   -4.893288850738e-02  -1.048231356332e+02  -5.187485535346e+00
 -5.984604541692e-01   -1.948318540373e-01  -1.025345607907e+02   2.822589963620e-01
 -6.503958369776e-01   -1.456577150015e-01  -9.755943859370e+01   2.822589963620e-01
 -5.458731067324e-01   -1.364315231425e-01  -1.011415873150e+02   2.822589963620e-01
 -5.672963425460e-01   -1.799647507219e-01  -1.053220086446e+02  -3.200062862674e+00
 -4.861889657858e-01   -1.243913324242e-01  -1.039006108429e+02  -3.200062862674e+00
 -4.930678379034e-01   -1.139142042359e-01  -1.060061139770e+02  -3.200062862674e+00
 -5.832340091274e-01   -1.421831476366e-01  -1.090206408195e+02  -3.368875683509e+00
 -5.662618456218e-01   -1.800173091778e-01  -1.053354842617e+02  -3.368875683509e+00
 -4.938408317245e-01   -1.141584303912e-01  -1.059859697288e+02  -3.368875683509e+00
 -3.469496279998e-01   -6.733220564474e-02  -1.021954541384e+02  -9.998099934415e+00
 -4.085115473835e-01   -6.142934227715e-02  -9.705370668214e+01  -9.998099934415e+00
 -5.643384066065e-03    3.655821901409e-04  -9.721734990128e+01  -9.998099934415e+00
 -5.259080876794e-01   -1.954927645533e-01  -1.070816460389e+02   5.925934017390e+00
 -3.674915803730e-01   -1.549689278648e-01  -1.086377882197e+02   5.925934017390e+00
 -4.423931004447e-01   -1.717764518152e-01  -1.042075425142e+02   5.925934017390e+00
 -1.073947621003e-02   -2.863724060597e-04  -8.906641361428e+00   4.826530607276e+00
 -6.980892518014e-01   -8.584547852165e-03  -5.355904443446e+00   4.826530607276e+00
 -6.004700471701e-01   -1.547007251150e-02  -1.013739801691e+01   4.826530607276e+00
 -1.493546891692e-01   -5.151339995671e-03  -1.137249724874e+02   5.023284675220e+00
 -9.866970307336e-04   -1.449935578811e-03  -1.129685333105e+02   5.023284675220e+00
 -1.600756439629e-01   -5.241874367976e-02  -1.126933305039e+02   5.023284675220e+00
 -1.501050752745e-01   -5.232790965518e-03  -1.137196770735e+02   1.830730273865e+00
 -2.029999502626e-04    4.889825484521e-04  -1.138003148824e+02   1.830730273865e+00
 -3.633657271215e-04   -1.272324524135e-03  -1.129846745205e+02   1.830730273865e+00
 -1.604092735416e-01   -5.362360791667e-02  -1.127329383508e+02   1.121964519544e+01
 -2.047668072950e-03   -1.998994590686e-03  -1.102333638586e+02   1.121964519544e+01
 -1.882785236474e-01   -8.639104164756e-02  -1.097728212114e+02   1.121964519544e+01
 -2.292631027054e-01   -1.004684046148e-01  -1.053694024581e+02   1.487905447840e+01
 -1.891973525081e-01   -8.696429925176e-02  -1.097957850329e+02   1.487905447840e+01
 -4.944872402850e-04   -9.594892885866e-04  -1.101593923592e+02   1.487905447840e+01
 -2.315801436010e-01   -1.010247957528e-01  -1.053989592621e+02   1.071883030178e+01
 -4.431139930023e-01   -1.716532237226e-01  -1.041638721992e+02   1.071883030178e+01
 -3.668977706093e-01   -1.550916766075e-01  -1.087011484829e+02   1.071883030178e+01
 -2.302739667911e-01   -1.007614987660e-01  -1.054146855965e+02   9.937879337314e+00
 -3.679483851679e-01   -1.553087204273e-01  -1.086892807788e+02   9.937879337314e+00
 -1.888069252159e-01   -8.689607752824e-02  -1.097658453576e+02   9.937879337314e+00
 -1.107269909251e-03   -1.386349241081e-03  -1.102500231448e+02   8.095479417170e+00
 -1.612261065263e-01   -5.399350680968e-02  -1.127240659894e+02   8.095479417170e+00
 -6.435571181181e-05    1.764538051922e-04  -1.129270113354e+02   8.095479417170e+00
 -3.115758906959e-01   -9.549187864670e-02  -1.117231835124e+02   6.264468009016e+00
 -1.600308088630e-01   -5.275188034819e-02  -1.126878255349e+02   6.264468009016e+00
 -1.885506526444e-01   -8.716598379692e-02  -1.098108357883e+02   6.264468009016e+00
  5.525159196768e-04   -2.833008623867e-04  -1.101611376091e+02   1.586336477103e+01
 -1.436707611430e-03   -6.457070697767e-04  -1.055931520793e+02   1.586336477103e+01
 -2.304125869872e-01   -1.009309796863e-01  -1.053627140193e+02   1.586336477103e+01
 -3.639379229247e-01   -1.860415375991e-02  -8.224330323819e+01   1.027020569714e+01
 -1.789274593681e-03   -6.952562218644e-04  -7.295990842785e+01   1.027020569714e+01
 -3.323771813609e-01   -3.944921174263e-02  -7.480497050504e+01   1.027020569714e+01
 -6.980613187450e-01    1.354829208513e-02  -3.877326410829e+01  -3.753677333736e+00
 -2.110005281566e-02   -8.413390289546e-04  -4.290689350869e+01  -3.753677333736e+00
 -7.913502070819e-01    9.421282050230e-03  -4.354317628648e+01  -3.753677333736e+00
 -2.742120635363e-01    1.396184361851e-03  -1.070906008977e+02   7.485699970625e+00
 -1.245719606262e-03    7.877289975386e-04  -1.062360512370e+02   7.485699970625e+00
 -2.089365761615e-01    3.726575243252e-02  -1.059884355785e+02   7.485699970625e+00
 -2.773094945939e-01   -8.753563104007e-02  -9.976979395578e+01   2.094596942509e+01
 -4.886779097381e-04   -7.392079653463e-04  -9.969351379560e+01   2.094596942509e+01
 -1.644828698343e-03    4.991216916659e-04  -9.324439092632e+01   2.094596942509e+01
 -2.756866928064e-01   -8.864079751359e-02  -9.969959394359e+01   1.967163706557e+01
  3.230269651476e-04   -8.150537108012e-04  -1.055326445337e+02   1.967163706557e+01
 -1.328735585693e-03   -1.430393593673e-04  -9.976271211511e+01   1.967163706557e+01
 -2.770904026753e-01   -4.023556446962e-02  -6.899463462022e+01   8.146534959953e+00
 -4.527208047285e-04    4.013054847392e-04  -6.551241093588e+01   8.146534959953e+00
 -2.318574480232e-01   -3.110008304653e-02  -6.528526227995e+01   8.146534959953e+00
 -2.310637831990e-01   -1.004646975569e-01  -1.053942730280e+02   1.985933913928e+01
 -9.716756191724e-04   -1.400759820410e-03  -1.055341400195e+02   1.985933913928e+01
 -2.741383701071e-01   -8.818008009288e-02  -9.970208026418e+01   1.985933913928e+01
 -5.093308532348e-01   -3.902187177156e-02  -6.176257625445e+01   3.513212242798e+00
 -3.546044857902e-01   -2.529112489522e-02  -6.167180249389e+01   3.513212242798e+00
 -3.504776517119e-01   -1.293813927776e-02  -5.956769170826e+01   3.513212242798e+00
 -3.061405496314e-01   -4.973043525852e-02  -9.319957460479e+01   2.241016215802e+01
 -1.073995686711e-03   -8.822953571287e-04  -9.313364060204e+01   2.241016215802e+01
 -1.671412218804e-03    1.105868470133e-03  -8.625589371472e+01   2.241016215802e+01
 -4.433969463868e-01   -1.716607719134e-01  -1.042159517987e+02   1.316502816199e+01
 -2.762425688817e-01   -8.797780855591e-02  -9.975146124719e+01   1.316502816199e+01
 -5.174290656357e-01   -1.433908800724e-01  -9.871111209918e+01   1.316502816199e+01
 -2.749354853859e-01   -8.779488860315e-02  -9.976452400676e+01   1.255259641611e+01
 -4.444841849577e-01   -1.719270767781e-01  -1.042046664926e+02   1.255259641611e+01
 -2.306955966421e-01   -1.006664974432e-01  -1.053536878198e+02   1.255259641611e+01
 -6.722411226077e-01   -7.920435213369e-02  -9.208900709670e+01  -2.128504387201e+00
 -4.148058994115e-01   -6.217581233365e-02  -9.701680405460e+01  -2.128504387201e+00
 -6.543911375692e-01   -1.447602659169e-01  -9.749691517305e+01  -2.128504387201e+00
 -4.150171099919e-01   -6.144198692900e-02  -9.700951750786e+01  -3.310303426699e+00
 -5.432616308189e-01   -1.363186069090e-01  -1.012003377330e+02  -3.310303426699e+00
 -6.537141327358e-01   -1.452614437754e-01  -9.751553520587e+01  -3.310303426699e+00
 -6.526901219122e-01   -1.457187272260e-01  -9.751231072329e+01   5.046679493893e+00
 -5.963206463084e-01   -1.953952629581e-01  -1.026286410755e+02   5.046679493893e+00
 -5.184985953418e-01   -1.435444166709e-01  -9.873152329515e+01   5.046679493893e+00
 -5.184086060663e-01   -1.430559997673e-01  -9.868154225205e+01   6.578295798132e+00
 -5.683387073521e-01   -8.254744537223e-02  -9.268427816735e+01   6.578295798132e+00
 -6.531460536214e-01   -1.462983708966e-01  -9.756357154312e+01   6.578295798132e+00
 -5.189551131649e-01   -1.434387443153e-01  -9.876031574321e+01   1.404442392163e+01
 -2.751078000028e-01   -8.774099547784e-02  -9.970159737537e+01   1.404442392163e+01
 -3.046027525805e-01   -5.055510192689e-02  -9.320231862138e+01   1.404442392163e+01
 -4.441114282298e-01   -1.716577905605e-01  -1.041363183207e+02   6.623520048981e+00
 -5.167343685412e-01   -1.435882096030e-01  -9.876781938146e+01   6.623520048981e+00
 -5.978942336012e-01   -1.955491324674e-01  -1.025906686174e+02   6.623520048981e+00
 -3.043172836631e-01   -5.073836358616e-02  -9.313070709146e+01   1.483736005140e+01
 -3.170253795560e-01   -2.580370434076e-03  -8.623682571744e+01   1.483736005140e+01
 -5.707921810914e-01   -8.182455351979e-02  -9.267006768591e+01   1.483736005140e+01
 -3.042087981427e-01   -5.085467069353e-02  -9.313869638479e+01   2.399514147419e+01
 -2.757501467694e-01   -8.704006809886e-02  -9.977387213326e+01   2.399514147419e+01
 -3.193413361713e-03    8.969966557617e-05  -9.322825268357e+01   2.399514147419e+01
 -6.755726715984e-01   -7.881677427493e-02  -9.210116457103e+01   6.109456174917e+00
 -5.692815487112e-01   -8.149375278073e-02  -9.258568457837e+01   6.109456174917e+00
 -5.890106550369e-01   -6.234863654582e-03  -8.626553571973e+01   6.109456174917e+00
 -5.698139685995e-01   -8.228721811060e-02  -9.264669013848e+01   4.789349016014e+00
 -6.747278227292e-01   -7.806765353440e-02  -9.203991720502e+01   4.789349016014e+00
 -6.517468673851e-01   -1.462783107212e-01  -9.760278658250e+01   4.789349016014e+00
 -4.626360882099e-01   -2.601518749103e-02  -9.006273977554e+01  -2.479793513097e+00
 -6.733421888953e-01   -7.753521870139e-02  -9.205799665787e+01  -2.479793513097e+00
 -6.738013422500e-01   -6.166390587714e-03  -8.617810583994e+01  -2.479793513097e+00
 -6.742157356092e-01   -7.863359614953e-02  -9.206193634818e+01  -4.094503460026e+00
 -4.615756349516e-01   -2.501845159219e-02  -9.005919128929e+01  -4.094503460026e+00
 -4.118930629798e-01   -6.252810128180e-02  -9.705993527910e+01  -4.094503460026e+00
 -5.876921732634e-01   -5.437658426611e-03  -8.617542643385e+01   1.529505263553e+01
 -5.693204263591e-01   -8.160057655342e-02  -9.267820654856e+01   1.529505263553e+01
 -3.188486518193e-01   -2.551066583716e-03  -8.623162460338e+01   1.529505263553e+01
 -3.059286783741e-01   -5.073964012447e-02  -9.319013147880e+01   1.473460795471e+01
 -5.690397007320e-01   -8.208897392223e-02  -9.261500405274e+01   1.473460795471e+01
 -5.177640828969e-01   -1.431108074089e-01  -9.877202232653e+01   1.473460795471e+01
 -3.683615165130e-03    1.066759658377e-03  -8.624286627552e+01   2.515286970059e+01
 -3.161260100090e-01   -3.281984905975e-03  -8.616537946259e+01   2.515286970059e+01
 -3.044934162233e-01   -4.957397243699e-02  -9.320238590435e+01   2.515286970059e+01
 -4.618535660941e-01   -2.560914973534e-02  -9.007470885399e+01  -1.035148703568e+01
 -4.624601474924e-01    2.097398095956e-02  -8.217065028472e+01  -1.035148703568e+01
 -4.708339999827e-03    3.816609241528e-04  -8.502667078707e+01  -1.035148703568e+01
 -3.737285097550e-03   -1.053501891679e-03  -8.610954451003e+01   2.502548863161e+01
 -3.024850492260e-01    4.295181939871e-02  -7.921604006637e+01   2.502548863161e+01
 -3.160947393992e-01   -2.184198488605e-03  -8.620576040726e+01   2.502548863161e+01
 -1.598711116038e-01   -5.320083501064e-02  -1.127152219879e+02   1.876385527672e+00
 -2.894521421028e-01   -7.863227645424e-03  -1.128355885514e+02   1.876385527672e+00
 -1.492581380281e-01   -4.077964767690e-03  -1.136895916628e+02   1.876385527672e+00
 -2.894421133097e-01   -6.797064527052e-03  -1.128369879913e+02  -1.353464864494e+00
 -1.568962308803e-01    4.442176631262e-02  -1.127603912515e+02  -1.353464864494e+00
 -1.492340948690e-01   -4.374526150220e-03  -1.136885009199e+02  -1.353464864494e+00
 -1.877021800391e-03    6.303493478275e-04  -8.505664263167e+01  -1.155419467651e+01
 -1.028859410408e-03   -6.696050771949e-04  -9.720371889906e+01  -1.155419467651e+01
 -4.644595808056e-01   -2.599937112116e-02  -9.006395921807e+01  -1.155419467651e+01
 -2.806239546175e-01   -4.031031356478e-02  -6.900211070111e+01   9.362763979570e+00
 -2.339449907554e-03    1.705225929917e-05  -7.298296995317e+01   9.362763979570e+00
  4.428822017142e-04    1.334094157546e-05  -6.862558161930e+01   9.362763979570e+00
 -6.713279363283e-01   -1.419656249814e-03  -5.729166031146e+01   1.428750987970e+00
 -5.709724985393e-01   -1.108651999778e-02  -5.711324238622e+01   1.428750987970e+00
 -7.145153812113e-01   -7.052928504795e-03  -5.186891842827e+01   1.428750987970e+00
 -6.226037352360e-01   -6.086628327725e-02  -8.035643216330e+01  -5.201693852976e+00
 -5.425637629396e-01   -6.740721354685e-02  -8.010218231940e+01  -5.201693852976e+00
 -5.633615995906e-01    1.619502015251e-03  -8.644059062535e+01  -5.201693852976e+00
 -6.212768850809e-01   -6.059288383448e-02  -8.039009547835e+01   5.357770461838e+00
 -3.642052104897e-01   -1.738994158388e-02  -8.225776919875e+01   5.357770461838e+00
 -3.335381265437e-01   -4.060489813661e-02  -7.480273177454e+01   5.357770461838e+00
 -2.905145828017e-01   -4.292390731351e-02  -7.958193472088e+01  -2.380317045512e+01
 -2.934540071301e-03   -1.674654390561e-03  -7.958260284578e+01  -2.380317045512e+01
 -3.113421772406e-01    7.780673549039e-04  -8.655254105063e+01  -2.380317045512e+01
 -3.117663011985e-01    1.836942406548e-03  -8.646709593672e+01  -1.414652566078e+01
 -5.437514780112e-01   -6.781978916201e-02  -8.002291645454e+01  -1.414652566078e+01
 -2.908237208081e-01   -4.361088797353e-02  -7.963190515246e+01  -1.414652566078e+01
 -2.922112905335e-01   -4.367006542961e-02  -7.957271271098e+01  -1.374617643421e+01
 -5.422309342808e-01   -6.802544307771e-02  -8.007539151867e+01  -1.374617643421e+01
 -4.920551538805e-01   -1.223183803750e-01  -7.396458766980e+01  -1.374617643421e+01
 -4.042905352034e-03    1.030796926783e-05  -7.945279618221e+01  -2.257848580968e+01
 -2.898613559160e-01   -4.376066245403e-02  -7.962404375538e+01  -2.257848580968e+01
 -2.627965429606e-01   -7.676338171778e-02  -7.306032261048e+01  -2.257848580968e+01
 -6.218909145475e-01   -6.007149672863e-02  -8.041363845720e+01  -3.704513786741e+00
 -6.087282218734e-01   -1.165894715571e-01  -7.479119687060e+01  -3.704513786741e+00
 -5.429723727122e-01   -6.822095871298e-02  -8.004376605227e+01  -3.704513786741e+00
 -8.817731548263e-04   -1.175162000030e-04  -1.022529727707e+02   9.151118429839e+00
 -3.324310132443e-01    4.668421422955e-02  -9.812199525525e+01   9.151118429839e+00
 -2.610630958099e-01    5.060762746846e-02  -1.031636185558e+02   9.151118429839e+00
 -3.439414187565e-01   -1.299308493063e-01  -6.452005330775e+01  -5.267024640975e+00
 -4.180574541763e-01   -1.461186872754e-01  -6.870127936970e+01  -5.267024640975e+00
 -4.897000854865e-01   -1.537035132361e-01  -6.587234788886e+01  -5.267024640975e+00
 -6.101284669213e-01   -1.165285191350e-01  -7.483140011276e+01  -5.767697272386e+00
 -4.927624363398e-01   -1.221421507383e-01  -7.405541893887e+01  -5.767697272386e+00
 -5.414427737618e-01   -6.855099563195e-02  -8.000643894414e+01  -5.767697272386e+00
 -2.631581592374e-01   -7.754330098455e-02  -7.308387114033e+01  -1.215982745951e+01
 -4.917507928150e-01   -1.225253706781e-01  -7.402507700669e+01  -1.215982745951e+01
 -4.190486830056e-01   -1.460235722586e-01  -6.869506539108e+01  -1.215982745951e+01
 -2.620118601767e-01   -7.733206974878e-02  -7.313162391700e+01  -1.312535114290e+01
 -2.907153680678e-01   -4.354162775343e-02  -7.955938649955e+01  -1.312535114290e+01
 -4.932917685696e-01   -1.225948031731e-01  -7.397726512881e+01  -1.312535114290e+01
 -5.613743857910e-01   -1.560653312042e-01  -6.996663074058e+01  -5.901628386220e+00
 -4.197337217190e-01   -1.459635914519e-01  -6.877320754651e+01  -5.901628386220e+00
 -4.910371827482e-01   -1.227414302238e-01  -7.397003788653e+01  -5.901628386220e+00
 -2.098803681207e-03    4.076170888292e-04  -7.943760746214e+01  -1.983925084389e+01
 -2.644824857766e-01   -7.723347915594e-02  -7.306458204673e+01  -1.983925084389e+01
 -2.695878678459e-04   -6.530682952804e-04  -7.312263001363e+01  -1.983925084389e+01
 -6.098074334467e-01   -1.159144583513e-01  -7.488022804941e+01  -4.147449666496e+00
 -5.598814416587e-01   -1.559665125575e-01  -6.992723936679e+01  -4.147449666496e+00
 -4.927553797920e-01   -1.226409567353e-01  -7.400774495786e+01  -4.147449666496e+00
 -6.190283847099e-01   -6.118715658082e-02  -8.036912420390e+01   3.111169928808e+00
 -3.367003758874e-01   -4.023935990967e-02  -7.483864128218e+01   3.111169928808e+00
 -6.118284318350e-01   -1.149802534863e-01  -7.489165481043e+01   3.111169928808e+00
 -8.239076505023e-04    1.473169541503e-04  -9.206394886043e+01   1.201410048984e+01
 -1.526466840810e-03   -4.242462306089e-04  -8.516795967689e+01   1.201410048984e+01
 -3.618826177650e-01    1.845848865422e-02  -9.068373193084e+01   1.201410048984e+01
 -2.179967331191e-01   -8.702231494142e-02  -6.767801243883e+01  -1.158553560039e+01
 -2.619267295326e-01   -7.737756748955e-02  -7.306938144937e+01  -1.158553560039e+01
 -4.200828311817e-01   -1.462760684215e-01  -6.870738275667e+01  -1.158553560039e+01
 -2.628228465371e-01   -7.824211468416e-02  -7.313273735045e+01  -1.848967401561e+01
  1.387964065121e-04   -9.168870948755e-04  -6.743149858811e+01  -1.848967401561e+01
 -1.179737310136e-03   -8.078178569079e-05  -7.305509735542e+01  -1.848967401561e+01
 -1.275069984376e-03   -1.631839365979e-03  -6.743005441961e+01  -1.834762641801e+01
 -2.612488247533e-01   -7.775445723963e-02  -7.312932917902e+01  -1.834762641801e+01
 -2.181383996643e-01   -8.669116322661e-02  -6.764007800021e+01  -1.834762641801e+01
 -2.101712243932e-01    3.746874394375e-02  -1.059734775058e+02   6.997190516087e+00
  4.822769105445e-05    3.066206378326e-05  -1.062673344998e+02   6.997190516087e+00
 -6.858582787060e-04    6.497648193634e-05  -1.050841387224e+02   6.997190516087e+00
 -1.804317797857e-01   -7.795899555667e-02  -6.330576443682e+01  -1.246090602235e+01
  1.144333128750e-04   -1.176763032047e-04  -6.327497542536e+01  -1.246090602235e+01
 -1.741110394595e-03   -9.165680695211e-04  -6.731683345270e+01  -1.246090602235e+01
 -1.788095766060e-01   -7.700656632132e-02  -6.334479394705e+01  -1.003346602211e+01
  4.349981956343e-04    4.112059587558e-04  -6.036364290518e+01  -1.003346602211e+01
 -7.714635592945e-04   -6.234768713328e-04  -6.323589915509e+01  -1.003346602211e+01
 -2.314754584644e-01   -3.052060054405e-02  -6.528106593725e+01   7.706548138966e+00
 -5.446436518303e-04   -1.300201776908e-04  -6.549952679881e+01   7.706548138966e+00
  1.634706934057e-04    3.312109840122e-04  -6.182650144935e+01   7.706548138966e+00
 -1.793221448209e-01   -7.741152924611e-02  -6.330049871455e+01  -1.547072171739e+01
 -3.041240587001e-03   -1.620989514930e-03  -6.733299081089e+01  -1.547072171739e+01
 -2.171428429407e-01   -8.668290757834e-02  -6.767219405683e+01  -1.547072171739e+01
 -4.087301367411e-01    3.340646568639e-02  -6.186964062078e+01  -6.085871499476e+00
 -4.036860953654e-01    1.530792555737e-02  -5.938685229319e+01  -6.085871499476e+00
 -3.594822839625e-03    1.708152820770e-04  -6.188225180332e+01  -6.085871499476e+00
 -1.493187190312e-01   -4.264482072727e-02  -6.083451964205e+01  -5.545018825522e+00
 -1.782380439958e-01   -7.726425820133e-02  -6.331395473052e+01  -5.545018825522e+00
 -2.888123159186e-01   -7.572307730987e-02  -6.176303278501e+01  -5.545018825522e+00
 -3.444302940522e-01   -1.303728529195e-01  -6.446556905435e+01  -8.938295048327e+00
 -1.784601796684e-01   -7.695814929491e-02  -6.335791684544e+01  -8.938295048327e+00
 -2.178247306487e-01   -8.716451046047e-02  -6.762312072063e+01  -8.938295048327e+00
 -4.067426270037e-04   -1.332880598615e-03  -6.031572671037e+01  -1.410844266992e+00
 -1.410009469584e-01   -5.015346483050e-04  -5.989483087055e+01  -1.410844266992e+00
 -2.545492293408e-04    5.560528258481e-04  -5.956346411172e+01  -1.410844266992e+00
 -1.112548343199e-03   -1.642588370807e-03  -6.032924403548e+01  -4.133402572910e+00
 -1.489785583452e-01   -4.207868352765e-02  -6.082610805228e+01  -4.133402572910e+00
 -1.402936002611e-01   -3.612990239996e-04  -5.988685832397e+01  -4.133402572910e+00
 -2.707480713979e-01    1.222832232120e-03  -6.079553357263e+01  -1.436639978616e+00
 -1.403484534926e-01    6.549869117918e-04  -5.991853787301e+01  -1.436639978616e+00
 -1.488698611468e-01   -4.290640193586e-02  -6.080243229363e+01  -1.436639978616e+00
 -4.219260232555e-04   -7.751449800106e-04  -5.954725570469e+01   2.076295905284e+00
 -1.406991281094e-01    8.972526723581e-04  -5.991371438385e+01   2.076295905284e+00
 -1.512623408937e-01    4.452882208286e-02  -6.058555143226e+01   2.076295905284e+00
 -2.879976980887e-01   -7.564275089001e-02  -6.175196633240e+01  -6.364799245985e+00
 -1.791686790904e-01   -7.742166849046e-02  -6.332912088642e+01  -6.364799245985e+00
 -3.432512889604e-01   -1.297753667319e-01  -6.449581598376e+01  -6.364799245985e+00
 -1.495003080006e-01   -4.298434123363e-02  -6.081621614835e+01  -8.097836321122e+00
 -3.344152562376e-04    5.891066480689e-06  -6.036971715711e+01  -8.097836321122e+00
 -1.777786704770e-01   -7.659703078559e-02  -6.333862550220e+01  -8.097836321122e+00
 -2.190161367292e-01   -8.744803789831e-02  -6.763555246661e+01  -9.873126869015e+00
 -4.186898960665e-01   -1.459589868207e-01  -6.874598879722e+01  -9.873126869015e+00
 -3.434650049944e-01   -1.301551847434e-01  -6.445435548422e+01  -9.873126869015e+00
 -4.652063072344e-01    2.195370232579e-02  -8.217980039945e+01  -1.157384287778e+01
 -1.022689233271e-03    7.019031917956e-04  -7.315210730324e+01  -1.157384287778e+01
 -1.734480280558e-03   -4.588681728430e-04  -8.499224877565e+01  -1.157384287778e+01
 -6.109459324856e-01   -1.153865260116e-01  -7.487765441398e+01   4.317375309592e+00
 -3.372182906573e-01   -3.962229634122e-02  -7.483730942723e+01   4.317375309592e+00
 -4.959024359927e-01   -9.860352657755e-02  -7.065823886019e+01   4.317375309592e+00
 -4.099197717750e-01    3.414039924781e-02  -6.187819699421e+01  -6.283277105868e+00
 -2.099867634778e-03   -8.846760346684e-04  -6.190419761242e+01  -6.283277105868e+00
 -3.066384700417e-01    4.200871151984e-02  -6.568704035495e+01  -6.283277105868e+00
 -2.776433353368e-01   -4.059789654212e-02  -6.900083437515e+01   5.573329220232e+00
 -2.318032761603e-01   -3.095859060966e-02  -6.528420017657e+01   5.573329220232e+00
 -4.489465438313e-01   -8.518440734132e-02  -6.749070265824e+01   5.573329220232e+00
 -2.791066427338e-01   -4.046440428062e-02  -6.899559511099e+01   1.044118147334e+01
 -3.307639590302e-01   -3.977971615220e-02  -7.478821896860e+01   1.044118147334e+01
 -4.134905452330e-03    9.252672716807e-05  -7.299251352851e+01   1.044118147334e+01
 -4.975671738498e-01   -9.864176086540e-02  -7.069953904520e+01   2.465845115162e+00
 -4.480327384635e-01   -8.529586755960e-02  -6.748272368554e+01   2.465845115162e+00
 -5.305759110822e-01   -1.318287426383e-01  -6.692430629718e+01   2.465845115162e+00
 -4.481665215352e-01   -8.539294580784e-02  -6.747640554346e+01   5.893733704633e+00
 -4.973684556562e-01   -9.814653064322e-02  -7.070207350695e+01   5.893733704633e+00
 -2.786787845017e-01   -4.044127677604e-02  -6.902317327425e+01   5.893733704633e+00
 -4.627997013059e-01   -8.117804838587e-02  -6.510857996137e+01   2.963865334442e+00
 -5.304993740559e-01   -1.313743151090e-01  -6.693455285290e+01   2.963865334442e+00
 -4.480259129255e-01   -8.548294387643e-02  -6.747600597018e+01   2.963865334442e+00
 -4.994044858906e-01   -9.863501079630e-02  -7.072898301899e+01   1.632263615765e+00
 -5.290594132122e-01   -1.319489478005e-01  -6.689310854005e+01   1.632263615765e+00
 -5.614298776674e-01   -1.551457787478e-01  -7.000621618866e+01   1.632263615765e+00
 -4.474732502428e-01   -8.513918232178e-02  -6.747986250153e+01   5.382115088399e+00
 -2.335533087903e-01   -3.109311340828e-02  -6.530391979085e+01   5.382115088399e+00
 -4.637616716879e-01   -8.112897558365e-02  -6.511603490478e+01   5.382115088399e+00
 -2.776116967672e-01   -4.052620489877e-02  -6.900742058664e+01   5.665838194405e+00
 -4.984714621273e-01   -9.813266223902e-02  -7.070324938228e+01   5.665838194405e+00
 -3.326696694507e-01   -3.987449723012e-02  -7.478403754235e+01   5.665838194405e+00
 -3.571115359617e-01   -2.593860451022e-02  -6.168464174719e+01   6.315733086272e+00
 -2.311564808554e-01   -3.090874243818e-02  -6.528019337748e+01   6.315733086272e+00
 -6.373090441237e-04    6.713630631154e-04  -6.183995020180e+01   6.315733086272e+00
 -3.333767903553e-01   -1.249639736249e-02  -5.766756711436e+01   5.544407665800e+00
 -3.490247782504e-01   -1.273247630906e-02  -5.954821909539e+01   5.544407665800e+00
 -9.221650765341e-04    3.125825471920e-04  -5.730233690637e+01   5.544407665800e+00
 -5.705884144130e-01   -1.135294911093e-02  -5.714051636180e+01   3.394520706930e+00
 -3.500178507524e-01   -1.314602296629e-02  -5.956716190029e+01   3.394520706930e+00
 -3.333927697552e-01   -1.274024593144e-02  -5.766909455740e+01   3.394520706930e+00
 -3.555743299012e-01   -2.479833733902e-02  -6.169867304050e+01   4.001044350810e+00
 -5.088143082681e-01   -3.988946729974e-02  -6.173153650909e+01   4.001044350810e+00
 -4.620247574551e-01   -8.101715015428e-02  -6.508770123935e+01   4.001044350810e+00
 -6.567830785660e-01    2.996334304798e-03  -1.839524440467e+01   4.236341373190e+00
 -1.597937372829e-02    4.739338830925e-04  -1.372815596522e+01   4.236341373190e+00
 -7.889099351961e-01   -5.068026337269e-03  -1.406930922777e+01   4.236341373190e+00
 -5.349052377856e-01   -1.010010180868e-01  -6.401761859549e+01   2.639599027246e+00
 -5.293038536473e-01   -1.312766134714e-01  -6.692292945617e+01   2.639599027246e+00
 -4.638514168418e-01   -8.147809884507e-02  -6.512386209929e+01   2.639599027246e+00
 -6.057211184111e-01    4.047294999608e-03  -5.740565421274e+01  -3.314089563258e+00
 -4.048892005812e-01    1.538943920604e-02  -5.942301636709e+01  -3.314089563258e+00
 -5.495222053682e-01    4.531090839687e-02  -6.167510557263e+01  -3.314089563258e+00
 -3.548556951585e-01   -2.531167174529e-02  -6.166774349630e+01   5.261321019535e+00
 -4.635702767582e-01   -8.060729759974e-02  -6.511015462353e+01   5.261321019535e+00
 -2.333889009353e-01   -3.160714564023e-02  -6.528910816862e+01   5.261321019535e+00
 -2.209428326363e-04    1.882463523693e-04  -5.730364633020e+01   5.816651568871e+00
 -3.497624854842e-01   -1.267036704493e-02  -5.954483450327e+01   5.816651568871e+00
 -8.710570413675e-04    7.840746899924e-05  -5.919323718940e+01   5.816651568871e+00
 -5.910816554931e-03   -5.233901650827e-04  -5.365035526542e+01   4.482489666848e+00
 -7.229979485932e-01   -7.736530790100e-03  -5.194148610610e+01   4.482489666848e+00
 -3.328242607456e-01   -1.285420732189e-02  -5.769933311436e+01   4.482489666848e+00
 -4.291852522373e-01   -9.747476751875e-02  -6.312094031656e+01  -2.607614999806e+00
 -3.438476566460e-01   -1.298584872103e-01  -6.448947410912e+01  -2.607614999806e+00
 -4.894687686692e-01   -1.534875103801e-01  -6.590228726624e+01  -2.607614999806e+00
 -5.592923157388e-01   -1.554807298585e-01  -6.996909934826e+01  -1.243729172694e+00
 -5.305016782678e-01   -1.318598962601e-01  -6.693546362137e+01  -1.243729172694e+00
 -4.900608290273e-01   -1.535563309530e-01  -6.590840249114e+01  -1.243729172694e+00
 -2.701735337149e-01    1.570215216683e-03  -6.082130982130e+01  -1.302272845481e+00
 -2.876137528876e-01   -7.512095429333e-02  -6.176244750129e+01  -1.302272845481e+00
 -4.041173745007e-01    3.413950088291e-03  -6.200943324665e+01  -1.302272845481e+00
 -2.884828003575e-01   -7.541486971051e-02  -6.179691090951e+01  -3.764850969618e+00
 -3.426165945663e-01   -1.298302187316e-01  -6.446470618676e+01  -3.764850969618e+00
 -4.301059919346e-01   -9.739141720210e-02  -6.314239386792e+01  -3.764850969618e+00
 -4.030883774991e-01    3.297514633851e-03  -6.198960256572e+01  -9.196475587573e-01
 -2.886257288211e-01   -7.515987763535e-02  -6.178170686659e+01  -9.196475587573e-01
 -4.297812632170e-01   -9.724957416571e-02  -6.315879358546e+01  -9.196475587573e-01
 -2.880447821201e-01   -7.506351534600e-02  -6.178110294266e+01  -2.372784535120e+00
 -2.698664157141e-01    1.256085901782e-03  -6.078740760336e+01  -2.372784535120e+00
 -1.497230132966e-01   -4.307985516704e-02  -6.081348853909e+01  -2.372784535120e+00
 -4.879046660169e-01   -1.528369042809e-01  -6.587017437970e+01  -8.679143710194e-01
 -5.358332413386e-01   -1.010827480307e-01  -6.405169748316e+01  -8.679143710194e-01
 -4.314312882950e-01   -9.801359334374e-02  -6.319499730173e+01  -8.679143710194e-01
 -4.883472602709e-01   -1.536765802199e-01  -6.583760930636e+01  -3.862437334053e+00
 -4.196691667728e-01   -1.461268865821e-01  -6.873455620470e+01  -3.862437334053e+00
 -5.611867862664e-01   -1.557994114006e-01  -7.000625729238e+01  -3.862437334053e+00
 -5.339202509599e-01   -9.973082686152e-02  -6.401697174968e+01   2.534452928877e+00
 -5.102738641398e-01   -3.961230760333e-02  -6.175249041725e+01   2.534452928877e+00
 -5.857540508123e-01   -3.032994657997e-02  -6.138735707236e+01   2.534452928877e+00
 -4.898818697479e-01   -1.530418555075e-01  -6.590431015114e+01   1.812937201231e-01
 -5.303708018573e-01   -1.320227847269e-01  -6.693190771957e+01   1.812937201231e-01
 -5.337431407515e-01   -1.006158281426e-01  -6.399991653754e+01   1.812937201231e-01
 -5.297413361085e-01    5.367235245462e-02  -6.272992549788e+01   2.420015802103e-01
 -4.049655410544e-01    3.472899336769e-03  -6.204510227650e+01   2.420015802103e-01
 -5.199716974258e-01   -4.345759219642e-02  -6.274313293326e+01   2.420015802103e-01
 -4.039420519729e-01    2.648548146941e-03  -6.202591677691e+01  -4.069222550338e-01
 -4.293613764361e-01   -9.658873052773e-02  -6.315373601142e+01  -4.069222550338e-01
 -5.207139125004e-01   -4.313014299580e-02  -6.276277114824e+01  -4.069222550338e-01
 -5.868273333621e-01   -3.045213544450e-02  -6.140559752151e+01   3.381266894114e-01
 -5.219030795122e-01   -4.395100775012e-02  -6.277390592497e+01   3.381266894114e-01
 -5.328491229828e-01   -1.002575543042e-01  -6.400300738990e+01   3.381266894114e-01
 -5.879083732056e-01   -3.149033732762e-02  -6.139907755846e+01   9.918187494010e-01
 -6.147509076874e-01    6.391993788897e-03  -6.127140389292e+01   9.918187494010e-01
 -5.213325864436e-01   -4.248579520533e-02  -6.277831474339e+01   9.918187494010e-01
 -6.622481985252e-01   -5.353753682339e-03  -5.949153251805e+01   7.141013521121e-01
 -6.151119234004e-01    5.443672838543e-03  -6.127376611024e+01   7.141013521121e-01
 -5.869342127634e-01   -3.048931097979e-02  -6.138052614177e+01   7.141013521121e-01
 -5.194159524843e-01   -4.289522144896e-02  -6.272192982016e+01   6.461156156064e-01
 -4.314976059351e-01   -9.713565279570e-02  -6.319448341743e+01   6.461156156064e-01
 -5.356741424307e-01   -1.016860968203e-01  -6.404555270823e+01   6.461156156064e-01
 -4.626204890536e-01   -8.192448859228e-02  -6.508892188069e+01   2.271651157136e+00
 -5.086140038938e-01   -3.941160853132e-02  -6.172358992670e+01   2.271651157136e+00
 -5.360355672337e-01   -1.004205000168e-01  -6.403798355817e+01   2.271651157136e+00
 -2.701334141384e-01    1.865769427069e-03  -6.081959868894e+01   1.668206972254e+00
 -4.041626752989e-01    3.466513352558e-03  -6.201156431633e+01   1.668206972254e+00
 -2.930349781877e-01    7.963151978395e-02  -6.166904478918e+01   1.668206972254e+00
 -7.229820667294e-01   -1.533639787286e-03  -2.190259492084e+01  -3.706527673076e+00
 -2.082231262024e-02   -8.418834754119e-04  -2.229296648672e+01  -3.706527673076e+00
 -7.273304069523e-01   -1.823260992231e-03  -2.769727294282e+01  -3.706527673076e+00
 -4.985780600364e-01   -9.857154496793e-02  -7.071838724620e+01   2.987869287355e-01
 -5.621479145406e-01   -1.552876543873e-01  -7.002027642042e+01   2.987869287355e-01
 -6.074471679401e-01   -1.158727841681e-01  -7.483476149698e+01   2.987869287355e-01
 -5.206151368120e-01   -5.055436200631e-03   7.492528971769e-03  -5.070720105661e+00
 -7.105336570912e-04    6.870323285132e-05  -1.304854526166e-02  -5.070720105661e+00
 -2.672283335236e-03   -1.213393665590e-04  -3.722497637187e+00  -5.070720105661e+00
 -1.405017431130e-01    4.044580925128e-04  -5.992349345679e+01   1.705391425515e+00
 -2.707059567335e-01    2.118580455952e-03  -6.079718049819e+01   1.705391425515e+00
 -1.513985355320e-01    4.555141125656e-02  -6.058399556576e+01   1.705391425515e+00
 -2.298376029712e-01    9.190431604428e-02  -6.730510242361e+01   1.724316177988e+01
 -1.746713129589e-03    1.650251100078e-04  -7.270009954359e+01   1.724316177988e+01
 -1.450624270521e-04    4.953770385763e-04  -6.733769561067e+01   1.724316177988e+01
 -3.350709985537e-01   -1.315305656627e-02  -5.769506819113e+01   3.361069925052e+00
 -7.180470559287e-01   -7.418390062462e-03  -5.191141318469e+01   3.361069925052e+00
 -5.691262716134e-01   -1.122669671539e-02  -5.710218871583e+01   3.361069925052e+00
 -1.593566135152e-03   -4.833538899916e-04  -7.914863096495e+01   2.028897692073e+01
 -8.034695435882e-04    8.630163557657e-04  -7.280855343386e+01   2.028897692073e+01
 -2.721317833034e-01    7.734061595221e-02  -7.279817288007e+01   2.028897692073e+01
  2.669509487090e-04    2.584955001579e-04  -6.550383821101e+01   9.255172971657e+00
 -2.781058311917e-01   -4.007655536829e-02  -6.899929496021e+01   9.255172971657e+00
 -6.963334514720e-04   -9.471007089531e-05  -6.862832553966e+01   9.255172971657e+00
 -2.285553678898e-01    9.135766397742e-02  -6.729955930825e+01   2.059679082506e+01
 -2.699626237786e-01    7.775091715656e-02  -7.285871382765e+01   2.059679082506e+01
 -3.050865926639e-03    6.928957637990e-04  -7.271872959858e+01   2.059679082506e+01
 -3.074730142827e-03   -1.315492611063e-04  -7.916635720262e+01   2.353531538166e+01
 -2.707809830413e-01    7.698718156121e-02  -7.279190973237e+01   2.353531538166e+01
 -3.022000925304e-01    4.419397005642e-02  -7.928072922958e+01   2.353531538166e+01
 -1.127814291880e-03    4.261166687341e-04  -6.728151904341e+01   1.526079436492e+01
  5.248023118414e-04    2.787917629671e-04  -6.294500567453e+01   1.526079436492e+01
 -2.279124701038e-01    9.196641657249e-02  -6.736261165380e+01   1.526079436492e+01
 -7.106612758253e-01    1.583754114841e-02  -3.908202076225e+01   7.784465070681e-01
 -6.148736042185e-01    1.546507354869e-02  -3.945383464973e+01   7.784465070681e-01
 -5.559145529736e-01    9.519601336993e-03  -3.493013598305e+01   7.784465070681e-01
 -1.522874852762e-01    4.607256107026e-02  -6.057480421664e+01   1.056148203024e+01
 -1.819817071017e-01    7.660174352049e-02  -6.329863419668e+01   1.056148203024e+01
 -2.169186780486e-03    1.887659068261e-03  -6.288088398399e+01   1.056148203024e+01
 -4.860216934452e-04    6.256100670764e-04  -6.050483349873e+01   4.597222913415e+00
  1.870029972590e-04   -9.197216917920e-04  -5.953426086916e+01   4.597222913415e+00
 -1.521191682885e-01    4.475324128564e-02  -6.059372095671e+01   4.597222913415e+00
 -2.274239633979e-01    9.163496585594e-02  -6.731656372037e+01   9.451387156998e+00
 -1.825974945115e-01    7.710648668746e-02  -6.330580405098e+01   9.451387156998e+00
 -3.553292858895e-01    1.351851008117e-01  -6.437337914732e+01   9.451387156998e+00
 -2.266091760475e-01    9.145572968945e-02  -6.735823343046e+01   1.420605694905e+01
 -5.473813292387e-04    9.197406620706e-04  -6.294783577825e+01   1.420605694905e+01
 -1.829144794572e-01    7.712746757912e-02  -6.327807724040e+01   1.420605694905e+01
 -2.934422986317e-01    8.023712203798e-02  -6.165430920443e+01   6.925065035682e+00
 -3.541727625492e-01    1.346490425113e-01  -6.440140687187e+01   6.925065035682e+00
 -1.833529137086e-01    7.759236520594e-02  -6.327324975145e+01   6.925065035682e+00
 -2.704947614219e-01    7.779844358570e-02  -7.280239724816e+01   1.206554792090e+01
 -2.276281099127e-01    9.146727760203e-02  -6.736790440773e+01   1.206554792090e+01
 -4.370077992241e-01    1.523954658434e-01  -6.852649643522e+01   1.206554792090e+01
 -1.823639195389e-01    7.733673068877e-02  -6.326207037451e+01   5.859135348603e+00
 -1.517289084273e-01    4.522256960705e-02  -6.061857780144e+01   5.859135348603e+00
 -2.942835319651e-01    8.037026438239e-02  -6.166416928927e+01   5.859135348603e+00
 -1.204770300916e-03    1.308409848113e-03  -6.286637252804e+01   7.398171364057e+00
  8.343847023245e-05   -2.599462347395e-04  -6.052185891555e+01   7.398171364057e+00
 -1.531645031047e-01    4.643836673719e-02  -6.057926633646e+01   7.398171364057e+00
 -3.646190228780e-01    5.410976014163e-02  -6.947972940958e+01  -9.953623778434e+00
 -5.059479257356e-03   -1.690012864122e-04  -7.317258625566e+01  -9.953623778434e+00
 -4.210119806298e-01    5.013538850019e-02  -7.505566191780e+01  -9.953623778434e+00
 -4.355622921351e-01    1.520548418636e-01  -6.856482537064e+01   1.028514898701e+01
 -2.285824674661e-01    9.183182321497e-02  -6.733099266037e+01   1.028514898701e+01
 -3.543638286760e-01    1.350044839635e-01  -6.436184939251e+01   1.028514898701e+01
 -5.675089736624e-01    6.956895721090e-02  -7.973167297915e+01   1.518424354846e+01
 -5.876864084695e-01   -4.848275665171e-03  -8.619847436454e+01   1.518424354846e+01
 -3.188299510389e-01   -2.940512293590e-03  -8.614017814593e+01   1.518424354846e+01
 -5.672472816598e-01    7.002338253988e-02  -7.979469251406e+01   1.448430330591e+01
 -3.038073739856e-01    4.402577548644e-02  -7.923121678102e+01   1.448430330591e+01
 -5.134909357021e-01    1.269195957747e-01  -7.375491658541e+01   1.448430330591e+01
 -5.908074419030e-01   -4.435965296060e-03  -8.613528053154e+01   4.429485122025e+00
 -6.754601550130e-01    6.566547458481e-02  -8.018130671207e+01   4.429485122025e+00
 -6.736098634993e-01   -5.755188897466e-03  -8.618390971928e+01   4.429485122025e+00
 -4.639903355113e-01    2.122775849576e-02  -8.218533517807e+01  -2.539681701999e+00
 -6.737171473600e-01   -4.573562479535e-03  -8.614633573125e+01  -2.539681701999e+00
 -6.750404712842e-01    6.422001988776e-02  -8.025628927355e+01  -2.539681701999e+00
 -6.752337996080e-01   -5.382027080826e-03  -8.616235059477e+01  -4.196678583072e+00
 -4.624249136603e-01    2.197261009612e-02  -8.216729674262e+01  -4.196678583072e+00
 -4.612830593648e-01   -2.679092378700e-02  -9.008130241512e+01  -4.196678583072e+00
 -5.908805825784e-01   -5.917353229932e-03  -8.623917382004e+01   4.517338755537e+00
 -6.735763986323e-01   -5.008035143455e-03  -8.613584302257e+01   4.517338755537e+00
 -6.739205811833e-01   -7.895826953664e-02  -9.213471141922e+01   4.517338755537e+00
 -6.771484803589e-01    6.542507975599e-02  -8.021461232932e+01   6.111493514930e+00
 -5.888970050131e-01   -4.026918540326e-03  -8.610923389174e+01   6.111493514930e+00
 -5.675508817153e-01    6.939706703161e-02  -7.982437653201e+01   6.111493514930e+00
 -3.170077222577e-01   -2.855340842258e-03  -8.613409029291e+01   1.476849945042e+01
 -3.022554982770e-01    4.405701874767e-02  -7.928889158725e+01   1.476849945042e+01
 -5.689658283916e-01    6.973779048861e-02  -7.974067217144e+01   1.476849945042e+01
 -6.549863135547e-01    1.253507004473e-01  -7.483703589967e+01   4.902649502147e+00
 -5.141862918370e-01    1.273047415282e-01  -7.379641785407e+01   4.902649502147e+00
 -5.940282512557e-01    1.671497419401e-01  -6.990710552759e+01   4.902649502147e+00
 -5.146773173856e-01    1.272124258243e-01  -7.376733815102e+01   1.383643005463e+01
 -3.024788313767e-01    4.387732241831e-02  -7.921837600961e+01   1.383643005463e+01
 -2.703973842709e-01    7.774883881546e-02  -7.286313011211e+01   1.383643005463e+01
 -6.737052461158e-01    6.582146334268e-02  -8.023016968247e+01  -2.148284677138e+00
 -6.568699675149e-01    1.244324572354e-01  -7.484804565985e+01  -2.148284677138e+00
 -4.270282509438e-01    5.086977328311e-02  -7.509518990453e+01  -2.148284677138e+00
 -6.763997785451e-01    6.466336160294e-02  -8.027400951087e+01   4.611356215626e+00
 -5.679933068099e-01    7.018939550811e-02  -7.976525241450e+01   4.611356215626e+00
 -6.539659036954e-01    1.260216444680e-01  -7.474829756779e+01   4.611356215626e+00
 -4.365566161205e-01    1.520117427388e-01  -6.859483513159e+01   6.532194444090e+00
 -5.955196326044e-01    1.672360156640e-01  -6.994620386521e+01   6.532194444090e+00
 -5.124635924039e-01    1.274060869382e-01  -7.375888377422e+01   6.532194444090e+00
 -6.757930050137e-01    6.519705112555e-02  -8.025280767337e+01  -4.212345250404e+00
 -4.240157005089e-01    5.126521522600e-02  -7.505865535695e+01  -4.212345250404e+00
 -4.630620251490e-01    2.040396416617e-02  -8.218809247624e+01  -4.212345250404e+00
 -6.561111766003e-01    1.248656383904e-01  -7.483322700244e+01  -3.388027348961e+00
 -5.572561468148e-01    1.128689466556e-01  -7.086973732942e+01  -3.388027348961e+00
 -4.273639843715e-01    5.020119793557e-02  -7.509653413904e+01  -3.388027348961e+00
 -6.553518336958e-01    1.259566152057e-01  -7.478814627591e+01   6.541487519172e+00
 -5.664947371517e-01    7.052184577844e-02  -7.972756654003e+01   6.541487519172e+00
 -5.141562214950e-01    1.268007545346e-01  -7.384418741402e+01   6.541487519172e+00
 -2.717238230726e-01    7.801234190378e-02  -7.281502297647e+01   1.290229069681e+01
 -4.359890429789e-01    1.521388621100e-01  -6.851464849581e+01   1.290229069681e+01
 -5.130846809773e-01    1.271482432759e-01  -7.381476914652e+01   1.290229069681e+01
 -3.078089142273e-01    4.221181714241e-02  -6.569596425083e+01  -8.143980110865e+00
 -1.177770459818e-03   -3.839078225776e-04  -6.569545072012e+01  -8.143980110865e+00
 -3.638712407839e-01    5.394632687526e-02  -6.948720426674e+01  -8.143980110865e+00
 -5.123409234556e-01    1.638379617099e-01  -6.585318831987e+01   5.777978681429e+00
 -4.349273688971e-01    1.521676118564e-01  -6.852424992433e+01   5.777978681429e+00
 -3.548711830352e-01    1.348700414298e-01  -6.442211231324e+01   5.777978681429e+00
 -1.734464050676e-03   -1.067980798564e-03  -8.609602842991e+01   2.220577862757e+01
 -9.912744062280e-04    8.256830754723e-04  -7.926191131199e+01   2.220577862757e+01
 -3.041228232709e-01    4.307615763123e-02  -7.921929878246e+01   2.220577862757e+01
 -4.031234723428e-01    3.566814199384e-03  -6.199100445295e+01   1.369998469946e+00
 -4.408164175407e-01    1.054997690866e-01  -6.311983803616e+01   1.369998469946e+00
 -2.940530734894e-01    7.968005698108e-02  -6.168951511304e+01   1.369998469946e+00
 -1.522217253128e-01    4.567498345736e-02  -6.059933580922e+01   2.713572813588e+00
 -2.698417718045e-01    2.117272265799e-03  -6.078777001948e+01   2.713572813588e+00
 -2.934193959337e-01    7.962344545891e-02  -6.168502095547e+01   2.713572813588e+00
 -5.109836919933e-01    1.638134601756e-01  -6.581875602939e+01   4.458608652841e+00
 -5.952787314443e-01    1.669628085059e-01  -6.998503192730e+01   4.458608652841e+00
 -4.365285807850e-01    1.521707467359e-01  -6.855771076308e+01   4.458608652841e+00
 -3.548252198172e-01    1.348174568672e-01  -6.439222055749e+01   3.138917105008e+00
 -4.402690896427e-01    1.057366257363e-01  -6.308287585496e+01   3.138917105008e+00
 -5.120838088578e-01    1.636177860010e-01  -6.588170236474e+01   3.138917105008e+00
 -5.666916794258e-01    1.134311129113e-01  -6.411657675537e+01   1.301916571469e+00
 -5.105865217387e-01    1.629944911839e-01  -6.585143588155e+01   1.301916571469e+00
 -4.424452067413e-01    1.062749636550e-01  -6.315539768620e+01   1.301916571469e+00
 -5.126694136811e-01    1.637012540562e-01  -6.588741449555e+01   1.793434941420e+00
 -5.717740541171e-01    1.461151157530e-01  -6.705785672492e+01   1.793434941420e+00
 -5.934216837567e-01    1.666504912846e-01  -6.994943758423e+01   1.793434941420e+00
 -5.664822030703e-01    1.139598986779e-01  -6.410741920764e+01  -1.604454301270e-01
 -4.425621972666e-01    1.054382309281e-01  -6.315696041527e+01  -1.604454301270e-01
 -5.292285975690e-01    5.314428504314e-02  -6.270842379718e+01  -1.604454301270e-01
 -3.535900362827e-01    1.347605592913e-01  -6.436837077234e+01   4.178433203027e+00
 -2.938603838614e-01    7.993432879302e-02  -6.170322483606e+01   4.178433203027e+00
 -4.411943226011e-01    1.056690411004e-01  -6.310431011309e+01   4.178433203027e+00
 -4.082050069039e-01    3.369622846426e-02  -6.186273155764e+01  -3.358478628959e+00
 -5.509902066102e-01    4.594855385565e-02  -6.169105021564e+01  -3.358478628959e+00
 -4.035248654762e-01    1.502146097072e-02  -5.940355705539e+01  -3.358478628959e+00
 -7.286206633265e-01   -6.757952569086e-03  -5.194547025501e+01   4.401272254697e+00
 -4.093947279637e-03   -1.037295984088e-03  -5.358498899728e+01   4.401272254697e+00
 -6.969966255559e-03    8.150116117410e-04  -4.774853808720e+01   4.401272254697e+00
 -5.648097484610e-01    1.119823964512e-01  -6.408147089040e+01  -2.258685086778e+00
 -6.104898243294e-01    3.673003329308e-02  -6.152254967140e+01  -2.258685086778e+00
 -5.516481386085e-01    4.636425904109e-02  -6.170819459174e+01  -2.258685086778e+00
 -5.637085998325e-01    1.123871916717e-01  -6.406342170108e+01   3.180422133133e-02
 -5.316288711470e-01    5.434967723086e-02  -6.275811601140e+01   3.180422133133e-02
 -6.114030916336e-01    3.708619731292e-02  -6.154069555106e+01   3.180422133133e-02
 -6.122832612071e-01    3.654176879624e-02  -6.154998559719e+01   9.237543272652e-03
 -6.146444256768e-01    5.758521217892e-03  -6.127450336481e+01   9.237543272652e-03
 -6.630057513250e-01   -5.743897884949e-03  -5.949137684524e+01   9.237543272652e-03
 -5.716146066850e-01    1.462567901517e-01  -6.705363519990e+01   3.288756806564e-01
 -5.125475050493e-01    1.632243695186e-01  -6.588450548570e+01   3.288756806564e-01
 -5.646305942039e-01    1.129543482094e-01  -6.406694592557e+01   3.288756806564e-01
 -6.072976671638e-01    4.668918041866e-03  -5.742230747719e+01  -9.620496558939e-01
 -6.121582304516e-01    3.620782209002e-02  -6.156169083287e+01  -9.620496558939e-01
 -6.638398356746e-01   -5.427561986211e-03  -5.948856223022e+01  -9.620496558939e-01
 -6.124512470049e-01    3.821970220573e-02  -6.154120458107e+01  -4.877596004458e-01
 -5.311481284689e-01    5.280818811119e-02  -6.275922482103e+01  -4.877596004458e-01
 -6.147052740297e-01    4.495930029771e-03  -6.127685656734e+01  -4.877596004458e-01
 -4.404573981857e-01    1.048315941238e-01  -6.311616089431e+01   7.987449546327e-01
 -4.039027289371e-01    4.244875153310e-03  -6.202542341750e+01   7.987449546327e-01
 -5.305097083388e-01    5.339688048594e-02  -6.275018917218e+01   7.987449546327e-01
 -5.158732338836e-01    9.665327662283e-02  -6.533885023387e+01  -1.903970563653e+00
 -5.670141813520e-01    1.126784180113e-01  -6.410547442923e+01  -1.903970563653e+00
 -5.499659729396e-01    4.634787667970e-02  -6.168157642543e+01  -1.903970563653e+00
 -5.717971589012e-01    1.456693017151e-01  -6.705724912864e+01  -2.401329531465e+00
 -5.161895968041e-01    9.584460704579e-02  -6.535790757652e+01  -2.401329531465e+00
 -5.091883547673e-01    1.006598029131e-01  -6.777012632612e+01  -2.401329531465e+00
 -5.706093533974e-01    1.455515983189e-01  -6.704593757297e+01  -2.194795287037e+00
 -5.657619846785e-01    1.132785139721e-01  -6.408345835455e+01  -2.194795287037e+00
 -5.172109608720e-01    9.617206440079e-02  -6.537271994274e+01  -2.194795287037e+00
 -5.586898651070e-01    1.124506181116e-01  -7.091104471472e+01  -5.166682487772e+00
 -5.093204329669e-01    1.005917638708e-01  -6.777146846701e+01  -5.166682487772e+00
 -3.643786410629e-01    5.416655323983e-02  -6.950456231311e+01  -5.166682487772e+00
 -5.092512499962e-01    1.004957653048e-01  -6.777748074402e+01  -1.865357859461e+00
 -5.588097271476e-01    1.129269344988e-01  -7.090901310108e+01  -1.865357859461e+00
 -5.717831051362e-01    1.461036169196e-01  -6.704644388809e+01  -1.865357859461e+00
 -3.077393428964e-01    4.217871969284e-02  -6.569717693837e+01  -5.018532261860e+00
 -3.636987801093e-01    5.433868232336e-02  -6.948547843328e+01  -5.018532261860e+00
 -5.100175152234e-01    1.003869278298e-01  -6.778627324311e+01  -5.018532261860e+00
 -5.598415636364e-01    1.124346754758e-01  -7.091241047977e+01  -4.848858119242e+00
 -3.630856227151e-01    5.424709696505e-02  -6.948973068017e+01  -4.848858119242e+00
 -4.227941229205e-01    5.037465743743e-02  -7.504752614774e+01  -4.848858119242e+00
 -5.087172823094e-01    1.003314257614e-01  -6.777589698092e+01  -4.976974874259e+00
 -5.171432442087e-01    9.577953349956e-02  -6.536435096203e+01  -4.976974874259e+00
 -3.092110434008e-01    4.232237796748e-02  -6.571487865320e+01  -4.976974874259e+00
 -5.702942636799e-01    1.462207622882e-01  -6.701635282341e+01  -9.483007197799e-01
 -5.606192579447e-01    1.129186901524e-01  -7.093717740076e+01  -9.483007197799e-01
 -5.955713457258e-01    1.663263633684e-01  -6.998565055669e+01  -9.483007197799e-01
 -4.091616923089e-01    3.309224047791e-02  -6.188300248828e+01  -3.836984781916e+00
 -5.153773193028e-01    9.568805286727e-02  -6.534261458923e+01  -3.836984781916e+00
 -5.501603996450e-01    4.692511500598e-02  -6.168187225543e+01  -3.836984781916e+00
 -3.859483135695e-01    5.570327505785e-03  -5.729086766183e+01  -5.629640381042e+00
 -1.641280103430e-03   -2.802871784151e-04  -5.706472131765e+01  -5.629640381042e+00
 -4.036565117038e-01    1.498923216853e-02  -5.941698865189e+01  -5.629640381042e+00
 -3.857911471830e-01    5.562881474065e-03  -5.726842446066e+01  -3.128096678461e+00
 -6.061309888854e-01    4.464924948140e-03  -5.739065851758e+01  -3.128096678461e+00
 -5.327200222739e-01    7.061476288495e-03  -5.378965520919e+01  -3.128096678461e+00
 -1.611371780494e-03    2.923520969476e-04  -6.186105879840e+01  -5.780824344072e+00
 -4.053299591559e-01    1.522819022632e-02  -5.940433584326e+01  -5.780824344072e+00
 -3.464454897406e-04   -2.873334204141e-04  -5.705544287217e+01  -5.780824344072e+00
 -5.174212291025e-01   -4.927304950074e-03  -3.398501812813e-03  -1.706949242449e+00
 -6.139280010026e-01   -5.839274903856e-03  -4.056511384679e+00  -1.706949242449e+00
 -6.938638605062e-01   -1.570526640745e-03  -4.303727798864e-02  -1.706949242449e+00
  7.008341968270e-04    8.290907777194e-04  -1.057406165999e+02  -6.875685060360e+00
 -2.748875793106e-01   -4.772446348075e-02  -1.048103612727e+02  -6.875685060360e+00
 -1.105285469059e-03   -4.642217305928e-04  -1.043887569855e+02  -6.875685060360e+00
 -6.113386675220e-01    8.104715266267e-03  -4.792705905343e+01   4.668389741967e+00
 -7.230630887612e-01   -6.169172874812e-03  -5.193146456047e+01   4.668389741967e+00
 -1.045565283878e-02    9.364305730507e-04  -4.774899659598e+01   4.668389741967e+00
 -4.079584108524e-01    3.353784305547e-02  -6.185542311819e+01  -4.889505560156e+00
 -3.086647070696e-01    4.280078815882e-02  -6.569709719009e+01  -4.889505560156e+00
 -5.172340233370e-01    9.528554272557e-02  -6.536151194407e+01  -4.889505560156e+00
 -7.196064549884e-01   -1.232185401636e-03  -2.189130340658e+01  -9.517915292887e-02
 -6.628179178496e-01    2.983003063334e-03  -1.835808478098e+01  -9.517915292887e-02
 -6.344241487436e-01   -3.345551009762e-03  -1.763499612101e+01  -9.517915292887e-02
  4.610486711156e-04   -1.707661874052e-04  -6.565986427162e+01  -9.131759723493e+00
 -2.535098632589e-03    5.468305137223e-05  -7.312880346661e+01  -9.131759723493e+00
 -3.662734422874e-01    5.380773073444e-02  -6.949770301762e+01  -9.131759723493e+00
 -6.875971033319e-01    3.435021234366e-03  -4.863391349754e+01  -4.886323528077e+00
 -1.189543436710e-02    9.396834705578e-04  -5.326617081652e+01  -4.886323528077e+00
 -5.280965401815e-01    7.246677500758e-03  -5.375632614019e+01  -4.886323528077e+00
 -5.962169130161e-01    1.664686297841e-01  -6.999895209296e+01   4.267579388149e-01
 -5.598870772557e-01    1.128474973434e-01  -7.092736998763e+01   4.267579388149e-01
 -6.526852602823e-01    1.253317746741e-01  -7.479203085473e+01   4.267579388149e-01
 -6.153040985183e-01    5.428949490448e-03  -6.129967455150e+01   2.077558276357e-01
 -5.300011773168e-01    5.189965007318e-02  -6.274323744551e+01   2.077558276357e-01
 -5.201347522302e-01   -4.168905499154e-02  -6.275648892130e+01   2.077558276357e-01
 -2.931369616182e-03    7.560688978304e-04  -7.316748048969e+01  -9.586399752433e+00
 -4.633792541560e-01    2.194757035782e-02  -8.217143134824e+01  -9.586399752433e+00
 -4.224835921101e-01    4.966800704038e-02  -7.506127673844e+01  -9.586399752433e+00
 -7.156974849334e-01   -6.739121244213e-03  -5.184042744953e+01  -1.262239560484e+00
 -5.405027398021e-01    7.060186795157e-03  -5.377596137799e+01  -1.262239560484e+00
 -6.718340745882e-01   -1.650318630940e-03  -5.733313805742e+01  -1.262239560484e+00
 -6.206069717464e-01   -5.965932619649e-02  -8.039303651513e+01   3.798551866466e+00
 -6.156861675386e-01    1.953615708834e-03  -8.648484323197e+01   3.798551866466e+00
 -3.650879234565e-01   -1.816542110060e-02  -8.225822255395e+01   3.798551866466e+00
 -6.417095470895e-03   -2.808480048568e-04  -3.715836864772e+00  -4.656444968254e+00
 -6.155846020866e-01   -5.800141020997e-03  -4.028654224236e+00  -4.656444968254e+00
 -5.171985870599e-01   -5.004212116978e-03   1.691506920138e-02  -4.656444968254e+00
 -6.701441262856e-01   -1.715610137535e-03  -5.731572818040e+01  -8.731382548798e-01
 -6.074883842642e-01    4.847144941023e-03  -5.741497420277e+01  -8.731382548798e-01
 -6.633071394721e-01   -5.329540346514e-03  -5.948555837210e+01  -8.731382548798e-01
 -7.989717050630e-01   -6.272024482833e-03  -1.406413787657e+01  -3.552192279159e+00
 -6.577596844302e-01   -1.014969977730e-02  -8.394131578510e+00  -3.552192279159e+00
 -2.552394737146e-02    4.960380569989e-04  -1.298395400448e+01  -3.552192279159e+00
 -6.738030360356e-01   -1.603044156493e-03  -5.733933083251e+01  -1.007731867247e+00
 -5.374527511181e-01    7.008867026863e-03  -5.378637515761e+01  -1.007731867247e+00
 -6.036988029881e-01    4.572674245155e-03  -5.741399438984e+01  -1.007731867247e+00
 -5.330033006166e-01    6.858398825644e-03  -5.369938364610e+01  -1.062409282827e+00
 -7.205721695337e-01   -6.024318518840e-03  -5.182847548588e+01  -1.062409282827e+00
 -6.824878965392e-01    3.527986817574e-03  -4.860306437548e+01  -1.062409282827e+00
 -6.626230099379e-01   -5.488794178704e-03  -5.948501824448e+01   1.995330093129e+00
 -5.867193781005e-01   -3.046698446757e-02  -6.138170948923e+01   1.995330093129e+00
 -5.084033854711e-01   -3.919648245873e-02  -6.175291091132e+01   1.995330093129e+00
 -5.713387177783e-01   -1.099885093611e-02  -5.713396465023e+01   1.441265514803e+00
 -6.709942383924e-01   -1.451398069926e-03  -5.731593565789e+01   1.441265514803e+00
 -6.620022678228e-01   -5.778872288131e-03  -5.950250276047e+01   1.441265514803e+00
 -5.077280922997e-01   -3.864210548932e-02  -6.176243964862e+01   3.118369148968e+00
 -3.531155677371e-01   -1.349379905035e-02  -5.958484897509e+01   3.118369148968e+00
 -6.641029595064e-01   -6.107252121061e-03  -5.948910295946e+01   3.118369148968e+00
 -6.560623831015e-04    4.235944473064e-04  -5.916801384570e+01   5.952060970073e+00
 -3.574331496714e-01   -2.502296171989e-02  -6.168153416383e+01   5.952060970073e+00
 -8.219815727757e-04   -1.429102143473e-04  -6.182960213984e+01   5.952060970073e+00
 -3.557024359470e-01   -2.494317401141e-02  -6.167512457683e+01   5.980660876257e+00
 -1.891424636693e-03    5.207287948915e-04  -5.917963209655e+01   5.980660876257e+00
 -3.491361553073e-01   -1.300191326850e-02  -5.955642647145e+01   5.980660876257e+00
 -6.058316294893e-01    3.979981080844e-03  -5.741286410193e+01  -1.649583932800e+00
 -5.492318631005e-01    4.549887636994e-02  -6.167114017345e+01  -1.649583932800e+00
 -6.128706931132e-01    3.679362569716e-02  -6.156363926589e+01  -1.649583932800e+00
 -3.855207734955e-01    5.499500289719e-03  -5.728304327493e+01  -3.309190465880e+00
 -4.035821908910e-01    1.522825506176e-02  -5.943236925373e+01  -3.309190465880e+00
 -6.070750273163e-01    4.457411213961e-03  -5.740411760200e+01  -3.309190465880e+00
 -6.138227522456e-01   -5.113917686950e-03  -4.072216781842e+00  -5.416271158198e-01
 -6.609384917744e-01   -1.070547901695e-02  -8.632875530650e+00  -5.416271158198e-01
 -6.961185814589e-01   -8.881163757343e-03  -5.349057051728e+00  -5.416271158198e-01
 -1.000017291077e-02   -4.825168392222e-04  -4.285872049170e+01  -4.616065630348e+00
 -7.061855660100e-01    1.287320402773e-02  -3.887315815933e+01  -4.616065630348e+00
 -4.556271251703e-04   -4.039741257094e-04  -3.809726925108e+01  -4.616065630348e+00
 -1.895927205976e-02    3.091679799549e-04  -4.333273145663e+01   3.740483027959e+00
 -7.993538497533e-01    8.959616207436e-03  -4.359189191443e+01   3.740483027959e+00
 -6.127095407388e-01    7.633376073902e-03  -4.808345614835e+01   3.740483027959e+00
 -7.929722823370e-01    9.120404242026e-03  -4.360907623654e+01  -3.691748874613e+00
 -2.010151266758e-02   -3.858513938047e-04  -4.315477403101e+01  -3.691748874613e+00
 -6.856944996940e-01    2.940710228342e-03  -4.885199871723e+01  -3.691748874613e+00
 -6.299823235209e-01   -1.309438806995e-04  -2.494295715702e+01   9.679995889180e-01
 -7.328998649578e-01   -2.176975905326e-03  -2.750700065841e+01   9.679995889180e-01
 -6.280771185820e-01   -7.315199011966e-03  -3.013693277545e+01   9.679995889180e-01
 -6.347886736636e-01   -3.515892008377e-03  -1.764566868266e+01  -4.613926803137e+00
  2.330324154848e-04    7.615333409370e-05  -1.760633149223e+01  -4.613926803137e+00
 -7.564365648501e-03   -3.026426214855e-04  -2.207474637589e+01  -4.613926803137e+00
 -5.598663445618e-01    9.562538529471e-03  -3.486442351844e+01   1.255528026718e+00
 -7.317996525409e-01    9.636613664304e-03  -3.318918941331e+01   1.255528026718e+00
 -7.059933828290e-01    1.568784399723e-02  -3.910015852482e+01   1.255528026718e+00
 -7.268689085286e-01   -1.777704627011e-03  -2.723493516748e+01  -3.585925167693e+00
 -2.357258310472e-02    1.134287885151e-03  -3.309303566354e+01  -3.585925167693e+00
 -7.382617982814e-01    9.132586254238e-03  -3.316495261568e+01  -3.585925167693e+00
 -6.255308964886e-01   -1.069142109021e-04  -2.488396780203e+01   1.000104686869e+00
 -6.536446267785e-01    2.697827618678e-03  -1.833679388115e+01   1.000104686869e+00
 -7.260175650062e-01   -7.617328502485e-04  -2.187466252535e+01   1.000104686869e+00
 -7.398705894077e-01    1.025142463327e-02  -3.329551636885e+01  -3.489885226771e+00
 -2.135132031597e-02    1.475822415373e-04  -3.332651976994e+01  -3.489885226771e+00
 -6.994724021633e-01    1.415964517786e-02  -3.920858027411e+01  -3.489885226771e+00
 -7.027403368395e-01   -7.906765252125e-03  -5.350174709266e+00   4.546136820753e+00
 -7.048660918748e-03   -5.219599350282e-04  -8.894046154639e+00   4.546136820753e+00
 -4.388367451465e-03    7.064691015842e-04  -3.380510505707e+00   4.546136820753e+00
 -8.176943842210e-03    6.253170982348e-04  -8.195650220926e+00  -4.455559527736e+00
 -6.607585017266e-01   -9.573359863135e-03  -8.588710116191e+00  -4.455559527736e+00
 -6.147848010918e-01   -5.494380210611e-03  -4.040378144302e+00  -4.455559527736e+00
 -3.873244858325e-03    3.238927664516e-04  -8.200164102840e+00  -4.705464248855e+00
 -6.193090679820e-01   -5.630429085826e-03  -4.031125981544e+00  -4.705464248855e+00
 -3.153379432758e-03   -3.211746511225e-04  -3.746274858758e+00  -4.705464248855e+00
 -6.898148018707e-01   -1.377258437372e-03  -4.419479608472e-02  -6.076411720509e-01
 -6.180696388522e-01   -5.943255762749e-03  -4.036082194384e+00  -6.076411720509e-01
 -6.913913280945e-01   -7.657455927322e-03  -5.343160079541e+00  -6.076411720509e-01
  4.654241747123e-04   -1.546819882748e-04  -1.748195495672e+01  -4.612089960500e+00
 -6.338004219684e-01   -3.381969967203e-03  -1.786443342165e+01  -4.612089960500e+00
 -1.078759448372e-02   -3.486331229155e-05  -1.327852262400e+01  -4.612089960500e+00
 -6.664902010001e-01   -1.138959469040e-02  -8.634433428296e+00   4.607655182419e-01
 -7.845402698724e-01   -6.035948533233e-03  -1.414952063195e+01   4.607655182419e-01
 -6.072286788057e-01   -1.601524822293e-02  -1.027350586761e+01   4.607655182419e-01
 -6.655444815834e-01   -9.352916602082e-03  -8.498530082516e+00  -4.504264274697e+00
 -2.501166271271e-03    5.450374290337e-04  -8.275179510173e+00  -4.504264274697e+00
 -1.115338651878e-02    3.284804997192e-04  -1.296682049128e+01  -4.504264274697e+00
 -6.688194161214e-01   -1.147225364910e-02  -8.622264480307e+00   4.354144294338e-01
 -6.063917447670e-01   -1.607014441212e-02  -1.014425976838e+01   4.354144294338e-01
 -6.909055119292e-01   -8.949285925273e-03  -5.283237983856e+00   4.354144294338e-01
 -2.210959102994e-03   -2.895531228128e-04  -8.876731050728e+00   5.014828158477e+00
 -6.064189845448e-01   -1.479591521143e-02  -1.008479983672e+01   5.014828158477e+00
 -4.910881126194e-03    5.068714144669e-04  -1.353127585083e+01   5.014828158477e+00
 -1.493609462849e-02    9.335455201581e-04  -1.356163960941e+01   4.195185022674e+00
 -6.009322308054e-01   -1.497037297941e-02  -1.005223794134e+01   4.195185022674e+00
 -7.898154380166e-01   -5.484886591923e-03  -1.408041603457e+01   4.195185022674e+00
 -6.944283047162e-01    3.315470752850e-03  -4.867437042018e+01  -4.790773460235e+00
 -1.336254422681e-03   -4.622042467907e-04  -4.820713935499e+01  -4.790773460235e+00
 -6.563818948376e-03    5.662265462270e-04  -5.323662545040e+01  -4.790773460235e+00
 -6.178286489948e-01    7.384369731484e-03  -4.796949133320e+01   5.270196823465e-01
 -6.897153088283e-01    3.287531636782e-03  -4.864403610474e+01   5.270196823465e-01
 -7.142023429777e-01   -5.773521606945e-03  -5.193451304886e+01   5.270196823465e-01
 -2.480619072499e-03   -1.155311070910e-04  -3.781924837254e+01   4.840518229620e+00
 -6.219438653506e-01    1.478645202267e-02  -3.926322294921e+01   4.840518229620e+00
 -6.768341812795e-03   -1.061222110955e-04  -4.317779631404e+01   4.840518229620e+00
 -6.883153171549e-01    3.007088179431e-03  -4.864036780152e+01   7.194943528707e-01
 -6.203183146793e-01    7.342493303460e-03  -4.786564976300e+01   7.194943528707e-01
 -7.875936460121e-01    8.917447625357e-03  -4.355805594218e+01   7.194943528707e-01
 -6.179355221453e-01    8.240160753624e-03  -4.800211852492e+01   4.693806141458e+00
 -1.955960466055e-03    5.433618041316e-04  -4.774539441241e+01   4.693806141458e+00
 -7.699731382053e-03    1.776214750612e-04  -4.337196216569e+01   4.693806141458e+00
 -6.498199837911e-03    1.994473117131e-04  -1.374089508686e+01   5.025999426914e+00
 -6.638131210690e-01    2.948532212750e-03  -1.837307147252e+01   5.025999426914e+00
 -7.189854384735e-04   -1.850545263601e-05  -1.916986424284e+01   5.025999426914e+00
 -1.023134346120e-03   -2.279696917814e-04  -4.814062693766e+01  -4.783089287699e+00
 -6.933957640757e-01    2.823372102557e-03  -4.878259016828e+01  -4.783089287699e+00
 -9.174848773953e-03   -2.504689113890e-04  -4.317199500044e+01  -4.783089287699e+00
 -6.360505181644e-01   -3.207425083732e-03  -1.770444244724e+01  -4.106104742917e-01
 -6.604384029135e-01    3.069827804513e-03  -1.820293339413e+01  -4.106104742917e-01
 -7.849207235552e-01   -5.121628036011e-03  -1.403491119879e+01  -4.106104742917e-01
 -2.357764245668e-02   -8.549641803178e-06  -1.322688325090e+01  -3.248935852308e+00
 -6.265578491098e-01   -3.137257954152e-03  -1.799977378936e+01  -3.248935852308e+00
 -8.003634442847e-01   -5.695922179832e-03  -1.410769910234e+01  -3.248935852308e+00
 -6.291915428143e-01   -3.391707109324e-03  -1.751980609322e+01  -3.606861693823e+00
 -1.725892025200e-02   -7.328490662387e-04  -2.211265389675e+01  -3.606861693823e+00
 -7.258145368089e-01   -1.666246148795e-03  -2.181957128766e+01  -3.606861693823e+00
 -6.303657990606e-01   -4.867338241867e-04  -2.494385388818e+01   4.955796955366e+00
 -6.285477817145e-01   -6.789935164551e-03  -3.012932287234e+01   4.955796955366e+00
 -9.411559507775e-03    5.276569239138e-05  -2.868659387577e+01   4.955796955366e+00
 -7.363645491140e-01   -1.785921534543e-03  -2.757504188837e+01  -4.332474290861e+00
 -1.031944277595e-02   -4.990566727039e-04  -2.234485138165e+01  -4.332474290861e+00
 -1.536783580840e-03    2.174839717173e-04  -2.768561695491e+01  -4.332474290861e+00
 -1.220390433626e-03    9.977154835893e-05  -1.919354377743e+01   5.021785814955e+00
 -6.618755151091e-01    2.654424118918e-03  -1.834421741920e+01   5.021785814955e+00
 -5.654419414907e-03   -2.242228854964e-04  -2.376060526020e+01   5.021785814955e+00
 -6.191143165724e-01    1.572085935412e-02  -3.948842438550e+01   9.253693931434e-01
 -7.021164365036e-01    1.488856369974e-02  -3.900827629712e+01   9.253693931434e-01
 -7.852477139181e-01    9.127727927495e-03  -4.353664010232e+01   9.253693931434e-01
 -1.989919470989e-02    4.737133824324e-06  -4.317314420539e+01   3.945148760010e+00
 -6.133724707709e-01    1.484347525988e-02  -3.920399884201e+01   3.945148760010e+00
 -7.980566080408e-01    9.284469733324e-03  -4.354282742602e+01   3.945148760010e+00
 -6.054106590539e-03   -4.039155166214e-04  -3.775257971060e+01   4.912844753824e+00
 -5.495904369299e-01    8.487491549005e-03  -3.499007177513e+01   4.912844753824e+00
 -6.184753391525e-01    1.529421520168e-02  -3.931837345597e+01   4.912844753824e+00
 -5.515922086398e-01    7.322650074625e-03  -3.504192227140e+01   5.358512380779e+00
 -1.718600285866e-03    1.297368614520e-05  -3.774207409826e+01   5.358512380779e+00
 -2.167707306458e-03   -4.927951776704e-04  -3.383098588271e+01   5.358512380779e+00
 -3.351122118528e-03    2.521134492103e-04  -2.866861918914e+01   5.014814585837e+00
 -6.341990508993e-01   -6.939919666444e-03  -3.014093958839e+01   5.014814585837e+00
 -3.765637900390e-03   -2.186399106965e-04  -3.382299447134e+01   5.014814585837e+00
 -6.317901724877e-01   -7.880497492475e-03  -3.022915461500e+01   8.822090071729e-01
 -7.275269660040e-01   -2.202015070056e-03  -2.737267477481e+01   8.822090071729e-01
 -7.332878657635e-01    8.670100142433e-03  -3.314721860177e+01   8.822090071729e-01
 -1.155967460937e-02    7.269462672183e-04  -3.304711218342e+01  -4.335698495382e+00
 -7.361834452766e-01   -1.334491373351e-03  -2.736134464939e+01  -4.335698495382e+00
 -1.281898720172e-03   -5.388927546322e-06  -2.781069891906e+01  -4.335698495382e+00
 -2.171693459765e-04   -7.481517658768e-04  -3.798192821008e+01  -4.619863531954e+00
 -7.063927312426e-01    1.321216232622e-02  -3.906817906763e+01  -4.619863531954e+00
 -9.744033463078e-03    1.496589099571e-05  -3.335241683444e+01  -4.619863531954e+00
 -6.279032937543e-01   -7.314402944777e-03  -3.017314626836e+01   5.010833826505e+00
 -5.455403175571e-01    7.286769701859e-03  -3.505049860887e+01   5.010833826505e+00
 -8.831076525377e-03   -6.398774783256e-04  -3.383555942068e+01   5.010833826505e+00
 -6.253093594140e-01   -7.898952238759e-03  -3.019957097928e+01   1.613035888260e+00
 -7.381680592698e-01    9.254305666012e-03  -3.312885491562e+01   1.613035888260e+00
 -5.478863205263e-01    8.237055571103e-03  -3.498726225467e+01   1.613035888260e+00
 -6.344971387430e-01   -6.123439426683e-04  -2.493492624441e+01   4.953243610924e+00
 -4.252306787485e-03   -5.259131574794e-05  -2.869421782348e+01   4.953243610924e+00
 -3.316825914451e-03   -1.321618473351e-04  -2.374304726687e+01   4.953243610924e+00
 -6.554849594334e-01    2.655751521978e-03  -1.833484118876e+01   4.847495361643e+00
 -6.252552808723e-01   -3.238659922198e-04  -2.489754225580e+01   4.847495361643e+00
 -1.145106441260e-02   -3.323287308792e-04  -2.375939351438e+01   4.847495361643e+00
 -7.271031551583e-01   -1.970971388188e-03  -2.762211642641e+01   8.714268923077e-01
 -6.343397305836e-01    1.430936116782e-04  -2.487660258619e+01   8.714268923077e-01
 -7.197619926877e-01   -9.344504193588e-04  -2.189941769365e+01   8.714268923077e-01
