
 -1.817061535926e-03    2.219940977549e-03  -2.200689028305e+02   1.254252455074e+01
 -5.669079165510e-01    2.045601109555e-03  -2.218029085911e+02   1.254252455074e+01
  3.181037791085e-04   -9.162821422163e-04  -2.207111000878e+02   1.254252455074e+01
 -6.894128124225e-01    9.531036586766e-02  -2.031648100505e+02   2.291769641635e+01
  4.749010379162e-04    5.589794490329e-05  -2.117726126489e+02   2.291769641635e+01
 -1.904205505296e-03   -6.014875962248e-05  -2.028267708781e+02   2.291769641635e+01
 -5.664195274184e-01   -1.217786877918e-03  -2.218155581401e+02   1.328782256450e+01
 -9.264306222271e-01    2.006535161471e-01  -2.214839474683e+02   1.328782256450e+01
 -9.904527899585e-01    2.760437028985e-03  -2.249748913970e+02   1.328782256450e+01
 -9.301257781268e-01    1.988004611819e-01  -2.214269070098e+02   1.255125636811e+01
 -5.633635360778e-01    6.031449570960e-04  -2.219052530087e+02   1.255125636811e+01
 -4.340302096878e-01    7.916393490046e-02  -2.194935622243e+02   1.255125636811e+01
 -1.151207244488e+00    2.488762443858e-01  -2.266647465506e+02   8.846571514232e+00
 -9.908814310943e-01    2.802474132765e-03  -2.250928368748e+02   8.846571514232e+00
 -9.269257793850e-01    2.022037687304e-01  -2.214144014091e+02   8.846571514232e+00
 -1.426341550336e+00   -1.454807835028e-02  -1.114222099527e+01   9.458306474517e+00
 -1.921329130797e-02    1.164800001273e-03  -7.070274088282e+00   9.458306474517e+00
 -1.040889483389e+00    1.470324775144e-02   5.392193256879e-02   9.458306474517e+00
 -4.351033951142e-01    7.795900193910e-02  -2.194782472251e+02   1.198368897557e+01
 -8.907850478544e-01    2.160997604567e-01  -2.170920228734e+02   1.198368897557e+01
 -9.300615779438e-01    1.999793361473e-01  -2.214018468415e+02   1.198368897557e+01
 -1.368672696179e+00   -1.276573679104e-02  -1.234638235447e+02   5.426587643137e+00
 -7.263218186370e-01   -2.777226747412e-02  -1.236473549364e+02   5.426587643137e+00
 -1.172681795261e+00   -2.269457805399e-02  -1.186026846979e+02   5.426587643137e+00
 -5.382710140959e-01    1.048889768899e-01  -2.136460664040e+02   1.148991268690e+01
 -6.899426602309e-01    9.573786497852e-02  -2.031576392703e+02   1.148991268690e+01
 -1.008560064779e+00    2.376509972002e-01  -2.110767171869e+02   1.148991268690e+01
 -1.965038109805e-03   -4.293987142701e-04  -2.176051114067e+02   1.649275201988e+01
 -5.365350468355e-01    1.043493315366e-01  -2.136821709696e+02   1.649275201988e+01
 -4.336806553027e-01    7.853779029069e-02  -2.195350914030e+02   1.649275201988e+01
 -8.920641373642e-01    2.162403199678e-01  -2.170730118958e+02   5.743037733726e+00
 -1.006839583578e+00    2.389236850789e-01  -2.110860821343e+02   5.743037733726e+00
 -1.093367673457e+00    3.249174347717e-01  -2.194392160353e+02   5.743037733726e+00
 -1.006663907910e+00    2.378466185350e-01  -2.110899534048e+02   1.223840824261e+01
 -8.920180779291e-01    2.164259392540e-01  -2.170810387084e+02   1.223840824261e+01
 -5.403309664170e-01    1.047177817650e-01  -2.136128958304e+02   1.223840824261e+01
 -1.163877413330e+00    3.592432134475e-01  -2.134602162787e+02   3.523132970919e+00
 -1.090331969128e+00    3.251290200750e-01  -2.195065240286e+02   3.523132970919e+00
 -1.010678707058e+00    2.388891132542e-01  -2.110239538184e+02   3.523132970919e+00
 -8.918500756551e-01    2.165102342080e-01  -2.170770182150e+02   7.370262480365e+00
 -1.093524441974e+00    3.242769983498e-01  -2.194392849544e+02   7.370262480365e+00
 -9.282227605136e-01    2.005389624730e-01  -2.214417264580e+02   7.370262480365e+00
 -1.165095238664e+00    3.595086460229e-01  -2.134241603707e+02   6.964718658048e-01
 -1.009458233184e+00    2.386897026207e-01  -2.110554550127e+02   6.964718658048e-01
 -1.250079963878e+00    2.633049948197e-01  -2.032306720896e+02   6.964718658048e-01
 -5.381894196292e-01    1.051784848566e-01  -2.136670987204e+02   1.182717681901e+01
 -8.933208906643e-01    2.159471920727e-01  -2.170526845938e+02   1.182717681901e+01
 -4.325116961987e-01    7.801343829764e-02  -2.195457523986e+02   1.182717681901e+01
 -2.075880355269e-03    5.573621751220e-04  -1.762879977491e+02   2.499485991351e+01
 -1.076114368402e-03   -9.893876742912e-04  -1.511948128897e+02   2.499485991351e+01
 -7.523759256156e-01   -3.971104823370e-02  -1.703807881862e+02   2.499485991351e+01
 -1.148159822927e+00    2.493762514840e-01  -2.266482306987e+02   7.402558680516e+00
 -9.301470826503e-01    2.010564814154e-01  -2.213974239334e+02   7.402558680516e+00
 -1.091210695950e+00    3.243662923589e-01  -2.194677784201e+02   7.402558680516e+00
 -1.276037134447e+00    5.508150273421e-03  -2.306736788516e+02   4.969783176881e+00
 -1.144612618318e+00    2.470991947212e-01  -2.266363299465e+02   4.969783176881e+00
 -1.177452890287e+00    1.098680707334e-01  -2.318067386064e+02   4.969783176881e+00
 -1.272845319629e+00    1.579544440197e-03  -2.306049942995e+02   1.107769457973e+01
 -9.937197157297e-01    1.527333322502e-03  -2.250711610099e+02   1.107769457973e+01
 -1.147761959234e+00    2.490960653908e-01  -2.266959008130e+02   1.107769457973e+01
 -1.277580359192e+00    5.300231232696e-03  -2.307355030010e+02   5.195498687282e+00
 -1.176455380656e+00    1.087455374939e-01  -2.317956278265e+02   5.195498687282e+00
 -1.414490666704e+00   -1.772337036141e-03  -2.348758983456e+02   5.195498687282e+00
 -1.171915320529e+00    1.051223155676e-01  -2.318021772856e+02   2.585139402902e+00
 -1.151101436655e+00    2.506005890362e-01  -2.266245734977e+02   2.585139402902e+00
 -9.460334746013e-01    2.275072020382e-01  -2.289600513734e+02   2.585139402902e+00
 -9.018211727045e-01   -1.780704848086e-02  -2.315402447866e+02  -5.779632964924e-01
 -1.174831877918e+00    1.053902207046e-01  -2.317062650248e+02  -5.779632964924e-01
 -9.413215323848e-01    2.258749945258e-01  -2.290323253681e+02  -5.779632964924e-01
 -1.173518101619e+00    1.016886061482e-01  -2.317645308281e+02   1.682250353866e+00
 -1.191107267001e+00   -1.300463849805e-01  -2.316282148978e+02   1.682250353866e+00
 -1.415837471106e+00    4.633110516793e-03  -2.348629154654e+02   1.682250353866e+00
 -1.151092956440e+00    2.497466626938e-01  -2.266057071743e+02  -9.041975702550e-01
 -1.032694740601e+00    3.582196655633e-01  -2.225734323753e+02  -9.041975702550e-01
 -9.460234023405e-01    2.291203823495e-01  -2.289711605779e+02  -9.041975702550e-01
 -7.943982701569e-01    1.129671751580e-02  -1.188990243050e+02  -1.017659482376e+01
 -1.097005839254e+00    1.512954462931e-02  -1.117217102672e+02  -1.017659482376e+01
 -1.227688170331e-02    1.220945730701e-03  -1.105559156123e+02  -1.017659482376e+01
 -7.317437810083e-01    2.897810145221e-01  -2.255285825717e+02  -1.108573123745e+01
 -1.036707896702e+00    3.597642700260e-01  -2.225826530484e+02  -1.108573123745e+01
 -8.746346984349e-01    3.246869602665e-01  -2.165476680550e+02  -1.108573123745e+01
 -1.037263915250e+00    3.586422224475e-01  -2.225199376935e+02   1.506937802692e+00
 -1.145994422237e+00    2.488210768841e-01  -2.266871212796e+02   1.506937802692e+00
 -1.093454171602e+00    3.254524194760e-01  -2.194376901794e+02   1.506937802692e+00
 -3.232080864661e-01    9.060110834694e-02  -2.332928071563e+02  -1.181792634657e+01
 -6.272976221898e-01    1.654503579478e-01  -2.315254149797e+02  -1.181792634657e+01
 -3.799291890641e-01    1.686078124508e-01  -2.279903922132e+02  -1.181792634657e+01
 -6.267879387563e-01    1.647254541401e-01  -2.314570602727e+02  -7.998717083852e+00
 -9.426057971975e-01    2.273572421073e-01  -2.290543061024e+02  -7.998717083852e+00
 -7.287277682881e-01    2.896118452552e-01  -2.256405317987e+02  -7.998717083852e+00
 -7.302323830320e-01    2.893781319572e-01  -2.255787776478e+02  -1.325730935716e+01
 -3.819419292160e-01    1.689297121659e-01  -2.279584574385e+02  -1.325730935716e+01
 -6.255810276987e-01    1.653265935542e-01  -2.315491244701e+02  -1.325730935716e+01
 -6.268664427904e-01    1.642940365138e-01  -2.314820711103e+02  -1.788843265493e+00
 -8.997391097043e-01   -1.899981239084e-02  -2.316152259323e+02  -1.788843265493e+00
 -9.422257984448e-01    2.269686585269e-01  -2.290273276155e+02  -1.788843265493e+00
 -1.163283824922e+00    3.605274645928e-01  -2.134542521550e+02  -7.976182249754e+00
 -8.781295717313e-01    3.246891774104e-01  -2.164809997987e+02  -7.976182249754e+00
 -1.033704131774e+00    3.597411802274e-01  -2.226514326657e+02  -7.976182249754e+00
 -7.313630163390e-01    2.895917138759e-01  -2.255887487740e+02  -5.047872327907e+00
 -9.406605808886e-01    2.277245251829e-01  -2.291015492969e+02  -5.047872327907e+00
 -1.036364211960e+00    3.594381704417e-01  -2.225225004281e+02  -5.047872327907e+00
 -1.159172337064e+00    3.598989582617e-01  -2.135265264888e+02  -2.136702175444e+00
 -1.037544902165e+00    3.596079711483e-01  -2.225096357700e+02  -2.136702175444e+00
 -1.093854087722e+00    3.249925014379e-01  -2.194326687667e+02  -2.136702175444e+00
 -6.258182048912e-01    1.639823149690e-01  -2.314877661142e+02  -4.880573114308e+00
 -3.239689177022e-01    9.161745772743e-02  -2.333380114054e+02  -4.880573114308e+00
 -5.925460490213e-01   -1.398676130085e-02  -2.335852539127e+02  -4.880573114308e+00
 -1.256911726876e+00    2.624021108514e-01  -2.031362508421e+02   8.235827960057e+00
 -1.003956627137e+00    2.384804671296e-01  -2.111751563846e+02   8.235827960057e+00
 -6.981853536211e-01    9.539301717786e-02  -2.030395883200e+02   8.235827960057e+00
 -1.414723920320e+00   -1.488799840071e-02  -1.119724662347e+01   3.757746332064e+00
 -1.045854644609e+00    1.453760222068e-02  -1.816490898289e-02   3.757746332064e+00
 -1.418301262765e+00   -2.851101389287e-03  -1.409163124845e-01   3.757746332064e+00
 -1.277768269546e+00    1.353242055456e-01  -1.918277593225e+02   7.852952838329e+00
 -7.462363057774e-01    3.845105589014e-02  -1.877774507313e+02   7.852952838329e+00
 -1.269622257554e+00    4.417352571904e-03  -1.792068879652e+02   7.852952838329e+00
 -1.275026011252e+00    1.384836342938e-01  -1.918885602825e+02   5.969491541457e+00
 -1.258523370885e+00    2.613823588125e-01  -2.030950820921e+02   5.969491541457e+00
 -6.973962965034e-01    9.691122204197e-02  -2.030604892923e+02   5.969491541457e+00
 -1.163755664080e+00    3.609585189804e-01  -2.135409997597e+02  -1.235401710517e+01
 -1.017057465177e+00    2.698191962648e-01  -2.053279236635e+02  -1.235401710517e+01
 -8.782760820823e-01    3.244030860724e-01  -2.163978682390e+02  -1.235401710517e+01
 -1.020716717888e+00    2.697127187327e-01  -2.052525477957e+02  -8.918455435616e+00
 -1.160519011131e+00    3.606589284244e-01  -2.136204310991e+02  -8.918455435616e+00
 -1.254874340778e+00    2.634749464871e-01  -2.031344718874e+02  -8.918455435616e+00
 -1.118500653909e+00    1.522908102569e-01  -1.927448928418e+02  -1.202498301845e+01
 -1.020622967124e+00    2.687415832399e-01  -2.051478036409e+02  -1.202498301845e+01
 -1.255655534651e+00    2.646268070488e-01  -2.032406759158e+02  -1.202498301845e+01
 -5.389505505287e-01    1.636990490940e-01  -2.071305372453e+02  -2.588276195404e+01
 -8.769597947646e-01    3.244885047703e-01  -2.165663514249e+02  -2.588276195404e+01
 -1.018481441526e+00    2.694078948201e-01  -2.052073977588e+02  -2.588276195404e+01
 -1.252712337025e+00    2.645780858686e-01  -2.033226711488e+02  -7.983472347484e+00
 -1.280572618034e+00    1.362377728132e-01  -1.917772200944e+02  -7.983472347484e+00
 -1.121613719707e+00    1.517279058223e-01  -1.926676043194e+02  -7.983472347484e+00
 -1.279403158794e+00    1.373072032611e-01  -1.918328188227e+02   1.083210913373e+01
 -6.916547836522e-01    9.774992904223e-02  -2.031667129529e+02   1.083210913373e+01
 -7.434984869007e-01    3.682870440152e-02  -1.877850535173e+02   1.083210913373e+01
 -1.161628746989e+00    5.013849973394e-03  -1.794256747481e+02  -1.075481102684e+01
 -1.120710347512e+00    1.500942552908e-01  -1.925453923748e+02  -1.075481102684e+01
 -1.282106296096e+00    1.378368137664e-01  -1.918955103597e+02  -1.075481102684e+01
 -2.159543352774e-03    1.224225302998e-03  -1.792323275542e+02  -4.629463216684e+01
 -6.457386911321e-01   -3.469755987082e-05  -1.793818829385e+02  -4.629463216684e+01
 -2.028173414843e-03   -2.824488828491e-03  -1.650072810181e+02  -4.629463216684e+01
 -1.123208522174e+00    1.509006978406e-01  -1.927119308300e+02  -2.912493056141e+01
 -6.432138458777e-01    2.087586995400e-03  -1.794017313570e+02  -2.912493056141e+01
 -6.047125133895e-01    9.798697543431e-02  -1.935546822034e+02  -2.912493056141e+01
 -6.464995124566e-01    1.929713781050e-03  -1.793929801550e+02  -2.923291743674e+01
 -1.120408831838e+00    1.505189615176e-01  -1.927280365549e+02  -2.923291743674e+01
 -1.159088506115e+00    3.265880236088e-03  -1.792502016406e+02  -2.923291743674e+01
 -6.048366682737e-01    9.688988043912e-02  -1.936573122067e+02  -4.974312733576e+01
 -6.421887994495e-01    4.200589162211e-03  -1.792227261312e+02  -4.974312733576e+01
 -4.657752881356e-03    2.825528937106e-03  -1.936816874216e+02  -4.974312733576e+01
 -1.120247480935e+00    1.514230542077e-01  -1.926026830548e+02  -2.853631086170e+01
 -6.070750887576e-01    9.788432334067e-02  -1.936771684455e+02  -2.853631086170e+01
 -1.018879325709e+00    2.687651215660e-01  -2.053316679677e+02  -2.853631086170e+01
 -1.118148497430e+00   -1.421625931758e-01  -1.658556371495e+02  -2.910135119087e+01
 -6.463099946362e-01    2.416980851446e-03  -1.792146930191e+02  -2.910135119087e+01
 -1.159156831454e+00    2.205208697281e-03  -1.792966157650e+02  -2.910135119087e+01
 -1.165562209172e+00    4.310430424412e-03  -1.793736251222e+02  -7.181429105869e+00
 -1.278588950795e+00    1.382089417597e-01  -1.919640762606e+02  -7.181429105869e+00
 -1.269182537186e+00    2.135446348649e-03  -1.791364549366e+02  -7.181429105869e+00
 -7.431445895048e-01    3.967198247249e-02  -1.878031846868e+02   1.131828574034e+01
 -7.485789835427e-01   -3.985718002224e-02  -1.703584632175e+02   1.131828574034e+01
 -1.272820522629e+00    3.009196647292e-03  -1.791835601869e+02   1.131828574034e+01
 -5.364192936291e-01    1.632667851221e-01  -2.070236289925e+02  -2.762272418085e+01
 -1.021581184367e+00    2.694075306545e-01  -2.053062332377e+02  -2.762272418085e+01
 -6.038782624035e-01    9.761378939138e-02  -1.937048557581e+02  -2.762272418085e+01
 -8.896156050833e-05    3.905832169474e-04  -2.279151330815e+02  -2.667723603694e+01
 -3.843573212161e-01    1.698751921152e-01  -2.280111479446e+02  -2.667723603694e+01
 -2.814410116706e-03    1.573311138087e-03  -2.192171749367e+02  -2.667723603694e+01
 -3.807582894070e-01    1.679748691421e-01  -2.279003840957e+02  -1.901705222255e+01
 -7.324353811643e-01    2.905534459310e-01  -2.256387956915e+02  -1.901705222255e+01
 -4.595353699586e-01    1.919698175797e-01  -2.188966606124e+02  -1.901705222255e+01
 -6.327148907491e-01    8.510816840085e-02  -1.362848893339e+02  -1.579513864733e+01
 -2.707541330121e-04   -1.027476128697e-03  -1.284783898526e+02  -1.579513864733e+01
 -1.842891943614e-03    3.311834947078e-04  -1.363003145348e+02  -1.579513864733e+01
 -2.476543635487e-03    3.566425068836e-03  -2.341358951492e+02  -8.571958538899e+00
 -3.064192129468e-01   -6.695942565568e-03  -2.353377394790e+02  -8.571958538899e+00
 -3.224354950037e-01    8.939492513637e-02  -2.333123132086e+02  -8.571958538899e+00
 -1.652795594921e-03    1.417964384418e-03  -2.279976863586e+02  -2.161139172485e+01
  7.941528026489e-04   -1.012354784720e-03  -2.340750326735e+02  -2.161139172485e+01
 -3.812501018322e-01    1.678204224084e-01  -2.279276503072e+02  -2.161139172485e+01
 -7.130996123540e-01   -1.387825393881e-01  -2.116147962799e+02  -1.657271552746e+01
 -3.130027820501e-03    5.606969638712e-04  -2.161295265891e+02  -1.657271552746e+01
 -5.676936614081e-01   -1.015722321281e-01  -2.170979553910e+02  -1.657271552746e+01
 -3.822891069478e-01    1.688706600277e-01  -2.280228222560e+02  -3.301085445572e+01
 -4.589516271505e-01    1.912504776624e-01  -2.187994327889e+02  -3.301085445572e+01
 -4.852084997941e-03    2.688252988835e-03  -2.191782481764e+02  -3.301085445572e+01
 -8.870457658510e-04   -1.890590127146e-04  -2.340604764914e+02  -1.705076184163e+01
 -3.235413483118e-01    9.142609824940e-02  -2.333296112859e+02  -1.705076184163e+01
 -3.790694060303e-01    1.670071492560e-01  -2.279410966870e+02  -1.705076184163e+01
 -3.395320133965e-03   -4.230308424067e-04  -1.938622217246e+02  -4.312785126499e+01
 -5.808627729324e-04    2.673641515593e-03  -2.073458800967e+02  -4.312785126499e+01
 -6.054623814472e-01    9.991427721834e-02  -1.935478292565e+02  -4.312785126499e+01
 -1.346753844342e-03    2.495766375866e-03  -1.936620274181e+02  -4.627736652368e+01
 -6.456641195790e-01    4.183611526858e-03  -1.792229231540e+02  -4.627736652368e+01
 -2.326491475835e-03   -1.067031341525e-03  -1.793914728559e+02  -4.627736652368e+01
 -9.530082532978e-01   -5.253061072452e-02  -1.865288953825e+02  -1.941834220761e+01
 -7.441458238605e-03   -1.073327178734e-03  -2.012302770223e+02  -1.941834220761e+01
 -8.472924119506e-01   -1.248759166661e-01  -2.009873773786e+02  -1.941834220761e+01
 -6.454838773226e-04    1.373800870174e-03  -2.190160367107e+02  -3.503147797044e+01
 -4.632371523437e-01    1.920260034679e-01  -2.189111034001e+02  -3.503147797044e+01
 -3.975591919950e-03    5.044279159249e-04  -2.076440203606e+02  -3.503147797044e+01
 -4.060581969613e-03    3.893338998793e-03  -2.073596374505e+02  -4.506541906787e+01
 -5.364777084658e-01    1.620516813960e-01  -2.071179382945e+02  -4.506541906787e+01
 -6.022369186248e-01    9.928008995796e-02  -1.935516918419e+02  -4.506541906787e+01
 -7.431665809923e-01    3.742677489083e-02  -1.877990021104e+02   2.286916093276e+01
 -7.215081779843e-03   -9.576695687322e-04  -1.763614038184e+02   2.286916093276e+01
 -7.478002700852e-01   -3.810069573800e-02  -1.703606589188e+02   2.286916093276e+01
 -5.393158932568e-01    1.040792412155e-01  -2.136452915682e+02   1.794265856207e+01
  4.261670476681e-04   -2.697819266739e-04  -2.176530388630e+02   1.794265856207e+01
 -2.087862801661e-03    7.488507037255e-05  -2.117748485788e+02   1.794265856207e+01
 -7.249023790770e-03    1.782595757187e-03  -2.076079535379e+02  -4.091262942885e+01
 -4.606458231015e-01    1.910196862734e-01  -2.189269193231e+02  -4.091262942885e+01
 -5.346433306826e-01    1.631140811653e-01  -2.070361968580e+02  -4.091262942885e+01
 -4.592763562197e-01    1.915330244626e-01  -2.187922950328e+02  -2.424287720703e+01
 -8.792509716739e-01    3.250878434141e-01  -2.165422364891e+02  -2.424287720703e+01
 -5.361045154989e-01    1.631613404258e-01  -2.071569509764e+02  -2.424287720703e+01
 -6.922631362848e-01    9.497948537260e-02  -2.031938092154e+02   2.290173318068e+01
 -7.184457851002e-03   -1.544801896760e-03  -1.906459131419e+02   2.290173318068e+01
 -7.414963528422e-01    3.845493507672e-02  -1.877837194850e+02   2.290173318068e+01
 -1.165505906990e+00    1.184249065369e-03  -1.791727770943e+02  -7.043959528064e+00
 -1.269198095014e+00    3.746553644092e-03  -1.792280695613e+02  -7.043959528064e+00
 -1.279196563576e+00   -1.284054806033e-01  -1.664434207638e+02  -7.043959528064e+00
 -4.616858689239e-01    1.924270479017e-01  -2.188729408469e+02  -2.056236950763e+01
 -7.305615134466e-01    2.901977948026e-01  -2.256607656371e+02  -2.056236950763e+01
 -8.760668833978e-01    3.243752817621e-01  -2.164590225146e+02  -2.056236950763e+01
  2.088535950712e-04    4.787308188432e-04  -2.028157590040e+02   2.312413402449e+01
 -4.238967394285e-03   -1.103954255141e-03  -1.906733107214e+02   2.312413402449e+01
 -6.946653912435e-01    9.422635678730e-02  -2.031775381084e+02   2.312413402449e+01
 -3.080644149341e-01   -6.485168368052e-03  -2.353285061610e+02  -2.558328390818e+00
 -9.168721171471e-04    2.942696702408e-03  -2.341631810929e+02  -2.558328390818e+00
 -3.929033985691e-04   -1.229336591117e-03  -2.354636961139e+02  -2.558328390818e+00
 -1.205708140177e+00   -2.981869468524e-01  -2.258631792225e+02  -1.991201004870e+00
 -1.188963640937e+00   -1.350939682624e-01  -2.315936480203e+02  -1.991201004870e+00
 -9.699496891286e-01   -2.687187547221e-01  -2.284989526124e+02  -1.991201004870e+00
 -1.191138047743e+00   -1.312104494854e-01  -2.316074600122e+02  -2.571483520400e+00
 -1.415722676673e+00   -4.257651829568e-03  -2.336402376402e+02  -2.571483520400e+00
 -1.416523996451e+00    5.420437651211e-03  -2.349255253852e+02  -2.571483520400e+00
 -1.413445767401e+00    1.065274731812e-03  -2.335897334567e+02  -8.881300618468e+00
 -1.196916641905e+00   -2.952660798105e-01  -2.259507185953e+02  -8.881300618468e+00
 -1.275583965083e+00   -2.550613790945e-03  -2.279064682600e+02  -8.881300618468e+00
 -1.198217702242e+00   -2.946704344724e-01  -2.259308518458e+02  -2.869800008069e+00
 -1.412248210275e+00   -2.436686256732e-04  -2.336042552746e+02  -2.869800008069e+00
 -1.193084536297e+00   -1.377348650228e-01  -2.315805427800e+02  -2.869800008069e+00
 -1.272398955310e+00   -1.476627865348e-03  -2.279175343941e+02  -1.201168743469e+01
 -1.203635126071e+00   -2.973124899627e-01  -2.259216084799e+02  -1.201168743469e+01
 -9.947381708815e-01   -1.375417180972e-03  -2.221356170461e+02  -1.201168743469e+01
 -8.156157657554e-03    4.017803076603e-04  -7.097420641364e+00   1.023107977916e+01
  7.919332346689e-05   -2.165870780932e-04  -4.064359070563e-02   1.023107977916e+01
 -1.049113612650e+00    1.464614249377e-02   2.134798642465e-02   1.023107977916e+01
 -1.192100806002e+00   -1.356564729694e-01  -2.315087463342e+02   1.043485353087e+00
 -9.018674708055e-01   -2.121838692563e-02  -2.315452630368e+02   1.043485353087e+00
 -9.651279014672e-01   -2.670147907388e-01  -2.285727100472e+02   1.043485353087e+00
 -1.191123884821e+00   -1.358556932443e-01  -2.315953463589e+02   2.433987544251e-01
 -1.173749897174e+00    1.058080975678e-01  -2.317762474598e+02   2.433987544251e-01
 -9.037729852581e-01   -1.959593383041e-02  -2.314786173614e+02   2.433987544251e-01
 -6.395098401643e-01   -1.952649900525e-01  -2.312213268780e+02   2.838402270601e+00
 -9.659736651426e-01   -2.680387086151e-01  -2.285740409265e+02   2.838402270601e+00
 -8.998289608817e-01   -2.005833384062e-02  -2.316166961317e+02   2.838402270601e+00
 -7.545799105764e-01   -3.181335899697e-01  -2.249689199782e+02   1.497689109982e+01
 -6.383568710564e-01   -1.962836490519e-01  -2.312953369511e+02   1.497689109982e+01
 -3.896840648663e-01   -1.794457174314e-01  -2.272789347065e+02   1.497689109982e+01
 -9.645327873116e-01   -2.689386250106e-01  -2.286514243356e+02   6.272732493459e+00
 -7.558169111926e-01   -3.185779149136e-01  -2.249862105139e+02   6.272732493459e+00
 -1.083499893802e+00   -4.030758727795e-01  -2.216905015858e+02   6.272732493459e+00
 -7.531749799464e-01   -3.185120369852e-01  -2.250362322706e+02   8.992920564957e+00
 -9.664702977133e-01   -2.686399757794e-01  -2.286046603094e+02   8.992920564957e+00
 -6.393559300098e-01   -1.955334243440e-01  -2.311949232734e+02   8.992920564957e+00
 -1.233073725324e+00   -4.016662343429e-01  -2.123870565117e+02   9.351406262074e+00
 -1.080871988964e+00   -4.034005057780e-01  -2.218204913535e+02   9.351406262074e+00
 -9.147934351391e-01   -3.524407082027e-01  -2.157343732302e+02   9.351406262074e+00
 -9.698464623970e-01   -2.701855213676e-01  -2.285197976791e+02   1.714953104127e+00
 -1.079923212301e+00   -4.020057136327e-01  -2.217378442834e+02   1.714953104127e+00
 -1.205805009349e+00   -2.973412301039e-01  -2.258266442714e+02   1.714953104127e+00
 -6.383013740132e-01   -1.948363593037e-01  -2.312332473890e+02   6.155968106528e+00
 -5.926376121322e-01   -1.612642108666e-02  -2.335820980552e+02   6.155968106528e+00
 -3.298284249976e-01   -1.095486406234e-01  -2.332485304687e+02   6.155968106528e+00
 -6.374375835290e-01   -1.951638389448e-01  -2.312684293637e+02   3.490270491939e+00
 -9.018549262417e-01   -1.984005356711e-02  -2.315680692386e+02   3.490270491939e+00
 -5.932843686599e-01   -1.530587399130e-02  -2.335112496752e+02   3.490270491939e+00
 -9.017687938016e-01   -1.934677611510e-02  -2.315684749268e+02  -2.602803604184e+00
 -6.248099723075e-01    1.642899834706e-01  -2.315270698446e+02  -2.602803604184e+00
 -5.933254879812e-01   -1.480100247465e-02  -2.335111117613e+02  -2.602803604184e+00
 -1.200673540813e+00   -2.963994728604e-01  -2.258937250175e+02  -5.951848291401e-01
 -1.084521729833e+00   -4.024698996566e-01  -2.216917922095e+02  -5.951848291401e-01
 -1.170951786638e+00   -3.736960637363e-01  -2.181375120694e+02  -5.951848291401e-01
 -9.903552371799e-01   -3.281243679707e-03  -2.220790995510e+02  -1.395919777187e+01
 -1.017148778673e+00   -2.363171477990e-01  -2.196116320655e+02  -1.395919777187e+01
 -5.670355226189e-01    2.175787637554e-03  -2.188287614337e+02  -1.395919777187e+01
 -9.925356217990e-01   -2.758578684184e-03  -2.221664227570e+02  -8.707051256773e+00
 -1.206513840713e+00   -2.966791536186e-01  -2.258661914875e+02  -8.707051256773e+00
 -1.015902196198e+00   -2.388706992891e-01  -2.195570302588e+02  -8.707051256773e+00
 -5.658068026804e-01   -1.964227970451e-03  -2.188183643323e+02  -1.441412358881e+01
 -5.659865271859e-01   -1.005145560987e-01  -2.171091659880e+02  -1.441412358881e+01
  5.343404163502e-04    2.647404694669e-03  -2.189216614396e+02  -1.441412358881e+01
 -5.687877740856e-01   -1.041132601687e-01  -2.170574168122e+02  -1.169937221740e+01
 -5.643775116258e-01    9.466129454035e-04  -2.189032972271e+02  -1.169937221740e+01
 -1.020445910453e+00   -2.349600277400e-01  -2.195571934189e+02  -1.169937221740e+01
 -7.204661345757e-01   -1.384485978114e-01  -2.115886350405e+02  -1.798194769912e+01
 -6.437965121366e-03    1.279846053340e-04  -2.013909309452e+02  -1.798194769912e+01
  1.625887613822e-03    1.508674069142e-04  -2.162415555659e+02  -1.798194769912e+01
 -4.291754921574e-03    4.252436637435e-04  -1.105353758839e+02  -1.140175921456e+01
 -2.687766051263e-04   -3.406130752116e-04  -1.185135180828e+02  -1.140175921456e+01
 -7.987817301440e-01    1.145100484297e-02  -1.188932748226e+02  -1.140175921456e+01
 -1.019934714063e+00   -2.366847113995e-01  -2.195379612634e+02  -1.134321996975e+01
 -1.003294616970e+00   -2.574847518194e-01  -2.152149194493e+02  -1.134321996975e+01
 -5.701263087909e-01   -1.024430192777e-01  -2.170398046198e+02  -1.134321996975e+01
 -6.896747152140e-01   -2.605385801886e-02  -1.197239038098e+02   1.149208121184e+01
  2.183127995347e-04    4.939909324262e-04  -1.189504123584e+02   1.149208121184e+01
 -3.807838363164e-03   -3.496351731438e-04  -1.114325614665e+02   1.149208121184e+01
 -1.167752727619e+00   -3.733159828595e-01  -2.182042108233e+02  -2.200105079245e+00
 -1.233753359655e+00   -4.004600183191e-01  -2.123935156150e+02  -2.200105079245e+00
 -1.128680668610e+00   -2.811799681294e-01  -2.094319961063e+02  -2.200105079245e+00
 -1.228997860161e+00   -4.010314804719e-01  -2.124570960574e+02   3.180499728896e+00
 -1.171419596032e+00   -3.732646417200e-01  -2.181341583302e+02   3.180499728896e+00
 -1.084666264879e+00   -4.033121959574e-01  -2.216818928466e+02   3.180499728896e+00
 -1.004515220310e+00   -2.578828075583e-01  -2.152005968283e+02  -1.059578649960e+01
 -1.125046578021e+00   -2.801901203793e-01  -2.095069427406e+02  -1.059578649960e+01
 -7.140221777646e-01   -1.392238606808e-01  -2.115624801743e+02  -1.059578649960e+01
 -1.125069784448e+00   -2.812198717901e-01  -2.094954754314e+02  -4.721256447988e+00
 -1.004718725291e+00   -2.577147272054e-01  -2.151996341023e+02  -4.721256447988e+00
 -1.170580756229e+00   -3.731029209895e-01  -2.181373833667e+02  -4.721256447988e+00
 -7.122330180147e-01   -1.396022474129e-01  -2.116113344156e+02  -9.986817900623e+00
 -1.126999186544e+00   -2.799121796782e-01  -2.094933419336e+02  -9.986817900623e+00
 -8.479952744592e-01   -1.262276265507e-01  -2.009910395560e+02  -9.986817900623e+00
 -1.005684244825e+00   -2.575089049046e-01  -2.151702671558e+02  -1.069156351409e+01
 -7.125200138059e-01   -1.395726188194e-01  -2.116084609664e+02  -1.069156351409e+01
 -5.674042753480e-01   -1.019394649468e-01  -2.171094773471e+02  -1.069156351409e+01
 -1.234872140274e+00   -4.006530023357e-01  -2.123568450158e+02   6.673054256259e-01
 -1.342215832542e+00   -2.978614696368e-01  -2.020640281621e+02   6.673054256259e-01
 -1.127539291925e+00   -2.810522322399e-01  -2.094646558616e+02   6.673054256259e-01
 -1.170982394088e+00   -3.726673305102e-01  -2.181442064996e+02  -6.541883411895e+00
 -1.004296285748e+00   -2.578369841824e-01  -2.151983853076e+02  -6.541883411895e+00
 -1.017879339760e+00   -2.374991847987e-01  -2.195877884359e+02  -6.541883411895e+00
 -1.202727704524e+00   -2.968854382274e-01  -2.258487140361e+02  -6.881222425046e+00
 -1.168842130790e+00   -3.727829665228e-01  -2.181719171166e+02  -6.881222425046e+00
 -1.019485127806e+00   -2.380065168273e-01  -2.195460969903e+02  -6.881222425046e+00
 -7.169935774302e-01   -1.391219675655e-01  -2.116374309652e+02  -2.062524972537e+01
 -8.437701741712e-01   -1.258670256192e-01  -2.009724013711e+02  -2.062524972537e+01
 -1.167145771650e-02    7.786034003714e-04  -2.012891943679e+02  -2.062524972537e+01
 -1.083925860153e+00   -4.034767505050e-01  -2.217529810201e+02   1.232662503266e+01
 -7.560631985856e-01   -3.186173467702e-01  -2.249234239251e+02   1.232662503266e+01
 -9.112710807367e-01   -3.523731812263e-01  -2.157983248527e+02   1.232662503266e+01
 -2.218501253104e-02   -5.930180980468e-04  -1.853862611249e+01   9.910711253985e+00
 -1.433819831203e+00   -1.755937788393e-02  -1.117999338272e+01   9.910711253985e+00
 -1.232719573703e+00   -3.187247882866e-02  -2.109379090202e+01   9.910711253985e+00
 -3.065788716196e-01   -1.055864421253e-02  -2.353456457988e+02   1.032114054214e+01
 -2.027637792844e-03   -2.974633611160e-03  -2.337551344766e+02   1.032114054214e+01
 -3.286912604334e-01   -1.076512195593e-01  -2.332270190747e+02   1.032114054214e+01
 -3.081209530939e-01   -1.072535891518e-02  -2.353349597749e+02   3.757093077609e+00
 -4.151697217943e-04    1.004252541361e-03  -2.354595988162e+02   3.757093077609e+00
 -7.474764572271e-04   -2.611207703860e-03  -2.337880048662e+02   3.757093077609e+00
 -3.293835076874e-01   -1.101230586698e-01  -2.333080012597e+02   2.307147760568e+01
 -4.216195823704e-03   -4.094027767442e-03  -2.281439347611e+02   2.307147760568e+01
 -3.870555437072e-01   -1.773061619129e-01  -2.272261049971e+02   2.307147760568e+01
 -4.718173424018e-01   -2.058940910554e-01  -2.181738339406e+02   3.060835917287e+01
 -3.889576868155e-01   -1.784787637288e-01  -2.272729256075e+02   3.060835917287e+01
 -1.001482143191e-03   -1.969609236510e-03  -2.279927895806e+02   3.060835917287e+01
 -4.765906448400e-01   -2.070193776979e-01  -2.182341224013e+02   2.213380142605e+01
 -9.127457888365e-01   -3.521243643139e-01  -2.157089623630e+02   2.213380142605e+01
 -7.548447366947e-01   -3.188597515012e-01  -2.250532837224e+02   2.213380142605e+01
 -4.739090286930e-01   -2.064845081159e-01  -2.182663827662e+02   2.049923216514e+01
 -7.569988385301e-01   -3.192980381277e-01  -2.250289451362e+02   2.049923216514e+01
 -3.881410935787e-01   -1.783422292935e-01  -2.272117208045e+02   2.049923216514e+01
 -2.283353669859e-03   -2.839815104481e-03  -2.281779765634e+02   1.662528453855e+01
 -3.310633741045e-01   -1.108789739452e-01  -2.332898695926e+02   1.662528453855e+01
 -1.268081931650e-04    3.622017757358e-04  -2.336703228414e+02   1.662528453855e+01
 -6.401191888358e-01   -1.965655272069e-01  -2.312738182374e+02   1.292250601349e+01
 -3.285932153315e-01   -1.083360087963e-01  -2.332156834871e+02   1.292250601349e+01
 -3.876187978898e-01   -1.788946421671e-01  -2.273038740607e+02   1.292250601349e+01
  1.150659762850e-03   -5.850283608547e-04  -2.279964040130e+02   3.259819677508e+01
 -2.957769539723e-03   -1.319655564364e-03  -2.186148899392e+02   3.259819677508e+01
 -4.741796377170e-01   -2.068396931146e-01  -2.181601641890e+02   3.259819677508e+01
 -7.499055684778e-01   -3.931671838456e-02  -1.703629929937e+02   2.114126881518e+01
 -3.654799570058e-03   -1.416539956657e-03  -1.512271231455e+02   2.114126881518e+01
 -6.841251458932e-01   -8.186979825913e-02  -1.550350438941e+02   2.114126881518e+01
 -1.435123366688e+00    2.825004898593e-02  -8.054436442101e+01  -7.717719091166e+00
 -4.373229103859e-02   -1.710733880374e-03  -8.919348859461e+01  -7.717719091166e+00
 -1.627645565321e+00    1.971933538058e-02  -9.051688601675e+01  -7.717719091166e+00
 -5.655570672922e-01    2.935394916791e-03  -2.218439265596e+02   1.546873365613e+01
 -2.584868010666e-03    1.642633814779e-03  -2.200498679721e+02   1.546873365613e+01
 -4.315638301090e-01    7.757325239811e-02  -2.195336494160e+02   1.546873365613e+01
 -5.711087377122e-01   -1.789007856133e-01  -2.066536133926e+02   4.310085010987e+01
 -1.000634479550e-03   -1.520403831661e-03  -2.064885926954e+02   4.310085010987e+01
 -3.394053217837e-03    1.035927899784e-03  -1.932149726345e+02   4.310085010987e+01
 -5.677520719175e-01   -1.811842411194e-01  -2.065097202634e+02   4.045346357153e+01
  6.773489989133e-04   -1.679545880823e-03  -2.184913437277e+02   4.045346357153e+01
 -2.736563767121e-03   -2.877397624001e-04  -2.066303887344e+02   4.045346357153e+01
 -5.699819423450e-01   -8.285014852226e-02  -1.430785074027e+02   1.677011670333e+01
 -9.321459749862e-04    8.351021544649e-04  -1.359194580244e+02   1.677011670333e+01
 -4.770967126343e-01   -6.371708156988e-02  -1.354538488953e+02   1.677011670333e+01
 -4.755380105020e-01   -2.058770810674e-01  -2.182244412703e+02   4.086487375791e+01
 -1.985986536386e-03   -2.878098385273e-03  -2.184943239849e+02   4.086487375791e+01
 -5.645687519783e-01   -1.802423580674e-01  -2.065147390738e+02   4.086487375791e+01
 -1.049133657706e+00   -7.915640877765e-02  -1.281888456181e+02   7.232444792900e+00
 -7.303389204797e-01   -5.139837978089e-02  -1.280110093494e+02   7.232444792900e+00
 -7.219133343956e-01   -2.632774756033e-02  -1.236460122088e+02   7.232444792900e+00
 -6.308460442640e-01   -1.008168733043e-01  -1.931202319341e+02   4.616464572305e+01
 -2.207655426064e-03   -1.814169297114e-03  -1.929868258701e+02   4.616464572305e+01
 -3.454169869977e-03    2.285377873881e-03  -1.788079903848e+02   4.616464572305e+01
 -9.133363120942e-01   -3.521244766768e-01  -2.158157445400e+02   2.716769812185e+01
 -5.689050554082e-01   -1.798051337886e-01  -2.066156324042e+02   2.716769812185e+01
 -1.066450942734e+00   -2.929643290006e-01  -2.044686297209e+02   2.716769812185e+01
 -5.662188638105e-01   -1.794338738503e-01  -2.066424986407e+02   2.588881602213e+01
 -9.155663206353e-01   -3.526669660274e-01  -2.157925483341e+02   2.588881602213e+01
 -4.747706492975e-01   -2.062998879769e-01  -2.181413448411e+02   2.588881602213e+01
 -1.386574428042e+00   -1.601250978047e-01  -1.907500275386e+02  -4.349739460357e+00
 -8.567738575571e-01   -1.273914448699e-01  -2.008960258554e+02  -4.349739460357e+00
 -1.350452769990e+00   -2.959943052432e-01  -2.019354599160e+02  -4.349739460357e+00
 -8.571881300914e-01   -1.258627593926e-01  -2.008813846427e+02  -6.774053454770e+00
 -1.122121527448e+00   -2.808139073207e-01  -2.095857097325e+02  -6.774053454770e+00
 -1.349063069458e+00   -2.970471641859e-01  -2.019734786252e+02  -6.774053454770e+00
 -1.346920931965e+00   -2.979772136176e-01  -2.019677780115e+02   1.049038671979e+01
 -1.230418077287e+00   -4.017961334240e-01  -2.125503321227e+02   1.049038671979e+01
 -1.068655564178e+00   -2.932643579075e-01  -2.045102186275e+02   1.049038671979e+01
 -1.068488130059e+00   -2.922702012923e-01  -2.044076805717e+02   1.362835266242e+01
 -1.171520342893e+00   -1.669143347837e-01  -1.920346232877e+02   1.362835266242e+01
 -1.347841311507e+00   -2.991577665273e-01  -2.020729476676e+02   1.362835266242e+01
 -1.069585417975e+00   -2.930434073185e-01  -2.045696350974e+02   2.896272195247e+01
 -5.665750224933e-01   -1.793396925942e-01  -2.065133794576e+02   2.896272195247e+01
 -6.276629961669e-01   -1.025122272677e-01  -1.931254382160e+02   2.896272195247e+01
 -9.148157744925e-01   -3.521350502195e-01  -2.156523406489e+02   1.375371320945e+01
 -1.065023702279e+00   -2.933571908192e-01  -2.045847526551e+02   1.375371320945e+01
 -1.233656512514e+00   -4.021143347395e-01  -2.124723444488e+02   1.375371320945e+01
 -6.270879389899e-01   -1.029029954187e-01  -1.929781230206e+02   3.059414570689e+01
 -6.535429169807e-01   -3.522098561300e-03  -1.787604926967e+02   3.059414570689e+01
 -1.176579166441e+00   -1.654238443326e-01  -1.920059822073e+02   3.059414570689e+01
 -6.268550737722e-01   -1.031403982582e-01  -1.929947199046e+02   4.941503443280e+01
 -5.679006586114e-01   -1.778886822936e-01  -2.066620473624e+02   4.941503443280e+01
 -6.581496956160e-03    2.001282297954e-04  -1.931816344311e+02   4.941503443280e+01
 -1.393384567896e+00   -1.592930866052e-01  -1.907757135981e+02   1.262292518245e+01
 -1.173492133390e+00   -1.647506851722e-01  -1.918317125991e+02   1.262292518245e+01
 -1.214045564373e+00   -9.368509802658e-03  -1.787881435869e+02   1.262292518245e+01
 -1.174563200254e+00   -1.663745579301e-01  -1.919572342865e+02   9.914246567754e+00
 -1.391671670930e+00   -1.577607120806e-01  -1.906496614789e+02   9.914246567754e+00
 -1.344951771242e+00   -2.991163137779e-01  -2.021536137886e+02   9.914246567754e+00
 -9.542491074081e-01   -5.213208411244e-02  -1.865120621286e+02  -5.101111763953e+00
 -1.388814304000e+00   -1.566735386537e-01  -1.906864167956e+02  -5.101111763953e+00
 -1.388672708249e+00   -9.455719890708e-03  -1.785411461138e+02  -5.101111763953e+00
 -1.390637763974e+00   -1.589542654077e-01  -1.906940918949e+02  -8.424995931804e+00
 -9.520523449474e-01   -5.007445941611e-02  -1.865050475035e+02  -8.424995931804e+00
 -8.507600959464e-01   -1.281196835916e-01  -2.009850267002e+02  -8.424995931804e+00
 -1.211355761359e+00   -7.740085382166e-03  -1.786025593106e+02   3.152372748784e+01
 -1.173545734277e+00   -1.649692204205e-01  -1.920227589072e+02   3.152372748784e+01
 -6.573021774352e-01   -3.449196021229e-03  -1.787497724701e+02   3.152372748784e+01
 -6.303932902531e-01   -1.028856252109e-01  -1.931003312938e+02   3.038402607370e+01
 -1.172978728692e+00   -1.659817308663e-01  -1.918925501679e+02   3.038402607370e+01
 -1.067136396720e+00   -2.923725155228e-01  -2.045937305835e+02   3.038402607370e+01
 -7.602001456676e-03    2.214272197942e-03  -1.787809996073e+02   5.184106733614e+01
 -6.516930605849e-01   -4.976037890818e-03  -1.786130702987e+02   5.184106733614e+01
 -6.274524551648e-01   -1.005022651100e-01  -1.931261010463e+02   5.184106733614e+01
 -9.526277738876e-01   -5.130442318282e-02  -1.865365610917e+02  -2.133183011497e+01
 -9.524784083477e-01    4.465041665942e-02  -1.702199442912e+02  -2.133183011497e+01
 -9.700446174252e-03    7.843772966185e-04  -1.760877469138e+02  -2.133183011497e+01
 -7.702448340893e-03   -2.155621012378e-03  -1.785058688952e+02   5.160011832243e+01
 -6.238650035498e-01    9.021055914647e-02  -1.642618739122e+02   5.160011832243e+01
 -6.516397795137e-01   -2.713264561424e-03  -1.786963591985e+02   5.160011832243e+01
 -3.282670637959e-01   -1.092651554150e-01  -2.332717565779e+02   3.862143647409e+00
 -5.943392318068e-01   -1.617106936121e-02  -2.335639973097e+02   3.862143647409e+00
 -3.063764940469e-01   -8.351293362833e-03  -2.352732273321e+02   3.862143647409e+00
 -5.943189225947e-01   -1.396862110645e-02  -2.335669134596e+02  -2.788253005440e+00
 -3.222239776398e-01    9.129403094777e-02  -2.333623172418e+02  -2.788253005440e+00
 -3.063268609683e-01   -8.967470538981e-03  -2.352709713917e+02  -2.788253005440e+00
 -3.844183380863e-03    1.302772584232e-03  -1.761492927975e+02  -2.383238068093e+01
 -2.159917881425e-03   -1.391665632510e-03  -2.012601127955e+02  -2.383238068093e+01
 -9.580288023538e-01   -5.212740571418e-02  -1.865142307730e+02  -2.383238068093e+01
 -5.772611975183e-01   -8.301936066084e-02  -1.430939798569e+02   1.926009916857e+01
 -4.816188934925e-03    2.735373165221e-05  -1.512756603621e+02   1.926009916857e+01
  9.101703284446e-04    3.132317627228e-05  -1.423170596770e+02   1.926009916857e+01
 -1.381408003997e+00   -3.237194871145e-03  -1.189296163554e+02   2.925226745994e+00
 -1.175948198478e+00   -2.305981483106e-02  -1.185658047016e+02   2.925226745994e+00
 -1.470311818371e+00   -1.476730521989e-02  -1.077358139221e+02   2.925226745994e+00
 -1.282713433139e+00   -1.279159135305e-01  -1.665110265759e+02  -1.069083506533e+01
 -1.118562642837e+00   -1.416460564808e-01  -1.660367210379e+02  -1.069083506533e+01
 -1.161547216432e+00    3.804395363094e-04  -1.791213517265e+02  -1.069083506533e+01
 -1.279940099717e+00   -1.273172692647e-01  -1.665798423101e+02   1.104736311157e+01
 -7.504865522835e-01   -3.683433588483e-02  -1.703931522345e+02   1.104736311157e+01
 -6.864893633566e-01   -8.423368943774e-02  -1.550297534886e+02   1.104736311157e+01
 -5.992440055194e-01   -8.995375998147e-02  -1.649835242429e+02  -4.909959340348e+01
 -6.064752888314e-03   -3.464869658827e-03  -1.649892271223e+02  -4.909959340348e+01
 -6.420042971951e-01    4.611683397393e-05  -1.793811945659e+02  -4.909959340348e+01
 -6.428793417706e-01    2.219186436303e-03  -1.792045533277e+02  -2.915063214276e+01
 -1.121036606462e+00   -1.425055815498e-01  -1.658732319168e+02  -2.915063214276e+01
 -5.998832444366e-01   -9.136799749545e-02  -1.650868028570e+02  -2.915063214276e+01
 -6.027602349427e-01   -9.150720581375e-02  -1.649644025881e+02  -2.832205806369e+01
 -1.117891072948e+00   -1.429166558467e-01  -1.659816662080e+02  -2.832205806369e+01
 -1.014626201638e+00   -2.543225553341e-01  -1.533630357349e+02  -2.832205806369e+01
 -8.341255848963e-03    1.728147551336e-06  -1.647207423398e+02  -4.659663901781e+01
 -5.979073782283e-01   -9.167639333361e-02  -1.650706344409e+02  -4.659663901781e+01
 -5.424091889217e-01   -1.595829986505e-01  -1.515039352001e+02  -4.659663901781e+01
 -1.281221996724e+00   -1.262676936045e-01  -1.666293723179e+02  -7.596782272177e+00
 -1.253488936645e+00   -2.421756967395e-01  -1.550389523234e+02  -7.596782272177e+00
 -1.119427227197e+00   -1.433310660735e-01  -1.659158758202e+02  -7.596782272177e+00
 -1.847275042303e-03   -2.266020156933e-04  -2.117449927513e+02   1.889713016792e+01
 -6.867979744764e-01    9.573350434040e-02  -2.031795429379e+02   1.889713016792e+01
 -5.397223903246e-01    1.045880539446e-01  -2.136486058080e+02   1.889713016792e+01
 -7.106833567303e-01   -2.686138606193e-01  -1.338385169784e+02  -1.076197051780e+01
 -8.626119344588e-01   -3.026670573920e-01  -1.424864388012e+02  -1.076197051780e+01
 -1.009891544562e+00   -3.166947592534e-01  -1.366413250792e+02  -1.076197051780e+01
 -1.256368207919e+00   -2.420514706822e-01  -1.551220425185e+02  -1.182345177141e+01
 -1.016060354918e+00   -2.539502128102e-01  -1.535508847794e+02  -1.182345177141e+01
 -1.116277800528e+00   -1.440082744079e-01  -1.658387680116e+02  -1.182345177141e+01
 -5.431622592849e-01   -1.612031879273e-01  -1.515523748318e+02  -2.503594934572e+01
 -1.013995127436e+00   -2.547363601650e-01  -1.534882825144e+02  -2.503594934572e+01
 -8.646603116640e-01   -3.024827718891e-01  -1.424736331286e+02  -2.503594934572e+01
 -5.407917059132e-01   -1.607486969112e-01  -1.516513840503e+02  -2.704086090716e+01
 -5.996727947641e-01   -9.123568094057e-02  -1.649368742731e+02  -2.704086090716e+01
 -1.017182441663e+00   -2.548974221919e-01  -1.533892568877e+02  -2.704086090716e+01
 -1.156197504773e+00   -3.225431497555e-01  -1.450920660210e+02  -1.207412761110e+01
 -8.660664283007e-01   -3.023461557813e-01  -1.426355234368e+02  -1.207412761110e+01
 -1.012517597603e+00   -2.551892154304e-01  -1.533740908904e+02  -1.207412761110e+01
 -4.326324357704e-03    8.309172396779e-04  -1.646894020604e+02  -4.097852197823e+01
 -5.458931874317e-01   -1.605626952000e-01  -1.515127706536e+02  -4.097852197823e+01
 -5.629499903518e-04   -1.348825327337e-03  -1.516272026710e+02  -4.097852197823e+01
 -1.255688284431e+00   -2.407760092606e-01  -1.552232551792e+02  -8.472977306937e+00
 -1.153115518122e+00   -3.223386683065e-01  -1.450105675120e+02  -8.472977306937e+00
 -1.016062523675e+00   -2.549849307328e-01  -1.534520635576e+02  -8.472977306937e+00
 -1.275303207601e+00   -1.285450137856e-01  -1.665367357331e+02   6.435181927805e+00
 -6.929879495965e-01   -8.348313219979e-02  -1.551037877611e+02   6.435181927805e+00
 -1.259824047494e+00   -2.388564930423e-01  -1.552465067493e+02   6.435181927805e+00
 -1.708339643928e-03    3.040337082489e-04  -1.906306950652e+02   2.478527955845e+01
 -3.136840601465e-03   -8.734830699102e-04  -1.763852121753e+02   2.478527955845e+01
 -7.465726866415e-01    3.703171814566e-02  -1.877888526588e+02   2.478527955845e+01
 -4.502920570707e-01   -1.804549904499e-01  -1.403651002799e+02  -2.386985262585e+01
 -5.406146147660e-01   -1.608564322934e-01  -1.515224428735e+02  -2.386985262585e+01
 -8.668042976563e-01   -3.030094064552e-01  -1.424991262079e+02  -2.386985262585e+01
 -5.424826571531e-01   -1.626379305145e-01  -1.516542358659e+02  -3.821287828586e+01
  2.715025014896e-04   -1.894583679569e-03  -1.398432069629e+02  -3.821287828586e+01
 -2.434754162260e-03   -1.719623529884e-04  -1.514869335232e+02  -3.821287828586e+01
 -2.652243429556e-03   -3.379350201635e-03  -1.398402314372e+02  -3.789752884217e+01
 -5.392267679005e-01   -1.616238605360e-01  -1.516470619276e+02  -3.789752884217e+01
 -4.505720128089e-01   -1.797748426645e-01  -1.402862781955e+02  -3.789752884217e+01
 -4.341316104713e-01    7.798785291945e-02  -2.195025645904e+02   1.445321205836e+01
  1.040140294505e-04    6.736010086255e-05  -2.201150095635e+02   1.445321205836e+01
 -1.427035854281e-03    1.323129624939e-04  -2.176403941763e+02   1.445321205836e+01
 -3.731787219744e-01   -1.614897529142e-01  -1.313102764811e+02  -2.578462871096e+01
  2.290426617214e-04   -2.430899625406e-04  -1.312245019812e+02  -2.578462871096e+01
 -3.590232376785e-03   -1.907498317187e-03  -1.396050225418e+02  -2.578462871096e+01
 -3.698414265411e-01   -1.595104593783e-01  -1.313916468731e+02  -2.076692351973e+01
  8.886368660200e-04    8.516960293509e-04  -1.251842611648e+02  -2.076692351973e+01
 -1.593973265793e-03   -1.294605773087e-03  -1.311429334645e+02  -2.076692351973e+01
 -4.763385968486e-01   -6.252169630271e-02  -1.354452624541e+02   1.585894729963e+01
 -1.114534203582e-03   -2.671554455555e-04  -1.358932563458e+02   1.585894729963e+01
  3.226005318977e-04    6.809680791363e-04  -1.283381334760e+02   1.585894729963e+01
 -3.708834143999e-01   -1.603505453812e-01  -1.312992661395e+02  -3.196401427304e+01
 -6.279414308033e-03   -3.371051427811e-03  -1.396386039539e+02  -3.196401427304e+01
 -4.485288482132e-01   -1.797518455658e-01  -1.403530737378e+02  -3.196401427304e+01
 -8.411359809025e-01    6.785491923232e-02  -1.284288092408e+02  -1.251772717358e+01
 -8.311122748066e-01    3.096437897548e-02  -1.232982520531e+02  -1.251772717358e+01
 -7.415413294451e-03    3.448240593433e-04  -1.284702461139e+02  -1.251772717358e+01
 -3.092247651395e-01   -8.821150125442e-02  -1.261885694455e+02  -1.142742600560e+01
 -3.686452725050e-01   -1.600376888925e-01  -1.313270879128e+02  -1.142742600560e+01
 -5.977744318932e-01   -1.563210858360e-01  -1.281324401353e+02  -1.142742600560e+01
 -7.116963180647e-01   -2.695420116022e-01  -1.337255631901e+02  -1.841371404353e+01
 -3.691149082199e-01   -1.594031445765e-01  -1.314183978354e+02  -1.841371404353e+01
 -4.499315663755e-01   -1.807577283846e-01  -1.402512167421e+02  -1.841371404353e+01
 -8.398443596701e-04   -2.763017532196e-03  -1.250844518705e+02  -2.915211823050e+00
 -2.921368982715e-01   -9.328693066135e-04  -1.242442429758e+02  -2.915211823050e+00
 -5.294727214320e-04    1.153542945597e-03  -1.235257019089e+02  -2.915211823050e+00
 -2.300754150119e-03   -3.405503495580e-03  -1.251127830085e+02  -8.543760679241e+00
 -3.085160330859e-01   -8.703666101182e-02  -1.261710872616e+02  -8.543760679241e+00
 -2.906737695749e-01   -6.425519856879e-04  -1.242274797024e+02  -8.543760679241e+00
 -5.608029383973e-01    2.709706587196e-03  -1.261327786377e+02  -2.962097616318e+00
 -2.907923288243e-01    1.460737081388e-03  -1.242932470004e+02  -2.962097616318e+00
 -3.082946191300e-01   -8.874577360310e-02  -1.261219536700e+02  -2.962097616318e+00
 -8.772778342107e-04   -1.602422135430e-03  -1.234922470212e+02   4.301331777904e+00
 -2.915124154062e-01    1.964592661401e-03  -1.242832591418e+02   4.301331777904e+00
 -3.132694532681e-01    9.235247070925e-02  -1.256823879389e+02   4.301331777904e+00
 -5.960873632577e-01   -1.561511152711e-01  -1.281094275060e+02  -1.308783802980e+01
 -3.705729654211e-01   -1.603664458344e-01  -1.313585932099e+02  -1.308783802980e+01
 -7.092680883556e-01   -2.682954730018e-01  -1.337883432997e+02  -1.308783802980e+01
 -3.095870824998e-01   -8.891347210501e-02  -1.261503967302e+02  -1.673424199534e+01
 -7.043136599399e-04    9.718933782074e-06  -1.251970706572e+02  -1.673424199534e+01
 -3.677071220551e-01   -1.586577571893e-01  -1.313786027539e+02  -1.673424199534e+01
 -4.523985734903e-01   -1.813492787423e-01  -1.402770139808e+02  -2.031651839199e+01
 -8.639285003995e-01   -3.023371749699e-01  -1.425792228876e+02  -2.031651839199e+01
 -7.096950596161e-01   -2.690859499560e-01  -1.337022897388e+02  -2.031651839199e+01
 -9.580945975456e-01    4.664346875157e-02  -1.702383441459e+02  -2.383631432502e+01
 -2.072288444803e-03    1.429901305966e-03  -1.516243143771e+02  -2.383631432502e+01
 -3.601300640040e-03   -9.393930828368e-04  -1.760169444196e+02  -2.383631432502e+01
 -1.258001210498e+00   -2.396745500191e-01  -1.552172041636e+02   8.924541351596e+00
 -6.940709962055e-01   -8.222658467716e-02  -1.551014806013e+02   8.924541351596e+00
 -1.020309495014e+00   -2.035182579106e-01  -1.465065823507e+02   8.924541351596e+00
 -8.435702121859e-01    6.935779274441e-02  -1.284467930410e+02  -1.293048590060e+01
 -4.355180225634e-03   -1.817860385434e-03  -1.285148357485e+02  -1.293048590060e+01
 -6.304644919391e-01    8.604331905073e-02  -1.362901945152e+02  -1.293048590060e+01
 -5.711180654582e-01   -8.360830267322e-02  -1.430913704506e+02   1.147462848855e+01
 -4.769876774658e-01   -6.341694429405e-02  -1.354515253494e+02   1.147462848855e+01
 -9.236085976210e-01   -1.750307719895e-01  -1.399861805594e+02   1.147462848855e+01
 -5.741342249206e-01   -8.333357426679e-02  -1.430804623837e+02   2.150185455663e+01
 -6.807850547178e-01   -8.253466999707e-02  -1.550001414313e+02   2.150185455663e+01
 -8.507480102864e-03    1.831570200399e-04  -1.512951754675e+02   2.150185455663e+01
 -1.023712722494e+00   -2.036020762795e-01  -1.465921813439e+02   5.122347042199e+00
 -9.217250384488e-01   -1.752538446640e-01  -1.399697078452e+02   5.122347042199e+00
 -1.092311126180e+00   -2.710127116475e-01  -1.388168628591e+02   5.122347042199e+00
 -9.219978529284e-01   -1.754639398181e-01  -1.399568390568e+02   1.215522254535e+01
 -1.023315657659e+00   -2.025654369767e-01  -1.465970049951e+02   1.215522254535e+01
 -5.732476411887e-01   -8.327931994408e-02  -1.431371980865e+02   1.215522254535e+01
 -9.524836618898e-01   -1.661356256294e-01  -1.350836217937e+02   6.141343583168e+00
 -1.092156539378e+00   -2.700629063995e-01  -1.388376998622e+02   6.141343583168e+00
 -9.217166189377e-01   -1.756471171956e-01  -1.399559761087e+02   6.141343583168e+00
 -1.027488688797e+00   -2.035927718751e-01  -1.466528816527e+02   3.426382949458e+00
 -1.089199732408e+00   -2.712555370481e-01  -1.387524416349e+02   3.426382949458e+00
 -1.156276590508e+00   -3.206237786430e-01  -1.451735403074e+02   3.426382949458e+00
 -9.205768962713e-01   -1.749297433334e-01  -1.399637856213e+02   1.109473437345e+01
 -4.805854793553e-01   -6.369890601321e-02  -1.354921883696e+02   1.109473437345e+01
 -9.544575295266e-01   -1.660481921312e-01  -1.350991524578e+02   1.109473437345e+01
 -5.710516307836e-01   -8.344541038754e-02  -1.431046078812e+02   1.167170665432e+01
 -1.025597386001e+00   -2.025490377425e-01  -1.465995224620e+02   1.167170665432e+01
 -6.847145999038e-01   -8.274645917836e-02  -1.549917661026e+02   1.167170665432e+01
 -7.354913776148e-01   -5.272773152944e-02  -1.280376189541e+02   1.300644053041e+01
 -4.756750033370e-01   -6.331840240777e-02  -1.354435557457e+02   1.300644053041e+01
 -1.339948080698e-03    1.378474433467e-03  -1.283657417926e+02   1.300644053041e+01
 -6.874408579717e-01   -2.587382858907e-02  -1.197121996624e+02   1.142598797672e+01
 -7.189286030116e-01   -2.593252182313e-02  -1.236049444953e+02   1.142598797672e+01
 -1.933723715396e-03    6.294258500225e-04  -1.189603286341e+02   1.142598797672e+01
 -1.175112800199e+00   -2.361204157098e-02  -1.186210244613e+02   6.971673269589e+00
 -7.209505656246e-01   -2.676410440909e-02  -1.236432510891e+02   6.971673269589e+00
 -6.874878667999e-01   -2.638591392977e-02  -1.197158093732e+02   6.971673269589e+00
 -7.323064579739e-01   -5.037459475652e-02  -1.280662815920e+02   8.241576351952e+00
 -1.048067095481e+00   -8.092757411680e-02  -1.281248112129e+02   8.241576351952e+00
 -9.508988425298e-01   -1.658028676887e-01  -1.350409947729e+02   8.241576351952e+00
 -1.350884139938e+00    5.815978142103e-03  -3.825553893382e+01   8.700892365134e+00
 -3.283119355826e-02    9.475275040718e-04  -2.860833271735e+01   8.700892365134e+00
 -1.620303366448e+00   -1.083693194410e-02  -2.931178400313e+01   8.700892365134e+00
 -1.102388927511e+00   -2.065622267837e-01  -1.328244085999e+02   5.485980623533e+00
 -1.089700222190e+00   -2.698566238510e-01  -1.388136797676e+02   5.485980623533e+00
 -9.546372277961e-01   -1.667520232837e-01  -1.351152072037e+02   5.485980623533e+00
 -1.246430472737e+00    7.941148793839e-03  -1.191696880036e+02  -6.808925652558e+00
 -8.335599451902e-01    3.112945223589e-02  -1.233724586182e+02  -6.808925652558e+00
 -1.131266544389e+00    9.192151857607e-02  -1.280198610378e+02  -6.808925652558e+00
 -7.308458468745e-01   -5.142801865200e-02  -1.280028433213e+02   1.082960640641e+01
 -9.540664752490e-01   -1.649697752103e-01  -1.350870656020e+02   1.082960640641e+01
 -4.802552777099e-01   -6.476052992822e-02  -1.354618551153e+02   1.082960640641e+01
 -4.772769357801e-04    3.745487890206e-04  -1.189628488829e+02   1.198137447716e+01
 -7.204719431940e-01   -2.580662358342e-02  -1.235986819599e+02   1.198137447716e+01
 -1.797969269474e-03    1.631300839054e-04  -1.228896615190e+02   1.198137447716e+01
 -1.226603292819e-02   -1.094735798318e-03  -1.114359951978e+02   9.225405818457e+00
 -1.487767251550e+00   -1.618048026580e-02  -1.078861281460e+02   9.225405818457e+00
 -6.864090959096e-01   -2.663238073416e-02  -1.197794325106e+02   9.225405818457e+00
 -8.868826461156e-01   -2.004344626330e-01  -1.309559653565e+02  -5.282632005436e+00
 -7.104954855219e-01   -2.684620241534e-01  -1.337751136721e+02  -5.282632005436e+00
 -1.009417493207e+00   -3.162428924451e-01  -1.367033638309e+02  -5.282632005436e+00
 -1.151882530274e+00   -3.213143395861e-01  -1.450972027943e+02  -2.467941529010e+00
 -1.092157017576e+00   -2.710676021313e-01  -1.388396806990e+02  -2.467941529010e+00
 -1.010602594716e+00   -3.163804655345e-01  -1.367159138873e+02  -2.467941529010e+00
 -5.596074006068e-01    3.415980919681e-03  -1.261860509791e+02  -2.674247779178e+00
 -5.953077153758e-01   -1.550560006387e-01  -1.281312353820e+02  -2.674247779178e+00
 -8.360912508395e-01    7.237969883854e-03  -1.286614513739e+02  -2.674247779178e+00
 -5.970990554458e-01   -1.556829026368e-01  -1.282027418925e+02  -7.695385288469e+00
 -7.079495930210e-01   -2.683978448693e-01  -1.337237736292e+02  -7.695385288469e+00
 -8.887888564963e-01   -2.002714393507e-01  -1.310004867750e+02  -7.695385288469e+00
 -8.339662260190e-01    7.000947124963e-03  -1.286202012768e+02  -1.849177248220e+00
 -5.973991939983e-01   -1.551396600308e-01  -1.281712468451e+02  -1.849177248220e+00
 -8.881244072559e-01   -1.999912446243e-01  -1.310343986898e+02  -1.849177248220e+00
 -5.961930339156e-01   -1.549565712316e-01  -1.281698688968e+02  -4.876720593837e+00
 -5.589762369607e-01    2.777883498324e-03  -1.261157596191e+02  -4.876720593837e+00
 -3.100619918133e-01   -8.910643607421e-02  -1.261450260900e+02  -4.876720593837e+00
 -1.006177316739e+00   -3.148779184715e-01  -1.366367343134e+02  -1.705410936791e+00
 -1.104318826881e+00   -2.067196798900e-01  -1.328945060311e+02  -1.705410936791e+00
 -8.914990772327e-01   -2.015508781227e-01  -1.311092265088e+02  -1.705410936791e+00
 -1.007092927973e+00   -3.166348700356e-01  -1.365694447124e+02  -7.860636659244e+00
 -8.659424157287e-01   -3.026877072145e-01  -1.425553088729e+02  -7.860636659244e+00
 -1.155804885292e+00   -3.219842396845e-01  -1.451743247594e+02  -7.860636659244e+00
 -1.100380142182e+00   -2.039436592294e-01  -1.328229436933e+02   5.230728836557e+00
 -1.051045722766e+00   -8.035966759035e-02  -1.281681267722e+02   5.230728836557e+00
 -1.207249003524e+00   -6.152990779761e-02  -1.274053899167e+02   5.230728836557e+00
 -1.010243713878e+00   -3.153068535008e-01  -1.367072232061e+02   4.498254543439e-01
 -1.091895881961e+00   -2.714086435454e-01  -1.388324909832e+02   4.498254543439e-01
 -1.100023035181e+00   -2.057539027985e-01  -1.327876195959e+02   4.498254543439e-01
 -1.093585734781e+00    1.099396590807e-01  -1.301631188369e+02   4.929313577333e-01
 -8.378236090078e-01    7.342301601035e-03  -1.287351643426e+02   4.929313577333e-01
 -1.073581004575e+00   -8.876950493946e-02  -1.301865951235e+02   4.929313577333e-01
 -8.357160741140e-01    5.638584596426e-03  -1.286953190215e+02  -8.017447627441e-01
 -8.872542242473e-01   -1.986033346224e-01  -1.310239475849e+02  -8.017447627441e-01
 -1.075098582922e+00   -8.808287217069e-02  -1.302274282502e+02  -8.017447627441e-01
 -1.209437785203e+00   -6.178281482499e-02  -1.274430733814e+02   7.323143132535e-01
 -1.077506272238e+00   -8.976514602666e-02  -1.302501254820e+02   7.323143132535e-01
 -1.098204846670e+00   -2.050250655922e-01  -1.327940003361e+02   7.323143132535e-01
 -1.211665533671e+00   -6.392264518387e-02  -1.274295826821e+02   2.043610597736e+00
 -1.267203604220e+00    1.304875227659e-02  -1.271629620245e+02   2.043610597736e+00
 -1.076335659374e+00   -8.675343532133e-02  -1.302592865386e+02   2.043610597736e+00
 -1.363532401407e+00   -1.101345024997e-02  -1.234829449930e+02   1.469007479724e+00
 -1.267925373778e+00    1.109940457741e-02  -1.271679004260e+02   1.469007479724e+00
 -1.209694122058e+00   -6.188166021040e-02  -1.273914750775e+02   1.469007479724e+00
 -1.072432056307e+00   -8.758571288836e-02  -1.301429415737e+02   1.383236822206e+00
 -8.916454467616e-01   -1.997354535448e-01  -1.311082115066e+02   1.383236822206e+00
 -1.104001444856e+00   -2.079720204584e-01  -1.328817956002e+02   1.383236822206e+00
 -9.521280822920e-01   -1.676705809957e-01  -1.350434655988e+02   4.706061626724e+00
 -1.047655286827e+00   -7.994416793899e-02  -1.281086221569e+02   4.706061626724e+00
 -1.104705298146e+00   -2.053713772404e-01  -1.328664143333e+02   4.706061626724e+00
 -5.595251264390e-01    4.042315824226e-03  -1.261825445250e+02   3.429009491008e+00
 -8.361836256012e-01    7.314182597884e-03  -1.286657884272e+02   3.429009491008e+00
 -6.064984753352e-01    1.647263259593e-01  -1.279461789937e+02   3.429009491008e+00
 -1.484461425885e+00   -3.011108449218e-03  -4.551331329775e+01  -7.611937643943e+00
 -4.277340868319e-02   -1.708596806167e-03  -4.634503146418e+01  -7.611937643943e+00
 -1.494729249859e+00   -3.502838475226e-03  -5.758037295367e+01  -7.611937643943e+00
 -1.025787149318e+00   -2.034511523408e-01  -1.466306168650e+02   6.801759033747e-01
 -1.157742905954e+00   -3.209306632997e-01  -1.452028390102e+02   6.801759033747e-01
 -1.250803446091e+00   -2.406769604406e-01  -1.551288688375e+02   6.801759033747e-01
 -1.068892015722e+00   -1.031725048499e-02   1.544429452146e-02  -1.041054908172e+01
 -1.490176742469e-03    1.414855843196e-04  -2.688740348049e-02  -1.041054908172e+01
 -5.532275319240e-03   -2.495456076855e-04  -7.772018086544e+00  -1.041054908172e+01
 -2.911093660381e-01    9.478441756182e-04  -1.243036050828e+02   3.527117031436e+00
 -5.607152015415e-01    4.554330334410e-03  -1.261361005010e+02   3.527117031436e+00
 -3.135516408259e-01    9.446259773843e-02  -1.256789257355e+02   3.527117031436e+00
 -4.747832494549e-01    1.907959475312e-01  -1.396192077627e+02   3.565944906285e+01
 -3.601463718551e-03    3.518620316048e-04  -1.507858168667e+02   3.565944906285e+01
 -3.075040069135e-04    1.025412166275e-03  -1.396725858701e+02   3.565944906285e+01
 -6.910133412692e-01   -2.724466424803e-02  -1.197704375195e+02   6.909101237018e+00
 -1.477597749946e+00   -1.552577258741e-02  -1.078241063628e+02   6.909101237018e+00
 -1.172133564242e+00   -2.334628679479e-02  -1.185424473622e+02   6.909101237018e+00
 -3.283176918307e-03   -9.901066151128e-04  -1.641266463171e+02   4.190828772782e+01
 -1.666882432442e-03    1.786582824046e-03  -1.510105866822e+02   4.190828772782e+01
 -5.616272143545e-01    1.609648529439e-01  -1.509917133004e+02   4.190828772782e+01
  5.480652240103e-04    5.395256734786e-04  -1.359017256758e+02   1.903857517782e+01
 -5.720766204841e-01   -8.252229625763e-02  -1.430881223467e+02   1.903857517782e+01
 -1.434858040387e-03   -1.987052697570e-04  -1.423226507998e+02   1.903857517782e+01
 -4.721302225317e-01    1.896567992767e-01  -1.396076773460e+02   4.254111596429e+01
 -5.571577709471e-01    1.618006800966e-01  -1.511170712440e+02   4.254111596429e+01
 -6.298721001193e-03    1.450120627248e-03  -1.508243815453e+02   4.254111596429e+01
 -6.342967800275e-03   -2.565355611318e-04  -1.641632042937e+02   4.856984749451e+01
 -5.588356644570e-01    1.602274039756e-01  -1.509787924557e+02   4.856984749451e+01
 -6.232885456109e-01    9.277308965271e-02  -1.643953871133e+02   4.856984749451e+01
 -2.328950378750e-03    8.872139123279e-04  -1.395554795737e+02   3.157756742357e+01
  1.068505425393e-03    5.777194658601e-04  -1.305581435337e+02   3.157756742357e+01
 -4.708243100065e-01    1.909157019030e-01  -1.397389577050e+02   3.157756742357e+01
 -1.460766807537e+00    3.294460077068e-02  -8.117699592944e+01   1.599177330731e+00
 -1.263113190878e+00    3.189326299765e-02  -8.197476255818e+01   1.599177330731e+00
 -1.143884969970e+00    1.933571993232e-02  -7.255195217944e+01   1.599177330731e+00
 -3.153810306709e-01    9.555326129520e-02  -1.256598301408e+02   2.184250138313e+01
 -3.763640731491e-01    1.588422235510e-01  -1.313119605243e+02   2.184250138313e+01
 -4.480907315550e-03    3.922266293368e-03  -1.304246249617e+02   2.184250138313e+01
 -1.006503490669e-03    1.298182132802e-03  -1.254854869341e+02   9.530194474732e+00
  3.831834564806e-04   -1.904039192806e-03  -1.234649893504e+02   9.530194474732e+00
 -3.150422072448e-01    9.282174142570e-02  -1.256996396063e+02   9.530194474732e+00
 -4.697920036510e-01    1.902283495933e-01  -1.396427416553e+02   1.947813690895e+01
 -3.776397390418e-01    1.598893345630e-01  -1.313268148780e+02   1.947813690895e+01
 -7.341441727668e-01    2.797937434210e-01  -1.335509187289e+02   1.947813690895e+01
 -4.681253650635e-01    1.898516963054e-01  -1.397296794327e+02   2.936660641437e+01
 -1.151058574139e-03    1.910766870349e-03  -1.305641221658e+02   2.936660641437e+01
 -3.782786416331e-01    1.599341231269e-01  -1.312690194601e+02   2.936660641437e+01
 -6.073288588188e-01    1.659947895418e-01  -1.279156082384e+02   1.424960521263e+01
 -7.317626961828e-01    2.786738118069e-01  -1.336091555453e+02   1.424960521263e+01
 -3.791976417793e-01    1.609008120062e-01  -1.312592218255e+02   1.424960521263e+01
 -5.582524541716e-01    1.619119586794e-01  -1.510002170496e+02   2.485544239236e+01
 -4.702244515472e-01    1.898717539471e-01  -1.397493580137e+02   2.485544239236e+01
 -9.016164673120e-01    3.159704482284e-01  -1.421478457326e+02   2.485544239236e+01
 -3.771491581936e-01    1.603662143130e-01  -1.312359515373e+02   1.207892998549e+01
 -3.142390181812e-01    9.378930724338e-02  -1.257507792629e+02   1.207892998549e+01
 -6.090706638243e-01    1.662758251740e-01  -1.279361240676e+02   1.207892998549e+01
 -2.484852937046e-03    2.717343039484e-03  -1.303942803671e+02   1.532924180529e+01
  1.664951773065e-04   -5.379159493997e-04  -1.255212212513e+02   1.532924180529e+01
 -3.171949473175e-01    9.631583814172e-02  -1.256692914872e+02   1.532924180529e+01
 -7.495254637075e-01    1.114521252479e-01  -1.440845463327e+02  -2.049146686957e+01
 -1.039885354728e-02   -3.429490611694e-04  -1.516677094539e+02  -2.049146686957e+01
 -8.660040880592e-01    1.041373599537e-01  -1.555587810216e+02  -2.049146686957e+01
 -8.986332655554e-01    3.152470189652e-01  -1.422274193930e+02   2.116299694545e+01
 -4.721918792500e-01    1.906406892181e-01  -1.396726454747e+02   2.116299694545e+01
 -7.321416992189e-01    2.794129125579e-01  -1.335269904402e+02   2.116299694545e+01
 -1.169746251784e+00    1.465544758866e-01  -1.653007633857e+02   3.128871316913e+01
 -1.211343989545e+00   -6.526754485383e-03  -1.786500913798e+02   3.128871316913e+01
 -6.572831828110e-01   -4.250418727654e-03  -1.785610845494e+02   3.128871316913e+01
 -1.169196566061e+00    1.474833886633e-01  -1.654309673237e+02   2.983559300884e+01
 -6.266071433222e-01    9.244303627902e-02  -1.642927872281e+02   2.983559300884e+01
 -1.058628168677e+00    2.641855135357e-01  -1.529566257608e+02   2.983559300884e+01
 -1.217794150912e+00   -5.652060889079e-03  -1.785194827336e+02   9.116537140380e+00
 -1.391071124610e+00    1.383730635528e-01  -1.661680696592e+02   9.116537140380e+00
 -1.388269341891e+00   -8.609436903858e-03  -1.785537784983e+02   9.116537140380e+00
 -9.556158975925e-01    4.518198628426e-02  -1.702502773361e+02  -5.244453290264e+00
 -1.388495154852e+00   -6.175398725088e-03  -1.784756000485e+02  -5.244453290264e+00
 -1.390164887836e+00    1.353794210995e-01  -1.663225635071e+02  -5.244453290264e+00
 -1.391620680275e+00   -7.845358202865e-03  -1.785085165632e+02  -8.648576147255e+00
 -9.523928918832e-01    4.671126165048e-02  -1.702129905321e+02  -8.648576147255e+00
 -9.514622496983e-01   -5.373515113657e-02  -1.865502857224e+02  -8.648576147255e+00
 -1.217905600534e+00   -8.705045824348e-03  -1.787338154853e+02   9.312017518031e+00
 -1.388215210109e+00   -7.068618380782e-03  -1.784546081431e+02   9.312017518031e+00
 -1.389967062160e+00   -1.595900442792e-01  -1.908448635931e+02   9.312017518031e+00
 -1.394536224293e+00    1.378832795021e-01  -1.662368315111e+02   1.255458609095e+01
 -1.213865392372e+00   -4.818039326996e-03  -1.784657061633e+02   1.255458609095e+01
 -1.169803489255e+00    1.461969047466e-01  -1.654918936010e+02   1.255458609095e+01
 -6.535265078322e-01   -4.087191024305e-03  -1.785485218261e+02   3.042206309422e+01
 -6.233924996218e-01    9.248699913055e-02  -1.644121251665e+02   3.042206309422e+01
 -1.172751162701e+00    1.469097804412e-01  -1.653193626277e+02   3.042206309422e+01
 -1.348228404843e+00    2.606556715001e-01  -1.551524087185e+02   1.001640706164e+01
 -1.060054418776e+00    2.649785955530e-01  -1.530422271823e+02   1.001640706164e+01
 -1.223055484640e+00    3.456868365164e-01  -1.449860086067e+02   1.001640706164e+01
 -1.061081604242e+00    2.647952685642e-01  -1.529823069977e+02   2.850179207708e+01
 -6.238644253992e-01    9.212968814777e-02  -1.642662785162e+02   2.850179207708e+01
 -5.580499658271e-01    1.617937236758e-01  -1.511261297512e+02   2.850179207708e+01
 -1.387387983800e+00    1.386632481080e-01  -1.662682647634e+02  -4.460248438927e+00
 -1.352077529814e+00    2.587717626476e-01  -1.551747343140e+02  -4.460248438927e+00
 -8.783645944283e-01    1.056538583268e-01  -1.556397555527e+02  -4.460248438927e+00
 -1.392965434298e+00    1.363011644367e-01  -1.663596614720e+02   9.454542635218e+00
 -1.170740960021e+00    1.478399369983e-01  -1.653696025743e+02   9.454542635218e+00
 -1.346151284161e+00    2.620495076128e-01  -1.549686683223e+02   9.454542635218e+00
 -9.006672002175e-01    3.151566280718e-01  -1.422894705185e+02   1.336108951456e+01
 -1.226134690442e+00    3.458663615946e-01  -1.450669099277e+02   1.336108951456e+01
 -1.056500822455e+00    2.651837864867e-01  -1.529645969705e+02   1.336108951456e+01
 -1.391691891173e+00    1.373741185856e-01  -1.663148125585e+02  -8.689856651416e+00
 -8.721752425075e-01    1.064645732197e-01  -1.555644468528e+02  -8.689856651416e+00
 -9.537144976355e-01    4.348760494855e-02  -1.702563066131e+02  -8.689856651416e+00
 -1.350512465431e+00    2.596443671016e-01  -1.551436697772e+02  -7.018989015567e+00
 -1.145994577323e+00    2.330758771126e-01  -1.469536973683e+02  -7.018989015567e+00
 -8.790750151765e-01    1.042924397716e-01  -1.556430694663e+02  -7.018989015567e+00
 -1.349000786483e+00    2.619171925761e-01  -1.550510232164e+02   1.340535408303e+01
 -1.167656965377e+00    1.485210104355e-01  -1.652917716582e+02   1.340535408303e+01
 -1.059974924714e+00    2.639304550026e-01  -1.531412954773e+02   1.340535408303e+01
 -5.607949513366e-01    1.623596869426e-01  -1.510263355804e+02   2.656266032704e+01
 -8.995045070085e-01    3.154340725727e-01  -1.421233221675e+02   2.656266032704e+01
 -1.057787006754e+00    2.646425152351e-01  -1.530805998116e+02   2.656266032704e+01
 -6.328427668184e-01    8.646703197590e-02  -1.363084218130e+02  -1.675531357411e+01
 -2.417044799832e-03   -8.003193478961e-04  -1.363045491353e+02  -1.675531357411e+01
 -7.479800987106e-01    1.111053495207e-01  -1.440999431449e+02  -1.675531357411e+01
 -1.056312595310e+00    3.378403965769e-01  -1.366148250290e+02   1.180665969512e+01
 -8.973091493802e-01    3.154797076151e-01  -1.421430963558e+02   1.180665969512e+01
 -7.331965520152e-01    2.791278088881e-01  -1.336520535715e+02   1.180665969512e+01
 -3.570493865109e-03   -2.195051605322e-03  -1.784780683635e+02   4.581308510235e+01
 -2.051467936284e-03    1.706498033110e-03  -1.643607124557e+02   4.581308510235e+01
 -6.272455778366e-01    9.047530855120e-02  -1.642685763643e+02   4.581308510235e+01
 -8.340380895975e-01    7.516836180712e-03  -1.286230312818e+02   2.773802528561e+00
 -9.108009401373e-01    2.173159108947e-01  -1.309612558057e+02   2.773802528561e+00
 -6.086027310670e-01    1.648306027141e-01  -1.279886974978e+02   2.773802528561e+00
 -3.152572010723e-01    9.472075817857e-02  -1.257108445353e+02   5.585789969449e+00
 -5.589247937461e-01    4.550855785947e-03  -1.261164436587e+02   5.585789969449e+00
 -6.072895754736e-01    1.647291001070e-01  -1.279793755563e+02   5.585789969449e+00
 -1.053504199492e+00    3.377835001778e-01  -1.365435822441e+02   9.077333144165e+00
 -1.225632253364e+00    3.452895633397e-01  -1.451475923244e+02   9.077333144165e+00
 -9.006179183675e-01    3.154912643160e-01  -1.422123425853e+02   9.077333144165e+00
 -7.331058962252e-01    2.790185326328e-01  -1.335899652007e+02   6.369860004974e+00
 -9.096580961622e-01    2.177828515338e-01  -1.308845579566e+02   6.369860004974e+00
 -1.055786913103e+00    3.373783340667e-01  -1.366739949539e+02   6.369860004974e+00
 -1.167425463624e+00    2.320956723405e-01  -1.330365526834e+02   2.587543733720e+00
 -1.052681464420e+00    3.360684163012e-01  -1.366110293944e+02   2.587543733720e+00
 -9.141325420269e-01    2.188981325007e-01  -1.310347760682e+02   2.587543733720e+00
 -1.056955560017e+00    3.375444711497e-01  -1.366857042258e+02   3.585225990314e+00
 -1.176596645799e+00    3.004807797956e-01  -1.391033276747e+02   3.585225990314e+00
 -1.221785868414e+00    3.446322581293e-01  -1.450736082494e+02   3.585225990314e+00
 -1.167006542740e+00    2.331949752427e-01  -1.330177659778e+02  -3.952298631311e-01
 -9.143809959964e-01    2.171679332501e-01  -1.310379383577e+02  -3.952298631311e-01
 -1.092525349289e+00    1.088230943781e-01  -1.301187874875e+02  -3.952298631311e-01
 -7.305508115745e-01    2.788937259829e-01  -1.335405057875e+02   8.544288444709e+00
 -6.082018840897e-01    1.653710946826e-01  -1.280172046142e+02   8.544288444709e+00
 -9.115735436682e-01    2.176539480964e-01  -1.309290449986e+02   8.544288444709e+00
 -8.400508608035e-01    6.844271659148e-02  -1.284145848843e+02  -6.913470092592e+00
 -1.134259860277e+00    9.322235965472e-02  -1.280523605981e+02  -6.913470092592e+00
 -8.307714153516e-01    3.038068119333e-02  -1.233325964844e+02  -6.913470092592e+00
 -1.499030998673e+00   -1.413715778882e-02  -1.078928242746e+02   9.054477297799e+00
 -8.606774067749e-03   -2.163872567324e-03  -1.113019149498e+02   9.054477297799e+00
 -1.423060387376e-02    1.685797621591e-03  -9.922606296822e+01   9.054477297799e+00
 -1.163549477635e+00    2.291146854184e-01  -1.329643456252e+02  -4.665414692295e+00
 -1.257525195187e+00    7.445328426606e-02  -1.276899296484e+02  -4.665414692295e+00
 -1.135579698804e+00    9.405448646373e-02  -1.280873731992e+02  -4.665414692295e+00
 -1.161314491964e+00    2.299509955036e-01  -1.329270221980e+02   1.831628226865e-02
 -1.097426201445e+00    1.113070014941e-01  -1.302213194049e+02   1.831628226865e-02
 -1.259389133213e+00    7.518412895857e-02  -1.277274377144e+02   1.831628226865e-02
 -1.261181891488e+00    7.409201070068e-02  -1.277463974421e+02  -6.716634801228e-03
 -1.266960972020e+00    1.174392243563e-02  -1.271696892817e+02  -6.716634801228e-03
 -1.365081433708e+00   -1.181727032586e-02  -1.234822957627e+02  -6.716634801228e-03
 -1.176277133153e+00    3.007763970927e-01  -1.390948198389e+02   5.870613752110e-01
 -1.056713943213e+00    3.365495485800e-01  -1.366793532009e+02   5.870613752110e-01
 -1.163187993097e+00    2.311073704321e-01  -1.329340385205e+02   5.870613752110e-01
 -1.249607877085e+00    9.188670182652e-03  -1.192039765418e+02  -1.975086335860e+00
 -1.260902051067e+00    7.340695095369e-02  -1.277708170168e+02  -1.975086335860e+00
 -1.366792033943e+00   -1.118170328609e-02  -1.234762004705e+02  -1.975086335860e+00
 -1.261540550636e+00    7.751821708173e-02  -1.277284440784e+02  -1.024891153256e+00
 -1.096442129679e+00    1.081408689682e-01  -1.302236530370e+02  -1.024891153256e+00
 -1.267093652321e+00    9.147418565163e-03  -1.271743051911e+02  -1.024891153256e+00
 -9.100535501942e-01    2.159121353957e-01  -1.309535581314e+02   1.601832448888e+00
 -8.356371780156e-01    8.938684675126e-03  -1.286943432402e+02   1.601832448888e+00
 -1.095156792864e+00    1.093582512690e-01  -1.302051879059e+02   1.601832448888e+00
 -1.061045818565e+00    1.978201630430e-01  -1.355668731333e+02  -3.956481642737e+00
 -1.168051602201e+00    2.305537387372e-01  -1.330139243182e+02  -3.956481642737e+00
 -1.132144519189e+00    9.401471862213e-02  -1.280325510318e+02  -3.956481642737e+00
 -1.176647839313e+00    2.995563734425e-01  -1.391019585784e+02  -4.994418929776e+00
 -1.061682260504e+00    1.961582590590e-01  -1.356057970266e+02  -4.994418929776e+00
 -1.046899539951e+00    2.068594340280e-01  -1.405713533320e+02  -4.994418929776e+00
 -1.174208663187e+00    2.993087898179e-01  -1.390785520980e+02  -4.581467229210e+00
 -1.165487850469e+00    2.317872798608e-01  -1.329684989186e+02  -4.581467229210e+00
 -1.063772196096e+00    1.968302573272e-01  -1.356364376218e+02  -4.581467229210e+00
 -1.148925824073e+00    2.321991280144e-01  -1.470388701548e+02  -1.066436208736e+01
 -1.047163134402e+00    2.067221547630e-01  -1.405741998437e+02  -1.066436208736e+01
 -7.490227634826e-01    1.115639427833e-01  -1.441356910301e+02  -1.066436208736e+01
 -1.047023160353e+00    2.065134499841e-01  -1.405863708536e+02  -3.898157218671e+00
 -1.149159844427e+00    2.331978176571e-01  -1.470351933725e+02  -3.898157218671e+00
 -1.176615044756e+00    3.004653530301e-01  -1.390800432542e+02  -3.898157218671e+00
 -6.327011122442e-01    8.638700430282e-02  -1.363106877549e+02  -1.033347967171e+01
 -7.476259364841e-01    1.119271666990e-01  -1.440965995383e+02  -1.033347967171e+01
 -1.048599347552e+00    2.062947367704e-01  -1.406045230945e+02  -1.033347967171e+01
 -1.151307389084e+00    2.321808097077e-01  -1.470417762543e+02  -9.995566985300e+00
 -7.463627773116e-01    1.117181225999e-01  -1.441049425588e+02  -9.995566985300e+00
 -8.696812903594e-01    1.046499616218e-01  -1.555422308224e+02  -9.995566985300e+00
 -1.045924714607e+00    2.061717734689e-01  -1.405830411540e+02  -1.026301591347e+01
 -1.063636541892e+00    1.960390750515e-01  -1.356192805167e+02  -1.026301591347e+01
 -6.357260355828e-01    8.668853601522e-02  -1.363472418105e+02  -1.026301591347e+01
 -1.173562816084e+00    3.007021101989e-01  -1.390178785217e+02  -2.030372176439e+00
 -1.152878211188e+00    2.331863258752e-01  -1.470932796450e+02  -2.030372176439e+00
 -1.226202812117e+00    3.439650029166e-01  -1.451480600874e+02  -2.030372176439e+00
 -8.419892232947e-01    6.719290520082e-02  -1.284564783704e+02  -7.904668027482e+00
 -1.060018783774e+00    1.958320100750e-01  -1.355745766693e+02  -7.904668027482e+00
 -1.132546148370e+00    9.520505088718e-02  -1.280331013028e+02  -7.904668027482e+00
 -7.948972590951e-01    1.138869493140e-02  -1.189423023812e+02  -1.158753186701e+01
 -3.398931675372e-03   -5.643274165422e-04  -1.184876292595e+02  -1.158753186701e+01
 -8.310322909848e-01    3.031648609336e-02  -1.233598630787e+02  -1.158753186701e+01
 -7.946137533465e-01    1.138306606018e-02  -1.188964945942e+02  -6.424309729540e+00
 -1.247252606530e+00    8.814090069690e-03  -1.191374518099e+02  -6.424309729540e+00
 -1.097396366205e+00    1.447858509691e-02  -1.116891414568e+02  -6.424309729540e+00
 -3.326188044087e-03    5.930026707823e-04  -1.284271619045e+02  -1.190136456197e+01
 -8.345004110538e-01    3.080617884035e-02  -1.233340046899e+02  -1.190136456197e+01
 -7.257237470355e-04   -5.803397014305e-04  -1.184689634032e+02  -1.190136456197e+01
 -1.062163161168e+00   -1.005213148901e-02  -6.355835206857e-03  -3.494509364769e+00
 -1.260616982992e+00   -1.189743470785e-02  -8.464142921498e+00  -3.494509364769e+00
 -1.423379652234e+00   -3.108023240258e-03  -9.057365806289e-02  -3.494509364769e+00
  1.463761749382e-03    1.721993802889e-03  -2.190061249908e+02  -1.419953998183e+01
 -5.676888247616e-01   -9.940744277070e-02  -2.170824818536e+02  -1.419953998183e+01
 -2.295269108378e-03   -9.639554668240e-04  -2.161882571110e+02  -1.419953998183e+01
 -1.257457956880e+00    1.689138995732e-02  -9.957566793633e+01   9.606759193807e+00
 -1.487429116977e+00   -1.290153717213e-02  -1.078629475686e+02   9.606759193807e+00
 -2.143710382712e-02    1.928863868624e-03  -9.922705977351e+01   9.606759193807e+00
 -8.395365534277e-01    6.810734355698e-02  -1.283999368953e+02  -1.006329667257e+01
 -6.346166276107e-01    8.767834515239e-02  -1.363108763341e+02  -1.006329667257e+01
 -1.063823303284e+00    1.950160128950e-01  -1.356133853403e+02  -1.006329667257e+01
 -1.477375613049e+00   -2.411217017495e-03  -4.548582433187e+01  -2.071342734739e-01
 -1.363080677332e+00    5.777404298857e-03  -3.817432479312e+01  -2.071342734739e-01
 -1.303807152351e+00   -6.911400342446e-03  -3.667259883272e+01  -2.071342734739e-01
  9.478467634829e-04   -3.625209478654e-04  -1.362311808699e+02  -1.877197444685e+01
 -5.219255176240e-03    1.234741946646e-04  -1.515778167621e+02  -1.877197444685e+01
 -7.529319901148e-01    1.108266578499e-01  -1.441216258556e+02  -1.877197444685e+01
 -1.415949575097e+00    7.255042351795e-03  -1.010441385879e+02  -1.006280160988e+01
 -2.468203377612e-02    1.943851689731e-03  -1.106149131913e+02  -1.006280160988e+01
 -1.088034273642e+00    1.484826862917e-02  -1.116218726993e+02  -1.006280160988e+01
 -1.227516717147e+00    3.442717924593e-01  -1.451758649976e+02   8.007630485454e-01
 -1.151373839523e+00    2.330302840832e-01  -1.470725452154e+02   8.007630485454e-01
 -1.343467760202e+00    2.606037928298e-01  -1.550588522890e+02   8.007630485454e-01
 -1.268312880302e+00    1.106647490600e-02  -1.272213827007e+02   4.227761722877e-01
 -1.094100554281e+00    1.062797259774e-01  -1.301904572046e+02   4.227761722877e-01
 -1.073903031868e+00   -8.511906733532e-02  -1.302140302268e+02   4.227761722877e-01
 -5.990096237596e-03    1.534192031665e-03  -1.516562422503e+02  -1.972395383853e+01
 -9.543302996215e-01    4.664020619996e-02  -1.702212502161e+02  -1.972395383853e+01
 -8.690530950137e-01    1.031963460981e-01  -1.555709286746e+02  -1.972395383853e+01
 -1.472680362206e+00   -1.411082272066e-02  -1.076763864731e+02  -2.587668029424e+00
 -1.113299778785e+00    1.445117186000e-02  -1.116609012984e+02  -2.587668029424e+00
 -1.382412706044e+00   -3.722557078289e-03  -1.190150723800e+02  -2.587668029424e+00
 -1.278581895992e+00   -1.254103780608e-01  -1.665863941397e+02   7.836657556765e+00
 -1.269314710965e+00    1.426896931006e-03  -1.791562251853e+02   7.836657556765e+00
 -7.522905144787e-01   -3.842926963924e-02  -1.703937426840e+02   7.836657556765e+00
 -1.326300227545e-02   -5.775495593678e-04  -7.758288922932e+00  -9.560389500275e+00
 -1.263966972179e+00   -1.181239002651e-02  -8.405626402397e+00  -9.560389500275e+00
 -1.061801826661e+00   -1.021241854615e-02   3.486821225302e-02  -9.560389500275e+00
 -1.378982084234e+00   -3.824459317054e-03  -1.189791298618e+02  -1.800784420668e+00
 -1.250023293876e+00    9.562403306750e-03  -1.191882857164e+02  -1.800784420668e+00
 -1.365683078548e+00   -1.098320744877e-02  -1.234703557510e+02  -1.800784420668e+00
 -1.640693602805e+00   -1.328267676095e-02  -2.929884782629e+01  -7.288963259826e+00
 -1.350285015451e+00   -2.069773421664e-02  -1.750966724774e+01  -7.288963259826e+00
 -5.275632579222e-02    1.029033987211e-03  -2.706333450926e+01  -7.288963259826e+00
 -1.386436900529e+00   -3.624595747029e-03  -1.190276224520e+02  -2.069446528839e+00
 -1.107048773720e+00    1.435464839227e-02  -1.116821833180e+02  -2.069446528839e+00
 -1.242257970606e+00    9.039907521423e-03  -1.191851835635e+02  -2.069446528839e+00
 -1.098151164036e+00    1.402691702801e-02  -1.115046721688e+02  -2.171768439361e+00
 -1.482463202577e+00   -1.261255094399e-02  -1.076499149630e+02  -2.171768439361e+00
 -1.405395430085e+00    7.465457721029e-03  -1.009802371951e+02  -2.171768439361e+00
 -1.364330858858e+00   -1.127533656445e-02  -1.234692597033e+02   4.113124142814e+00
 -1.209232919976e+00   -6.184041152252e-02  -1.273942883819e+02   4.113124142814e+00
 -1.047249453279e+00   -7.950418368390e-02  -1.281689256584e+02   4.113124142814e+00
 -1.176623125643e+00   -2.287793270376e-02  -1.186079020487e+02   2.947321882396e+00
 -1.380724663795e+00   -3.296997962792e-03  -1.189800221203e+02   2.947321882396e+00
 -1.362954599971e+00   -1.187704296886e-02  -1.235050399992e+02   2.947321882396e+00
 -1.045854977252e+00   -7.837434555202e-02  -1.281887162374e+02   6.403043134455e+00
 -7.273226345735e-01   -2.745825168304e-02  -1.236809144913e+02   6.403043134455e+00
 -1.367364223011e+00   -1.252818638450e-02  -1.234773801512e+02   6.403043134455e+00
 -1.364190873949e-03    8.601229914173e-04  -1.228380217938e+02   1.225859758789e+01
 -7.361752634137e-01   -5.086049674416e-02  -1.280311175300e+02   1.225859758789e+01
 -1.700116419954e-03   -2.903981540541e-04  -1.283447113210e+02   1.225859758789e+01
 -7.326052962106e-01   -5.069143871573e-02  -1.280179314561e+02   1.231296977149e+01
 -3.914868316440e-03    1.054985692415e-03  -1.228617659898e+02   1.231296977149e+01
 -7.191630640801e-01   -2.646104833887e-02  -1.236227713717e+02   1.231296977149e+01
 -1.246626863327e+00    7.795858067197e-03  -1.191847676771e+02  -3.403221201187e+00
 -1.130690219440e+00    9.230962943001e-02  -1.280114107688e+02  -3.403221201187e+00
 -1.262348170304e+00    7.459655037662e-02  -1.277748122359e+02  -3.403221201187e+00
 -7.940135157302e-01    1.124777472038e-02  -1.189263150688e+02  -6.792530366144e+00
 -8.308644039147e-01    3.079722599908e-02  -1.233916314760e+02  -6.792530366144e+00
 -1.249217136840e+00    8.787446946278e-03  -1.191660679324e+02  -6.792530366144e+00
 -1.260343243936e+00   -1.040737046456e-02  -8.495116858061e+00  -1.116248054371e+00
 -1.356749600893e+00   -2.183286671724e-02  -1.799612071189e+01  -1.116248054371e+00
 -1.429681496108e+00   -1.817524399939e-02  -1.116634623594e+01  -1.116248054371e+00
 -2.079110428432e-02   -9.814981886181e-04  -8.909494162078e+01  -9.490473747287e+00
 -1.451923819290e+00    2.687142572730e-02  -8.074969235310e+01  -9.490473747287e+00
 -9.567407702250e-04   -8.192677093129e-04  -7.916422423178e+01  -9.490473747287e+00
 -3.905690694323e-02    6.182615267010e-04  -9.008740971505e+01   7.693755332450e+00
 -1.644270916689e+00    1.875699760969e-02  -9.061739600052e+01   7.693755332450e+00
 -1.260612932575e+00    1.590505371818e-02  -9.989991322453e+01   7.693755332450e+00
 -1.631183211586e+00    1.910212357719e-02  -9.065280343341e+01  -7.592934593305e+00
 -4.140579799632e-02   -7.812249354810e-04  -8.970374499205e+01  -7.592934593305e+00
 -1.411831711628e+00    6.250593828613e-03  -1.014954646134e+02  -7.592934593305e+00
 -1.295273090361e+00    2.539897559030e-05  -5.184241455466e+01   1.988044876949e+00
 -1.506245874250e+00   -4.223533063974e-03  -5.718775432308e+01   1.988044876949e+00
 -1.290978408291e+00   -1.495660936071e-02  -6.262182931231e+01   1.988044876949e+00
 -1.304630925775e+00   -7.229671833570e-03  -3.669550067988e+01  -9.482660893699e+00
  4.644776660349e-04    1.579218993431e-04  -3.662859656501e+01  -9.482660893699e+00
 -1.559050273965e-02   -6.010454978273e-04  -4.589516535855e+01  -9.482660893699e+00
 -1.152057587524e+00    1.943208635216e-02  -7.241930031900e+01   2.571174144691e+00
 -1.504822153322e+00    1.970110647039e-02  -6.895862301543e+01   2.571174144691e+00
 -1.451223870246e+00    3.263759110637e-02  -8.121317565570e+01   2.571174144691e+00
 -1.494167456911e+00   -3.451593067818e-03  -5.662854358953e+01  -7.369820809992e+00
 -4.870771001109e-02    2.309495816521e-03  -6.875899770954e+01  -7.369820809992e+00
 -1.517953913493e+00    1.864255027104e-02  -6.890875411055e+01  -7.369820809992e+00
 -1.286136471893e+00    3.157199719055e-05  -5.172081595544e+01   2.028489666602e+00
 -1.344242122429e+00    5.202989928928e-03  -3.812831186990e+01   2.028489666602e+00
 -1.490707367225e+00   -1.459487622591e-03  -4.545507144636e+01   2.028489666602e+00
 -1.521230587883e+00    2.095037468555e-02  -6.917679780400e+01  -7.178656225610e+00
 -4.394646513507e-02    2.827441127419e-04  -6.923791449008e+01  -7.178656225610e+00
 -1.437796895130e+00    2.949090400582e-02  -8.143627535683e+01  -7.178656225610e+00
 -1.443250543031e+00   -1.618179223601e-02  -1.117039662769e+01   9.336316025920e+00
 -1.461268806809e-02   -1.074260595926e-03  -1.851278078667e+01   9.336316025920e+00
 -8.992132690407e-03    1.437796617378e-03  -7.110002103169e+00   9.336316025920e+00
 -1.689728167167e-02    1.306233806608e-03  -1.708430574856e+01  -9.146508387948e+00
 -1.356447558881e+00   -1.949947457628e-02  -1.790726725477e+01  -9.146508387948e+00
 -1.262358717617e+00   -1.117856326858e-02  -8.427837046471e+00  -9.146508387948e+00
 -8.027938815794e-03    6.775100005296e-04  -1.709334122106e+01  -9.661954990258e+00
 -1.271684083611e+00   -1.145575711139e-02  -8.409426533756e+00  -9.661954990258e+00
 -6.520074214957e-03   -6.648374074009e-04  -7.821730987820e+00  -9.661954990258e+00
 -1.415063795051e+00   -2.709011319952e-03  -9.439910650701e-02  -1.245318313354e+00
 -1.269179551948e+00   -1.211334710647e-02  -8.421695143146e+00  -1.245318313354e+00
 -1.419867367425e+00   -1.566579064767e-02  -1.115855050546e+01  -1.245318313354e+00
  9.459963106830e-04   -3.073173431870e-04  -3.637108291618e+01  -9.478919904560e+00
 -1.302606958412e+00   -6.979725882205e-03  -3.714817412379e+01  -9.478919904560e+00
 -2.221761849069e-02   -7.071099127329e-05  -2.766894008844e+01  -9.478919904560e+00
 -1.368016807521e+00   -2.324090149128e-02  -1.800198026804e+01   9.513814616310e-01
 -1.610785161943e+00   -1.280534665134e-02  -2.947519876208e+01   9.513814616310e-01
 -1.246125874586e+00   -3.300585768102e-02  -2.137583188676e+01   9.513814616310e-01
 -1.366384038369e+00   -1.904897186351e-02  -1.772365144961e+01  -9.246783091811e+00
 -5.168081428069e-03    1.136123098918e-03  -1.724843057803e+01  -9.246783091811e+00
 -2.311312512272e-02    6.753024730496e-04  -2.702917685191e+01  -9.246783091811e+00
 -1.372858666435e+00   -2.341164984192e-02  -1.797563862380e+01   8.938978521984e-01
 -1.244742450974e+00   -3.310531220232e-02  -2.110942123019e+01   8.938978521984e-01
 -1.419204068822e+00   -1.830260832417e-02  -1.102910925965e+01   8.938978521984e-01
 -4.638392242391e-03   -5.902997714790e-04  -1.847637650705e+01   1.029404354491e+01
 -1.244880687819e+00   -3.052135763207e-02  -2.098829602492e+01   1.029404354491e+01
 -1.014642216372e-02    1.020303403266e-03  -2.820402635310e+01   1.029404354491e+01
 -3.084965459800e-02    1.881711794696e-03  -2.826604985851e+01   8.615054813805e+00
 -1.233354578572e+00   -3.087440024476e-02  -2.092198066793e+01   8.615054813805e+00
 -1.621847689390e+00   -1.168536251232e-02  -2.933331026430e+01   8.615054813805e+00
 -1.429981347545e+00    7.008851196939e-03  -1.011277607104e+02  -9.865604648022e+00
 -2.698865318572e-03   -9.551283333788e-04  -1.001615066231e+02  -9.865604648022e+00
 -1.364765332152e-02    1.168444274368e-03  -1.105541295395e+02  -9.865604648022e+00
 -1.270823069485e+00    1.542097423568e-02  -9.966364296234e+01   1.099222856186e+00
 -1.420186398201e+00    6.983841259094e-03  -1.010644498270e+02   1.099222856186e+00
 -1.469111462597e+00   -1.208069990634e-02  -1.078677007526e+02   1.099222856186e+00
 -5.157458576743e-03   -2.426078002121e-04  -7.856207683160e+01   9.945328664048e+00
 -1.277929457782e+00    3.050102337768e-02  -8.158633498683e+01   9.945328664048e+00
 -1.403420925304e-02   -2.199979046244e-04  -8.977100935632e+01   9.945328664048e+00
 -1.417346302100e+00    6.404871831809e-03  -1.010582746591e+02   1.488738015318e+00
 -1.276295224406e+00    1.532525434468e-02  -9.945059134600e+01   1.488738015318e+00
 -1.620327128789e+00    1.867437924637e-02  -9.054873511856e+01   1.488738015318e+00
 -1.271223702685e+00    1.714782857730e-02  -9.973187744765e+01   9.656417850738e+00
 -3.962201133377e-03    1.117612443163e-03  -9.921908944729e+01   9.656417850738e+00
 -1.591720247010e-02    3.542293800735e-04  -9.016864785052e+01   9.656417850738e+00
 -1.335493821838e-02    3.972568125188e-04  -2.863489169563e+01   1.033669748004e+01
 -1.365257831506e+00    5.719452021865e-03  -3.820823708745e+01   1.033669748004e+01
 -1.497542241518e-03   -3.317652537295e-05  -3.985719699604e+01   1.033669748004e+01
 -2.131370639402e-03   -4.771853533317e-04  -1.000233700510e+02  -9.848112787626e+00
 -1.427705910195e+00    6.005000499186e-03  -1.013517680000e+02  -9.848112787626e+00
 -1.889094526328e-02   -5.074811218134e-04  -8.973946192370e+01  -9.848112787626e+00
 -1.307305282146e+00   -6.643328412535e-03  -3.681777619381e+01  -8.501985002265e-01
 -1.358411297230e+00    5.958508949430e-03  -3.785789618591e+01  -8.501985002265e-01
 -1.612384859338e+00   -1.094314333612e-02  -2.924270214192e+01  -8.501985002265e-01
 -4.852521311615e-02   -4.596359588603e-06  -2.756224932181e+01  -6.673062195540e+00
 -1.287741065496e+00   -6.498624152177e-03  -3.742757370346e+01  -6.673062195540e+00
 -1.643795459752e+00   -1.210741719744e-02  -2.938934154246e+01  -6.673062195540e+00
 -1.293108468309e+00   -6.985781206565e-03  -3.643460948271e+01  -7.404938162181e+00
 -3.554885036869e-02   -1.471371044946e-03  -4.597391604760e+01  -7.404938162181e+00
 -1.490249527544e+00   -3.294438728252e-03  -4.534010863148e+01  -7.404938162181e+00
 -1.296083372731e+00   -7.227358493667e-04  -5.184382185535e+01   1.018825244816e+01
 -1.291992242948e+00   -1.387883924321e-02  -6.260614359154e+01   1.018825244816e+01
 -1.943279059851e-02    1.055119359813e-04  -5.961664505472e+01   1.018825244816e+01
 -1.513405546873e+00   -3.439042360236e-03  -5.732828051084e+01  -8.903478873234e+00
 -2.118178911335e-02   -1.011843075167e-03  -4.645194039176e+01  -8.903478873234e+00
 -3.271089328528e-03    4.383470163816e-04  -5.755589542436e+01  -8.903478873234e+00
 -2.522936454125e-03    1.992570095803e-04  -3.990773921188e+01   1.032806775532e+01
 -1.361269458125e+00    5.133407432128e-03  -3.814563759655e+01   1.032806775532e+01
 -1.169833697486e-02   -4.475050407297e-04  -4.938357472588e+01   1.032806775532e+01
 -1.271694841215e+00    3.242684136207e-02  -8.204937696827e+01   1.911220354956e+00
 -1.443236786194e+00    3.099956877000e-02  -8.102609802485e+01   1.911220354956e+00
 -1.614954947158e+00    1.911470070012e-02  -9.050549213175e+01   1.911220354956e+00
 -4.112339560800e-02   -3.418173645085e-06  -8.975965489085e+01   8.111280352085e+00
 -1.260131136960e+00    3.062753782735e-02  -8.146682950090e+01   8.111280352085e+00
 -1.641379328148e+00    1.942597809194e-02  -9.051693514355e+01   8.111280352085e+00
 -1.253444821399e-02   -8.376722762394e-04  -7.842449972437e+01   1.009473520190e+01
 -1.130789810768e+00    1.720333518792e-02  -7.267468249999e+01   1.009473520190e+01
 -1.270719322396e+00    3.154684160230e-02  -8.169682709875e+01   1.009473520190e+01
 -1.134924049204e+00    1.478442587219e-02  -7.278493849030e+01   1.102502439040e+01
 -3.553492889102e-03    2.725449635234e-05  -7.840097027235e+01   1.102502439040e+01
 -4.487149138352e-03   -1.029521663762e-03  -7.027741086854e+01   1.102502439040e+01
 -6.916484047922e-03    5.324099415015e-04  -5.957976427669e+01   1.030860857129e+01
 -1.303684522251e+00   -1.422052822450e-02  -6.263124649416e+01   1.030860857129e+01
 -7.807069310541e-03   -4.702960413594e-04  -7.026198430453e+01   1.030860857129e+01
 -1.298481138881e+00   -1.613491670902e-02  -6.281269458520e+01   1.818271527910e+00
 -1.495341136201e+00   -4.303921031366e-03  -5.691117025570e+01   1.818271527910e+00
 -1.507729424755e+00    1.768142646374e-02  -6.887295152586e+01   1.818271527910e+00
 -2.395206151349e-02    1.478030710632e-03  -6.866521406617e+01  -8.912373335306e+00
 -1.513282135156e+00   -2.538378496936e-03  -5.688842305399e+01  -8.912373335306e+00
 -2.613234123532e-03   -4.941489039674e-06  -5.781391458419e+01  -8.912373335306e+00
 -5.459028102123e-04   -1.517094188064e-03  -7.892695673420e+01  -9.496854526858e+00
 -1.452167679103e+00    2.755304299706e-02  -8.114915194118e+01  -9.496854526858e+00
 -2.005311288490e-02    1.617735487987e-05  -6.928984002001e+01  -9.496854526858e+00
 -1.290701985889e+00   -1.500300719441e-02  -6.269877673265e+01   1.030731993199e+01
 -1.122485077889e+00    1.471413008171e-02  -7.280447858922e+01   1.030731993199e+01
 -1.825468554947e-02   -1.348975769708e-03  -7.028691099364e+01   1.030731993199e+01
 -1.285263299287e+00   -1.620394719027e-02  -6.275340837561e+01   3.314786490831e+00
 -1.517808484480e+00    1.891137488499e-02  -6.883484048067e+01   3.314786490831e+00
 -1.127384434365e+00    1.668431320500e-02  -7.267439463996e+01   3.314786490831e+00
 -1.304601123181e+00   -9.973025219574e-04  -5.182543009503e+01   1.018405311615e+01
 -8.790965750990e-03   -1.089456660048e-04  -5.963321480526e+01   1.018405311615e+01
 -6.872531993667e-03   -2.722990912788e-04  -4.934967897794e+01   1.018405311615e+01
 -1.348075640818e+00    5.132319468502e-03  -3.812479866213e+01   9.963247917773e+00
 -1.285543477886e+00   -4.185291503339e-04  -5.174803942228e+01   9.963247917773e+00
 -2.367540695833e-02   -6.652650872268e-04  -4.938192759311e+01   9.963247917773e+00
 -1.494292673320e+00   -3.788450748027e-03  -5.742553796299e+01   1.778920122334e+00
 -1.304248105743e+00    5.652227929967e-04  -5.170647748435e+01   1.778920122334e+00
 -1.477897628209e+00   -1.796132327690e-03  -4.550752862382e+01   1.778920122334e+00
