
  1.669024663363e-03   -2.002291045770e-03   2.091802069568e+02  -1.176988363379e+01
  5.321608208900e-01   -1.822936104183e-03   2.107744360959e+02  -1.176988363379e+01
 -2.860672426219e-04    8.177712914028e-04   2.097687545698e+02  -1.176988363379e+01
  6.432309351532e-01   -9.127805789976e-02   1.935973480539e+02  -2.138337556263e+01
 -4.901834115788e-04   -7.588082289951e-06   2.015837798424e+02  -2.138337556263e+01
  1.812102988382e-03    3.496721324117e-05   1.933108824967e+02  -2.138337556263e+01
  5.317341685313e-01    1.143300887588e-03   2.107898990917e+02  -1.232948922483e+01
  8.658748279472e-01   -1.810100268820e-01   2.104544718126e+02  -1.232948922483e+01
  9.297414424604e-01   -2.329282254108e-03   2.135622271938e+02  -1.232948922483e+01
  8.693376179193e-01   -1.794766496040e-01   2.104022761660e+02  -1.167061427744e+01
  5.288979965302e-01   -4.283299172904e-04   2.108692727082e+02  -1.167061427744e+01
  4.054192265707e-01   -7.196315363113e-02   2.086465178344e+02  -1.167061427744e+01
  1.079621531591e+00   -2.233700506383e-01   2.152037285299e+02  -8.207538291229e+00
  9.301227926700e-01   -2.239339131175e-03   2.136585690715e+02  -8.207538291229e+00
  8.663560929549e-01   -1.825364052502e-01   2.103967068609e+02  -8.207538291229e+00
  1.359945637582e+00    1.408922491190e-02   1.043745940563e+01  -9.029437764802e+00
  1.843507447634e-02   -1.187577517354e-03   6.491546013701e+00  -9.029437764802e+00
  9.985682007758e-01   -1.409550595132e-02  -6.411335325068e-02  -9.029437764802e+00
  4.064030896842e-01   -7.083079916771e-02   2.086320130039e+02  -1.128363575064e+01
  8.306288550988e-01   -1.990560482105e-01   2.064313043478e+02  -1.128363575064e+01
  8.692571038171e-01   -1.806095589186e-01   2.103801470447e+02  -1.128363575064e+01
  1.290568977998e+00    1.239868882905e-02   1.179790669300e+02  -5.120489911509e+00
  6.867856640362e-01    2.750763693922e-02   1.181523759847e+02  -5.120489911509e+00
  1.105982484592e+00    2.083892435993e-02   1.132893244801e+02  -5.120489911509e+00
  5.010582138553e-01   -9.761684549884e-02   2.032802406231e+02  -1.077667096612e+01
  6.437163958012e-01   -9.178740187731e-02   1.935895243884e+02  -1.077667096612e+01
  9.400657230541e-01   -2.235321832903e-01   2.008832690374e+02  -1.077667096612e+01
  1.810543799079e-03    4.075595160398e-04   2.069323675511e+02  -1.541873975571e+01
  4.994705847030e-01   -9.711929250343e-02   2.033134349770e+02  -1.541873975571e+01
  4.050473993437e-01   -7.138339273010e-02   2.086845591852e+02  -1.541873975571e+01
  8.317997010948e-01   -1.992157081178e-01   2.064139259168e+02  -5.563404734981e+00
  9.383914783516e-01   -2.247554017831e-01   2.008910177632e+02  -5.563404734981e+00
  1.021901794086e+00   -3.002420751110e-01   2.086113470889e+02  -5.563404734981e+00
  9.382551560913e-01   -2.236654963877e-01   2.008956557817e+02  -1.156286007901e+01
  8.317530836805e-01   -1.994421660302e-01   2.064212134465e+02  -1.156286007901e+01
  5.029945357013e-01   -9.748902980228e-02   2.032492017249e+02  -1.156286007901e+01
  1.089092671384e+00   -3.399579308044e-01   2.030798020027e+02  -3.583974576566e+00
  1.019090383106e+00   -3.004384133248e-01   2.086749189046e+02  -3.583974576566e+00
  9.419665930663e-01   -2.247324747759e-01   2.008324629949e+02  -3.583974576566e+00
  8.316326031324e-01   -1.995104956413e-01   2.064175403553e+02  -7.058159527690e+00
  1.022045783906e+00   -2.995554518801e-01   2.086115133601e+02  -7.058159527690e+00
  8.675350440797e-01   -1.810280805583e-01   2.104176775184e+02  -7.058159527690e+00
  1.090203747816e+00   -3.402599581685e-01   2.030450298214e+02  -9.074474258698e-01
  9.408093628843e-01   -2.245037481705e-01   2.008632976698e+02  -9.074474258698e-01
  1.168925433123e+00   -2.540521717763e-01   1.935321292149e+02  -9.074474258698e-01
  5.010051919469e-01   -9.794888817495e-02   2.032992335589e+02  -1.107895131413e+01
  8.329995611786e-01   -1.989645291352e-01   2.063947735509e+02  -1.107895131413e+01
  4.039889711057e-01   -7.084278865540e-02   2.086944358846e+02  -1.107895131413e+01
  1.904975363895e-03   -5.380788727038e-04   1.684916322275e+02  -2.355020973577e+01
  1.100138186496e-03    9.624922713269e-04   1.447143615120e+02  -2.355020973577e+01
  7.088883990757e-01    3.379710265541e-02   1.628771942683e+02  -2.355020973577e+01
  1.076837032891e+00   -2.239368461346e-01   2.151941476238e+02  -7.112895926575e+00
  8.692946800956e-01   -1.814915750725e-01   2.103767098215e+02  -7.112895926575e+00
  1.019901998031e+00   -2.996163299998e-01   2.086384405968e+02  -7.112895926575e+00
  1.197721106354e+00   -4.619832853077e-03   2.184566251304e+02  -4.605720963191e+00
  1.073573444293e+00   -2.217585512840e-01   2.151943497735e+02  -4.605720963191e+00
  1.109901531861e+00   -9.808739600785e-02   2.199664939436e+02  -4.605720963191e+00
  1.194889656551e+00   -1.230962218195e-03   2.184090284056e+02  -1.019630098695e+01
  9.327775020357e-01   -1.230010106608e-03   2.136330559320e+02  -1.019630098695e+01
  1.076401692203e+00   -2.233618137049e-01   2.152379031218e+02  -1.019630098695e+01
  1.199215916973e+00   -4.572819720391e-03   2.185001073633e+02  -4.780471151435e+00
  1.108975059953e+00   -9.698578550757e-02   2.199638212758e+02  -4.780471151435e+00
  1.327980629799e+00    1.591208930149e-03   2.221116400111e+02  -4.780471151435e+00
  1.104908451871e+00   -9.380981936550e-02   2.199690990198e+02  -2.623131592579e+00
  1.079604070789e+00   -2.251193473899e-01   2.151748306430e+02  -2.623131592579e+00
  8.950962871794e-01   -2.110815981680e-01   2.176064094684e+02  -2.623131592579e+00
  8.568052165048e-01    1.612794858600e-02   2.200428198161e+02   3.686474664648e-01
  1.107597400314e+00   -9.420559152835e-02   2.198801378055e+02   3.686474664648e-01
  8.907284892154e-01   -2.095015709629e-01   2.176747902198e+02   3.686474664648e-01
  1.106314598303e+00   -9.076879300486e-02   2.199353925682e+02  -1.540094647921e+00
  1.123914939099e+00    1.164295139877e-01   2.198390422946e+02  -1.540094647921e+00
  1.329144441123e+00   -4.120182474905e-03   2.221046628306e+02  -1.540094647921e+00
  1.079573971059e+00   -2.243030964847e-01   2.151573978395e+02   5.105128238050e-01
  9.707705812068e-01   -3.346906721134e-01   2.116145148580e+02   5.105128238050e-01
  8.950483001234e-01   -2.126106727826e-01   2.176157124475e+02   5.105128238050e-01
  7.510890692203e-01   -1.102731808974e-02   1.135360920736e+02   9.588688462992e+00
  1.034027876372e+00   -1.481761596110e-02   1.066163410468e+02   9.588688462992e+00
  1.129561680067e-02   -1.100709521156e-03   1.054166007582e+02   9.588688462992e+00
  6.928566426273e-01   -2.748058694222e-01   2.144987443512e+02   1.003791904816e+01
  9.745876123904e-01   -3.362737008419e-01   2.116217897066e+02   1.003791904816e+01
  8.240084121035e-01   -3.102015015636e-01   2.060013096700e+02   1.003791904816e+01
  9.750089111817e-01   -3.351182488340e-01   2.115631614518e+02  -1.725424643240e+00
  1.074871570407e+00   -2.234066215967e-01   2.152345858339e+02  -1.725424643240e+00
  1.022005091465e+00   -3.006934928648e-01   2.086083111585e+02  -1.725424643240e+00
  3.084999861657e-01   -8.633195194141e-02   2.219945761096e+02   1.108139844122e+01
  5.974243013009e-01   -1.563277784110e-01   2.201902953433e+02   1.108139844122e+01
  3.610254010704e-01   -1.611253185849e-01   2.169284569290e+02   1.108139844122e+01
  5.969545314880e-01   -1.556374355281e-01   2.201241790476e+02   7.243459135737e+00
  8.919510294232e-01   -2.109858703235e-01   2.176957660363e+02   7.243459135737e+00
  6.900273882570e-01   -2.746166191036e-01   2.146063470977e+02   7.243459135737e+00
  6.914680512730e-01   -2.744360464969e-01   2.145465779544e+02   1.232810184338e+01
  3.629494491357e-01   -1.614467255465e-01   2.168977846868e+02   1.232810184338e+01
  5.957824978269e-01   -1.561908354245e-01   2.202131067314e+02   1.232810184338e+01
  5.970585695256e-01   -1.551612660002e-01   2.201487808333e+02   1.497993388700e+00
  8.549081947886e-01    1.738835847707e-02   2.201135246631e+02   1.497993388700e+00
  8.915967260830e-01   -2.106626358550e-01   2.176694491481e+02   1.497993388700e+00
  1.088639845182e+00   -3.412101422305e-01   2.030718931523e+02   7.106823717265e+00
  8.273153004511e-01   -3.102192477910e-01   2.059376841232e+02   7.106823717265e+00
  9.717376399645e-01   -3.362329339903e-01   2.116872510505e+02   7.106823717265e+00
  6.925302978305e-01   -2.746294429145e-01   2.145568342692e+02   4.394260077174e+00
  8.900931274687e-01   -2.112821946603e-01   2.177409739404e+02   4.394260077174e+00
  9.742661958131e-01   -3.359236519836e-01   2.115639437810e+02   4.394260077174e+00
  1.084715925517e+00   -3.405861105221e-01   2.031422725623e+02   1.628371334075e+00
  9.752506854655e-01   -3.360608046311e-01   2.115518367894e+02   1.628371334075e+00
  1.022333177987e+00   -3.002715650165e-01   2.086047956483e+02   1.628371334075e+00
  5.960359999793e-01   -1.549334562131e-01   2.201540668917e+02   4.531940920554e+00
  3.092300069901e-01   -8.727508537481e-02   2.220379769590e+02   4.531940920554e+00
  5.658536036384e-01    1.305015743170e-02   2.221449728305e+02   4.531940920554e+00
  1.175300834633e+00   -2.531911006713e-01   1.934435665974e+02  -7.851305819692e+00
  9.357521324444e-01   -2.243243192118e-01   2.009758558418e+02  -7.851305819692e+00
  6.514100425003e-01   -9.145192864773e-02   1.934794869447e+02  -7.851305819692e+00
  1.348642608728e+00    1.443988066654e-02   1.048660489853e+01  -3.560183474107e+00
  1.003652056107e+00   -1.391038683775e-02   7.095618828351e-03  -3.560183474107e+00
  1.356450137559e+00    3.288460224403e-03   1.280797127317e-01  -3.560183474107e+00
  1.197470644747e+00   -1.360784401530e-01   1.828845036915e+02  -7.390697634802e+00
  6.997460874442e-01   -3.977918032022e-02   1.792356060386e+02  -7.390697634802e+00
  1.192900904469e+00   -1.348956543455e-02   1.710478268974e+02  -7.390697634802e+00
  1.194816136858e+00   -1.390064257889e-01   1.829428296524e+02  -5.693437899716e+00
  1.176829764194e+00   -2.523038507263e-01   1.934033445333e+02  -5.693437899716e+00
  6.506275062451e-01   -9.281745689373e-02   1.935010066090e+02  -5.693437899716e+00
  1.089108144218e+00   -3.416700273005e-01   2.031554906468e+02   1.126419050034e+01
  9.557570072108e-01   -2.613869753322e-01   1.954180699414e+02   1.126419050034e+01
  8.274145679786e-01   -3.099181385569e-01   2.058577028765e+02   1.126419050034e+01
  9.592057306049e-01   -2.612937182219e-01   1.953462685543e+02   8.092593236110e+00
  1.086055760097e+00   -3.413929661153e-01   2.032311759322e+02   8.092593236110e+00
  1.173509494872e+00   -2.542504418089e-01   1.934390500560e+02   8.092593236110e+00
  1.050520866318e+00   -1.528755654654e-01   1.835763531099e+02   1.106637102695e+01
  9.590523666802e-01   -2.603466900464e-01   1.952460444159e+02   1.106637102695e+01
  1.174312050188e+00   -2.553729244243e-01   1.935406666914e+02   1.106637102695e+01
  5.080182862895e-01   -1.585093791128e-01   1.971037383648e+02   2.420362210193e+01
  8.262128547230e-01   -3.100544370649e-01   2.060186572795e+02   2.420362210193e+01
  9.571061763478e-01   -2.609604086188e-01   1.953022204556e+02   2.420362210193e+01
  1.171571664176e+00   -2.553258628873e-01   1.936183705587e+02   7.368421849653e+00
  1.200068557224e+00   -1.369679448705e-01   1.828353299791e+02   7.368421849653e+00
  1.053433055078e+00   -1.523562752364e-01   1.835032370716e+02   7.368421849653e+00
  1.198940774655e+00   -1.378875144145e-01   1.828905434400e+02  -1.019335797117e+01
  6.453027309284e-01   -9.359318341516e-02   1.936014042648e+02  -1.019335797117e+01
  6.972236272875e-01   -3.826223121222e-02   1.792417992733e+02  -1.019335797117e+01
  1.091347794143e+00   -1.529948651548e-02   1.710542731137e+02   1.000754732718e+01
  1.052504379091e+00   -1.507896631808e-01   1.833871856904e+02   1.000754732718e+01
  1.201587271399e+00   -1.385055202140e-01   1.829476800483e+02   1.000754732718e+01
  2.036102115235e-03   -1.160757274689e-03   1.707689493381e+02   4.343666454586e+01
  6.066141993681e-01   -5.560255458798e-03   1.709101810945e+02   4.343666454586e+01
  1.875006905451e-03    2.642486292765e-03   1.574237792483e+02   4.343666454586e+01
  1.054935116618e+00   -1.515754981415e-01   1.835433550977e+02   2.731777697893e+01
  6.042829642754e-01   -7.568093166003e-03   1.709300324886e+02   2.731777697893e+01
  5.687845345806e-01   -9.732142577657e-02   1.842675362339e+02   2.731777697893e+01
  6.073731724408e-01   -7.457721430975e-03   1.709219076255e+02   2.745568213522e+01
  1.052299457317e+00   -1.511949641595e-01   1.835586008192e+02   2.745568213522e+01
  1.088891550359e+00   -1.361101086881e-02   1.708880803825e+02   2.745568213522e+01
  5.689059441566e-01   -9.630127606552e-02   1.843644963551e+02   4.679988261981e+01
  6.033116015338e-01   -9.520964632998e-03   1.707605770231e+02   4.679988261981e+01
  4.405099918305e-03   -2.683585137437e-03   1.843823044577e+02   4.679988261981e+01
  1.052120040210e+00   -1.520273212977e-01   1.834401629342e+02   2.675428884137e+01
  5.710515101477e-01   -9.727956571700e-02   1.843835712666e+02   2.675428884137e+01
  9.574934469041e-01   -2.603981686681e-01   1.954206477488e+02   2.675428884137e+01
  1.050701627377e+00    1.238573998237e-01   1.582978132993e+02   2.735013050376e+01
  6.071454322119e-01   -7.914356301042e-03   1.707544363863e+02   2.735013050376e+01
  1.088958373680e+00   -1.261331722387e-02   1.709316569925e+02   2.735013050376e+01
  1.095021853967e+00   -1.466438476733e-02   1.710051556486e+02   6.732740744181e+00
  1.198327217529e+00   -1.388377554059e-01   1.830124289100e+02   6.732740744181e+00
  1.192488217833e+00   -1.134618309618e-02   1.709793326371e+02   6.732740744181e+00
  6.968341828008e-01   -4.091503653381e-02   1.792601470368e+02  -1.062757757119e+01
  7.052170074167e-01    3.386621012709e-02   1.628563462172e+02  -1.062757757119e+01
  1.195924609039e+00   -1.214792860942e-02   1.710262801374e+02  -1.062757757119e+01
  5.055969192454e-01   -1.580331081549e-01   1.970015576117e+02   2.589317667686e+01
  9.600567647271e-01   -2.610201925373e-01   1.953965486511e+02   2.589317667686e+01
  5.680345238862e-01   -9.699996971149e-02   1.844095751001e+02   2.589317667686e+01
  1.096413528820e-04   -3.734514966799e-04   2.169475005767e+02   2.539782246329e+01
  3.652196405019e-01   -1.623842655045e-01   2.169479615824e+02   2.539782246329e+01
  2.640448419031e-03   -1.529196784077e-03   2.086198343900e+02   2.539782246329e+01
  3.618464561524e-01   -1.605210915019e-01   2.168414011114e+02   1.780588024384e+01
  6.935269790810e-01   -2.755973954705e-01   2.146047536954e+02   1.780588024384e+01
  4.346714142868e-01   -1.841953752572e-01   2.082656724723e+02   1.780588024384e+01
  6.019018237405e-01   -8.163551705119e-02   1.303088860354e+02   1.502496303421e+01
  2.302601373939e-04    9.651939931021e-04   1.227132868292e+02   1.502496303421e+01
  1.786843532497e-03   -3.099594140658e-04   1.303579807005e+02   1.502496303421e+01
  2.350695640955e-03   -3.414411120237e-03   2.229262182610e+02   8.140979759954e+00
  2.930200517636e-01    6.321087453264e-03   2.239464545414e+02   8.140979759954e+00
  3.077471046213e-01   -8.517346506016e-02   2.220133881929e+02   8.140979759954e+00
  1.564768153109e-03   -1.365564767502e-03   2.170287877306e+02   2.059472915888e+01
 -7.160149930535e-04    9.627483575601e-04   2.228664022679e+02   2.059472915888e+01
  3.623287262650e-01   -1.604027206915e-01   2.168660223778e+02   2.059472915888e+01
  6.643530994162e-01    1.291698871873e-01   2.014251948117e+02   1.551757755215e+01
  2.896272760641e-03   -5.410972171747e-04   2.056124703434e+02   1.551757755215e+01
  5.303157301508e-01    9.205340664852e-02   2.064763038332e+02   1.551757755215e+01
  3.632507824594e-01   -1.614059714955e-01   2.169593652892e+02   3.126211118115e+01
  4.341447899078e-01   -1.834787148590e-01   2.081715861620e+02   3.126211118115e+01
  4.580718318258e-03   -2.606248802297e-03   2.085823433383e+02   3.126211118115e+01
  8.869581102285e-04    1.658873475219e-04   2.228519592963e+02   1.616691618085e+01
  3.087689349243e-01   -8.711187738006e-02   2.220308377671e+02   1.616691618085e+01
  3.602486500410e-01   -1.596077424922e-01   2.168796172212e+02   1.616691618085e+01
  3.187624511646e-03    3.767816799573e-04   1.845542469531e+02   4.070945727468e+01
  5.941067736291e-04   -2.520599181333e-03   1.973150911486e+02   4.070945727468e+01
  5.695477940143e-01   -9.914735362341e-02   1.842595042165e+02   4.070945727468e+01
  1.291052066732e-03   -2.350285643856e-03   1.843633013723e+02   4.352847885875e+01
  6.065811598875e-01   -9.523739440458e-03   1.707606905253e+02   4.352847885875e+01
  2.180965321100e-03    9.906760548765e-04   1.709185330139e+02   4.352847885875e+01
  8.936130682735e-01    5.455648612999e-02   1.780560196895e+02   1.817450204159e+01
  6.820770463769e-03    9.530107262340e-04   1.918635399837e+02   1.817450204159e+01
  7.905829953037e-01    1.199942470729e-01   1.915705403184e+02   1.817450204159e+01
  6.395105816914e-04   -1.308525039526e-03   2.084258029677e+02   3.324334928712e+01
  4.381611462193e-01   -1.842605128819e-01   2.082789086430e+02   3.324334928712e+01
  3.728700017636e-03   -5.181993315222e-04   1.976000769946e+02   3.324334928712e+01
  3.881364890077e-03   -3.699756983826e-03   1.973284818753e+02   4.250993090664e+01
  5.056299698953e-01   -1.569010621685e-01   1.970916332587e+02   4.250993090664e+01
  5.665009743859e-01   -9.852764578836e-02   1.842631631064e+02   4.250993090664e+01
  6.969082563797e-01   -3.880808786253e-02   1.792560450852e+02  -2.150777850321e+01
  6.823249344815e-03    9.094073119419e-04   1.685592742595e+02  -2.150777850321e+01
  7.044517568041e-01    3.222543396534e-02   1.628583205858e+02  -2.150777850321e+01
  5.020561274324e-01   -9.688138464753e-02   2.032790558701e+02  -1.670403479828e+01
 -3.886018677119e-04    2.694034993368e-04   2.069771529484e+02  -1.670403479828e+01
  1.930105952190e-03   -7.714014434363e-05   2.015844810144e+02  -1.670403479828e+01
  6.828725761596e-03   -1.754239005030e-03   1.975659210238e+02   3.864903629529e+01
  4.357041697963e-01   -1.832830903332e-01   2.082937776863e+02   3.864903629529e+01
  5.039449718924e-01   -1.578882064796e-01   1.970131722050e+02   3.864903629529e+01
  4.344469193142e-01   -1.837378376614e-01   2.081651284393e+02   2.270423010929e+01
  8.284043333099e-01   -3.106411221306e-01   2.059957638120e+02   2.270423010929e+01
  5.053156253465e-01   -1.579800660160e-01   1.971287937365e+02   2.270423010929e+01
  6.459928475394e-01   -9.105810069737e-02   1.936258830194e+02  -2.149513162815e+01
  6.791286978587e-03    1.416046354984e-03   1.819569658375e+02  -2.149513162815e+01
  6.952629588039e-01   -3.974489321612e-02   1.792409726286e+02  -2.149513162815e+01
  1.094868465532e+00   -1.172490403694e-02   1.708163820044e+02   6.641918429836e+00
  1.192535902149e+00   -1.285929759774e-02   1.710654446883e+02   6.641918429836e+00
  1.204978208236e+00    1.116884532566e-01   1.590191741158e+02   6.641918429836e+00
  4.367258105432e-01   -1.846472940487e-01   2.082430123562e+02   1.917017325565e+01
  6.917282939400e-01   -2.752359032871e-01   2.146257660814e+02   1.917017325565e+01
  8.253938820773e-01   -3.098950604554e-01   2.059157256057e+02   1.917017325565e+01
 -2.153647844966e-04   -4.305537255561e-04   1.932998601394e+02  -2.158167225460e+01
  4.028921625613e-03    1.002873330302e-03   1.819828396007e+02  -2.158167225460e+01
  6.482653368069e-01   -9.034729961423e-02   1.936100859170e+02  -2.158167225460e+01
  2.945859953500e-01    6.120271147926e-03   2.239367189534e+02   2.450361324406e+00
  8.642357682943e-04   -2.813690489803e-03   2.229535019010e+02   2.450361324406e+00
  3.844563486660e-04    1.174055383509e-03   2.242039800514e+02   2.450361324406e+00
  1.132112509243e+00    2.670457462339e-01   2.145047138732e+02   2.072465427791e+00
  1.121950680115e+00    1.208723331550e-01   2.198037384038e+02   2.072465427791e+00
  9.182013821629e-01    2.488625226798e-01   2.171876255399e+02   2.072465427791e+00
  1.123951458102e+00    1.173874113763e-01   2.198230069343e+02   2.303730215103e+00
  1.329096036372e+00    3.627909229788e-03   2.211187036135e+02   2.303730215103e+00
  1.329805425673e+00   -4.830824381465e-03   2.221553041036e+02   2.303730215103e+00
  1.327046057167e+00   -1.128315120659e-03   2.211001428837e+02   8.081210521980e+00
  1.124004641050e+00    2.638537934141e-01   2.145931501177e+02   8.081210521980e+00
  1.197374914823e+00    2.149547265910e-03   2.160927627063e+02   8.081210521980e+00
  1.125248197986e+00    2.635593850794e-01   2.145775076059e+02   2.679741740746e+00
  1.325940081157e+00   -1.052682688808e-04   2.211082052357e+02   2.679741740746e+00
  1.125688878128e+00    1.233475938782e-01   2.197851444403e+02   2.679741740746e+00
  1.194521034337e+00    1.165806957181e-03   2.161094150626e+02   1.101693794927e+01
  1.130038454417e+00    2.657386718926e-01   2.145539693081e+02   1.101693794927e+01
  9.336928890839e-01    1.099714447769e-03   2.109957437985e+02   1.101693794927e+01
  7.799049665717e-03   -4.160583645667e-04   6.515738810396e+00  -9.813346002034e+00
 -2.020967865474e-04    2.270566375204e-04   4.139878898398e-02  -9.813346002034e+00
  1.006193287329e+00   -1.405187543412e-02  -2.657166279623e-02  -9.813346002034e+00
  1.124827721829e+00    1.215273323261e-01   2.197247219711e+02  -8.238002970301e-01
  8.568535399951e-01    1.942027359296e-02   2.200474453301e+02  -8.238002970301e-01
  9.137453609494e-01    2.472056997500e-01   2.172574054210e+02  -8.238002970301e-01
  1.123948222821e+00    1.218300930082e-01   2.198054283560e+02  -2.503351979002e-01
  1.106607723578e+00   -9.468327662478e-02   2.199451824282e+02  -2.503351979002e-01
  8.586247838133e-01    1.784049737722e-02   2.199858479585e+02  -2.503351979002e-01
  6.093582132419e-01    1.841651718135e-01   2.199015643141e+02  -2.471685701994e+00
  9.145642926277e-01    2.483145000027e-01   2.172573983932e+02  -2.471685701994e+00
  8.550004524434e-01    1.820015288853e-02   2.201153900103e+02  -2.471685701994e+00
  7.149248681129e-01    3.016800451533e-01   2.139586522043e+02  -1.395474082633e+01
  6.082141919643e-01    1.851909144879e-01   2.199724179960e+02  -1.395474082633e+01
  3.703856478970e-01    1.714388512467e-01   2.162408550314e+02  -1.395474082633e+01
  9.131775649112e-01    2.490708327454e-01   2.173322788682e+02  -5.514373307682e+00
  7.160915653462e-01    3.020986369439e-01   2.139757901242e+02  -5.514373307682e+00
  1.019218572888e+00    3.764885464701e-01   2.107859456192e+02  -5.514373307682e+00
  7.135807114485e-01    3.020007362386e-01   2.140238536186e+02  -8.154965361146e+00
  9.150267865166e-01    2.488421324553e-01   2.172872774458e+02  -8.154965361146e+00
  6.091847330476e-01    1.844878587891e-01   2.198754306053e+02  -8.154965361146e+00
  1.154615592827e+00    3.803425116649e-01   2.020565832988e+02  -8.356481410045e+00
  1.016715677492e+00    3.768253547169e-01   2.109103479907e+02  -8.356481410045e+00
  8.624115595301e-01    3.370785921514e-01   2.052010788842e+02  -8.356481410045e+00
  9.180906942270e-01    2.502631976906e-01   2.172058804580e+02  -1.232660559903e+00
  1.015795662741e+00    3.753849145216e-01   2.108334206556e+02  -1.232660559903e+00
  1.132142632513e+00    2.662548917943e-01   2.144706450770e+02  -1.232660559903e+00
  6.081844606162e-01    1.838282527322e-01   2.199126083767e+02  -5.731087634131e+00
  5.659408747694e-01    1.504088449726e-02   2.221420608772e+02  -5.731087634131e+00
  3.150005971234e-01    1.043267956368e-01   2.219474373199e+02  -5.731087634131e+00
  6.073891523812e-01    1.840489723923e-01   2.199467284200e+02  -3.233110700618e+00
  8.569241571151e-01    1.801343719053e-02   2.200685832084e+02  -3.233110700618e+00
  5.665391052832e-01    1.431570674170e-02   2.220735771335e+02  -3.233110700618e+00
  8.568396512324e-01    1.769809166363e-02   2.200686274538e+02   2.412719520064e+00
  5.951036952441e-01   -1.551373027275e-01   2.201918112802e+02   2.412719520064e+00
  5.665798343316e-01    1.376779468180e-02   2.220736042154e+02   2.412719520064e+00
  1.127383949211e+00    2.653383734569e-01   2.145342816150e+02   9.288126744755e-01
  1.020073195629e+00    3.758572401911e-01   2.107890326229e+02   9.288126744755e-01
  1.095122084884e+00    3.449523027945e-01   2.074068265627e+02   9.288126744755e-01
  9.296326121838e-01    2.776419571024e-03   2.109639354598e+02   1.292920712562e+01
  9.511634203952e-01    2.128979802213e-01   2.087397309520e+02   1.292920712562e+01
  5.323236834043e-01   -2.021762146951e-03   2.081257615144e+02   1.292920712562e+01
  9.316307416899e-01    2.184328455110e-03   2.110297715955e+02   8.076925446851e+00
  1.132697441066e+00    2.654288763564e-01   2.144981714332e+02   8.076925446851e+00
  9.500131316395e-01    2.153550758357e-01   2.086967927501e+02   8.076925446851e+00
  5.311283197981e-01    1.715997925112e-03   2.081137830848e+02   1.346558207703e+01
  5.288423709755e-01    9.105741536050e-02   2.064872289894e+02   1.346558207703e+01
 -4.467679920690e-04   -2.400941588103e-03   2.082257315301e+02   1.346558207703e+01
  5.314030941851e-01    9.438809759189e-02   2.064391173071e+02   1.088183170400e+01
  5.298696279832e-01   -9.816036234046e-04   2.081914586683e+02   1.088183170400e+01
  9.542567094641e-01    2.118136188655e-01   2.086900704239e+02   1.088183170400e+01
  6.712749373665e-01    1.289410320236e-01   2.014009194340e+02   1.675579386583e+01
  6.013098194162e-03   -4.704964230867e-05   1.920108048433e+02   1.675579386583e+01
 -1.508799206600e-03   -1.938658323866e-04   2.057172225761e+02   1.675579386583e+01
  3.913378398925e-03   -3.724908994140e-04   1.053986291963e+02   1.077854452541e+01
  3.614548907829e-04    3.213067347421e-04   1.131307452298e+02   1.077854452541e+01
  7.552127000497e-01   -1.116405043008e-02   1.135291642005e+02   1.077854452541e+01
  9.537523920200e-01    2.134468941551e-01   2.086741061545e+02   1.071070588960e+01
  9.358721321270e-01    2.368713932962e-01   2.047056262343e+02   1.071070588960e+01
  5.326170857804e-01    9.282542304924e-02   2.064222170673e+02   1.071070588960e+01
  6.492139467632e-01    2.427660149634e-02   1.143359001793e+02  -1.081695288996e+01
 -1.379157582974e-04   -4.580866704347e-04   1.136046659342e+02  -1.081695288996e+01
  3.567687831090e-03    3.088498139173e-04   1.061519222802e+02  -1.081695288996e+01
  1.092123479950e+00    3.446517946208e-01   2.074714563071e+02   2.396031588620e+00
  1.155142132211e+00    3.791609034165e-01   2.020653479008e+02   2.396031588620e+00
  1.052675569820e+00    2.645962332163e-01   1.993545753702e+02   2.396031588620e+00
  1.150713512155e+00    3.797114816164e-01   2.021251634387e+02  -2.555846693448e+00
  1.095509075910e+00    3.445597929726e-01   2.074050614362e+02  -2.555846693448e+00
  1.020190739133e+00    3.766857448906e-01   2.107777914245e+02  -2.555846693448e+00
  9.369908760581e-01    2.373431048314e-01   2.046921197929e+02   1.007454359890e+01
  1.049329674269e+00    2.635643915941e-01   1.994263765542e+02   1.007454359890e+01
  6.652185647686e-01    1.295917147751e-01   2.013767838817e+02   1.007454359890e+01
  1.049306993543e+00    2.646183945645e-01   1.994144247023e+02   4.659621957922e+00
  9.371940648522e-01    2.371320553821e-01   2.046915065589e+02   4.659621957922e+00
  1.094742365043e+00    3.444559597504e-01   2.074081544846e+02   4.659621957922e+00
  6.635499533800e-01    1.298979765044e-01   2.014229503087e+02   9.414947629574e+00
  1.051202974401e+00    2.633705071618e-01   1.994137005665e+02   9.414947629574e+00
  7.912459113458e-01    1.212635639611e-01   1.915751132184e+02   9.414947629574e+00
  9.381124470967e-01    2.369497890848e-01   2.046639967304e+02   1.004027139905e+01
  6.638089750695e-01    1.299633356421e-01   2.014188611355e+02   1.004027139905e+01
  5.300712553590e-01    9.231804827819e-02   2.064865948494e+02   1.004027139905e+01
  1.156150737909e+00    3.793959524408e-01   2.020296965413e+02  -3.232571949262e-01
  1.255711190308e+00    2.879496765961e-01   1.924125306767e+02  -3.232571949262e-01
  1.051603566949e+00    2.644355772517e-01   1.993869284263e+02  -3.232571949262e-01
  1.095124628874e+00    3.439479397803e-01   2.074148875428e+02   6.322813750100e+00
  9.368290269669e-01    2.372924562529e-01   2.046902108963e+02   6.322813750100e+00
  9.518239799655e-01    2.140833604282e-01   2.087215081548e+02   6.322813750100e+00
  1.129231977322e+00    2.657872499198e-01   2.144876641222e+02   6.676081399007e+00
  1.093145046698e+00    3.440303551624e-01   2.074411425104e+02   6.676081399007e+00
  9.532852814982e-01    2.145461472673e-01   2.086827912978e+02   6.676081399007e+00
  6.680192276676e-01    1.295629725755e-01   2.014470199019e+02   1.932978783013e+01
  7.872500650839e-01    1.208187416046e-01   1.915584140614e+02   1.932978783013e+01
  1.086539847746e-02   -6.447410065818e-04   1.919163190181e+02   1.932978783013e+01
  1.019615849272e+00    3.769186317846e-01   2.108460056870e+02  -1.117413229290e+01
  7.162919542403e-01    3.021279472540e-01   2.139151667448e+02  -1.117413229290e+01
  8.590740247551e-01    3.369973529728e-01   2.052623077845e+02  -1.117413229290e+01
  2.102531364438e-02    5.559245061542e-04   1.752134133811e+01  -9.452419430701e+00
  1.366002382711e+00    1.703480167293e-02   1.049593885282e+01  -9.452419430701e+00
  1.177337540857e+00    3.002264445199e-02   1.995367168105e+01  -9.452419430701e+00
  2.931749435244e-01    1.001009405757e-02   2.239542179886e+02  -9.816779884580e+00
  1.931410873256e-03    2.848830659587e-03   2.225535670166e+02  -9.816779884580e+00
  3.138936316386e-01    1.025394367181e-01   2.219263710925e+02  -9.816779884580e+00
  2.946436681093e-01    1.017056063798e-02   2.239430564934e+02  -3.585495070193e+00
  4.032421613872e-04   -9.581044879952e-04   2.241999262766e+02  -3.585495070193e+00
  7.090385772285e-04    2.497582857948e-03   2.225862344081e+02  -3.585495070193e+00
  3.145271971213e-01    1.049071340483e-01   2.220052057398e+02  -2.188780807222e+01
  3.985294152645e-03    3.948834650829e-03   2.171565754900e+02  -2.188780807222e+01
  3.678925849140e-01    1.693677775114e-01   2.161895092376e+02  -2.188780807222e+01
  4.465263558938e-01    1.977981715794e-01   2.075487443686e+02  -2.900076414138e+01
  3.696503720498e-01    1.705031838735e-01   2.162355893876e+02  -2.900076414138e+01
  1.013315156485e-03    1.886047403575e-03   2.170090789655e+02  -2.900076414138e+01
  4.510222130674e-01    1.989306180382e-01   2.076079327853e+02  -2.064718422726e+01
  8.605036022425e-01    3.367480051533e-01   2.051758246656e+02  -2.064718422726e+01
  7.151252905266e-01    3.023946727879e-01   2.140401411455e+02  -2.064718422726e+01
  4.484605676742e-01    1.984002772814e-01   2.076389380769e+02  -1.920802940560e+01
  7.171933676596e-01    3.028392704120e-01   2.140166797274e+02  -1.920802940560e+01
  3.689277091145e-01    1.703603638113e-01   2.161760197807e+02  -1.920802940560e+01
  2.145133574979e-03    2.737130790484e-03   2.171899768310e+02  -1.585422466709e+01
  3.161224293016e-01    1.056422414045e-01   2.219873485019e+02  -1.585422466709e+01
  1.419612318180e-04   -3.459051730407e-04   2.224709397350e+02  -1.585422466709e+01
  6.098976175040e-01    1.854827161685e-01   2.199516370288e+02  -1.210488619422e+01
  3.138227006201e-01    1.031906629593e-01   2.219157607687e+02  -1.210488619422e+01
  3.684128720611e-01    1.708922693707e-01   2.162649431226e+02  -1.210488619422e+01
 -1.035142309123e-03    5.490717578961e-04   2.170125510605e+02  -3.101387937102e+01
  2.796688636424e-03    1.282784252490e-03   2.080284402362e+02  -3.101387937102e+01
  4.487759428375e-01    1.987170524246e-01   2.075353334059e+02  -3.101387937102e+01
  7.065254353703e-01    3.340010780441e-02   1.628602222698e+02  -2.000035335284e+01
  3.590615154945e-03    1.387359062700e-03   1.447439471777e+02  -2.000035335284e+01
  6.473495278953e-01    7.476341637346e-02   1.483280484697e+02  -2.000035335284e+01
  1.362853990360e+00   -2.536331288520e-02   7.670146273440e+01   7.317681753067e+00
  4.084504978942e-02    1.678397525875e-03   8.476987283452e+01   7.317681753067e+00
  1.541499581137e+00   -1.758124983247e-02   8.599572749835e+01   7.317681753067e+00
  5.308987972162e-01   -2.585538096748e-03   2.108123146776e+02  -1.442507939531e+01
  2.400043568543e-03   -1.490696567325e-03   2.091628078459e+02  -1.442507939531e+01
  4.031521979458e-01   -7.048162692735e-02   2.086837818528e+02  -1.442507939531e+01
  5.389178458041e-01    1.736291785345e-01   1.965862387419e+02  -4.079911173413e+01
  9.673632388726e-04    1.442218684601e-03   1.964532395128e+02  -4.079911173413e+01
  3.181572794799e-03   -9.468648178274e-04   1.838467459419e+02  -4.079911173413e+01
  5.358055637047e-01    1.757570946541e-01   1.964475555143e+02  -3.838154176779e+01
 -5.905113409928e-04    1.583306441567e-03   2.079075299931e+02  -3.838154176779e+01
  2.582789060804e-03    2.965913477313e-04   1.965900913081e+02  -3.838154176779e+01
  5.411705592564e-01    7.795454393506e-02   1.369069335284e+02  -1.588810658715e+01
  9.263494473176e-04   -7.535986002268e-04   1.300155900473e+02  -1.588810658715e+01
  4.529104781235e-01    6.111485209141e-02   1.295467519500e+02  -1.588810658715e+01
  4.499901497527e-01    1.978145556086e-01   2.075989022845e+02  -3.867966116715e+01
  1.936475506073e-03    2.743136153084e-03   2.079106555410e+02  -3.867966116715e+01
  5.327787695745e-01    1.748421097216e-01   1.964526965258e+02  -3.867966116715e+01
  9.896004892938e-01    7.886507361937e-02   1.225195023569e+02  -6.800138717955e+00
  6.907556071009e-01    5.088333024032e-02   1.223267285327e+02  -6.800138717955e+00
  6.826417332699e-01    2.611327623738e-02   1.181465555756e+02  -6.800138717955e+00
  5.939055437605e-01    1.007809626951e-01   1.837682832560e+02  -4.351298389562e+01
  2.101411837958e-03    1.722789901892e-03   1.836309086921e+02  -4.351298389562e+01
  3.221664855654e-03   -2.127016643540e-03   1.702444409120e+02  -4.351298389562e+01
  8.610285113490e-01    3.368042088550e-01   2.052784702180e+02  -2.540472510583e+01
  5.368543630660e-01    1.745014069181e-01   1.965511289622e+02  -2.540472510583e+01
  1.002900173820e+00    2.843906817903e-01   1.945503871885e+02  -2.540472510583e+01
  5.342989709458e-01    1.741328088527e-01   1.965766256160e+02  -2.427094760882e+01
  8.631663079659e-01    3.373371507805e-01   2.052563446927e+02  -2.427094760882e+01
  4.493013544882e-01    1.981863146025e-01   2.075185908566e+02  -2.427094760882e+01
  1.299636149247e+00    1.614143710860e-01   1.818345535358e+02   4.219810356002e+00
  7.993589329389e-01    1.222978880192e-01   1.914877010157e+02   4.219810356002e+00
  1.263432209714e+00    2.862612051214e-01   1.922903431516e+02   4.219810356002e+00
  7.998202148341e-01    1.209228016031e-01   1.914724415119e+02   6.533646664873e+00
  1.046643926912e+00    2.642315617134e-01   1.995010466091e+02   6.533646664873e+00
  1.262108859024e+00    2.871760234104e-01   1.923276033385e+02   6.533646664873e+00
  1.260210446865e+00    2.880957674809e-01   1.923189180490e+02  -9.528831028291e+00
  1.152124021927e+00    3.805332627256e-01   2.022134985217e+02  -9.528831028291e+00
  1.004964153189e+00    2.847280738173e-01   1.945913405576e+02  -9.528831028291e+00
  1.004745823358e+00    2.837509207086e-01   1.944929838863e+02  -1.254601548299e+01
  1.101012217391e+00    1.682783983598e-01   1.828334489716e+02  -1.254601548299e+01
  1.261141737172e+00    2.892557829765e-01   1.924197500542e+02  -1.254601548299e+01
  1.005884540582e+00    2.845383012403e-01   1.946470102681e+02  -2.716097864849e+01
  5.346342976464e-01    1.739807258392e-01   1.964529359075e+02  -2.716097864849e+01
  5.909521892455e-01    1.023920636764e-01   1.837746577470e+02  -2.716097864849e+01
  8.623962347593e-01    3.367515426992e-01   2.051219026512e+02  -1.255010665425e+01
  1.001537612776e+00    2.848083352828e-01   1.946624518867e+02  -1.255010665425e+01
  1.155184280817e+00    3.808276537164e-01   2.021390647875e+02  -1.255010665425e+01
  5.903662932034e-01    1.027083703247e-01   1.836347453216e+02  -2.870359940020e+01
  6.142579988159e-01    9.713299183016e-03   1.702284566114e+02  -2.870359940020e+01
  1.105765136862e+00    1.668816259678e-01   1.828043255599e+02  -2.870359940020e+01
  5.901812368334e-01    1.029418583255e-01   1.836499519481e+02  -4.662506423646e+01
  5.358752058771e-01    1.726418587486e-01   1.965942313283e+02  -4.662506423646e+01
  6.198839902656e-03   -1.307437808146e-04   1.838154929302e+02  -4.662506423646e+01
  1.306225172540e+00    1.607543954350e-01   1.818565343024e+02  -1.174149094330e+01
  1.102763379501e+00    1.662135804951e-01   1.826411051824e+02  -1.174149094330e+01
  1.141165877248e+00    2.122312049406e-02   1.703657935929e+02  -1.174149094330e+01
  1.103859903873e+00    1.677811146092e-01   1.827602383633e+02  -9.150300133860e+00
  1.304515528850e+00    1.592709571928e-01   1.817369967321e+02  -9.150300133860e+00
  1.258447747863e+00    2.892184797910e-01   1.924963086342e+02  -9.150300133860e+00
  8.948394255895e-01    5.424961049556e-02   1.780398840473e+02   4.827507904381e+00
  1.301840501302e+00    1.582190181836e-01   1.817734554202e+02   4.827507904381e+00
  1.305521121965e+00    2.051785714456e-02   1.703681893362e+02   4.827507904381e+00
  1.303474621133e+00    1.602976330222e-01   1.817824295134e+02   7.961028247540e+00
  8.928140945407e-01    5.233185212008e-02   1.780320723058e+02   7.961028247540e+00
  7.937459230498e-01    1.229723456906e-01   1.915712011769e+02   7.961028247540e+00
  1.138542309502e+00    1.963589812250e-02   1.701902691919e+02  -2.961852311414e+01
  1.102911249423e+00    1.664295138024e-01   1.828201903148e+02  -2.961852311414e+01
  6.177893171836e-01    9.688495284880e-03   1.702183503277e+02  -2.961852311414e+01
  5.935295648033e-01    1.027670644305e-01   1.837509401773e+02  -2.849409301594e+01
  1.102338758852e+00    1.673558993798e-01   1.826971060128e+02  -2.849409301594e+01
  1.003559374138e+00    2.838898201005e-01   1.946698799105e+02  -2.849409301594e+01
  7.126473261090e-03   -2.026034098591e-03   1.702193998499e+02  -4.876182961397e+01
  6.125052092975e-01    1.104884114706e-02   1.700899016018e+02  -4.876182961397e+01
  5.907048473447e-01    1.004560223365e-01   1.837736520614e+02  -4.876182961397e+01
  8.933604663427e-01    5.343916910182e-02   1.780633157745e+02   2.007854690762e+01
  8.982273290638e-01   -3.677056036468e-02   1.627088250721e+02   2.007854690762e+01
  9.166206079965e-03   -7.436097173640e-04   1.683300994196e+02   2.007854690762e+01
  7.257815553508e-03    2.081905196792e-03   1.699606283385e+02  -4.845775932390e+01
  5.853398182406e-01   -7.881343813042e-02   1.566257190951e+02  -4.845775932390e+01
  6.124151400425e-01    8.920911587882e-03   1.701682594806e+02  -4.845775932390e+01
  3.135039441677e-01    1.040482762267e-01   2.219699243183e+02  -3.644478374887e+00
  5.675729013600e-01    1.508493721794e-02   2.221244072648e+02  -3.644478374887e+00
  2.929975569318e-01    7.916505446697e-03   2.238842656218e+02  -3.644478374887e+00
  5.675533361956e-01    1.303365760677e-02   2.221270401003e+02   2.637195627979e+00
  3.075597326924e-01   -8.695864142306e-02   2.220615762055e+02   2.637195627979e+00
  2.929506603918e-01    8.475893458421e-03   2.238821749699e+02   2.637195627979e+00
  3.713587672092e-03   -1.209272583807e-03   1.683887121454e+02   2.234826877947e+01
  1.912366020594e-03    1.265118848859e-03   1.918928055223e+02   2.234826877947e+01
  8.983586296192e-01    5.414590549607e-02   1.780429299328e+02   2.234826877947e+01
  5.480329927558e-01    7.805978098562e-02   1.369214391253e+02  -1.828354568749e+01
  4.560596349925e-03   -5.274476731955e-05   1.447860898310e+02  -1.828354568749e+01
 -8.576701650674e-04   -1.557158998887e-05   1.361926942374e+02  -1.828354568749e+01
  1.305466643689e+00    1.934744950829e-03   1.135999909015e+02  -2.800833194919e+00
  1.108787188847e+00    2.123253117295e-02   1.132504834354e+02  -2.800833194919e+00
  1.390539173337e+00    1.303260631783e-02   1.026746155095e+02  -2.800833194919e+00
  1.208324800340e+00    1.112082161213e-01   1.590823809406e+02   1.015270840074e+01
  1.051170805130e+00    1.233770669735e-01   1.584681162350e+02   1.015270840074e+01
  1.091131485966e+00   -1.094168424081e-02   1.707682485318e+02   1.015270840074e+01
  1.205866081028e+00    1.107685086748e-01   1.591492731936e+02  -1.036682002626e+01
  7.069481116184e-01    3.100024813448e-02   1.628873478701e+02  -1.036682002626e+01
  6.496839128200e-01    7.704378536497e-02   1.483253371514e+02  -1.036682002626e+01
  5.622593098254e-01    7.929556465907e-02   1.574140450687e+02   4.606229621217e+01
  5.659434373881e-03    3.213831481523e-03   1.574071531854e+02   4.606229621217e+01
  6.031120386286e-01   -5.614356008218e-03   1.709096338171e+02   4.606229621217e+01
  6.039276027989e-01   -7.688863627984e-03   1.707448270975e+02   2.743315510799e+01
  1.053408215220e+00    1.241565022959e-01   1.583142302677e+02   2.743315510799e+01
  5.628551934760e-01    8.062994641053e-02   1.575104563971e+02   2.743315510799e+01
  5.655002723431e-01    8.070306184426e-02   1.573964127528e+02   2.665831071793e+01
  1.050491191441e+00    1.245849109741e-01   1.584155398181e+02   2.665831071793e+01
  9.529041060531e-01    2.310208032143e-01   1.465679517066e+02   2.665831071793e+01
  7.828430863984e-03   -6.745625410021e-05   1.571569591284e+02   4.362970683260e+01
  5.609675641557e-01    8.092251990605e-02   1.574950556263e+02   4.362970683260e+01
  5.077880073736e-01    1.452036079986e-01   1.448122647679e+02   4.362970683260e+01
  1.207003669621e+00    1.096928103208e-01   1.591924362851e+02   7.267906548559e+00
  1.183142758571e+00    2.205104480179e-01   1.482241329999e+02   7.267906548559e+00
  1.051900233693e+00    1.249341287568e-01   1.583557420389e+02   7.267906548559e+00
  1.661193441574e-03    2.658646059509e-04   2.015575191839e+02  -1.766319736627e+01
  6.407568351946e-01   -9.168761248044e-02   1.936108232619e+02  -1.766319736627e+01
  5.024092009624e-01   -9.739901421194e-02   2.032818163038e+02  -1.766319736627e+01
  6.624053866679e-01    2.494251643343e-01   1.283132348006e+02   1.044277232679e+01
  8.082241220996e-01    2.789531232986e-01   1.363837048572e+02   1.044277232679e+01
  9.479796348213e-01    2.974858845897e-01   1.308489877382e+02   1.044277232679e+01
  1.185871960966e+00    2.203863225181e-01   1.483016046050e+02   1.133616821382e+01
  9.543343924891e-01    2.306974908873e-01   1.467427365076e+02   1.133616821382e+01
  1.048931032997e+00    1.255843698520e-01   1.582837168417e+02   1.133616821382e+01
  5.084654680067e-01    1.466814505619e-01   1.448584395747e+02   2.362563337688e+01
  9.523258991821e-01    2.314517981300e-01   1.466840138737e+02   2.362563337688e+01
  8.101299200964e-01    2.787417869015e-01   1.363715421792e+02   2.362563337688e+01
  5.062650609078e-01    1.463196584807e-01   1.449496593437e+02   2.546434439840e+01
  5.626097361343e-01    8.047280371848e-02   1.573706675444e+02   2.546434439840e+01
  9.552835831013e-01    2.315428865984e-01   1.465923971139e+02   2.546434439840e+01
  1.090631192770e+00    2.994574160100e-01   1.388107119504e+02   1.166075585400e+01
  8.114722093921e-01    2.786558549346e-01   1.365211647737e+02   1.166075585400e+01
  9.509569719366e-01    2.318509418506e-01   1.465790980402e+02   1.166075585400e+01
  4.074104616796e-03   -8.123276105096e-04   1.571274360107e+02   3.825105149283e+01
  5.110380772581e-01    1.460890669967e-01   1.448205420421e+02   3.825105149283e+01
  5.053433564007e-04    1.259593498818e-03   1.449520413024e+02   3.825105149283e+01
  1.185300368112e+00    2.192210760747e-01   1.483949130605e+02   8.221741753266e+00
  1.087753336080e+00    2.992696235570e-01   1.387350318699e+02   8.221741753266e+00
  9.542740885928e-01    2.316463379634e-01   1.466516009342e+02   8.221741753266e+00
  1.201512949710e+00    1.119117404316e-01   1.591083964280e+02  -5.970061672653e+00
  6.558665597143e-01    7.632687610711e-02   1.483949694990e+02  -5.970061672653e+00
  1.189296537549e+00    2.173964101811e-01   1.484180450803e+02  -5.970061672653e+00
  1.579214613585e-03   -2.840631104912e-04   1.819422359292e+02  -2.324292368225e+01
  2.996065263651e-03    8.231358557316e-04   1.685814934804e+02  -2.324292368225e+01
  7.001092456577e-01   -3.841581465369e-02   1.792463754990e+02  -2.324292368225e+01
  4.203404290341e-01    1.657799553652e-01   1.344477927355e+02   2.247288879490e+01
  5.061018448960e-01    1.463744499022e-01   1.448304523553e+02   2.247288879490e+01
  8.121037853756e-01    2.792153186759e-01   1.363952544655e+02   2.247288879490e+01
  5.077935681470e-01    1.480543328889e-01   1.449505858351e+02   3.558934018034e+01
 -3.024144245067e-04    1.767983757165e-03   1.340124248089e+02   3.558934018034e+01
  2.280874302507e-03    1.428241647195e-04   1.448233797932e+02   3.558934018034e+01
  2.418315777890e-03    3.127233157984e-03   1.340096974308e+02   3.536932558152e+01
  5.047672766131e-01    1.471304952975e-01   1.449443041539e+02   3.536932558152e+01
  4.206438495231e-01    1.651319909283e-01   1.343756794282e+02   3.536932558152e+01
  4.055025830438e-01   -7.088442484760e-02   2.086549922774e+02  -1.350052890014e+01
 -7.400148710323e-05   -5.350392263388e-05   2.092225293012e+02  -1.350052890014e+01
  1.304297712893e-03   -1.288975926236e-04   2.069638687050e+02  -1.350052890014e+01
  3.466986658293e-01    1.489783689863e-01   1.260468090931e+02   2.390197317905e+01
 -2.389651148178e-04    2.275215673768e-04   1.260526467223e+02   2.390197317905e+01
  3.375897784537e-03    1.732026395371e-03   1.337939965925e+02   2.390197317905e+01
  3.435355610378e-01    1.471743075784e-01   1.261203947464e+02   1.922884578083e+01
 -8.629726967714e-04   -7.841240592298e-04   1.204900890423e+02   1.922884578083e+01
  1.487155630454e-03    1.184335792940e-03   1.259792430467e+02   1.922884578083e+01
  4.521366285530e-01    6.000021598343e-02   1.295387103953e+02  -1.505247379414e+01
  1.081547551381e-03    2.528630283298e-04   1.299894840137e+02  -1.505247379414e+01
 -3.304152211023e-04   -6.426985365282e-04   1.226366429271e+02  -1.505247379414e+01
  3.445657851456e-01    1.479428066877e-01   1.260367700283e+02   2.979883788223e+01
  5.875801047241e-03    3.069646725510e-03   1.338248687476e+02   2.979883788223e+01
  4.186911053551e-01    1.651311780421e-01   1.344365917203e+02   2.979883788223e+01
  7.971534298534e-01   -6.715149277693e-02   1.226851350062e+02   1.187901050286e+01
  7.870511977282e-01   -3.121348250869e-02   1.177286947848e+02   1.187901050286e+01
  7.085614233572e-03   -3.525102085687e-04   1.227026508281e+02   1.187901050286e+01
  2.858770867287e-01    8.181495064925e-02   1.213070192910e+02   1.074981720996e+01
  3.424723322976e-01    1.476775573609e-01   1.260627813695e+02   1.074981720996e+01
  5.536257460128e-01    1.459709162066e-01   1.230030006114e+02   1.074981720996e+01
  6.633422088655e-01    2.502391623378e-01   1.282092552504e+02   1.734139139234e+01
  3.428730840794e-01    1.470958920737e-01   1.261463146177e+02   1.734139139234e+01
  4.200207089355e-01    1.660304252415e-01   1.343430776348e+02   1.734139139234e+01
  7.874370609495e-04    2.542964288548e-03   1.203996405534e+02   2.719397495598e+00
  2.695609012448e-01    1.256832538775e-03   1.194989176421e+02   2.719397495598e+00
  4.813163675370e-04   -1.058619609122e-03   1.189567319906e+02   2.719397495598e+00
  2.141738656687e-03    3.133263422092e-03   1.204249066495e+02   7.952501359721e+00
  2.852353481616e-01    8.073722626581e-02   1.212910625541e+02   7.952501359721e+00
  2.682015215693e-01    9.880935303427e-04   1.194840836159e+02   7.952501359721e+00
  5.178525699517e-01   -1.823067472993e-03   1.211343729372e+02   2.787033937940e+00
  2.682928584241e-01   -9.574708244727e-04   1.195443361865e+02   2.787033937940e+00
  2.850202041434e-01    8.233027300555e-02   1.212459702584e+02   2.787033937940e+00
  8.006480958279e-04    1.488144781992e-03   1.189255505343e+02  -3.967240956493e+00
  2.689795960889e-01   -1.416418996482e-03   1.195351697334e+02  -3.967240956493e+00
  2.894843613394e-01   -8.475991214609e-02   1.208093681045e+02  -3.967240956493e+00
  5.520656954079e-01    1.458262595772e-01   1.229819404645e+02   1.241070703387e+01
  3.442534651645e-01    1.479715358365e-01   1.260916758733e+02   1.241070703387e+01
  6.610509594002e-01    2.491203892812e-01   1.282667829593e+02   1.241070703387e+01
  2.862588087742e-01    8.246588741644e-02   1.212725876085e+02   1.559106780903e+01
  6.124612935225e-04   -1.389149528228e-05   1.205013431091e+02   1.559106780903e+01
  3.415590609654e-01    1.464006755038e-01   1.261090784008e+02   1.559106780903e+01
  4.223027744978e-01    1.665618357421e-01   1.343668488937e+02   1.921340971115e+01
  8.094167448989e-01    2.786477841059e-01   1.364688470232e+02   1.921340971115e+01
  6.614996901834e-01    2.498357158729e-01   1.281877952737e+02   1.921340971115e+01
  9.036968049156e-01   -3.873145676346e-02   1.627277944898e+02   2.248301245127e+01
  2.102449566380e-03   -1.400233463752e-03   1.451250366991e+02   2.248301245127e+01
  3.301153078375e-03    9.028773971998e-04   1.682632282633e+02   2.248301245127e+01
  1.187597500737e+00    2.182306714611e-01   1.483918827056e+02  -8.299325289286e+00
  6.568285546712e-01    7.509511871150e-02   1.483912496363e+02  -8.299325289286e+00
  9.666414447057e-01    1.897703630352e-01   1.401652778593e+02  -8.299325289286e+00
  7.995108091169e-01   -6.859249483439e-02   1.227009105598e+02   1.224875614941e+01
  4.131363507090e-03    1.717377098892e-03   1.227478516356e+02   1.224875614941e+01
  5.997417096630e-01   -8.252592893133e-02   1.303136196688e+02   1.224875614941e+01
  5.422333153305e-01    7.862512034056e-02   1.369185758618e+02  -1.083101119945e+01
  4.528067183661e-01    6.086452289704e-02   1.295451057831e+02  -1.083101119945e+01
  8.758130119609e-01    1.659921933970e-01   1.339206118510e+02  -1.083101119945e+01
  5.450705783459e-01    7.836587423337e-02   1.369089686567e+02  -2.031119499778e+01
  6.442653744072e-01    7.544420213189e-02   1.482964966443e+02  -2.031119499778e+01
  8.085658396592e-03   -1.974606884062e-04   1.448049864538e+02  -2.031119499778e+01
  9.699448279648e-01    1.898303669359e-01   1.402443228106e+02  -4.659374177260e+00
  8.740290992291e-01    1.662241915743e-01   1.339051363708e+02  -4.659374177260e+00
  1.032269519659e+00    2.565518681468e-01   1.328322725869e+02  -4.659374177260e+00
  8.743013260745e-01    1.663857025887e-01   1.338924999067e+02  -1.139709403605e+01
  9.695283836571e-01    1.889146806681e-01   1.402502685877e+02  -1.139709403605e+01
  5.442565782220e-01    7.833886677407e-02   1.369625179753e+02  -1.139709403605e+01
  9.018770235995e-01    1.599169057632e-01   1.292049019720e+02  -5.641414180253e+00
  1.032107740884e+00    2.557067009854e-01   1.328529159701e+02  -5.641414180253e+00
  8.740037823838e-01    1.665666402545e-01   1.338917138593e+02  -5.641414180253e+00
  9.735286355898e-01    1.898031079221e-01   1.403013241738e+02  -2.994707889529e+00
  1.029296180206e+00    2.567978424320e-01   1.327720784270e+02  -2.994707889529e+00
  1.090829054865e+00    2.977357400058e-01   1.388878637673e+02  -2.994707889529e+00
  8.729354994637e-01    1.659244436682e-01   1.338997889426e+02  -1.041778168371e+01
  4.562392847258e-01    6.111292870850e-02   1.295833419972e+02  -1.041778168371e+01
  9.037736298424e-01    1.597880411903e-01   1.292189483202e+02  -1.041778168371e+01
  5.421740920917e-01    7.852618618834e-02   1.369324320270e+02  -1.099314677415e+01
  9.716483057609e-01    1.888573006384e-01   1.402522604876e+02  -1.099314677415e+01
  6.479542299215e-01    7.558496031291e-02   1.482878309735e+02  -1.099314677415e+01
  6.956906047980e-01    5.215080365955e-02   1.223515147786e+02  -1.230199415856e+01
  4.515060516050e-01    6.075733704170e-02   1.295367554673e+02  -1.230199415856e+01
  1.237911667542e-03   -1.306958443217e-03   1.226630397623e+02  -1.230199415856e+01
  6.473228943220e-01    2.416700209495e-02   1.143286866712e+02  -1.078057052392e+01
  6.798284199263e-01    2.563785539882e-02   1.181113921304e+02  -1.078057052392e+01
  1.796062317979e-03   -6.468080145368e-04   1.136122285616e+02  -1.078057052392e+01
  1.108177791362e+00    2.174263090719e-02   1.133059381909e+02  -6.611796364013e+00
  6.818021703754e-01    2.649663368406e-02   1.181500937686e+02  -6.611796364013e+00
  6.472956637462e-01    2.462242897132e-02   1.143306521457e+02  -6.611796364013e+00
  6.927068348318e-01    4.995727378639e-02   1.223794003513e+02  -7.733157509058e+00
  9.886102750727e-01    8.057792147427e-02   1.224593647116e+02  -7.733157509058e+00
  9.003496171359e-01    1.596089485130e-01   1.291633565709e+02  -7.733157509058e+00
  1.280782559495e+00   -6.763515291339e-03   3.628550170775e+01  -8.283345819834e+00
  3.171538181007e-02   -1.016465215324e-03   2.693823915345e+01  -8.283345819834e+00
  1.542905961846e+00    8.586057487099e-03   2.760751063009e+01  -8.283345819834e+00
  1.037208231487e+00    1.993650225553e-01   1.271053933183e+02  -4.968779223894e+00
  1.029773063209e+00    2.555309282134e-01   1.328306443188e+02  -4.968779223894e+00
  9.039516117869e-01    1.605007014312e-01   1.292342843961e+02  -4.968779223894e+00
  1.178927382880e+00   -9.086139410031e-03   1.138138873482e+02   6.436662533796e+00
  7.894101912422e-01   -3.137830622303e-02   1.178000620650e+02   6.436662533796e+00
  1.068797201672e+00   -9.126601942359e-02   1.223197298914e+02   6.436662533796e+00
  6.912648567455e-01    5.096014620742e-02   1.223185894546e+02  -1.022536564897e+01
  9.033924308372e-01    1.587895265036e-01   1.292074412896e+02  -1.022536564897e+01
  4.559001206787e-01    6.209982590956e-02   1.295540222233e+02  -1.022536564897e+01
  4.187321857846e-04   -3.996741436281e-04   1.136152893256e+02  -1.132937343193e+01
  6.812446923860e-01    2.551052626121e-02   1.181029668873e+02  -1.132937343193e+01
  1.725930937715e-03   -1.477003513197e-04   1.173860437589e+02  -1.132937343193e+01
  1.152955827139e-02    9.873832244169e-04   1.061548951447e+02  -8.722609870139e+00
  1.407169929207e+00    1.437216582633e-02   1.028143849346e+02  -8.722609870139e+00
  6.459433991786e-01    2.481756073675e-02   1.143870640541e+02  -8.722609870139e+00
  8.260188217224e-01    1.897662576576e-01   1.255165557313e+02   5.291122527380e+00
  6.622120468671e-01    2.492889437693e-01   1.282549043426e+02   5.291122527380e+00
  9.475231871495e-01    2.970864803374e-01   1.309061613875e+02   5.291122527380e+00
  1.086665725485e+00    2.983870095268e-01   1.388154079792e+02   2.664067279981e+00
  1.032121623108e+00    2.566348608853e-01   1.328545315034e+02   2.664067279981e+00
  9.487591268965e-01    2.972278086180e-01   1.309181896032e+02   2.664067279981e+00
  5.167633186296e-01   -2.517065050064e-03   1.211838234211e+02   2.554265646172e+00
  5.512933527531e-01    1.448634751251e-01   1.230017795024e+02   2.554265646172e+00
  7.749870616738e-01   -5.977486055816e-03   1.233594111315e+02   2.554265646172e+00
  5.529744729875e-01    1.453832187672e-01   1.230674335330e+02   7.459257514305e+00
  6.598487870922e-01    2.492499284019e-01   1.282075504772e+02   7.459257514305e+00
  8.277814493154e-01    1.895827979889e-01   1.255574851881e+02   7.459257514305e+00
  7.730014871678e-01   -5.744851282544e-03   1.233217663021e+02   1.904427671975e+00
  5.532412170747e-01    1.449300379165e-01   1.230384068006e+02   1.904427671975e+00
  8.271353590293e-01    1.892807508849e-01   1.255889032946e+02   1.904427671975e+00
  5.521343734385e-01    1.447083064817e-01   1.230374940197e+02   4.634964792519e+00
  5.161655384441e-01   -1.888421364879e-03   1.211191461264e+02   4.634964792519e+00
  2.866532383919e-01    8.265853978762e-02   1.212668228322e+02   4.634964792519e+00
  9.445419943722e-01    2.958866889240e-01   1.308450616389e+02   1.908086601575e+00
  1.038949503462e+00    1.995495829017e-01   1.271719823555e+02   1.908086601575e+00
  8.303929954287e-01    1.907942738324e-01   1.256586782988e+02   1.908086601575e+00
  9.453872973999e-01    2.974453096900e-01   1.307822169373e+02   7.738049957784e+00
  8.113227497520e-01    2.789578084038e-01   1.364475830524e+02   7.738049957784e+00
  1.090285073770e+00    2.989703589489e-01   1.388860475134e+02   7.738049957784e+00
  1.035245190201e+00    1.969139035421e-01   1.271045699577e+02  -4.855634176287e+00
  9.914796448950e-01    8.003317601855e-02   1.224998835811e+02  -4.855634176287e+00
  1.134687970102e+00    6.134226512809e-02   1.218145362779e+02  -4.855634176287e+00
  9.483861075873e-01    2.962643486107e-01   1.309109524338e+02  -1.397357266408e-01
  1.031846844886e+00    2.569377164196e-01   1.328471731954e+02  -1.397357266408e-01
  1.034881032594e+00    1.986565746007e-01   1.270718733223e+02  -1.397357266408e-01
  1.021460558905e+00   -1.053017392114e-01   1.246200998139e+02  -4.779948877586e-01
  7.766636216084e-01   -6.132179576080e-03   1.234279160707e+02  -4.779948877586e-01
  1.002408264827e+00    8.617802874094e-02   1.246544233277e+02  -4.779948877586e-01
  7.746747470499e-01   -4.549233748135e-03   1.233914521426e+02   8.909089186314e-01
  8.263362615093e-01    1.880655977014e-01   1.255792691630e+02   8.909089186314e-01
  1.003883083517e+00    8.557443513731e-02   1.246917649032e+02   8.909089186314e-01
  1.136820751573e+00    6.157467055725e-02   1.218498887972e+02  -5.430639683186e-01
  1.006285180456e+00    8.718494437139e-02   1.247140822040e+02  -5.430639683186e-01
  1.033091471740e+00    1.979456504925e-01   1.270777028872e+02  -5.430639683186e-01
  1.138901898565e+00    6.357818777919e-02   1.218373627032e+02  -1.905828061246e+00
  1.189690375551e+00   -1.246737468639e-02   1.215971807958e+02  -1.905828061246e+00
  1.005173365309e+00    8.433261318657e-02   1.247224694329e+02  -1.905828061246e+00
  1.285570152746e+00    1.062166543531e-02   1.179959752389e+02  -1.375473937855e+00
  1.190449049658e+00   -1.062497378933e-02   1.216017795919e+02  -1.375473937855e+00
  1.136930082546e+00    6.159137676288e-02   1.218010847630e+02  -1.375473937855e+00
  1.001349501890e+00    8.515391583055e-02   1.246132447086e+02  -1.100093737181e+00
  8.304988731726e-01    1.891095649456e-01   1.256576406359e+02  -1.100093737181e+00
  1.038610627956e+00    2.006957943480e-01   1.271600223578e+02  -1.100093737181e+00
  9.015083026163e-01    1.613674633916e-01   1.291656679297e+02  -4.311320642591e+00
  9.882029654273e-01    7.965125950241e-02   1.224436237064e+02  -4.311320642591e+00
  1.039419526085e+00    1.982291121691e-01   1.271449096966e+02  -4.311320642591e+00
  5.166850435330e-01   -3.049264600113e-03   1.211804641366e+02  -3.251034600367e+00
  7.750763994011e-01   -6.155798484091e-03   1.233636610539e+02  -3.251034600367e+00
  5.616066962119e-01   -1.525132214931e-01   1.228037534169e+02  -3.251034600367e+00
  1.415278656913e+00    3.565887040996e-03   4.329176342035e+01   7.250036554095e+00
  4.139732056970e-02    1.704179052779e-03   4.403813194724e+01   7.250036554095e+00
  1.421406925746e+00    4.190683498023e-03   5.469508240430e+01   7.250036554095e+00
  9.719190322433e-01    1.897075185599e-01   1.402819191302e+02  -4.070755970730e-01
  1.092257380773e+00    2.979742867318e-01   1.389143931441e+02  -4.070755970730e-01
  1.180785043982e+00    2.191753887697e-01   1.483085652758e+02  -4.070755970730e-01
  1.021900763166e+00    1.016694877586e-02  -1.523826874914e-02   9.953350856137e+00
  1.374541330746e-03   -1.360680673536e-04   2.604361845487e-02   9.953350856137e+00
  5.265281756419e-03    2.393498766301e-04   7.295448406154e+00   9.953350856137e+00
  2.685879329868e-01   -4.662800557771e-04   1.195536327402e+02  -3.271557990445e+00
  5.177721327878e-01   -3.558390070641e-03   1.211377103279e+02  -3.271557990445e+00
  2.897445125803e-01   -8.673073251590e-02   1.208068859522e+02  -3.271557990445e+00
  4.428985180478e-01   -1.744815544529e-01   1.336715341546e+02  -3.311737283210e+01
  3.385703408207e-03   -2.919241056279e-04   1.440607550425e+02  -3.311737283210e+01
  2.608734495163e-04   -9.497429586684e-04   1.337775082359e+02  -3.311737283210e+01
  6.503766759188e-01    2.541377080548e-02   1.143788484027e+02  -6.533506159445e+00
  1.397410046866e+00    1.374299545321e-02   1.027558103357e+02  -6.533506159445e+00
  1.105232337416e+00    2.150533433251e-02   1.132299027363e+02  -6.533506159445e+00
  3.096418011407e-03    9.507987781153e-04   1.564874283536e+02  -3.909667509115e+01
  1.532826444185e-03   -1.654031790606e-03   1.442685395206e+02  -3.909667509115e+01
  5.256943305860e-01   -1.457698986166e-01   1.442365315356e+02  -3.909667509115e+01
 -4.969971085280e-04   -4.812218935061e-04   1.299990884727e+02  -1.807517468803e+01
  5.431545841671e-01    7.764821095789e-02   1.369160603365e+02  -1.807517468803e+01
  1.351135572556e-03    1.739883281099e-04   1.361981315842e+02  -1.807517468803e+01
  4.404362275722e-01   -1.734517628699e-01   1.336608726660e+02  -3.969295420587e+01
  5.214822226502e-01   -1.465879853067e-01   1.443527539629e+02  -3.969295420587e+01
  5.892862667036e-03   -1.290135048392e-03   1.440966476423e+02  -3.969295420587e+01
  5.952984546955e-03    2.898368986071e-04   1.565219258211e+02  -4.546219537702e+01
  5.230919548442e-01   -1.451066937607e-01   1.442242791628e+02  -4.546219537702e+01
  5.847583877547e-01   -8.121435534760e-02   1.567511990877e+02  -4.546219537702e+01
  2.176018121744e-03   -8.032884120775e-04   1.336715938709e+02  -2.926121485615e+01
 -1.047719235465e-03   -5.355022496926e-04   1.253828174955e+02  -2.926121485615e+01
  4.391441868825e-01   -1.746235776845e-01   1.337802832705e+02  -2.926121485615e+01
  1.387791205957e+00   -2.983802988478e-02   7.731366016113e+01  -1.518089706973e+00
  1.203385316935e+00   -2.976458067050e-02   7.802254967224e+01  -1.518089706973e+00
  1.083157759563e+00   -1.906638187989e-02   6.921074901252e+01  -1.518089706973e+00
  2.914748859925e-01   -8.770217930880e-02   1.207893693554e+02  -2.027602991531e+01
  3.495781733113e-01   -1.458845454961e-01   1.259954512220e+02  -2.027602991531e+01
  4.183804763475e-03   -3.580850298082e-03   1.252616060950e+02  -2.027602991531e+01
  9.305356542853e-04   -1.190149131542e-03   1.207397165259e+02  -8.766001818985e+00
 -3.670356534432e-04    1.759592736662e-03   1.189013209628e+02  -8.766001818985e+00
  2.911294501327e-01   -8.517874936620e-02   1.208243967716e+02  -8.766001818985e+00
  4.382562761026e-01   -1.739868132688e-01   1.336939535198e+02  -1.830765171659e+01
  3.507568002578e-01   -1.468458492648e-01   1.260091405967e+02  -1.830765171659e+01
  6.842094241706e-01   -2.585611256991e-01   1.279949532188e+02  -1.830765171659e+01
  4.366473558725e-01   -1.736610705752e-01   1.337723211999e+02  -2.731141655769e+01
  1.008660741521e-03   -1.749122423558e-03   1.253880619310e+02  -2.731141655769e+01
  3.514059949683e-01   -1.468817115983e-01   1.259568899457e+02  -2.731141655769e+01
  5.624182748333e-01   -1.536368540476e-01   1.227756772408e+02  -1.346686726202e+01
  6.819623520866e-01   -2.575617056023e-01   1.280481058746e+02  -1.346686726202e+01
  3.522191992565e-01   -1.477599663086e-01   1.259472994721e+02  -1.346686726202e+01
  5.225167023385e-01   -1.466470166077e-01   1.442453651376e+02  -2.339824774182e+01
  4.386247670370e-01   -1.736897091652e-01   1.337915820735e+02  -2.339824774182e+01
  8.446665797796e-01   -2.900356170098e-01   1.359940667865e+02  -2.339824774182e+01
  3.503262841023e-01   -1.472839976838e-01   1.259260867407e+02  -1.133770526073e+01
  2.903691459856e-01   -8.608572067970e-02   1.208725045383e+02  -1.133770526073e+01
  5.640300892639e-01   -1.538782828946e-01   1.227944211235e+02  -1.133770526073e+01
  2.333272971053e-03   -2.484796471342e-03   1.252342962612e+02  -1.413144563240e+01
 -1.752854325262e-04    4.976186813573e-04   1.207712449291e+02  -1.413144563240e+01
  2.931605239494e-01   -8.839050756518e-02   1.207976006600e+02  -1.413144563240e+01
  7.127830169415e-01   -1.046666730329e-01   1.378388694948e+02   1.936415923980e+01
  9.924563591220e-03    3.387926326544e-04   1.451618189517e+02   1.936415923980e+01
  8.207910317361e-01   -9.470421221883e-02   1.488025699489e+02   1.936415923980e+01
  8.418767656528e-01   -2.894290334826e-01   1.360669602851e+02  -2.000404909998e+01
  4.404718136896e-01   -1.743509795390e-01   1.337215957907e+02  -2.000404909998e+01
  6.823693125084e-01   -2.582326559879e-01   1.279729049164e+02  -2.000404909998e+01
  1.099525869094e+00   -1.263426831316e-01   1.576838561826e+02  -2.942025768121e+01
  1.138530622885e+00    1.849373644778e-02   1.702349561232e+02  -2.942025768121e+01
  6.177022271114e-01    1.044005031941e-02   1.700409499013e+02  -2.942025768121e+01
  1.099047129588e+00   -1.272385939675e-01   1.578056307620e+02  -2.809157701417e+01
  5.878556716890e-01   -8.084690406580e-02   1.566563954092e+02  -2.809157701417e+01
  9.943828720579e-01   -2.388428931699e-01   1.461003618614e+02  -2.809157701417e+01
  1.144520132369e+00    1.775752055440e-02   1.701130395726e+02  -8.599416138706e+00
  1.311437625170e+00   -1.189418956800e-01   1.587017470492e+02  -8.599416138706e+00
  1.305167259798e+00    1.972306339997e-02   1.703777191139e+02  -8.599416138706e+00
  9.012220821328e-01   -3.723861332830e-02   1.627368949245e+02   4.891181798262e+00
  1.305367096107e+00    1.743283680738e-02   1.703065455498e+02   4.891181798262e+00
  1.310737025903e+00   -1.161815539988e-01   1.588476660048e+02   4.891181798262e+00
  1.308304824697e+00    1.898632256883e-02   1.703379243689e+02   8.124250940492e+00
  8.981818878850e-01   -3.869379304558e-02   1.627020954506e+02   8.124250940492e+00
  8.922166831843e-01    5.573702153909e-02   1.780760836526e+02   8.124250940492e+00
  1.144765467481e+00    2.063029879808e-02   1.703145336496e+02  -8.733019338398e+00
  1.305063099444e+00    1.827574653896e-02   1.702844909758e+02  -8.733019338398e+00
  1.303061570067e+00    1.610158982744e-01   1.819217319671e+02  -8.733019338398e+00
  1.314742377413e+00   -1.184589896005e-01   1.587661877149e+02  -1.193532111586e+01
  1.140803087966e+00    1.693915431588e-02   1.700626583423e+02  -1.193532111586e+01
  1.099680241996e+00   -1.260126990944e-01   1.578640487149e+02  -1.193532111586e+01
  6.141718912995e-01    1.024201878074e-02   1.700291490389e+02  -2.864788310169e+01
  5.848912498479e-01   -8.095668654146e-02   1.567672861522e+02  -2.864788310169e+01
  1.102344884057e+00   -1.266503365182e-01   1.577012772930e+02  -2.864788310169e+01
  1.273550215987e+00   -2.362010688663e-01   1.482693576822e+02  -9.709362682114e+00
  9.957425291280e-01   -2.395844760133e-01   1.461808486967e+02  -9.709362682114e+00
  1.154373899182e+00   -3.199274258471e-01   1.386566623791e+02  -9.709362682114e+00
  9.966620544006e-01   -2.393940531626e-01   1.461243482351e+02  -2.683936731064e+01
  5.852918990924e-01   -8.057932699367e-02   1.566315281398e+02  -2.683936731064e+01
  5.223356025937e-01   -1.465894710826e-01   1.443613959546e+02  -2.683936731064e+01
  1.308217765694e+00   -1.193206051021e-01   1.587981644339e+02   4.075759272736e+00
  1.277283700206e+00   -2.344005874676e-01   1.482918309107e+02   4.075759272736e+00
  8.325497927309e-01   -9.611223951132e-02   1.488804754149e+02   4.075759272736e+00
  1.313366690911e+00   -1.170129758249e-01   1.588805822545e+02  -9.045358399936e+00
  1.100465767735e+00   -1.275225185074e-01   1.577502625225e+02  -9.045358399936e+00
  1.271504479449e+00   -2.374760005502e-01   1.480992305325e+02  -9.045358399936e+00
  8.438398965479e-01   -2.893468090032e-01   1.361246747799e+02  -1.290442192963e+01
  1.157246322635e+00   -3.200883761058e-01   1.387317520261e+02  -1.290442192963e+01
  9.924167326111e-01   -2.397933140935e-01   1.461087179042e+02  -1.290442192963e+01
  1.312258070668e+00   -1.181177012504e-01   1.588422473921e+02   8.132279504488e+00
  8.266627843962e-01   -9.689080742815e-02   1.488096244758e+02   8.132279504488e+00
  8.993949906413e-01   -3.563894668950e-02   1.627415074809e+02   8.132279504488e+00
  1.275817448705e+00   -2.352885929606e-01   1.482642920212e+02   6.467929754117e+00
  1.086846441320e+00   -2.167797356550e-01   1.405517586891e+02   6.467929754117e+00
  8.331515717717e-01   -9.477846932123e-02   1.488816906332e+02   6.467929754117e+00
  1.274205176486e+00   -2.373430242753e-01   1.481760361619e+02  -1.285872278637e+01
  1.097555036007e+00   -1.281805279230e-01   1.576774845425e+02  -1.285872278637e+01
  9.957336980631e-01   -2.386328975844e-01   1.462720376216e+02  -1.285872278637e+01
  5.248759515948e-01   -1.470434286072e-01   1.442696707159e+02  -2.505870639889e+01
  8.427223826173e-01   -2.895573545440e-01   1.359712504280e+02  -2.505870639889e+01
  9.936078545493e-01   -2.393190986551e-01   1.462150758488e+02  -2.505870639889e+01
  6.020904036242e-01   -8.290493826547e-02   1.303308680978e+02   1.589257924485e+01
  2.363118336336e-03    7.167650336781e-04   1.303636633590e+02   1.589257924485e+01
  7.113568230608e-01   -1.043774519044e-01   1.378534302174e+02   1.589257924485e+01
  9.919695957754e-01   -3.162053570001e-01   1.307817269263e+02  -1.144350667068e+01
  8.406850459072e-01   -2.896444485399e-01   1.359899757749e+02  -1.144350667068e+01
  6.833286202781e-01   -2.579920106847e-01   1.280876974995e+02  -1.144350667068e+01
  3.380288409647e-03    2.085250376341e-03   1.699341238804e+02  -4.293228577968e+01
  1.903081062147e-03   -1.589267307745e-03   1.567063979830e+02  -4.293228577968e+01
  5.885058922799e-01   -7.903331207736e-02   1.566321908047e+02  -4.293228577968e+01
  7.730697157353e-01   -6.360403195795e-03   1.233246145927e+02  -2.773721916897e+00
  8.484160674461e-01   -2.041913561573e-01   1.254969462641e+02  -2.773721916897e+00
  5.635658289109e-01   -1.525958421082e-01   1.228426978405e+02  -2.773721916897e+00
  2.913191912086e-01   -8.696113074079e-02   1.208359726575e+02  -5.266705549194e+00
  5.161185426922e-01   -3.558027584464e-03   1.211199864905e+02  -5.266705549194e+00
  5.623541529010e-01   -1.524523880262e-01   1.228340886149e+02  -5.266705549194e+00
  9.893712224727e-01   -3.161750889406e-01   1.307155414146e+02  -8.913962657061e+00
  1.156797202662e+00   -3.195947904053e-01   1.388053595507e+02  -8.913962657061e+00
  8.437622824126e-01   -2.896353444939e-01   1.360542046825e+02  -8.913962657061e+00
  6.832307581312e-01   -2.578896365673e-01   1.280309377718e+02  -6.329415045167e+00
  8.473965287026e-01   -2.047006284213e-01   1.254265594866e+02  -6.329415045167e+00
  9.914597507425e-01   -3.158021400871e-01   1.308359763151e+02  -6.329415045167e+00
  1.099463841044e+00   -2.233365588195e-01   1.272787406223e+02  -2.772321533684e+00
  9.886161806109e-01   -3.146590476353e-01   1.307788045727e+02  -2.772321533684e+00
  8.516286451344e-01   -2.057262712815e-01   1.255654122429e+02  -2.772321533684e+00
  9.926895477758e-01   -3.159757293448e-01   1.308472353566e+02  -3.763193334073e+00
  1.113037502557e+00   -2.838869120054e-01   1.330663520968e+02  -3.763193334073e+00
  1.153255059287e+00   -3.190253853283e-01   1.387379670659e+02  -3.763193334073e+00
  1.099020442182e+00   -2.243371557806e-01   1.272606097376e+02   1.349823936941e-01
  8.518394609478e-01   -2.041204680031e-01   1.255686509059e+02   1.349823936941e-01
  1.020483796107e+00   -1.043540631695e-01   1.245785292024e+02   1.349823936941e-01
  6.808616129341e-01   -2.577996389361e-01   1.279854003300e+02  -8.258492943620e+00
  5.631990344477e-01   -1.530506619654e-01   1.228686252252e+02  -8.258492943620e+00
  8.491679616398e-01   -2.045433132071e-01   1.254674324358e+02  -8.258492943620e+00
  7.961374686956e-01   -6.773475614402e-02   1.226715119635e+02   6.498886692741e+00
  1.071723913804e+00   -9.253362543021e-02   1.223516421857e+02   6.498886692741e+00
  7.867129420300e-01   -3.064326630226e-02   1.177615077165e+02   6.498886692741e+00
  1.419079210674e+00    1.252697198136e-02   1.028249431701e+02  -8.572132536118e+00
  7.722720484870e-03    1.968408840742e-03   1.060250929644e+02  -8.572132536118e+00
  1.417608264992e-02   -1.578320064338e-03   9.439906345057e+01  -8.572132536118e+00
  1.095823786342e+00   -2.205300470332e-01   1.272102425078e+02   4.316154154919e+00
  1.184076166871e+00   -7.404629560148e-02   1.220596475671e+02   4.316154154919e+00
  1.073072224719e+00   -9.339492839749e-02   1.223859764915e+02   4.316154154919e+00
  1.093607037581e+00   -2.213109856587e-01   1.271753538689e+02  -1.968123681104e-01
  1.025234085942e+00   -1.066816040632e-01   1.246748638856e+02  -1.968123681104e-01
  1.185885237733e+00   -7.474039728200e-02   1.220948161418e+02  -1.968123681104e-01
  1.187620299765e+00   -7.361546433401e-02   1.221128997745e+02  -9.045550200849e-02
  1.189559918333e+00   -1.123979915192e-02   1.216025264783e+02  -9.045550200849e-02
  1.287039566740e+00    1.136681478199e-02   1.179962487749e+02  -9.045550200849e-02
  1.112705861289e+00   -2.841537740563e-01   1.330575758295e+02  -8.805639737616e-01
  9.924281385270e-01   -3.150814896045e-01   1.308425365135e+02  -8.805639737616e-01
  1.095457423494e+00   -2.224320787894e-01   1.271829512736e+02  -8.805639737616e-01
  1.182144308484e+00   -1.037458402367e-02   1.138459472545e+02   1.868270170473e+00
  1.187448776757e+00   -7.296106451235e-02   1.221348980679e+02   1.868270170473e+00
  1.288653446022e+00    1.071113225785e-02   1.179912903359e+02   1.868270170473e+00
  1.187921163425e+00   -7.693220843848e-02   1.220958463825e+02   8.858964356061e-01
  1.024294114061e+00   -1.036749284863e-01   1.246768772015e+02   8.858964356061e-01
  1.189647510131e+00   -8.789866732526e-03   1.216073528735e+02   8.858964356061e-01
  8.477408052662e-01   -2.029641830581e-01   1.254902066744e+02  -1.658316816616e+00
  7.745932237393e-01   -7.612699463850e-03   1.233903931716e+02  -1.658316816616e+00
  1.022986622137e+00   -1.048036590954e-01   1.246587994486e+02  -1.658316816616e+00
  1.006271993107e+00   -1.901984626846e-01   1.296336773993e+02   3.578258352971e+00
  1.100186042860e+00   -2.218613392191e-01   1.272565168193e+02   3.578258352971e+00
  1.069748997357e+00   -9.338183470608e-02   1.223342011318e+02   3.578258352971e+00
  1.113072994054e+00   -2.830400404779e-01   1.330653639411e+02   4.516336690475e+00
  1.006914660140e+00   -1.886228969547e-01   1.296717257324e+02   4.516336690475e+00
  9.942026345784e-01   -1.959184907946e-01   1.344434643994e+02   4.516336690475e+00
  1.110753340869e+00   -2.828262774847e-01   1.330437827079e+02   4.075858730900e+00
  1.097729625309e+00   -2.230299540973e-01   1.272138340479e+02   4.075858730900e+00
  1.008929439439e+00   -1.892618283749e-01   1.297001118220e+02   4.075858730900e+00
  1.089687813389e+00   -2.160081612306e-01   1.406318856197e+02   9.956655870086e+00
  9.944825909921e-01   -1.957784376895e-01   1.344459580370e+02   9.956655870086e+00
  7.123282264633e-01   -1.047906939434e-01   1.378869115652e+02   9.956655870086e+00
  9.943369968836e-01   -1.956207188976e-01   1.344581816236e+02   3.459009753350e+00
  1.089953904126e+00   -2.168846192436e-01   1.406266552638e+02   3.459009753350e+00
  1.113061154354e+00   -2.838450403091e-01   1.330434603663e+02   3.459009753350e+00
  6.019492517284e-01   -8.287333165222e-02   1.303338740074e+02   9.737064232347e+00
  7.109979459047e-01   -1.051011672099e-01   1.378492795846e+02   9.737064232347e+00
  9.958389421207e-01   -1.953972709861e-01   1.344751644319e+02   9.737064232347e+00
  1.091900526227e+00   -2.159410196752e-01   1.406342730339e+02   9.379167915037e+00
  7.098081774146e-01   -1.049766628312e-01   1.378587209534e+02   9.379167915037e+00
  8.242310463365e-01   -9.511670471609e-02   1.487863194001e+02   9.379167915037e+00
  9.933020273390e-01   -1.953115783956e-01   1.344553657110e+02   9.612718529313e+00
  1.008799461171e+00   -1.884603543035e-01   1.296837568228e+02   9.612718529313e+00
  6.048303327137e-01   -8.313737066580e-02   1.303680613051e+02   9.612718529313e+00
  1.110138958480e+00   -2.840846791147e-01   1.329854711122e+02   1.635285611701e+00
  1.093481170044e+00   -2.168517097926e-01   1.406811192589e+02   1.635285611701e+00
  1.157443693203e+00   -3.183916931583e-01   1.388087114084e+02   1.635285611701e+00
  7.980678682699e-01   -6.658176546120e-02   1.227109782467e+02   7.410630020248e+00
  1.005320185930e+00   -1.883308365175e-01   1.296413845881e+02   7.410630020248e+00
  1.070136906433e+00   -9.449540882040e-02   1.223347009281e+02   7.410630020248e+00
  7.516750994100e-01   -1.116770280562e-02   1.135766401211e+02   1.097921513109e+01
  3.256596081805e-03    5.766901903442e-04   1.131047835940e+02   1.097921513109e+01
  7.870475075089e-01   -3.057537747695e-02   1.177890069586e+02   1.097921513109e+01
  7.512431293883e-01   -1.113519419037e-02   1.135327996249e+02   6.086894732283e+00
  1.179808568246e+00   -9.865316003934e-03   1.137884068639e+02   6.086894732283e+00
  1.034641377182e+00   -1.420269866775e-02   1.065876213618e+02   6.086894732283e+00
  3.169168478707e-03   -5.913694700183e-04   1.226595118235e+02   1.127145702666e+01
  7.903134125996e-01   -3.104545034659e-02   1.177638372179e+02   1.127145702666e+01
  6.961819733180e-04    5.846320272260e-04   1.130856486034e+02   1.127145702666e+01
  1.015883178219e+00    9.919819899832e-03   6.751286301526e-03   3.338760091754e+00
  1.202918702999e+00    1.180409368366e-02   7.949793704518e+00   3.338760091754e+00
  1.361050660061e+00    3.494663502182e-03   7.989370094941e-02   3.338760091754e+00
 -1.305758474485e-03   -1.572335999927e-03   2.083019469971e+02   1.326691902475e+01
  5.304270553785e-01    9.008284650585e-02   2.064632332359e+02   1.326691902475e+01
  2.111026811500e-03    8.833632299827e-04   2.056635860165e+02   1.326691902475e+01
  1.192106160580e+00   -1.546500616592e-02   9.476278874645e+01  -9.090102101275e+00
  1.408596961635e+00    1.142686809849e-02   1.027994123258e+02  -9.090102101275e+00
  2.094672628674e-02   -1.833047145407e-03   9.440016297113e+01  -9.090102101275e+00
  7.956621339034e-01   -6.745172919021e-02   1.226566829055e+02   9.493468241911e+00
  6.037285274790e-01   -8.405083116464e-02   1.303328169953e+02   9.493468241911e+00
  1.008977783525e+00   -1.875202719482e-01   1.296783916407e+02   9.493468241911e+00
  1.409125781600e+00    2.933095992199e-03   4.327602323676e+01   1.519868739610e-01
  1.292879342161e+00   -6.735379130007e-03   3.622116526384e+01   1.519868739610e-01
  1.240434942356e+00    6.516819174354e-03   3.478195023992e+01   1.519868739610e-01
 -8.718866400454e-04    3.014149937260e-04   1.302948498196e+02   1.785082219927e+01
  4.938087803291e-03   -7.846235604862e-05   1.450761214637e+02   1.785082219927e+01
  7.160334507661e-01   -1.040924337985e-01   1.378737802804e+02   1.785082219927e+01
  1.336531387772e+00   -6.302551027703e-03   9.617131639218e+01   9.495419017792e+00
  2.306313328874e-02   -1.810445177696e-03   1.054717203460e+02   9.495419017792e+00
  1.025214425464e+00   -1.458564459798e-02   1.065190868664e+02   9.495419017792e+00
  1.158738660674e+00   -3.186335471571e-01   1.388335883177e+02  -1.033832864837e+00
  1.092048279622e+00   -2.167370107360e-01   1.406634924751e+02  -1.033832864837e+00
  1.269146634684e+00   -2.361988202834e-01   1.481842261703e+02  -1.033832864837e+00
  1.190846464567e+00   -1.060138555298e-02   1.216517061991e+02  -4.113697151218e-01
  1.022016423065e+00   -1.018921561696e-01   1.246462531300e+02  -4.113697151218e-01
  1.002758988881e+00    8.277443747437e-02   1.246807029373e+02  -4.113697151218e-01
  5.867233261092e-03   -1.523891082024e-03   1.451542414445e+02   1.868037777544e+01
  9.001324783678e-01   -3.869584062920e-02   1.627111190939e+02   1.868037777544e+01
  8.235953107662e-01   -9.374461006629e-02   1.488121265281e+02   1.868037777544e+01
  1.392932323845e+00    1.243737743108e-02   1.026202250709e+02   2.470868963999e+00
  1.049975689877e+00   -1.427691707424e-02   1.065595662796e+02   2.470868963999e+00
  1.306578488995e+00    2.353685151570e-03   1.136805112976e+02   2.470868963999e+00
  1.204506547343e+00    1.089197811945e-01   1.591538239597e+02  -7.341255348635e+00
  1.192647026204e+00   -1.067631887720e-02   1.710002810120e+02  -7.341255348635e+00
  7.086977809751e-01    3.250740848651e-02   1.628890114619e+02  -7.341255348635e+00
  1.264620604993e-02    5.533634045438e-04   7.282431037224e+00   9.125032647402e+00
  1.206395995776e+00    1.173449052678e-02   7.897098041692e+00   9.125032647402e+00
  1.015255984621e+00    1.006655223012e-02  -3.421177507508e-02   9.125032647402e+00
  1.303187046578e+00    2.567639187827e-03   1.136471322723e+02   1.670638706705e+00
  1.182446804878e+00   -1.070357246045e-02   1.138333380462e+02   1.670638706705e+00
  1.287665983490e+00    1.051579893213e-02   1.179845261115e+02   1.670638706705e+00
  1.563314590315e+00    1.101042612541e-02   2.759968135193e+01   6.962484143139e+00
  1.289423478751e+00    2.003307253047e-02   1.649365709602e+01   6.962484143139e+00
  4.966899102923e-02   -9.567425849711e-04   2.545521073265e+01   6.962484143139e+00
  1.310457721701e+00    2.260475783000e-03   1.136929298050e+02   1.954115849615e+00
  1.044029793239e+00   -1.414956092929e-02   1.065808931298e+02   1.954115849615e+00
  1.175057201776e+00   -1.005902991242e-02   1.138349862791e+02   1.954115849615e+00
  1.034703542534e+00   -1.388868666381e-02   1.064079071205e+02   2.097529678721e+00
  1.402981571534e+00    1.109410159081e-02   1.026009533071e+02   2.097529678721e+00
  1.326533893094e+00   -6.441715313808e-03   9.611292220940e+01   2.097529678721e+00
  1.286234713588e+00    1.093380566218e-02   1.179839728102e+02  -3.831901382977e+00
  1.136562086102e+00    6.153216874685e-02   1.218022449295e+02  -3.831901382977e+00
  9.877127720786e-01    7.923347058865e-02   1.225006992937e+02  -3.831901382977e+00
  1.109700460355e+00    2.106429397974e-02   1.132920767392e+02  -2.835289929420e+00
  1.304822998719e+00    2.014628022758e-03   1.136461901357e+02  -2.835289929420e+00
  1.285296055704e+00    1.147314906196e-02   1.180182008331e+02  -2.835289929420e+00
  9.864167733922e-01    7.812943468593e-02   1.225188851879e+02  -6.069924595707e+00
  6.878440571428e-01    2.723002319387e-02   1.181811296583e+02  -6.069924595707e+00
  1.289144961687e+00    1.218670955110e-02   1.179925841283e+02  -6.069924595707e+00
  1.300308594456e-03   -8.493820510053e-04   1.173364162698e+02  -1.159561430307e+01
  6.963207235031e-01    5.033415866893e-02   1.223459007949e+02  -1.159561430307e+01
  1.609834901196e-03    2.875490840801e-04   1.226416555726e+02  -1.159561430307e+01
  6.929150838916e-01    5.018955342937e-02   1.223332536159e+02  -1.165887336538e+01
  3.737849569468e-03   -1.050291682556e-03   1.173595941265e+02  -1.165887336538e+01
  6.800051580975e-01    2.622400948400e-02   1.181246437739e+02  -1.165887336538e+01
  1.179217261601e+00   -8.973382757569e-03   1.138271311653e+02   3.155092828194e+00
  1.068177979322e+00   -9.162671404969e-02   1.223128605778e+02   3.155092828194e+00
  1.188884190739e+00   -7.413798672015e-02   1.221387331055e+02   3.155092828194e+00
  7.508313239821e-01   -1.102546998855e-02   1.135614704324e+02   6.450265044369e+00
  7.868807546779e-01   -3.106501628342e-02   1.178184292567e+02   6.450265044369e+00
  1.181568125743e+00   -9.878455546214e-03   1.138122807654e+02   6.450265044369e+00
  1.202884519621e+00    1.038303324759e-02   7.983293094467e+00   1.044160474116e+00
  1.295717225086e+00    2.116984348749e-02   1.697437689156e+01   1.044160474116e+00
  1.362071544911e+00    1.762952995963e-02   1.048245164503e+01   1.044160474116e+00
  1.927334457549e-02    9.561232826961e-04   8.467501001131e+01   9.011654910799e+00
  1.378675335126e+00   -2.401647889332e-02   7.689844821741e+01   9.011654910799e+00
  9.580271995356e-04    8.213032818101e-04   7.534977825958e+01   9.011654910799e+00
  3.733212075583e-02   -6.399722433733e-04   8.553741348186e+01  -7.280617301083e+00
  1.556719636916e+00   -1.669990218419e-02   8.609327474074e+01  -7.280617301083e+00
  1.193939381348e+00   -1.458035459641e-02   9.506640007908e+01  -7.280617301083e+00
  1.544134437714e+00   -1.699204630070e-02   8.612795089143e+01   7.188416795097e+00
  3.960232337377e-02    7.813845571519e-04   8.525068004021e+01   7.188416795097e+00
  1.333286612466e+00   -5.294251306855e-03   9.659272059753e+01   7.188416795097e+00
  1.229599927041e+00    1.139527033405e-03   4.931264657178e+01  -1.889985444311e+00
  1.431791627683e+00    4.883359527856e-03   5.432438979103e+01  -1.889985444311e+00
  1.227006628010e+00    1.440209862058e-02   5.956309162788e+01  -1.889985444311e+00
  1.241366636677e+00    6.939391370563e-03   3.480052543298e+01   9.022198583827e+00
 -4.174062018454e-04   -1.412009322616e-04   3.467893571141e+01   9.022198583827e+00
  1.500070040369e-02    6.463322626870e-04   4.361623068228e+01   9.022198583827e+00
  1.090643610162e+00   -1.913442029049e-02   6.907613794297e+01  -2.467376740657e+00
  1.426472996541e+00   -1.894600918048e-02   6.567312155845e+01  -2.467376740657e+00
  1.378668015260e+00   -2.952463867317e-02   7.735355235661e+01  -2.467376740657e+00
  1.419475796924e+00    3.965364818769e-03   5.379033828773e+01   6.996439029670e+00
  4.603920076158e-02   -2.258771504597e-03   6.545196112695e+01   6.996439029670e+00
  1.439431093160e+00   -1.804566825539e-02   6.562083753134e+01   6.996439029670e+00
  1.220874455966e+00    9.937765271557e-04   4.919648779001e+01  -2.009941530749e+00
  1.275153238998e+00   -6.144204684446e-03   3.618358432891e+01  -2.009941530749e+00
  1.421076818284e+00    1.983151035758e-03   4.323744504949e+01  -2.009941530749e+00
  1.442669530202e+00   -2.018514995527e-02   6.588062579390e+01   6.792908327666e+00
  4.220686467003e-02   -3.348116472036e-04   6.590937332078e+01   6.792908327666e+00
  1.366219420424e+00   -2.654925842244e-02   7.756549729837e+01   6.792908327666e+00
  1.375537128307e+00    1.565957701568e-02   1.047763226099e+01  -8.897831442332e+00
  1.369095910151e-02    1.022260133633e-03   1.749679074788e+01  -8.897831442332e+00
  8.906561975960e-03   -1.432660517099e-03   6.523755428134e+00  -8.897831442332e+00
  1.609843221896e-02   -1.194056754527e-03   1.609230644189e+01   8.734680473409e+00
  1.295288232686e+00    1.895516188658e-02   1.688302003901e+01   8.734680473409e+00
  1.204776651026e+00    1.114347014120e-02   7.924759221109e+00   8.734680473409e+00
  7.610609679693e-03   -6.188735613577e-04   1.610173846267e+01   9.220913302146e+00
  1.213678650113e+00    1.141243711092e-02   7.905058542278e+00   9.220913302146e+00
  6.229742866812e-03    6.264048441002e-04   7.340681827842e+00   9.220913302146e+00
  1.353186101769e+00    3.118682632372e-03   7.844314787295e-02   1.186913982089e+00
  1.210788327863e+00    1.200788799070e-02   7.912423815676e+00   1.186913982089e+00
  1.353204831813e+00    1.520757303475e-02   1.045800799502e+01   1.186913982089e+00
 -8.490271483760e-04    3.373812130561e-04   3.443695496012e+01   9.018127838644e+00
  1.239385232264e+00    6.611881014625e-03   3.522337388592e+01   9.018127838644e+00
  2.129956346776e-02    6.519087837021e-05   2.602991310857e+01   9.018127838644e+00
  1.306855282626e+00    2.248702749352e-02   1.696912842079e+01  -8.839039732508e-01
  1.535870716865e+00    1.052110697562e-02   2.776209030803e+01  -8.839039732508e-01
  1.191688735520e+00    3.103857541614e-02   2.021021561727e+01  -8.839039732508e-01
  1.304544736695e+00    1.850153369509e-02   1.670103329883e+01   8.828931039798e+00
  5.006941841880e-03   -1.036879369564e-03   1.624798619209e+01   8.828931039798e+00
  2.164886274137e-02   -6.506391852830e-04   2.541930923744e+01   8.828931039798e+00
  1.311182999030e+00    2.265918863706e-02   1.695000252985e+01  -8.494594480564e-01
  1.189201740102e+00    3.118108007467e-02   1.996193263667e+01  -8.494594480564e-01
  1.351420609700e+00    1.779026088178e-02   1.035983205071e+01  -8.494594480564e-01
  4.203757715441e-03    5.912608795762e-04   1.746594617957e+01  -9.835492009157e+00
  1.189333141692e+00    2.861139158384e-02   1.984143840272e+01  -9.835492009157e+00
  9.660574330534e-03   -1.052202810912e-03   2.655159244128e+01  -9.835492009157e+00
  2.923149011691e-02   -1.931752834384e-03   2.661275428497e+01  -8.204106790636e+00
  1.179101453814e+00    2.895406451594e-02   1.977349473680e+01  -8.204106790636e+00
  1.545543653210e+00    9.410946438402e-03   2.762877682394e+01  -8.204106790636e+00
  1.350065487439e+00   -6.061163341955e-03   9.624967688203e+01   9.312284474212e+00
  2.859052320315e-03    9.034641857160e-04   9.532223233892e+01   9.312284474212e+00
  1.269757862159e-02   -1.102038468011e-03   1.054141098077e+02   9.312284474212e+00
  1.204632667536e+00   -1.401316441636e-02   9.484456313332e+01  -9.882481192971e-01
  1.340623693383e+00   -5.940508914591e-03   9.619335413369e+01  -9.882481192971e-01
  1.391411745047e+00    1.065008399265e-02   1.028074700951e+02  -9.882481192971e-01
  4.827616894850e-03    2.281817107658e-04   7.487335402657e+01  -9.469657484452e+00
  1.216688686089e+00   -2.839045167244e-02   7.764159287078e+01  -9.469657484452e+00
  1.316334613430e-02    2.085283210305e-04   8.522858654646e+01  -9.469657484452e+00
  1.337861616473e+00   -5.389026141997e-03   9.618403133275e+01  -1.376313401161e+00
  1.208511615288e+00   -1.395734918254e-02   9.464285642773e+01  -1.376313401161e+00
  1.533190178036e+00   -1.661169299720e-02   8.602749332379e+01  -1.376313401161e+00
  1.204662166545e+00   -1.578328459798e-02   9.490715612917e+01  -9.148410825645e+00
  4.130939013131e-03   -1.074715612785e-03   9.439334183975e+01  -9.148410825645e+00
  1.508471340234e-02   -3.715132804299e-04   8.561343272743e+01  -9.148410825645e+00
  1.294014633882e-02   -4.371166234614e-04   2.696235281876e+01  -9.804308100776e+00
  1.294949834084e+00   -6.673694362221e-03   3.624456939386e+01  -9.804308100776e+00
  1.458039852524e-03    4.792103168638e-05   3.783092733197e+01  -9.804308100776e+00
  2.038078124474e-03    4.344716996340e-04   9.519369820994e+01   9.301518599701e+00
  1.348425674497e+00   -5.071667705217e-03   9.645851683113e+01   9.301518599701e+00
  1.817328914356e-02    5.094751377417e-04   8.528278439855e+01   9.301518599701e+00
  1.243139371678e+00    6.214483333090e-03   3.491406688229e+01   7.776776063354e-01
  1.287675545127e+00   -6.912212273174e-03   3.591345159055e+01   7.776776063354e-01
  1.534404401601e+00    8.702306979257e-03   2.753862623152e+01   7.776776063354e-01
  4.648149737342e-02    4.049838354059e-05   2.593070004456e+01   6.347108329967e+00
  1.224957563695e+00    6.078627826951e-03   3.548678924631e+01   6.347108329967e+00
  1.565361584230e+00    9.866812221448e-03   2.768602890630e+01   6.347108329967e+00
  1.230257377751e+00    6.663420064982e-03   3.455867593816e+01   7.057880635988e+00
  3.413200686048e-02    1.522622335111e-03   4.368767811707e+01   7.057880635988e+00
  1.420929415721e+00    3.792617119774e-03   4.313276883746e+01   7.057880635988e+00
  1.230408786380e+00    1.782796588168e-03   4.931442986306e+01  -9.673213485839e+00
  1.227899398624e+00    1.337884513210e-02   5.954964809698e+01  -9.673213485839e+00
  1.847562343032e-02   -1.124381860154e-04   5.670069124324e+01  -9.673213485839e+00
  1.438988514248e+00    4.080592050190e-03   5.445694872124e+01   8.467644510613e+00
  2.065995082501e-02    1.018254665055e-03   4.413817730017e+01   8.467644510613e+00
  2.859823479057e-03   -4.506054692321e-04   5.467932313056e+01   8.467644510613e+00
  2.447712040698e-03   -2.172266425977e-04   3.787472088542e+01  -9.796506735748e+00
  1.291199385592e+00   -6.030872421363e-03   3.619422780224e+01  -9.796506735748e+00
  1.110193414338e-02    4.716653353660e-04   4.696112950995e+01  -9.796506735748e+00
  1.211922135842e+00   -3.024068707939e-02   7.808037073457e+01  -1.775575353112e+00
  1.371164900254e+00   -2.799675200322e-02   7.716536042360e+01  -1.775575353112e+00
  1.530039403371e+00   -1.701392390798e-02   8.597585290716e+01  -1.775575353112e+00
  3.881199258669e-02   -2.870601964272e-05   8.522449103194e+01  -7.689140484662e+00
  1.200224143518e+00   -2.849840141806e-02   7.751763832986e+01  -7.689140484662e+00
  1.554774963989e+00   -1.733721013094e-02   8.599320317707e+01  -7.689140484662e+00
  1.186409956220e-02    7.888498904331e-04   7.474333814491e+01  -9.608051921323e+00
  1.071199866973e+00   -1.709259282430e-02   6.932755823052e+01  -9.608051921323e+00
  1.209984564190e+00   -2.938457085233e-02   7.775768131969e+01  -9.608051921323e+00
  1.075244626387e+00   -1.489257990689e-02   6.941919390219e+01  -1.044542222456e+01
  3.410343010551e-03   -1.679703647612e-05   7.472740560259e+01  -1.044542222456e+01
  4.289098526013e-03    9.103869054728e-04   6.692032084155e+01  -1.044542222456e+01
  6.629915803250e-03   -4.526319586296e-04   5.666536401377e+01  -9.795176401498e+00
  1.238902853683e+00    1.358432723159e-02   5.956919926568e+01  -9.795176401498e+00
  7.372828765493e-03    3.718590273309e-04   6.690176969847e+01  -9.795176401498e+00
  1.234473449584e+00    1.545956908521e-02   5.973963197801e+01  -1.705366514570e+00
  1.421091672420e+00    4.846651355080e-03   5.406075078402e+01  -1.705366514570e+00
  1.429736510649e+00   -1.717534296044e-02   6.558408114708e+01  -1.705366514570e+00
  2.250855626834e-02   -1.458070210823e-03   6.536130009103e+01   8.467885994379e+00
  1.437972373613e+00    3.117975645272e-03   5.403867670994e+01   8.467885994379e+00
  2.716229022406e-03    2.393459833285e-05   5.492497021573e+01   8.467885994379e+00
  2.688060866890e-04    1.508474300889e-03   7.512108513567e+01   9.023179516228e+00
  1.379577933124e+00   -2.468824644774e-02   7.728595285832e+01   9.023179516228e+00
  1.936831838641e-02   -5.959146583164e-05   6.596273982778e+01   9.023179516228e+00
  1.226556278663e+00    1.427638746390e-02   5.962831338712e+01  -9.769899234989e+00
  1.063233891008e+00   -1.481588224068e-02   6.943200103101e+01  -9.769899234989e+00
  1.733762604427e-02    1.155516138495e-03   6.692881721882e+01  -9.769899234989e+00
  1.221682600628e+00    1.541236637576e-02   5.967799603345e+01  -3.134453956564e+00
  1.439054240247e+00   -1.822801843723e-02   6.555154689467e+01  -3.134453956564e+00
  1.067566674994e+00   -1.662061856783e-02   6.930978826491e+01  -3.134453956564e+00
  1.238550868593e+00    1.985763915856e-03   4.929645386262e+01  -9.668391410212e+00
  8.351418652603e-03    9.648625383479e-05   5.671321963473e+01  -9.668391410212e+00
  6.527494527160e-03    2.553891044470e-04   4.692059754502e+01  -9.668391410212e+00
  1.278707588508e+00   -6.028673482328e-03   3.617909398093e+01  -9.468434108271e+00
  1.220452591030e+00    1.404070572095e-03   4.922414208311e+01  -9.468434108271e+00
  2.241896587091e-02    6.862664089030e-04   4.695659888798e+01  -9.468434108271e+00
  1.420740653386e+00    4.518323531411e-03   5.454886028112e+01  -1.728918333832e+00
  1.237910938200e+00    5.510933226642e-04   4.918095060349e+01  -1.728918333832e+00
  1.408838372361e+00    2.361496848265e-03   4.328384254396e+01  -1.728918333832e+00
