
 -3.260881239928e-04    3.975769037778e-04  -3.960475630509e+01   2.298807418292e+00
 -1.039229478266e-01    3.644268361296e-04  -3.990766111270e+01   2.298807418292e+00
  5.657102505030e-05   -1.638605612854e-04  -3.971519970964e+01   2.298807418292e+00
 -1.260169265728e-01    1.763714753886e-02  -3.656062731987e+01   4.189194889022e+00
  9.306671904205e-05    6.265431978392e-06  -3.812001491593e+01   4.189194889022e+00
 -3.506479062486e-04   -9.177108538178e-06  -3.650241684133e+01   4.189194889022e+00
 -1.038358283282e-01   -2.257496434161e-04  -3.990988479715e+01   2.423016760318e+00
 -1.695280697351e-01    3.612053854500e-02  -3.985660909788e+01   2.423016760318e+00
 -1.815691001939e-01    4.815018693764e-04  -4.046209408700e+01   2.423016760318e+00
 -1.702053854694e-01    3.580049112066e-02  -3.984624825525e+01   2.292188468277e+00
 -1.032780491320e-01    9.461447985208e-05  -3.992596953141e+01   2.292188468277e+00
 -7.935216417708e-02    1.428941254101e-02  -3.950227724112e+01   2.292188468277e+00
 -2.109860037468e-01    4.473124226648e-02  -4.079046318506e+01   1.613327507567e+00
 -1.816450179361e-01    4.758459727974e-04  -4.048233631224e+01   1.613327507567e+00
 -1.696216200575e-01    3.641399986752e-02  -3.984462166693e+01   1.613327507567e+00
 -2.633817497528e-01   -2.708392042068e-03  -1.965630608689e+00   1.747334757720e+00
 -3.493661999370e-03    2.187615103805e-04  -1.230174979390e+00   1.747334757720e+00
 -1.924484265217e-01    2.699910405579e-03   1.057525924225e-02   1.747334757720e+00
 -7.954592955317e-02    1.406789517541e-02  -3.949941144714e+01   2.202182264761e+00
 -1.628332660857e-01    3.929243425064e-02  -3.907112230622e+01   2.202182264761e+00
 -1.701926320209e-01    3.602025852985e-02  -3.984184705817e+01   2.202182264761e+00
 -2.517823854903e-01   -2.352618146951e-03  -2.202580845733e+01   1.003063527267e+00
 -1.332913653204e-01   -5.195775943118e-03  -2.205648035881e+01   1.003063527267e+00
 -2.155438966820e-01   -4.080654001476e-03  -2.115182368007e+01   1.003063527267e+00
 -9.827262726266e-02    1.915963556627e-02  -3.845399291283e+01   2.107734477168e+00
 -1.261171268497e-01    1.772500712221e-02  -3.655920942030e+01   2.107734477168e+00
 -1.843527546177e-01    4.363364616859e-02  -3.798818661472e+01   2.107734477168e+00
 -3.538922517864e-04   -7.936692426845e-05  -3.916751147037e+01   3.017299454130e+00
 -9.795730522346e-02    1.906123533370e-02  -3.846054211691e+01   3.017299454130e+00
 -7.928285284289e-02    1.417561016265e-02  -3.950971528646e+01   3.017299454130e+00
 -1.630661318671e-01    3.932104162554e-02  -3.906768578789e+01   1.069422838802e+00
 -1.840333171944e-01    4.386989786128e-02  -3.798982237357e+01   1.069422838802e+00
 -2.001071946389e-01    5.918482672753e-02  -3.949870158782e+01   1.069422838802e+00
 -1.840026525532e-01    4.366542782731e-02  -3.799059045880e+01   2.252595993955e+00
 -1.630572850919e-01    3.935975896506e-02  -3.906915973172e+01   2.252595993955e+00
 -9.865036508893e-02    1.913088978510e-02  -3.844793649118e+01   2.252595993955e+00
 -2.131294138099e-01    6.613184258896e-02  -3.842312238893e+01   6.703770940181e-01
 -1.995529293487e-01    5.922382740419e-02  -3.951106361736e+01   6.703770940181e-01
 -1.847359007950e-01    4.386427790794e-02  -3.797841594062e+01   6.703770940181e-01
 -1.630297513390e-01    3.937396039722e-02  -3.906841689612e+01   1.365587065933e+00
 -2.001355842845e-01    5.906000043771e-02  -3.949869838694e+01   1.365587065933e+00
 -1.698555882758e-01    3.611411311715e-02  -3.984914936325e+01   1.365587065933e+00
 -2.133503252279e-01    6.618462726816e-02  -3.841645409776e+01   1.492124059986e-01
 -1.845108532054e-01    4.382446409841e-02  -3.798427788221e+01   1.492124059986e-01
 -2.288623369361e-01    4.888181910366e-02  -3.656290269778e+01   1.492124059986e-01
 -9.825989984381e-02    1.921806473880e-02  -3.845778827198e+01   2.168285720210e+00
 -1.632976004310e-01    3.926886323961e-02  -3.906398011369e+01   2.168285720210e+00
 -7.907198423792e-02    1.407460600995e-02  -3.951164437036e+01   2.168285720210e+00
 -3.763793023815e-04    1.036400061219e-04  -3.166847407294e+01   4.588181564471e+00
 -2.021021030113e-04   -1.845255671185e-04  -2.707473524767e+01   4.588181564471e+00
 -1.381090999403e-01   -7.015878571443e-03  -3.058541674646e+01   4.588181564471e+00
 -2.104337183857e-01    4.483244516310e-02  -4.078801792652e+01   1.372864028805e+00
 -1.702050648466e-01    3.620708325545e-02  -3.984109259856e+01   1.372864028805e+00
 -1.997131888368e-01    5.907435995384e-02  -3.950393981397e+01   1.372864028805e+00
 -2.339138737542e-01    9.603705862886e-04  -4.145901558573e+01   9.049465308755e-01
 -2.097873097084e-01    4.441059581087e-02  -4.078685698546e+01   9.049465308755e-01
 -2.162450346691e-01    1.967274173214e-02  -4.172348115796e+01   9.049465308755e-01
 -2.333416832058e-01    2.668319457127e-04  -4.144792166441e+01   2.013113977785e+00
 -1.821644594347e-01    2.599768904590e-04  -4.047781424970e+01   2.013113977785e+00
 -2.103548500418e-01    4.475098830022e-02  -4.079666876446e+01   2.013113977785e+00
 -2.342003650833e-01    9.363011222845e-04  -4.146900652111e+01   9.434038009455e-01
 -2.160632532988e-01    1.946129893059e-02  -4.172218668690e+01   9.434038009455e-01
 -2.593184212813e-01   -3.197217743211e-04  -4.219951229544e+01   9.434038009455e-01
 -2.152459229615e-01    1.881710045448e-02  -4.172327332044e+01   4.906286206975e-01
 -2.109734800249e-01    4.506135642385e-02  -4.078392238798e+01   4.906286206975e-01
 -1.739990533473e-01    4.149085712276e-02  -4.124645558468e+01   4.906286206975e-01
 -1.661509412327e-01   -3.269804718069e-03  -4.171787224108e+01  -9.124332886999e-02
 -2.157772377906e-01    1.887938512720e-02  -4.170581245789e+01  -9.124332886999e-02
 -1.731388311826e-01    4.118676287100e-02  -4.125973206106e+01  -9.124332886999e-02
 -2.155316029387e-01    1.820295523687e-02  -4.171655242242e+01   3.043473297126e-01
 -2.188551917163e-01   -2.342691216526e-02  -4.169336890558e+01   3.043473297126e-01
 -2.595575439299e-01    8.290698643925e-04  -4.219756279122e+01   3.043473297126e-01
 -2.109704714720e-01    4.490361625972e-02  -4.078050869426e+01  -1.373465170547e-01
 -1.894441196351e-01    6.556660182638e-02  -4.008282972521e+01  -1.373465170547e-01
 -1.739937647712e-01    4.178815470544e-02  -4.124837665106e+01  -1.373465170547e-01
 -1.458268187033e-01    2.087428891533e-03  -2.120173929262e+01  -1.869909001936e+00
 -2.014756379060e-01    2.782052049238e-03  -1.991852969631e+01  -1.869909001936e+00
 -2.187547053089e-03    2.195232994157e-04  -1.971014509621e+01  -1.869909001936e+00
 -1.346046478315e-01    5.335448225375e-02  -4.064092058936e+01  -2.003657420924e+00
 -1.901842828998e-01    6.586112813072e-02  -4.008440283927e+01  -2.003657420924e+00
 -1.605746935304e-01    5.998493426714e-02  -3.899608321771e+01  -2.003657420924e+00
 -1.902784780263e-01    6.564722241386e-02  -4.007291934805e+01   3.028052012694e-01
 -2.100419000986e-01    4.473067094226e-02  -4.079550405780e+01   3.028052012694e-01
 -2.001247507706e-01    5.927847938300e-02  -3.949825883308e+01   3.028052012694e-01
 -5.963745821855e-02    1.669727556336e-02  -4.208095066135e+01  -2.165135384269e+00
 -1.156614228224e-01    3.039636960896e-02  -4.174054202566e+01  -2.165135384269e+00
 -6.997461563986e-02    3.112886381410e-02  -4.110559417849e+01  -2.165135384269e+00
 -1.155687271882e-01    3.026246301089e-02  -4.172784383279e+01  -1.445214316156e+00
 -1.733756422917e-01    4.146702886575e-02  -4.126380667353e+01  -1.445214316156e+00
 -1.340518300868e-01    5.332124422634e-02  -4.066163781124e+01  -1.445214316156e+00
 -1.343298373232e-01    5.328106931238e-02  -4.065017919905e+01  -2.421549758654e+00
 -7.034618356974e-02    3.118941131897e-02  -4.109970320989e+01  -2.421549758654e+00
 -1.153444359934e-01    3.037205202531e-02  -4.174491302125e+01  -2.421549758654e+00
 -1.155855545992e-01    3.017789421658e-02  -4.173253615754e+01  -3.130352453610e-01
 -1.657736477263e-01   -3.500516961687e-03  -4.173164668879e+01  -3.130352453610e-01
 -1.733061259536e-01    4.139875225213e-02  -4.125875842555e+01  -3.130352453610e-01
 -2.130285011855e-01    6.637092136338e-02  -3.842185506083e+01  -1.432630100440e+00
 -1.612178605020e-01    5.998679922143e-02  -3.898378571543e+01  -1.432630100440e+00
 -1.896309342713e-01    6.585528131977e-02  -4.009707211490e+01  -1.432630100440e+00
 -1.345374061599e-01    5.332027160969e-02  -4.065208535710e+01  -8.981450839750e-01
 -1.730163876168e-01    4.153037904171e-02  -4.127252023440e+01  -8.981450839750e-01
 -1.901212747846e-01    6.579732928224e-02  -4.007325865201e+01  -8.981450839750e-01
 -2.122688488789e-01    6.625301572430e-02  -3.843531161174e+01  -3.604301439786e-01
 -1.903282256298e-01    6.582690628366e-02  -4.007089249936e+01  -3.604301439786e-01
 -2.001941670853e-01    5.919555064336e-02  -3.949744236791e+01  -3.604301439786e-01
 -1.153903172483e-01    3.012563772677e-02  -4.173355619054e+01  -8.901369833055e-01
 -5.977804846697e-02    1.688310602205e-02  -4.208933074824e+01  -8.901369833055e-01
 -1.093794986970e-01   -2.595727730853e-03  -4.211804738640e+01  -8.901369833055e-01
 -2.301133208545e-01    4.871504861416e-02  -3.654560203345e+01   1.521630232366e+00
 -1.835095540599e-01    4.378757460879e-02  -3.800623004911e+01   1.521630232366e+00
 -1.276253305454e-01    1.766051661776e-02  -3.653763330067e+01   1.521630232366e+00
 -2.612308063901e-01   -2.771509967697e-03  -1.975429661054e+00   6.964433612305e-01
 -1.934026455969e-01    2.666433614748e-03  -2.913235709044e-03   6.964433612305e-01
 -2.624417301557e-01   -5.626188130923e-04  -2.532273287045e-02   6.964433612305e-01
 -2.341552777016e-01    2.557201314682e-02  -3.448813580684e+01   1.442020615997e+00
 -1.367240759752e-01    7.355567529149e-03  -3.376174380557e+01   1.442020615997e+00
 -2.329134572639e-01    1.561723172427e-03  -3.218646041907e+01   1.442020615997e+00
 -2.336455389586e-01    2.614911154583e-02  -3.449935349650e+01   1.102853181471e+00
 -2.304103980190e-01    4.853345960050e-02  -3.653795115695e+01   1.102853181471e+00
 -1.274770394364e-01    1.793436732783e-02  -3.654159600222e+01   1.102853181471e+00
 -2.131172023898e-01    6.645469894448e-02  -3.843792404230e+01  -2.239709239692e+00
 -1.865467053190e-01    5.014979965377e-02  -3.694360671486e+01  -2.239709239692e+00
 -1.612414709999e-01    5.993134942592e-02  -3.896839745292e+01  -2.239709239692e+00
 -1.872193023233e-01    5.013099492255e-02  -3.692971160977e+01  -1.613986559120e+00
 -2.125222717164e-01    6.640008208580e-02  -3.845256565820e+01  -1.613986559121e+00
 -2.297493564400e-01    4.891606738153e-02  -3.654505028463e+01  -1.613986559120e+00
 -2.051238416674e-01    2.874101948892e-02  -3.464377035764e+01  -2.188625964561e+00
 -1.871965065947e-01    4.994986361634e-02  -3.691037621573e+01  -2.188625964561e+00
 -2.298984767245e-01    4.913065945415e-02  -3.656465266792e+01  -2.188625964561e+00
 -9.894867313176e-02    3.040249510396e-02  -3.727515073472e+01  -4.739705060204e+00
 -1.610027871131e-01    5.995130891974e-02  -3.899947751889e+01  -4.739705060204e+00
 -1.868084013483e-01    5.007089850088e-02  -3.692131451214e+01  -4.739705060204e+00
 -2.293602035857e-01    4.912155362944e-02  -3.657973125475e+01  -1.455263395641e+00
 -2.346676492439e-01    2.574273597182e-02  -3.447873724038e+01  -1.455263395641e+00
 -2.056945507326e-01    2.863869380875e-02  -3.462957040862e+01  -1.455263395641e+00
 -2.344497042379e-01    2.593182772550e-02  -3.448914518987e+01   1.989647640860e+00
 -1.264291925975e-01    1.808752592352e-02  -3.656110959770e+01   1.989647640860e+00
 -1.362260521571e-01    7.058145899886e-03  -3.376307518163e+01   1.989647640860e+00
 -2.130711720083e-01    1.774090962766e-03  -3.221013030457e+01  -1.966625820743e+00
 -2.055219751015e-01    2.833642019855e-02  -3.460709060883e+01  -1.966625820743e+00
 -2.349554669544e-01    2.603881614780e-02  -3.450049344735e+01  -1.966625820743e+00
 -3.962979024202e-04    2.253346741192e-04  -3.216629351644e+01  -8.483590031219e+00
 -1.183924348520e-01    4.451422791462e-04  -3.219371358971e+01  -8.483590031219e+00
 -3.685382239150e-04   -5.169928037146e-04  -2.956740328374e+01  -8.483590031219e+00
 -2.059862666841e-01    2.848615739492e-02  -3.463755105200e+01  -5.340041018798e+00
 -1.179341041450e-01    8.348543003657e-04  -3.219746188794e+01  -5.340041018798e+00
 -1.109274821515e-01    1.839623810905e-02  -3.478747447742e+01  -5.340041018798e+00
 -1.185369209343e-01    8.090906781617e-04  -3.219586287300e+01  -5.364062581056e+00
 -2.054725484585e-01    2.841433559502e-02  -3.464050831573e+01  -5.364062581056e+00
 -2.125990793588e-01    1.450103117144e-03  -3.217789319648e+01  -5.364062581056e+00
 -1.109506868452e-01    1.819551988754e-02  -3.480630373304e+01  -9.126232426759e+00
 -1.177448019026e-01    1.220158351935e-03  -3.216460234309e+01  -9.126232426759e+00
 -8.550771348401e-04    5.203802307541e-04  -3.481081903855e+01  -9.126232426759e+00
 -2.054403920056e-01    2.857928750585e-02  -3.461751074428e+01  -5.231788694853e+00
 -1.113647636027e-01    1.838147089184e-02  -3.480997575954e+01  -5.231788694853e+00
 -1.868828053220e-01    4.995614399948e-02  -3.694420063719e+01  -5.231788694853e+00
 -2.051056208832e-01   -2.531581946130e-02  -2.973059423427e+01  -5.341708121022e+00
 -1.184981997615e-01    8.993411675068e-04  -3.216322987114e+01  -5.341708121022e+00
 -2.126118262829e-01    1.254935531085e-03  -3.218639206384e+01  -5.341708121022e+00
 -2.137918989556e-01    1.647195435149e-03  -3.220058092915e+01  -1.317814729355e+00
 -2.343132302032e-01    2.610562569700e-02  -3.451307786924e+01  -1.317814729355e+00
 -2.328335876597e-01    1.142763346824e-03  -3.217338132686e+01  -1.317814729355e+00
 -1.361564229795e-01    7.579054637855e-03  -3.376648027777e+01   2.076925065113e+00
 -1.374097913219e-01   -7.036995786923e-03  -3.058136767637e+01   2.076925065113e+00
 -2.335017728497e-01    1.301390216808e-03  -3.218222435068e+01   2.076925065113e+00
 -9.848088255583e-02    3.031769234106e-02  -3.725543043955e+01  -5.063016163297e+00
 -1.873800750544e-01    5.007541731320e-02  -3.693952988803e+01  -5.063016163297e+00
 -1.107775564204e-01    1.832969182238e-02  -3.481504730609e+01  -5.063016163297e+00
 -1.825428740926e-05    7.191570862039e-05  -4.110050911275e+01  -4.917293948206e+00
 -7.078879161235e-02    3.136602267354e-02  -4.110941692849e+01  -4.917293948206e+00
 -5.154009304928e-04    2.924288865944e-04  -3.949826993090e+01  -4.917293948206e+00
 -7.012976904177e-02    3.101167593285e-02  -4.108890100113e+01  -3.483318736802e+00
 -1.347330459645e-01    5.350140493736e-02  -4.066133109117e+01  -3.483318736802e+00
 -8.448234492014e-02    3.551107959772e-02  -3.943411045956e+01  -3.483318736802e+00
 -1.164884644360e-01    1.579982823841e-02  -2.433740984389e+01  -2.907990400607e+00
 -3.974309672367e-05   -1.893483505466e-04  -2.291142039547e+01  -2.907990400607e+00
 -3.419434712059e-04    6.089801377024e-05  -2.433918971605e+01  -2.907990400607e+00
 -4.554198613074e-04    6.588009119668e-04  -4.224861388037e+01  -1.577437339983e+00
 -5.658656399078e-02   -1.250624253262e-03  -4.245702415811e+01  -1.577437339983e+00
 -5.949386587095e-02    1.647420239532e-02  -4.208456333830e+01  -1.577437339983e+00
 -3.038687820978e-04    2.626424918093e-04  -4.111590821611e+01  -3.985116411116e+00
  1.434559742207e-04   -1.870021891692e-04  -4.223724345274e+01  -3.985116411116e+00
 -7.022137924844e-02    3.098490613884e-02  -4.109386627684e+01  -3.985116411116e+00
 -1.302976060863e-01   -2.536955523921e-02  -3.808501863188e+01  -3.035600690212e+00
 -5.652284767405e-04    1.049235692520e-04  -3.890179824041e+01  -3.035600690212e+00
 -1.038278567099e-01   -1.831865990334e-02  -3.906813412601e+01  -3.035600690212e+00
 -7.040779276357e-02    3.117936997577e-02  -4.111155956464e+01  -6.072169418802e+00
 -8.437681449820e-02    3.537560959874e-02  -3.941608713153e+01  -6.072169418802e+00
 -8.907845419196e-04    4.989909452314e-04  -3.949109597960e+01  -6.072169418802e+00
 -1.664078712149e-04   -3.445565377622e-05  -4.223454418455e+01  -3.136884365483e+00
 -5.969522898641e-02    1.684918101279e-02  -4.208781934801e+01  -3.136884365483e+00
 -6.981930539288e-02    3.083360722912e-02  -4.109637801147e+01  -3.136884365483e+00
 -6.219222422290e-04   -7.592032472906e-05  -3.484402115572e+01  -7.923027305815e+00
 -1.095613163815e-04    4.906438578800e-04  -3.731624181000e+01  -7.923027305815e+00
 -1.110689348199e-01    1.875029460583e-02  -3.478611571538e+01  -7.923027305815e+00
 -2.482675362238e-04    4.580507450326e-04  -3.480718045245e+01  -8.489142096976e+00
 -1.183817117561e-01    1.218626029637e-03  -3.216462728611e+01  -8.489142096976e+00
 -4.259334219847e-04   -1.946965495251e-04  -3.219540487363e+01  -8.489142096976e+00
 -1.746943802974e-01   -1.007373518028e-02  -3.353130417308e+01  -3.556269838112e+00
 -1.344351472676e-03   -1.926209929505e-04  -3.621345556722e+01  -3.556269838112e+00
 -1.549847893513e-01   -2.315685594067e-02  -3.616177692877e+01  -3.556269838112e+00
 -1.206943481162e-04    2.530429493881e-04  -3.946107277284e+01  -6.449266941927e+00
 -8.516140991790e-02    3.552187424283e-02  -3.943671932981e+01  -6.449266941927e+00
 -7.278583866980e-04    9.581098884879e-05  -3.737114172995e+01  -6.449266941927e+00
 -7.484068159599e-04    7.167401417276e-04  -3.731879949880e+01  -8.276901518717e+00
 -9.849009698031e-02    3.009552611023e-02  -3.727280429445e+01  -8.276901518717e+00
 -1.104767287578e-01    1.863220950925e-02  -3.478682466404e+01  -8.276901518717e+00
 -1.361642611826e-01    7.166813633755e-03  -3.376572349407e+01   4.194464382979e+00
 -1.322754822264e-03   -1.767536709686e-04  -3.168185531345e+01   4.194464382979e+00
 -1.372632364228e-01   -6.715077400059e-03  -3.058173816741e+01   4.194464382979e+00
 -9.846322091723e-02    1.901296897347e-02  -3.845383492846e+01   3.275941077862e+00
  7.865920581632e-05   -5.115491057419e-05  -3.917625226959e+01   3.275941077862e+00
 -3.788376212354e-04    1.438378454470e-05  -3.812030233502e+01   3.275941077862e+00
 -1.329477314496e-03    3.327407125720e-04  -3.736454017844e+01  -7.518658730798e+00
 -8.468486116676e-02    3.533505519792e-02  -3.943959594571e+01  -7.518658730798e+00
 -9.815674016495e-02    3.028945865181e-02  -3.725772397444e+01  -7.518658730798e+00
 -8.443608039607e-02    3.542707621064e-02  -3.941478730117e+01  -4.441599494100e+00
 -1.614258755207e-01    6.006300964397e-02  -3.899505158289e+01  -4.441599494100e+00
 -9.842466186475e-02    3.030196657858e-02  -3.728000169248e+01  -4.441599494100e+00
 -1.265497609777e-01    1.758435291418e-02  -3.656603678321e+01   4.197289839058e+00
 -1.317721192255e-03   -2.807939620622e-04  -3.428803808144e+01   4.197289839058e+00
 -1.358516812736e-01    7.353159472766e-03  -3.376284389750e+01   4.197289839058e+00
 -2.137735619947e-01    1.073689836700e-03  -3.216380681202e+01  -1.295976449451e+00
 -2.328390382514e-01    1.438089763220e-03  -3.219014901979e+01  -1.295976449451e+00
 -2.349182658086e-01   -2.287285789598e-02  -2.985385815712e+01  -1.295976449451e+00
 -8.487927396316e-02    3.559670270912e-02  -3.942974448405e+01  -3.760436729037e+00
 -1.343864837826e-01    5.343405589158e-02  -4.066537301656e+01  -3.760436729037e+00
 -1.608403331617e-01    5.992622814202e-02  -3.897965251752e+01  -3.760436729037e+00
  4.082199188214e-05    8.626339165544e-05  -3.650034703805e+01   4.227443155000e+00
 -7.797329308228e-04   -1.998810925472e-04  -3.429307175185e+01   4.227443155000e+00
 -1.269895775158e-01    1.744565307862e-02  -3.656302628183e+01   4.227443155000e+00
 -5.688967705717e-02   -1.211874782750e-03  -4.245528718561e+01  -4.712578051930e-01
 -1.679851159559e-04    5.434397225360e-04  -4.225370616075e+01  -4.712578051930e-01
 -7.328604643511e-05   -2.270416196225e-04  -4.249311443630e+01  -4.712578051930e-01
 -2.211188860695e-01   -5.363027260567e-02  -4.064589723262e+01  -3.820335655063e-01
 -2.184661908793e-01   -2.432672551088e-02  -4.168685127865e+01  -3.820335655063e-01
 -1.784625440507e-01   -4.907671903166e-02  -4.116248917227e+01  -3.820335655063e-01
 -2.188623715704e-01   -2.362929287598e-02  -4.168994104057e+01  -4.633757673838e-01
 -2.595413016857e-01   -7.493113978544e-04  -4.198618550388e+01  -4.633757673838e-01
 -2.596842443983e-01    9.716104929620e-04  -4.220824322651e+01  -4.633757673838e-01
 -2.591301969596e-01    2.061087160150e-04  -4.197933516079e+01  -1.607471282066e+00
 -2.195171474432e-01   -5.305160377568e-02  -4.066253983933e+01  -1.607471282066e+00
 -2.338370315689e-01   -4.456499185166e-04  -4.096946755285e+01  -1.607471282066e+00
 -2.197569881095e-01   -5.296677686351e-02  -4.065910685266e+01  -5.251830192946e-01
 -2.589125356359e-01   -1.570997303133e-05  -4.198160850867e+01  -5.251830192946e-01
 -2.192119733490e-01   -2.481168381976e-02  -4.168392399946e+01  -5.251830192946e-01
 -2.332637560721e-01   -2.516829296297e-04  -4.097215091382e+01  -2.181048451535e+00
 -2.207275700365e-01   -5.342090804755e-02  -4.065605541651e+01  -2.181048451535e+00
 -1.823477553849e-01   -2.321361940252e-04  -3.994774489260e+01  -2.181048451535e+00
 -1.477589121494e-03    7.575304937528e-05  -1.235052309365e+00   1.891295051106e+00
  3.258419410959e-05   -4.081942874065e-05  -7.550573642503e-03   1.891295051106e+00
 -1.939207604271e-01    2.690311315189e-03   4.240168708595e-03   1.891295051106e+00
 -2.190366453892e-01   -2.444205815078e-02  -4.167136151939e+01   1.787489029248e-01
 -1.661599330284e-01   -3.904212860563e-03  -4.171877738949e+01   1.787489029248e-01
 -1.775831343817e-01   -4.875796273700e-02  -4.117602769952e+01   1.787489029248e-01
 -2.188601794349e-01   -2.448891977806e-02  -4.168713141089e+01   4.655214333633e-02
 -2.155804251109e-01    1.896386451790e-02  -4.171855260802e+01   4.655214333633e-02
 -1.665084821207e-01   -3.601433337821e-03  -4.170668201041e+01   4.655214333633e-02
 -1.179567377307e-01   -3.592529521917e-02  -4.168407475303e+01   5.063213207035e-01
 -1.777403747334e-01   -4.895818301841e-02  -4.117615692153e+01   5.063213207035e-01
 -1.657907090819e-01   -3.680221862141e-03  -4.173195264614e+01   5.063213207035e-01
 -1.388804107779e-01   -5.864153103362e-02  -4.053627559404e+01   2.740565227405e+00
 -1.177405200324e-01   -3.611728640950e-02  -4.169772622539e+01   2.740565227405e+00
 -7.180031969746e-02   -3.316504333568e-02  -4.097283852620e+01   2.740565227405e+00
 -1.774734251469e-01   -4.911646247282e-02  -4.119052888598e+01   1.122157506166e+00
 -1.391080253716e-01   -5.872388704281e-02  -4.053952556753e+01   1.122157506166e+00
 -1.988753201072e-01   -7.385449382615e-02  -3.991981074576e+01   1.122157506166e+00
 -1.386209655099e-01   -5.870856827024e-02  -4.054877028747e+01   1.627648503865e+00
 -1.778312541422e-01   -4.906606522073e-02  -4.118188390153e+01   1.627648503865e+00
 -1.179261475279e-01   -3.597972655713e-02  -4.167910743409e+01   1.627648503865e+00
 -2.259490886550e-01   -7.402420418295e-02  -3.822378091931e+01   1.683402493991e+00
 -1.983905793275e-01   -7.391685437897e-02  -3.994382636746e+01   1.683402493991e+00
 -1.680529225254e-01   -6.519648439415e-02  -3.884292075094e+01   1.683402493991e+00
 -1.784422599952e-01   -4.934762353377e-02  -4.116617014095e+01   2.832671754423e-01
 -1.982137929922e-01   -7.365024345665e-02  -3.992874615960e+01   2.832671754423e-01
 -2.211320125621e-01   -5.347591843276e-02  -4.063924849987e+01   2.832671754423e-01
 -1.177319587370e-01   -3.585137307171e-02  -4.168622597439e+01   1.126941501553e+00
 -1.093964871016e-01   -2.987002294418e-03  -4.211747460071e+01   1.126941501553e+00
 -6.088310376285e-02   -2.022727556783e-02  -4.207201332206e+01   1.126941501553e+00
 -1.175747940735e-01   -3.590480289828e-02  -4.169276333675e+01   6.376577072236e-01
 -1.661640241390e-01   -3.641771743825e-03  -4.172297475835e+01   6.376577072236e-01
 -1.095143690338e-01   -2.839847855062e-03  -4.210432333291e+01   6.376577072236e-01
 -1.661479552266e-01   -3.562973076300e-03  -4.172302257139e+01  -4.740583409194e-01
 -1.152065213436e-01    3.017550712185e-02  -4.174082752612e+01  -4.740583409194e-01
 -1.095220749480e-01   -2.741550304138e-03  -4.210431088360e+01  -4.740583409194e-01
 -2.201949725757e-01   -5.329901304303e-02  -4.065159385431e+01  -1.401825038759e-01
 -1.990547896463e-01   -7.373923779063e-02  -3.992020390423e+01  -1.401825038759e-01
 -2.144298337734e-01   -6.810790738256e-02  -3.925971969488e+01  -1.401825038759e-01
 -1.815497303650e-01   -5.739400365160e-04  -3.993949885831e+01  -2.544277108718e+00
 -1.862107467322e-01   -4.256183264740e-02  -3.951442905771e+01  -2.544277108718e+00
 -1.039490042979e-01    4.006305996849e-04  -3.937276604112e+01  -2.544277108718e+00
 -1.819443355332e-01   -4.659894384686e-04  -3.995392128420e+01  -1.588317302125e+00
 -2.212525889785e-01   -5.333103524946e-02  -4.064551284881e+01  -1.588317302125e+00
 -1.859858501725e-01   -4.303977049248e-02  -3.950530087626e+01  -1.588317302125e+00
 -1.037222627850e-01   -3.467081256151e-04  -3.937100889922e+01  -2.636431121303e+00
 -1.035246959126e-01   -1.812222740876e-02  -3.907014450200e+01  -2.636431121303e+00
  9.476432270725e-05    4.782720156677e-04  -3.939718924975e+01  -2.636431121303e+00
 -1.040354240513e-01   -1.877954643237e-02  -3.906089769852e+01  -2.137501814879e+00
 -1.034646949509e-01    1.863651351100e-04  -3.938610628912e+01  -2.137501814879e+00
 -1.868160431545e-01   -4.233072446732e-02  -3.950456627187e+01  -2.137501814879e+00
 -1.316463951911e-01   -2.531533810504e-02  -3.808030074356e+01  -3.285935497364e+00
 -1.176117906192e-03    1.706811926561e-05  -3.624261972729e+01  -3.285935497364e+00
  2.991806006821e-04    3.275669740147e-05  -3.892226986261e+01  -3.285935497364e+00
 -7.605737665748e-04    7.539277847517e-05  -1.970648370934e+01  -2.092728785990e+00
 -5.330577624076e-05   -6.209433005323e-05  -2.112818234408e+01  -2.092728785990e+00
 -1.466142991486e-01    2.115548730976e-03  -2.120064049677e+01  -2.092728785990e+00
 -1.867213903492e-01   -4.265003859899e-02  -3.950131194485e+01  -2.088012455545e+00
 -1.834944661329e-01   -4.683189735112e-02  -3.872830594209e+01  -2.088012455545e+00
 -1.042762474850e-01   -1.847327370956e-02  -3.905756831011e+01  -2.088012455545e+00
 -1.263154999755e-01   -4.724898956082e-03  -2.135469116155e+01   2.104765799048e+00
  3.628140458456e-05    8.924078665928e-05  -2.121341437865e+01   2.104765799048e+00
 -6.811818505336e-04   -6.161594436205e-05  -1.986139248225e+01   2.104765799048e+00
 -2.138428796071e-01   -6.804381310852e-02  -3.927215240990e+01  -4.317637819681e-01
 -2.260654329233e-01   -7.379928824964e-02  -3.822517211804e+01  -4.317637819681e-01
 -2.064596391587e-01   -5.167577457943e-02  -3.768659276953e+01  -4.317637819681e-01
 -2.251948929894e-01   -7.390508769484e-02  -3.823685859733e+01   5.484117956876e-01
 -2.145114123189e-01   -6.803077221257e-02  -3.925923578844e+01   5.484117956876e-01
 -1.990798252887e-01   -7.389593310780e-02  -3.991821567418e+01   5.484117956876e-01
 -1.837171171129e-01   -4.691388403985e-02  -3.872571633124e+01  -1.957137665011e+00
 -2.057966033957e-01   -5.148543732562e-02  -3.770042729259e+01  -1.957137665011e+00
 -1.304686022684e-01   -2.545095028132e-02  -3.807548639075e+01  -1.957137665011e+00
 -2.057979256655e-01   -5.168192527210e-02  -3.769825628084e+01  -8.867485688184e-01
 -1.837553321170e-01   -4.687842628786e-02  -3.872553606836e+01  -8.867485688184e-01
 -2.143595247116e-01   -6.800462827191e-02  -3.925985747111e+01  -8.867485688184e-01
 -1.301407163370e-01   -2.551647879114e-02  -3.808445550045e+01  -1.837262845521e+00
 -2.061584102157e-01   -5.143982167098e-02  -3.769796274734e+01  -1.837262845521e+00
 -1.551136873394e-01   -2.340509150433e-02  -3.616254827433e+01  -1.837262845521e+00
 -1.839331418189e-01   -4.684082202097e-02  -3.872018040713e+01  -1.963690093693e+00
 -1.301933934404e-01   -2.551926979205e-02  -3.808382305591e+01  -1.963690093693e+00
 -1.037770679611e-01   -1.837834852560e-02  -3.907018753816e+01  -1.963690093693e+00
 -2.262674571402e-01   -7.383862982685e-02  -3.821836305875e+01   9.751823542262e-02
 -2.458929522435e-01   -5.538349139861e-02  -3.634575745877e+01   9.751823542262e-02
 -2.062499538894e-01   -5.164940725949e-02  -3.769270633530e+01   9.751823542262e-02
 -2.144334796138e-01   -6.791651080217e-02  -3.926111693255e+01  -1.217593959693e+00
 -1.836804937423e-01   -4.690438380656e-02  -3.872530054667e+01  -1.217593959693e+00
 -1.863441704798e-01   -4.278952514651e-02  -3.951050147304e+01  -1.217593959693e+00
 -2.205654956167e-01   -5.338532347717e-02  -4.064291189520e+01  -1.281984717772e+00
 -2.140427561798e-01   -6.793551232128e-02  -3.926622281473e+01  -1.281984717772e+00
 -1.866354937707e-01   -4.288158297108e-02  -3.950290215962e+01  -1.281984717772e+00
 -1.310127647045e-01   -2.543851033495e-02  -3.808923915048e+01  -3.780290837688e+00
 -1.543355493771e-01   -2.332994106536e-02  -3.615916843811e+01  -3.780290837688e+00
 -2.127735693575e-03    1.355314681345e-04  -3.622407169327e+01  -3.780290837688e+00
 -1.989535070153e-01   -7.393288663656e-02  -3.993138610560e+01   2.230718297691e+00
 -1.391504755449e-01   -5.872996561106e-02  -4.052787310432e+01   2.230718297691e+00
 -1.674041565846e-01   -6.518226208812e-02  -3.885473279351e+01   2.230718297691e+00
 -4.028594146307e-03   -1.076391748545e-04  -3.293606649535e+00   1.830091311967e+00
 -2.646670305550e-01   -3.268401511227e-03  -1.974013860889e+00   1.830091311967e+00
 -2.276698168861e-01   -5.855786524001e-03  -3.749280853141e+00   1.830091311967e+00
 -5.661639137545e-02   -1.963817382084e-03  -4.245850374764e+01   1.904191037393e+00
 -3.737321137680e-04   -5.498897989535e-04  -4.217716049320e+01   1.904191037393e+00
 -6.067157082357e-02   -1.987842064114e-02  -4.206798819327e+01   1.904191037393e+00
 -5.690060997280e-02   -1.994790792137e-03  -4.245649540057e+01   6.947495003852e-01
 -7.707426070724e-05    1.853171086219e-04  -4.249234350260e+01   6.947495003852e-01
 -1.375575120348e-04   -4.824099690499e-04  -4.218328883293e+01   6.947495003852e-01
 -6.079730916274e-02   -2.033533076601e-02  -4.208302539439e+01   4.250089511118e+00
 -7.746984550383e-04   -7.586654003096e-04  -4.114134138827e+01   4.250089511118e+00
 -7.131636216106e-02   -3.276746160685e-02  -4.096300957638e+01   4.250089511118e+00
 -8.678862919695e-02   -3.813569781120e-02  -3.929761578016e+01   5.634631719544e+00
 -7.166304916777e-02   -3.298519997895e-02  -4.097173777368e+01   5.634631719544e+00
 -1.885330032133e-04   -3.635573077829e-04  -4.111324870485e+01   5.634631719544e+00
 -8.766533749221e-02   -3.834857971220e-02  -3.930885817312e+01   4.051663067457e+00
 -1.676778118317e-01   -6.513495649286e-02  -3.883815239613e+01   4.051663067457e+00
 -1.389254343552e-01   -5.877746546092e-02  -4.055190936766e+01   4.051663067457e+00
 -8.717027366858e-02   -3.824811477329e-02  -3.931481311188e+01   3.758404699501e+00
 -1.393239438518e-01   -5.886054309563e-02  -4.054741682105e+01   3.758404699501e+00
 -7.151651649419e-02   -3.295898175520e-02  -4.096036948880e+01   3.758404699501e+00
 -4.185723701171e-04   -5.261029980297e-04  -4.114765533411e+01   3.068915711919e+00
 -6.110656852443e-02   -2.047588834349e-02  -4.207966764602e+01   3.068915711919e+00
 -2.489107823631e-05    6.689447403270e-05  -4.216137466087e+01   3.068915711919e+00
 -1.180658434263e-01   -3.617123337444e-02  -4.169375582391e+01   2.369279425545e+00
 -6.065516088036e-02   -2.000462552280e-02  -4.206590080399e+01   2.369279425545e+00
 -7.141910152694e-02   -3.306157966517e-02  -4.097744330502e+01   2.369279425545e+00
  2.079219263004e-04   -1.069289853588e-04  -4.111389684043e+01   6.010888799299e+00
 -5.436081481902e-04   -2.453331506559e-04  -3.938494390893e+01   6.010888799299e+00
 -8.722396898985e-02   -3.831141275950e-02  -3.929508417905e+01   6.010888799299e+00
 -1.376550956797e-01   -6.941163199567e-03  -3.058213175495e+01   3.886312817479e+00
 -6.776967613031e-04   -2.649652742929e-04  -2.708059926143e+01   3.886312817479e+00
 -1.257892558807e-01   -1.487789306815e-02  -2.777627135759e+01   3.886312817479e+00
 -2.644717912449e-01    5.093935478114e-03  -1.435197814190e+01  -1.422647953602e+00
 -7.904982405432e-03   -3.210272038124e-04  -1.587168973381e+01  -1.422647953602e+00
 -2.998227548155e-01    3.523536294813e-03  -1.610894740159e+01  -1.422647953602e+00
 -1.036753867312e-01    5.199468730102e-04  -3.991500984918e+01   2.826309151117e+00
 -4.670243626151e-04    2.949347118376e-04  -3.960138655301e+01   2.826309151117e+00
 -7.890350860011e-02    1.399866560812e-02  -3.950946860690e+01   2.826309151117e+00
 -1.049329763972e-01   -3.327725227894e-02  -3.718078569547e+01   7.930002783306e+00
 -1.854008003647e-04   -2.798939750860e-04  -3.715313805570e+01   7.930002783306e+00
 -6.214029937119e-04    1.881723707140e-04  -3.471554343806e+01   7.930002783306e+00
 -1.043204769577e-01   -3.369471349546e-02  -3.715418252866e+01   7.450370312513e+00
  1.211893412108e-04   -3.082282055656e-04  -3.936196076462e+01   7.450370312513e+00
 -5.026584506138e-04   -5.480072683988e-05  -3.717937015977e+01   7.450370312513e+00
 -1.048646673754e-01   -1.524641034489e-02  -2.558463557842e+01   3.081009567008e+00
 -1.680136823485e-04    1.511446740338e-04  -2.427241987479e+01   3.081009567008e+00
 -8.769579282073e-02   -1.181968303937e-02  -2.418781074455e+01   3.081009567008e+00
 -8.746877961238e-02   -3.813530504881e-02  -3.930707806994e+01   7.519026741902e+00
 -3.688522797705e-04   -5.305901987422e-04  -3.936254250634e+01   7.519026741902e+00
 -1.037342826822e-01   -3.351972400551e-02  -3.715512604360e+01   7.519026741902e+00
 -1.927096521683e-01   -1.491808794936e-02  -2.287135747687e+01   1.332365704933e+00
 -1.340628617970e-01   -9.656173095767e-03  -2.283541206409e+01   1.332365704933e+00
 -1.324852409132e-01   -4.928112189133e-03  -2.205588601778e+01   1.332365704933e+00
 -1.158064952292e-01   -1.899317483867e-02  -3.469870088043e+01   8.478911486175e+00
 -4.066208785404e-04   -3.341233626820e-04  -3.467369559039e+01   8.478911486175e+00
 -6.307653768419e-04    4.177235426324e-04  -3.207656458759e+01   8.478911486175e+00
 -1.677842531206e-01   -6.513939979648e-02  -3.885789914894e+01   4.978114268681e+00
 -1.045304486726e-01   -3.344550847626e-02  -3.717388321253e+01   4.978114268681e+00
 -1.957406210764e-01   -5.453694967201e-02  -3.677985911733e+01   4.978114268681e+00
 -1.040353031371e-01   -3.337562441786e-02  -3.717882345500e+01   4.747642996105e+00
 -1.681965599010e-01   -6.524083555369e-02  -3.885363063705e+01   4.747642996105e+00
 -8.733030788548e-02   -3.821100115796e-02  -3.929167984606e+01   4.747642996105e+00
 -2.542320576055e-01   -3.031358006080e-02  -3.428616149863e+01  -8.095583061185e-01
 -1.567139282615e-01   -2.361405875450e-02  -3.614525044852e+01  -8.095583061185e-01
 -2.474048189699e-01   -5.504565074332e-02  -3.632208603463e+01  -8.095583061185e-01
 -1.567960573190e-01   -2.333798060873e-02  -3.614246850452e+01  -1.258229838925e+00
 -2.052651638948e-01   -5.160733586393e-02  -3.771493889456e+01  -1.258229838925e+00
 -2.471481174354e-01   -5.523330575133e-02  -3.632916094002e+01  -1.258229838925e+00
 -2.467636377913e-01   -5.540762349551e-02  -3.632784860962e+01   1.900926473820e+00
 -2.254621866234e-01   -7.405380156584e-02  -3.825399628032e+01   1.900926473820e+00
 -1.961456606633e-01   -5.459699154224e-02  -3.678762773181e+01   1.900926473820e+00
 -1.961095311622e-01   -5.441077982946e-02  -3.676867563745e+01   2.482414542947e+00
 -2.149909491882e-01   -3.158183366286e-02  -3.450597366331e+01   2.482414542947e+00
 -2.469382939480e-01   -5.562847525471e-02  -3.634728095307e+01   2.482414542947e+00
 -1.963190431069e-01   -5.455696680115e-02  -3.679850268804e+01   5.312298187689e+00
 -1.041001664426e-01   -3.335363587868e-02  -3.715497294775e+01   5.312298187689e+00
 -1.152267793661e-01   -1.930553662473e-02  -3.469979573461e+01   5.312298187689e+00
 -1.680537359210e-01   -6.513667337337e-02  -3.882771178323e+01   2.495988365644e+00
 -1.954776200952e-01   -5.461313427501e-02  -3.680137904043e+01   2.495988365644e+00
 -2.260580635473e-01   -7.411199799768e-02  -3.823960887463e+01   2.495988365644e+00
 -1.151173231282e-01   -1.937375516227e-02  -3.467269611014e+01   5.612686495614e+00
 -1.198978837484e-01   -1.167264467066e-03  -3.207026906481e+01   5.612686495614e+00
 -2.159184785115e-01   -3.130822875249e-02  -3.450052530378e+01   5.612686495614e+00
 -1.150772191058e-01   -1.941787502201e-02  -3.467570904098e+01   9.080458222127e+00
 -1.043428316311e-01   -3.308895236381e-02  -3.718231693385e+01   9.080458222127e+00
 -1.207327748680e-03    3.252640379717e-05  -3.470946100302e+01   9.080458222127e+00
 -2.554988898298e-01   -3.017031383151e-02  -3.429070236032e+01   2.309225454795e+00
 -2.153447484348e-01   -3.118244547614e-02  -3.446866627453e+01   2.309225454795e+00
 -2.228248813235e-01   -2.729524893797e-03  -3.208455627731e+01   2.309225454795e+00
 -2.155491016557e-01   -3.148385550124e-02  -3.449175521337e+01   1.808466522118e+00
 -2.551761916290e-01   -2.988571889483e-02  -3.426752900866e+01   1.808466522118e+00
 -2.464094057366e-01   -5.562083218203e-02  -3.636212562674e+01   1.808466522118e+00
 -1.749302169885e-01   -1.000598920988e-02  -3.352817550510e+01  -9.395208262678e-01
 -2.546519214658e-01   -2.968294457422e-02  -3.427441798081e+01  -9.395208262678e-01
 -2.549425734825e-01   -2.678810196575e-03  -3.205877232428e+01  -9.395208262678e-01
 -2.549800275673e-01   -3.009691780451e-02  -3.427594415083e+01  -1.551258875442e+00
 -1.745301196532e-01   -9.629040967663e-03  -3.352681430616e+01  -1.551258875442e+00
 -1.556129281612e-01   -2.374726591828e-02  -3.616154812024e+01  -1.551258875442e+00
 -2.223229005091e-01   -2.426576038217e-03  -3.205048038442e+01   5.787824761209e+00
 -2.153619226553e-01   -3.122274405441e-02  -3.450360072999e+01   5.787824761209e+00
 -1.205872510830e-01   -1.157556853976e-03  -3.206830320183e+01   5.787824761209e+00
 -1.157285102166e-01   -1.937613957598e-02  -3.469518954973e+01   5.573983443643e+00
 -2.152544171193e-01   -3.140713745987e-02  -3.447970912726e+01   5.573983443643e+00
 -1.958680131225e-01   -5.443236745213e-02  -3.680292919002e+01   5.573983443643e+00
 -1.391417669089e-03    4.019278507087e-04  -3.207166158584e+01   9.514219827181e+00
 -1.195573596391e-01   -1.432078326407e-03  -3.204329114157e+01   9.514219827181e+00
 -1.151836512919e-01   -1.893321430877e-02  -3.469975261036e+01   9.514219827181e+00
 -1.746339007888e-01   -9.851348026366e-03  -3.353273000818e+01  -3.915798981668e+00
 -1.750113302255e-01    7.791694195564e-03  -3.055343777491e+01  -3.915798981668e+00
 -1.778893998491e-03    1.447254268189e-04  -3.163298496825e+01  -3.915798981668e+00
 -1.412780737721e-03   -4.002759144575e-04  -3.202133621421e+01   9.463776396637e+00
 -1.143659554076e-01    1.607112592480e-02  -2.942196540502e+01   9.463776396637e+00
 -1.195443466316e-01   -1.016837814859e-03  -3.205853192524e+01   9.463776396637e+00
 -6.059451873034e-02   -2.017419785992e-02  -4.207630486290e+01   7.108515722239e-01
 -1.097110770845e-01   -2.995475578683e-03  -4.211412925943e+01   7.108515722239e-01
 -5.658018361748e-02   -1.557214302000e-03  -4.244506697137e+01   7.108515722239e-01
 -1.097071884446e-01   -2.592532568951e-03  -4.211465520892e+01  -5.114793782936e-01
 -5.945576992065e-02    1.682286562325e-02  -4.209382530933e+01  -5.114793782936e-01
 -5.657113018617e-02   -1.669031446143e-03  -4.244465506145e+01  -5.114793782936e-01
 -7.117900862124e-04    2.382343558717e-04  -3.164435855680e+01  -4.368741907057e+00
 -3.834971355906e-04   -2.521981422406e-04  -3.621901356649e+01  -4.368741907057e+00
 -1.756146022718e-01   -9.997002285210e-03  -3.352868221833e+01  -4.368741907057e+00
 -1.062011310755e-01   -1.527301702486e-02  -2.558745094430e+01   3.543290580887e+00
 -8.846126615495e-04    7.357651462118e-06  -2.708921585052e+01   3.543290580887e+00
  1.683306971583e-04    4.643694730395e-06  -2.544520500887e+01   3.543290580887e+00
 -2.543562101733e-01   -5.024167495730e-04  -2.121320933190e+01   5.443221949284e-01
 -2.161232398458e-01   -4.151499007735e-03  -2.114470395248e+01   5.443221949284e-01
 -2.706164004457e-01   -2.631192560243e-03  -1.919905764326e+01   5.443221949284e-01
 -2.355674557948e-01   -2.278167443915e-02  -2.986621385357e+01  -1.971714618238e+00
 -2.051884486001e-01   -2.522217053050e-02  -2.976375237007e+01  -1.971714618238e+00
 -2.130450932305e-01    9.242133332417e-04  -3.215440497311e+01  -1.971714618238e+00
 -2.350692122540e-01   -2.268208623013e-02  -2.987900516682e+01   2.026709182009e+00
 -1.377542146035e-01   -6.479288909277e-03  -3.058756349408e+01   2.026709182009e+00
 -1.262310261116e-01   -1.531741067804e-02  -2.777550419508e+01   2.026709182009e+00
 -1.098172769949e-01   -1.608122129996e-02  -2.956456187356e+01  -8.998065244253e+00
 -1.107280428793e-03   -6.319017932693e-04  -2.956412789433e+01  -8.998065244253e+00
 -1.177089757742e-01    4.583121848502e-04  -3.219359123865e+01  -8.998065244253e+00
 -1.178695511468e-01    8.600318165625e-04  -3.216136479263e+01  -5.352379164445e+00
 -2.056345555913e-01   -2.537698059763e-02  -2.973380349125e+01  -5.352379164445e+00
 -1.099338503264e-01   -1.634138806745e-02  -2.958340995728e+01  -5.352379164445e+00
 -1.104567988543e-01   -1.636171453887e-02  -2.956107576957e+01  -5.201836709097e+00
 -2.050606975487e-01   -2.545636855798e-02  -2.975360502511e+01  -5.201836709097e+00
 -1.860636963146e-01   -4.605538956028e-02  -2.744915271498e+01  -5.201836709097e+00
 -1.527290683167e-03    6.237818033161e-06  -2.951519408079e+01  -8.532797197808e+00
 -1.095692108520e-01   -1.639799566149e-02  -2.958042776559e+01  -8.532797197808e+00
 -9.930224343139e-02   -2.889502628204e-02  -2.710578022719e+01  -8.532797197808e+00
 -2.353000771573e-01   -2.248217726932e-02  -2.988779141097e+01  -1.406447699421e+00
 -2.303840324490e-01   -4.394090018852e-02  -2.776674015303e+01  -1.406447699421e+00
 -2.053407973209e-01   -2.552912365043e-02  -2.974171385773e+01  -1.406447699421e+00
 -3.281578283791e-04   -4.633909790681e-05  -3.811493684328e+01   3.456756034419e+00
 -1.255381902711e-01    1.771598520751e-02  -3.656328069863e+01   3.456756034419e+00
 -9.853799192680e-02    1.911023049612e-02  -3.845439490637e+01   3.456756034419e+00
 -1.298993516085e-01   -4.908833371258e-02  -2.388981690919e+01  -2.003192736455e+00
 -1.580204859564e-01   -5.513994860911e-02  -2.546518810258e+01  -2.003192736455e+00
 -1.851805328236e-01   -5.820677206639e-02  -2.440355708410e+01  -2.003192736455e+00
 -2.309146149967e-01   -4.391785549905e-02  -2.778191596674e+01  -2.189516765907e+00
 -1.863339556768e-01   -4.599006816680e-02  -2.748342250151e+01  -2.189516765907e+00
 -2.047616251855e-01   -2.565411676064e-02  -2.972762197673e+01  -2.189516765907e+00
 -9.943844032466e-02   -2.918877827605e-02  -2.711467812900e+01  -4.603547842760e+00
 -1.859488996328e-01   -4.613527589378e-02  -2.747195437016e+01  -4.603547842760e+00
 -1.583948623879e-01   -5.510250390578e-02  -2.546284222283e+01  -4.603547842760e+00
 -9.900568935878e-02   -2.911105994914e-02  -2.713267118277e+01  -4.966809446157e+00
 -1.098915858816e-01   -1.631379680567e-02  -2.955604739787e+01  -4.966809446157e+00
 -1.865305050509e-01   -4.615942526792e-02  -2.745393223013e+01  -4.966809446157e+00
 -2.124397877239e-01   -5.899447045845e-02  -2.594703748409e+01  -2.242912761560e+00
 -1.586546424355e-01   -5.508143884103e-02  -2.549229764571e+01  -2.242912761560e+00
 -1.856798969115e-01   -4.621617893997e-02  -2.745122675829e+01  -2.242912761560e+00
 -7.932548710355e-04    1.553279340450e-04  -2.950946707320e+01  -7.493627366470e+00
 -9.993858110266e-02   -2.907154877323e-02  -2.710737651934e+01  -7.493627366470e+00
 -1.011124871792e-04   -2.466852370105e-04  -2.712951404240e+01  -7.493627366470e+00
 -2.307949851648e-01   -4.368665880636e-02  -2.780031629270e+01  -1.577928370861e+00
 -2.118754222911e-01   -5.895703897077e-02  -2.593217771046e+01  -1.577928370861e+00
 -1.863296586899e-01   -4.617806034912e-02  -2.746545304180e+01  -1.577928370861e+00
 -2.342190981280e-01   -2.290660941944e-02  -2.987106245482e+01   1.174578886853e+00
 -1.274288383292e-01   -1.517885828898e-02  -2.778908543219e+01   1.174578886853e+00
 -2.315625188850e-01   -4.333247483901e-02  -2.780467743443e+01   1.174578886853e+00
 -3.099579694111e-04    5.571648292687e-05  -3.428518449882e+01   4.541195709232e+00
 -5.774340142173e-04   -1.606860341228e-04  -3.168621263765e+01   4.541195709232e+00
 -1.367868008136e-01    7.092405414209e-03  -3.376384989832e+01   4.541195709232e+00
 -8.233876370284e-02   -3.280767944431e-02  -2.507809616703e+01  -4.384044991292e+00
 -9.897377911480e-02   -2.912657597614e-02  -2.710921299115e+01  -4.384044991292e+00
 -1.587845803927e-01   -5.519734710630e-02  -2.546748170243e+01  -4.384044991292e+00
 -9.930995598113e-02   -2.945348791740e-02  -2.713301611009e+01  -6.981738821613e+00
  5.426614335058e-05   -3.461653952118e-04  -2.498576296615e+01  -6.981738821613e+00
 -4.456994830642e-04   -2.992692884280e-05  -2.710411559449e+01  -6.981738821613e+00
 -4.791784078140e-04   -6.152619416458e-04  -2.498520989322e+01  -6.930822809666e+00
 -9.871619174135e-02   -2.927009751735e-02  -2.713175187739e+01  -6.930822809666e+00
 -8.239374501004e-02   -3.268211996890e-02  -2.506383087698e+01  -6.930822809666e+00
 -7.936680356227e-02    1.407584668389e-02  -3.950386824784e+01   2.642403355980e+00
  1.833807392371e-05    1.079803038209e-05  -3.961309381570e+01   2.642403355980e+00
 -2.572764997252e-04    2.482477869999e-05  -3.917379837866e+01   2.642403355980e+00
 -6.809970418395e-02   -2.940918114027e-02  -2.343138629526e+01  -4.702441303262e+00
  4.399687946892e-05   -4.443331686744e-05  -2.342143610954e+01  -4.702441303262e+00
 -6.580151887556e-04   -3.445379062976e-04  -2.494264126995e+01  -4.702441303262e+00
 -6.748567088709e-02   -2.905066992254e-02  -2.344603317199e+01  -3.786077271579e+00
  1.654081876874e-04    1.552257584985e-04  -2.232580320988e+01  -3.786077271579e+00
 -2.912816069444e-04   -2.348043749553e-04  -2.340678024030e+01  -3.786077271579e+00
 -8.754490534622e-02   -1.160023498123e-02  -2.418619385040e+01   2.914647749661e+00
 -2.065645694222e-04   -4.934998897086e-05  -2.426751833568e+01   2.914647749661e+00
  6.521162749458e-05    1.257064361433e-04  -2.289070286838e+01   2.914647749661e+00
 -6.768106368745e-02   -2.920339219524e-02  -2.342942703733e+01  -5.843299261303e+00
 -1.148506271715e-03   -6.096040756854e-04  -2.494870389348e+01  -5.843299261303e+00
 -8.201632228968e-02   -3.267969766349e-02  -2.507589697274e+01  -5.843299261303e+00
 -1.546650649744e-01    1.276613685743e-02  -2.290924860605e+01  -2.304168023988e+00
 -1.526666927571e-01    5.858951329118e-03  -2.198486941716e+01  -2.304168023988e+00
 -1.349171317065e-03    6.521317752243e-05  -2.290982857568e+01  -2.304168023988e+00
 -5.631751580631e-02   -1.610220827870e-02  -2.250115926625e+01  -2.097960239218e+00
 -6.727155471922e-02   -2.914894367104e-02  -2.343449981096e+01  -2.097960239218e+00
 -1.089745371212e-01   -2.863342345557e-02  -2.285133616991e+01  -2.097960239218e+00
 -1.300835861359e-01   -4.925360168305e-02  -2.386927737603e+01  -3.382694573862e+00
 -6.735427778767e-02   -2.903340385440e-02  -2.345104851085e+01  -3.382694573862e+00
 -8.227445572685e-02   -3.286044532020e-02  -2.505742191103e+01  -3.382694573862e+00
 -1.535099972016e-04   -5.025212468655e-04  -2.230780047761e+01  -5.328517827243e-01
 -5.316831352751e-02   -2.007860497024e-04  -2.214691741689e+01  -5.328517827243e-01
 -9.576035359630e-05    2.095407107170e-04  -2.202450436263e+01  -5.328517827243e-01
 -4.197068672908e-04   -6.192044906032e-04  -2.231284612645e+01  -1.560945565023e+00
 -5.618977933578e-02   -1.588894749214e-02  -2.249799607801e+01  -1.560945565023e+00
 -5.290140715061e-02   -1.478751350331e-04  -2.214395211541e+01  -1.560945565023e+00
 -1.021189647666e-01    4.427701045150e-04  -2.248649845078e+01  -5.431248833491e-01
 -5.292162973284e-02    2.357932556011e-04  -2.215588285758e+01  -5.431248833491e-01
 -5.614826111736e-02   -1.620195248730e-02  -2.248907788829e+01  -5.431248833491e-01
 -1.586408175901e-04   -2.928758583482e-04  -2.201836972931e+01   7.830141030406e-01
 -5.305455046249e-02    3.268827803674e-04  -2.215405889324e+01   7.830141030406e-01
 -5.705195707910e-02    1.678655164551e-02  -2.240594527600e+01   7.830141030406e-01
 -1.086673463555e-01   -2.860353155498e-02  -2.284718143146e+01  -2.411417603907e+00
 -6.762245195488e-02   -2.920802481310e-02  -2.344020093480e+01  -2.411417603907e+00
 -1.296375110892e-01   -4.902919233343e-02  -2.388067262157e+01  -2.411417603907e+00
 -5.638752272197e-02   -1.623049238017e-02  -2.249429008626e+01  -3.058271295550e+00
 -1.247288502712e-04    2.697664342070e-06  -2.232805422895e+01  -3.058271295550e+00
 -6.709690639650e-02   -2.889679333727e-02  -2.344375057831e+01  -3.058271295550e+00
 -8.272374363234e-02   -3.296689966355e-02  -2.506209629435e+01  -3.738995965100e+00
 -1.582582462902e-01   -5.507949704482e-02  -2.548202463258e+01  -3.738995965100e+00
 -1.297198142048e-01   -4.917210116565e-02  -2.386506237976e+01  -3.738995965100e+00
 -1.760524917320e-01    8.165517665770e-03  -3.055695200087e+01  -4.380024004887e+00
 -3.887645840735e-04    2.675744667794e-04  -2.715249992090e+01  -4.380024004887e+00
 -6.526533539909e-04   -1.744471077925e-04  -3.161992967826e+01  -4.380024004887e+00
 -2.312292528829e-01   -4.348841389927e-02  -2.779943260009e+01   1.630522975412e+00
 -1.276229427958e-01   -1.494357337899e-02  -2.778852835569e+01   1.630522975412e+00
 -1.877418536100e-01   -3.731000453434e-02  -2.621137178541e+01   1.630522975412e+00
 -1.551166018653e-01    1.304525053682e-02  -2.291244101119e+01  -2.377978608170e+00
 -7.816608363488e-04   -3.360108426651e-04  -2.291814297382e+01  -2.377978608170e+00
 -1.160789411362e-01    1.597307433192e-02  -2.433835537683e+01  -2.377978608170e+00
 -1.050754389686e-01   -1.538233970992e-02  -2.558697808047e+01   2.110200789519e+00
 -8.767453961544e-02   -1.176700966239e-02  -2.418742116035e+01   2.110200789519e+00
 -1.699476376692e-01   -3.232213770977e-02  -2.501863616254e+01   2.110200789519e+00
 -1.056287102446e-01   -1.533176844328e-02  -2.558500575356e+01   3.950018046971e+00
 -1.251804935640e-01   -1.500485940459e-02  -2.776998493131e+01   3.950018046971e+00
 -1.563170569628e-03    3.594231514545e-05  -2.709283956252e+01   3.950018046971e+00
 -1.883743552878e-01   -3.732402310777e-02  -2.622694466181e+01   9.296359394846e-01
 -1.696029665976e-01   -3.236513262459e-02  -2.501562677645e+01   9.296359394846e-01
 -2.008226818104e-01   -5.000222360806e-02  -2.480388246137e+01   9.296359394846e-01
 -1.696534798550e-01   -3.240073331437e-02  -2.501321598144e+01   2.229264293363e+00
 -1.882977757876e-01   -3.713832788354e-02  -2.622794806278e+01   2.229264293363e+00
 -1.054672364928e-01   -1.532371497425e-02  -2.559545492436e+01   2.229264293363e+00
 -1.751537410355e-01   -3.087768025418e-02  -2.412265751135e+01   1.118997605867e+00
 -2.007937826423e-01   -4.983176126419e-02  -2.480778738988e+01   1.118997605867e+00
 -1.695995783374e-01   -3.243503985077e-02  -2.501307183625e+01   1.118997605867e+00
 -1.890708556183e-01   -3.732108691385e-02  -2.623807931173e+01   6.112591810912e-01
 -2.002473499496e-01   -5.004818010759e-02  -2.479209139434e+01   6.112591810912e-01
 -2.124649384180e-01   -5.864934772596e-02  -2.596202691109e+01   6.112591810912e-01
 -1.693905865227e-01   -3.230592173725e-02  -2.501454194472e+01   2.036650377694e+00
 -8.833622106515e-02   -1.181735101500e-02  -2.419487791112e+01   2.036650377694e+00
 -1.755179034353e-01   -3.085743061269e-02  -2.412546266273e+01   2.036650377694e+00
 -1.050636831999e-01   -1.535688567200e-02  -2.558951095526e+01   2.144438116844e+00
 -1.887136865626e-01   -3.713167243088e-02  -2.622837927201e+01   2.144438116844e+00
 -1.259011297324e-01   -1.503890238450e-02  -2.776837098697e+01   2.144438116844e+00
 -1.350103256870e-01   -9.901703700219e-03  -2.284024204463e+01   2.388178480488e+00
 -8.742707692152e-02   -1.174764472513e-02  -2.418585712162e+01   2.388178480488e+00
 -2.328200220069e-04    2.550443893965e-04  -2.289580034560e+01   2.388178480488e+00
 -1.259361541358e-01   -4.697810533206e-03  -2.135296458600e+01   2.095516525837e+00
 -1.319326280137e-01   -4.847002153023e-03  -2.204862199454e+01   2.095516525837e+00
 -3.377723442049e-04    1.199125338752e-04  -2.121499871804e+01   2.095516525837e+00
 -2.159814747404e-01   -4.252006722222e-03  -2.115512970285e+01   1.289497482237e+00
 -1.323125717079e-01   -5.005838746953e-03  -2.205586452693e+01   1.289497482237e+00
 -1.259421483002e-01   -4.788394549470e-03  -2.135348508077e+01   1.289497482237e+00
 -1.344340615735e-01   -9.470228408022e-03  -2.284558709553e+01   1.516676498765e+00
 -1.925142804641e-01   -1.524878741673e-02  -2.285963613883e+01   1.516676498765e+00
 -1.748588472831e-01   -3.081689392610e-02  -2.411471785615e+01   1.516676498765e+00
 -2.487503680686e-01    1.177330886773e-03  -6.804587972262e+00   1.606545539718e+00
 -6.014468072098e-03    1.817831510492e-04  -5.070048736479e+00   1.606545539718e+00
 -2.991471938958e-01   -1.880508331187e-03  -5.198742331114e+00   1.606545539718e+00
 -2.023696677698e-01   -3.843291195036e-02  -2.371183087374e+01   9.955532995323e-01
 -2.003405986267e-01   -4.979525405740e-02  -2.480339641799e+01   9.955532995323e-01
 -1.755531386627e-01   -3.099162823080e-02  -2.412843324127e+01   9.955532995323e-01
 -2.294174997111e-01    1.565080558872e-03  -2.125511827924e+01  -1.259429350287e+00
 -1.531295605915e-01    5.890122013832e-03  -2.199856718782e+01  -1.259429350287e+00
 -2.080355114345e-01    1.733616966045e-02  -2.283718148038e+01  -1.259429350287e+00
 -1.341597282576e-01   -9.665140523024e-03  -2.283384647642e+01   1.992793448058e+00
 -1.754452353300e-01   -3.066024416791e-02  -2.412323536839e+01   1.992793448058e+00
 -8.827294125951e-02   -1.201175988088e-02  -2.418925123546e+01   1.992793448058e+00
 -7.743360193979e-05    7.286254929734e-05  -2.121551101348e+01   2.198698847686e+00
 -1.322054046074e-01   -4.823308036253e-03  -2.204725973821e+01   2.198698847686e+00
 -3.258627274494e-04    2.946140306441e-05  -2.191204836169e+01   2.198698847686e+00
 -2.203691962592e-03   -1.949305236999e-04  -1.986199470569e+01   1.697372910896e+00
 -2.738177551848e-01   -2.887393966878e-03  -1.922634812964e+01   1.697372910896e+00
 -1.257168194413e-01   -4.829814832484e-03  -2.136468037877e+01   1.697372910896e+00
 -1.621174383198e-01   -3.695677051929e-02  -2.336686736213e+01  -9.965465105938e-01
 -1.298632546431e-01   -4.906141599980e-02  -2.387828478429e+01  -9.965465105938e-01
 -1.850927484546e-01   -5.812571808661e-02  -2.441484940762e+01  -9.965465105938e-01
 -2.116544469937e-01   -5.877586201990e-02  -2.594797436475e+01  -4.805249393525e-01
 -2.007952536377e-01   -5.001508758663e-02  -2.480811927918e+01  -4.805249393525e-01
 -1.853207610333e-01   -5.815237689702e-02  -2.441717443947e+01  -4.805249393525e-01
 -1.019030530553e-01    5.755346471172e-04  -2.249624765648e+01  -4.934347729909e-01
 -1.085207547041e-01   -2.840842133874e-02  -2.285112095896e+01  -4.934347729909e-01
 -1.525504217745e-01    1.273066827652e-03  -2.294757692037e+01  -4.934347729909e-01
 -1.088495562400e-01   -2.851700394664e-02  -2.286410387125e+01  -1.431448741551e+00
 -1.293984893369e-01   -4.905135142510e-02  -2.386895690881e+01  -1.431448741551e+00
 -1.624647801078e-01   -3.692421035845e-02  -2.337494056111e+01  -1.431448741551e+00
 -1.521617136622e-01    1.228654347609e-03  -2.294012681200e+01  -3.528480628456e-01
 -1.089028742285e-01   -2.842276543043e-02  -2.285836290287e+01  -3.528480628457e-01
 -1.623415599660e-01   -3.686899255329e-02  -2.338113840667e+01  -3.528480628456e-01
 -1.086842559647e-01   -2.838430514099e-02  -2.285815783906e+01  -8.991783943555e-01
 -1.017866098928e-01    4.554000186303e-04  -2.248346643406e+01  -8.991783943555e-01
 -5.646989885076e-02   -1.626722395395e-02  -2.249321823578e+01  -8.991783943555e-01
 -1.845025195684e-01   -5.788228533093e-02  -2.440275626807e+01  -3.368883347913e-01
 -2.027194547870e-01   -3.846511335690e-02  -2.372472853328e+01  -3.368883347913e-01
 -1.629690090027e-01   -3.716001078179e-02  -2.339481436881e+01  -3.368883347913e-01
 -1.846698082801e-01   -5.819703477835e-02  -2.439045534240e+01  -1.472550327149e+00
 -1.586293458148e-01   -5.514274501081e-02  -2.547773486423e+01  -1.472550327149e+00
 -2.123693683049e-01   -5.889506515668e-02  -2.596196201222e+01  -1.472550327149e+00
 -2.019946040095e-01   -3.795217070544e-02  -2.371160145277e+01   9.607382448053e-01
 -1.930720826904e-01   -1.514348156112e-02  -2.286753392874e+01   9.607382448053e-01
 -2.216617153491e-01   -1.159149098614e-02  -2.273087813428e+01   9.607382448053e-01
 -1.852520412680e-01   -5.795924884778e-02  -2.441564739897e+01   6.112040470936e-02
 -2.007447323615e-01   -5.007612422121e-02  -2.480675850474e+01   6.112040470937e-02
 -2.019267387282e-01   -3.828867736514e-02  -2.370515913569e+01   6.112040470936e-02
 -2.002772592834e-01    2.041234503674e-02  -2.322583087676e+01   9.261259362503e-02
 -1.528731877485e-01    1.297483292204e-03  -2.296105001219e+01   9.261259362503e-02
 -1.965521608536e-01   -1.654382537916e-02  -2.323134397879e+01   9.261259362503e-02
 -1.524858725384e-01    9.860691446335e-04  -2.295383743862e+01  -1.576124086656e-01
 -1.621830796814e-01   -3.662197749002e-02  -2.337922927580e+01  -1.576124086656e-01
 -1.968339941984e-01   -1.642126223638e-02  -2.323872373900e+01  -1.576124086656e-01
 -2.220708295449e-01   -1.163765019666e-02  -2.273776282303e+01   1.253425541231e-01
 -1.972895905216e-01   -1.673321156474e-02  -2.324296952876e+01   1.253425541231e-01
 -2.015854008240e-01   -3.815198996443e-02  -2.370634481776e+01   1.253425541231e-01
 -2.224808660405e-01   -1.203079698092e-02  -2.273529566105e+01   3.765495548350e-01
 -2.326599129491e-01    2.446419890532e-03  -2.268758499636e+01   3.765495548350e-01
 -1.970725824983e-01   -1.617754191330e-02  -2.324462853620e+01   3.765495548350e-01
 -2.508261111942e-01   -2.019604504929e-03  -2.202918652006e+01   2.715912085939e-01
 -2.327990605666e-01    2.086626177183e-03  -2.268846867827e+01   2.715912085939e-01
 -2.221075081016e-01   -1.164908416312e-02  -2.272825209761e+01   2.715912085939e-01
 -1.963419354488e-01   -1.633387905582e-02  -2.322331083424e+01   2.399289695680e-01
 -1.629929054277e-01   -3.682845994973e-02  -2.339460344116e+01   2.399289695680e-01
 -2.026582748370e-01   -3.869249783734e-02  -2.372241597406e+01   2.399289695680e-01
 -1.750834884530e-01   -3.116077753698e-02  -2.411518845145e+01   8.587989476621e-01
 -1.924395222425e-01   -1.506764586280e-02  -2.285659761472e+01   8.587989476621e-01
 -2.027996103874e-01   -3.821259564603e-02  -2.371952521770e+01   8.587989476621e-01
 -1.018877877577e-01    6.852335883478e-04  -2.249559722568e+01   6.324010644095e-01
 -1.525677409508e-01    1.296868963470e-03  -2.294839118465e+01   6.324010644095e-01
 -1.105785775505e-01    3.007674923375e-02  -2.281474014532e+01   6.324010644095e-01
 -2.742139980619e-01   -5.887928238220e-04  -8.105915536701e+00  -1.405848663603e+00
 -7.836875866038e-03   -3.218556576996e-04  -8.245602303749e+00  -1.405848663603e+00
 -2.756137765644e-01   -7.178595971394e-04  -1.024602424540e+01  -1.405848663603e+00
 -1.887583527880e-01   -3.729826707470e-02  -2.623411972755e+01   1.064429227642e-01
 -2.127378168271e-01   -5.870138506049e-02  -2.596731366010e+01   1.064429227642e-01
 -2.299041186937e-01   -4.367215667165e-02  -2.778320305342e+01   1.064429227642e-01
 -1.972855128278e-01   -1.918613193207e-03   2.775882050319e-03  -1.921616104960e+00
 -2.612195588695e-04    2.580246218668e-05  -4.898858765892e-03  -1.921616104960e+00
 -9.968458312512e-04   -4.573248531195e-05  -1.371377762119e+00  -1.921616104960e+00
 -5.297945194474e-02    1.404245544762e-04  -2.215773824289e+01   6.439035265926e-01
 -1.021032061961e-01    7.821268700111e-04  -2.248713248533e+01   6.439035265926e-01
 -5.710333297069e-02    1.717344277083e-02  -2.240539114952e+01   6.439035265926e-01
 -8.681756527537e-02    3.462483596072e-02  -2.493396794163e+01   6.509559016207e+00
 -6.602384237424e-04    6.098259726696e-05  -2.696585176415e+01   6.509559016207e+00
 -5.388893854486e-05    1.868657572984e-04  -2.494722196505e+01   6.509559016207e+00
 -1.265686100069e-01   -4.942804249706e-03  -2.136312321192e+01   1.275940492737e+00
 -2.719475601409e-01   -2.767713252463e-03  -1.921500233718e+01   1.275940492737e+00
 -2.154263312802e-01   -4.205199575444e-03  -2.114063178547e+01   1.275940492737e+00
 -6.025623013581e-04   -1.836442972783e-04  -2.939589994734e+01   7.664499358459e+00
 -3.025321471336e-04    3.255152412461e-04  -2.700669040447e+01   7.664499358459e+00
 -1.028500490951e-01    2.909507075761e-02  -2.700289349891e+01   7.664499358459e+00
  1.030607560016e-04    9.718251192043e-05  -2.426918619622e+01   3.502522000248e+00
 -1.052470493146e-01   -1.518618190963e-02  -2.558638971326e+01   3.502522000248e+00
 -2.633588023202e-04   -3.546680382983e-05  -2.544625176415e+01   3.502522000248e+00
 -8.633387523509e-02    3.441954965856e-02  -2.493189540364e+01   7.781377926269e+00
 -1.020297788636e-01    2.925152904540e-02  -2.702570593459e+01   7.781377926269e+00
 -1.152312279011e-03    2.594500396434e-04  -2.697286354238e+01   7.781377926269e+00
 -1.161799706561e-03   -5.154258865469e-05  -2.940258863279e+01   8.895725890019e+00
 -1.023401400327e-01    2.896244209688e-02  -2.700053342362e+01   8.895725890019e+00
 -1.142570949061e-01    1.654080828120e-02  -2.944637926401e+01   8.895725890019e+00
 -4.260111227818e-04    1.601926784907e-04  -2.492613862557e+01   5.759488723389e+00
  2.000789336009e-04    1.049472120470e-04  -2.329462156415e+01   5.759488723389e+00
 -8.608854467256e-02    3.464922571420e-02  -2.495556271698e+01   5.759488723389e+00
 -2.692971238296e-01    5.963123492740e-03  -1.446899714895e+01   2.954657572042e-01
 -2.330365506013e-01    5.850196787482e-03  -1.460036575252e+01   2.954657572042e-01
 -2.104797327548e-01    3.638762692771e-03  -1.292398245683e+01   2.954657572042e-01
 -5.743983628667e-02    1.736857456194e-02  -2.240193348123e+01   3.987410388492e+00
 -6.869541422493e-02    2.888145443149e-02  -2.342646670027e+01   3.987410388492e+00
 -8.190853955665e-04    7.104426071996e-04  -2.327053058545e+01   3.987410388492e+00
 -1.832979032374e-04    2.357315504190e-04  -2.237788544130e+01   1.733354178461e+00
  7.104518200547e-05   -3.471313964267e-04  -2.201352155654e+01   1.733354178461e+00
 -5.737524289740e-02    1.687064483864e-02  -2.240897392193e+01   1.733354178461e+00
 -8.590687097291e-02    3.452462654926e-02  -2.493831543754e+01   3.576554262114e+00
 -6.892752006906e-02    2.907163243891e-02  -2.342917141565e+01   3.576554262114e+00
 -1.342257915450e-01    5.104221361102e-02  -2.383230754293e+01   3.576554262114e+00
 -8.559716428717e-02    3.445741984170e-02  -2.495394613854e+01   5.364566775691e+00
 -2.042431910730e-04    3.459663215670e-04  -2.329566566304e+01   5.364566775691e+00
 -6.904908609201e-02    2.907943991440e-02  -2.341876482649e+01   5.364566775691e+00
 -1.107336945457e-01    3.030351566773e-02  -2.280918842382e+01   2.623185971721e+00
 -1.337880846097e-01    5.084102474983e-02  -2.384285912045e+01   2.623185971721e+00
 -6.921316018526e-02    2.925446271093e-02  -2.341690732308e+01   2.623185971721e+00
 -1.022313665691e-01    2.926798638183e-02  -2.700450564835e+01   4.566866076253e+00
 -8.598265726197e-02    3.446240389321e-02  -2.495763972531e+01   4.566866076253e+00
 -1.652198536608e-01    5.747975414145e-02  -2.539616784408e+01   4.566866076253e+00
 -6.884025387940e-02    2.915862576810e-02  -2.341271244892e+01   2.216825073340e+00
 -5.722754794001e-02    1.704832062458e-02  -2.241840583724e+01   2.216825073340e+00
 -1.110509664887e-01    3.035313098971e-02  -2.281288824765e+01   2.216825073340e+00
 -4.553354345604e-04    4.926287675020e-04  -2.326510732954e+01   2.789962261552e+00
  3.214963171874e-05   -9.814557819956e-05  -2.238424769351e+01   2.789962261552e+00
 -5.777078850532e-02    1.750592178035e-02  -2.240357605595e+01   2.789962261552e+00
 -1.380904927186e-01    2.050425890063e-02  -2.576699862328e+01  -3.767273148447e+00
 -1.913561352768e-03   -6.471940578930e-05  -2.716010815875e+01  -3.767273148447e+00
 -1.594363787987e-01    1.890198142082e-02  -2.786988277778e+01  -3.767273148447e+00
 -1.646734567921e-01    5.735330936644e-02  -2.541059947694e+01   3.895970708817e+00
 -8.634369548373e-02    3.459840170261e-02  -2.494374687564e+01   3.895970708817e+00
 -1.338620230988e-01    5.097484698552e-02  -2.382797301747e+01   3.895970708817e+00
 -2.146852681452e-01    2.599269594553e-02  -2.962000467904e+01   5.746687108013e+00
 -2.223207142032e-01   -2.203244052678e-03  -3.205918449000e+01   5.746687108013e+00
 -1.205780806650e-01   -1.305468991652e-03  -3.203376308163e+01   5.746687108013e+00
 -2.145873138885e-01    2.616571716514e-02  -2.964378716849e+01   5.482937002323e+00
 -1.148644839560e-01    1.647528898577e-02  -2.942772767800e+01   5.482937002323e+00
 -1.942235342823e-01    4.775985259809e-02  -2.736643499648e+01   5.482937002323e+00
 -2.235001934756e-01   -2.050096815273e-03  -3.203533722717e+01   1.678424969479e+00
 -2.556790287022e-01    2.454022136411e-02  -2.979751080088e+01   1.678424969479e+00
 -2.548711307380e-01   -2.522845418546e-03  -3.206089600182e+01   1.678424969479e+00
 -1.755929529051e-01    7.886825831856e-03  -3.055899779778e+01  -9.600194134057e-01
 -2.549112361206e-01   -2.075559699268e-03  -3.204677675847e+01  -9.600194134057e-01
 -2.555246093796e-01    2.399479923955e-02  -2.982586489088e+01  -9.600194134057e-01
 -2.554852634053e-01   -2.381188344777e-03  -3.205283800636e+01  -1.588467771219e+00
 -1.750002633516e-01    8.169441318144e-03  -3.055219215459e+01  -1.588467771219e+00
 -1.744179295926e-01   -1.029924612448e-02  -3.353519249149e+01  -1.588467771219e+00
 -2.235320347111e-01   -2.610410644006e-03  -3.207459023956e+01   1.710032530239e+00
 -2.548569010229e-01   -2.240380020120e-03  -3.204273968559e+01   1.710032530239e+00
 -2.548749109400e-01   -3.022324378991e-02  -3.430338479815e+01   1.710032530239e+00
 -2.563196115047e-01    2.444878048040e-02  -2.981009068592e+01   2.317790684101e+00
 -2.227761481444e-01   -1.894478867577e-03  -3.202550060435e+01   2.317790684101e+00
 -2.147045966776e-01    2.592837185367e-02  -2.965503945909e+01   2.317790684101e+00
 -1.198890581986e-01   -1.271989070896e-03  -3.203146402430e+01   5.589918444439e+00
 -1.142792276277e-01    1.648954925308e-02  -2.944948097888e+01   5.589918444439e+00
 -2.152359637070e-01    2.605580568625e-02  -2.962339972447e+01   5.589918444439e+00
 -2.480005804892e-01    4.721860999968e-02  -2.778149215497e+01   1.865668926173e+00
 -1.944877197337e-01    4.790600024525e-02  -2.738211224392e+01   1.865668926173e+00
 -2.248859437308e-01    6.316614264936e-02  -2.592225438884e+01   1.865668926173e+00
 -1.946713194880e-01    4.786996923595e-02  -2.737111925288e+01   5.237205470786e+00
 -1.143625054181e-01    1.641986270623e-02  -2.942288075994e+01   5.237205470786e+00
 -1.021945848497e-01    2.925113255721e-02  -2.702738697373e+01   5.237205470786e+00
 -2.550221954389e-01    2.460282586782e-02  -2.981604733888e+01  -8.094753281226e-01
 -2.487170070870e-01    4.687015944106e-02  -2.778570351014e+01  -8.094753281226e-01
 -1.617167649065e-01    1.917987610189e-02  -2.788488307901e+01  -8.094753281226e-01
 -2.560392432801e-01    2.416201118699e-02  -2.983250116945e+01   1.751311795244e+00
 -2.148693865141e-01    2.622699074830e-02  -2.963273076471e+01   1.751311795244e+00
 -2.476116883279e-01    4.747103776640e-02  -2.774803079624e+01   1.751311795244e+00
 -1.650514361432e-01    5.733735726082e-02  -2.542192930033e+01   2.483540816992e+00
 -2.254497381206e-01    6.319873602377e-02  -2.593700304710e+01   2.483540816992e+00
 -1.938360933052e-01    4.794454016445e-02  -2.736795249592e+01   2.483540816992e+00
 -2.558120744382e-01    2.436680114589e-02  -2.982462048957e+01  -1.593412666847e+00
 -1.605749736834e-01    1.932990000600e-02  -2.787106278758e+01  -1.593412666847e+00
 -1.752402324769e-01    7.574520656730e-03  -3.055998953947e+01  -1.593412666847e+00
 -2.484302024347e-01    4.703639881489e-02  -2.778015688449e+01  -1.278157491920e+00
 -2.110843872945e-01    4.270213292646e-02  -2.628971070436e+01  -1.278157491920e+00
 -1.618416170513e-01    1.892491883589e-02  -2.788532521556e+01  -1.278157491920e+00
 -2.481369705248e-01    4.744641169524e-02  -2.776307374824e+01   2.484341850091e+00
 -2.143016636372e-01    2.635302521840e-02  -2.961850105257e+01   2.484341850091e+00
 -1.944780537595e-01    4.771635856052e-02  -2.740011232876e+01   2.484341850091e+00
 -1.026951724068e-01    2.934818987639e-02  -2.700926407942e+01   4.885653101014e+00
 -1.648358994964e-01    5.738350932238e-02  -2.539170471376e+01   4.885653101014e+00
 -1.940701862398e-01    4.784810178722e-02  -2.738899256086e+01   4.885653101014e+00
 -1.165259831478e-01    1.604941749286e-02  -2.434178743795e+01  -3.082195676234e+00
 -4.428241331481e-04   -1.444365704958e-04  -2.434005671795e+01  -3.082195676234e+00
 -1.378073266031e-01    2.044345599178e-02  -2.576982251725e+01  -3.082195676234e+00
 -1.938056996729e-01    6.202299610981e-02  -2.439452526531e+01   2.198073839056e+00
 -1.644350688855e-01    5.739605352750e-02  -2.539533428206e+01   2.198073839056e+00
 -1.340529031795e-01    5.092489303730e-02  -2.385066707583e+01   2.198073839056e+00
 -6.560445950939e-04   -4.047179443385e-04  -3.201622785037e+01   8.394238010971e+00
 -3.738286036766e-04    3.117653117599e-04  -2.943862986426e+01   8.394238010971e+00
 -1.149845913527e-01    1.611719356894e-02  -2.942319533892e+01   8.394238010971e+00
 -1.521751108181e-01    1.335290118909e-03  -2.294066547477e+01   5.243506114049e-01
 -1.665414916394e-01    3.996397692812e-02  -2.336539985637e+01   5.243506114049e-01
 -1.109629998733e-01    3.009466086863e-02  -2.282243906457e+01   5.243506114049e-01
 -5.741366719730e-02    1.721982466983e-02  -2.241115183636e+01   1.027927077212e+00
 -1.017774089587e-01    7.817087862856e-04  -2.248361231394e+01   1.027927077212e+00
 -1.107241375120e-01    3.007127613694e-02  -2.282075105092e+01   1.027927077212e+00
 -1.932933605522e-01    6.201438809958e-02  -2.438153825535e+01   1.700063390733e+00
 -2.253591455921e-01    6.309689929262e-02  -2.595161698865e+01   1.700063390733e+00
 -1.650400256850e-01    5.739681181057e-02  -2.540795148975e+01   1.700063390733e+00
 -1.340350832475e-01    5.090524298172e-02  -2.383940790971e+01   1.199102137158e+00
 -1.663360338182e-01    4.005618526025e-02  -2.335147930493e+01   1.199102137158e+00
 -1.937079493679e-01    6.194054441616e-02  -2.440526944678e+01   1.199102137158e+00
 -2.144883505878e-01    4.316202535267e-02  -2.374813145501e+01   5.030533976117e-01
 -1.931433536825e-01    6.170752853661e-02  -2.439389294017e+01   5.030533976117e-01
 -1.671609317689e-01    4.025934015604e-02  -2.337883021960e+01   5.030533976117e-01
 -1.939339944522e-01    6.197294378778e-02  -2.440744444235e+01   6.907009953053e-01
 -2.165258170858e-01    5.541907114816e-02  -2.485281036533e+01   6.907009953053e-01
 -2.246584364182e-01    6.298012509863e-02  -2.593823109964e+01   6.907009953053e-01
 -2.144078787703e-01    4.336111993147e-02  -2.374466274095e+01  -5.405828375381e-02
 -1.672042616098e-01    3.994334495159e-02  -2.337941764502e+01  -5.405828375381e-02
 -2.000834146101e-01    2.021575864855e-02  -2.321769019387e+01  -5.405828375381e-02
 -1.335688333964e-01    5.088451470145e-02  -2.383042848157e+01   1.588924409264e+00
 -1.108905640648e-01    3.018879296276e-02  -2.282760180561e+01   1.588924409264e+00
 -1.666850654515e-01    4.002941062756e-02  -2.335954496816e+01   1.588924409264e+00
 -1.544671137510e-01    1.287700514034e-02  -2.290664771530e+01  -1.273916163924e+00
 -2.085947891351e-01    1.757902922728e-02  -2.284325557090e+01  -1.273916163924e+00
 -1.526102249219e-01    5.749655395627e-03  -2.199118666232e+01  -1.273916163924e+00
 -2.759649369637e-01   -2.521305902490e-03  -1.922808848994e+01   1.667132470022e+00
 -1.513008620295e-03   -3.877341816156e-04  -1.983730178254e+01   1.667132470022e+00
 -2.627163516245e-03    3.072267160293e-04  -1.766760834409e+01   1.667132470022e+00
 -2.137752837532e-01    4.261301509632e-02  -2.373484072398e+01  -8.557633932898e-01
 -2.311276776636e-01    1.406577265177e-02  -2.278158975742e+01  -8.557633932898e-01
 -2.088490492623e-01    1.773945060028e-02  -2.284976484140e+01  -8.557633932898e-01
 -2.133544902005e-01    4.276585714554e-02  -2.372803924058e+01   1.652667372997e-02
 -2.009976181227e-01    2.067233471264e-02  -2.323647192616e+01   1.652667372997e-02
 -2.314756121444e-01    1.420111653924e-02  -2.278842866055e+01   1.652667372997e-02
 -2.318128146444e-01    1.399155436357e-02  -2.279198983624e+01   6.035757003562e-03
 -2.326211291129e-01    2.206544090812e-03  -2.268871166433e+01   6.035757003562e-03
 -2.511163015167e-01   -2.167770411129e-03  -2.202918601629e+01   6.035757003562e-03
 -2.164644555341e-01    5.547226534938e-02  -2.485119091425e+01   1.339788687517e-01
 -1.938868898493e-01    6.179390079647e-02  -2.440637709520e+01   1.339788687517e-01
 -2.137067105689e-01    4.298204010207e-02  -2.372938255437e+01   1.339788687517e-01
 -2.300239582868e-01    1.804436816607e-03  -2.126144202468e+01  -3.659856879412e-01
 -2.317671395729e-01    1.386481325923e-02  -2.279638285883e+01  -3.659856879412e-01
 -2.514345169971e-01   -2.046157727376e-03  -2.202816750549e+01  -3.659856879412e-01
 -2.318743372209e-01    1.463073280437e-02  -2.278862051526e+01  -1.828508562388e-01
 -2.008143393108e-01    2.008744153875e-02  -2.323688769332e+01  -1.828508562388e-01
 -2.326441119660e-01    1.727700042204e-03  -2.268964420384e+01  -1.828508562388e-01
 -1.664064209023e-01    3.971424901723e-02  -2.336402511000e+01   3.073978598891e-01
 -1.524707216789e-01    1.588978064680e-03  -2.295364563546e+01   3.073978598891e-01
 -2.005690821698e-01    2.030966905553e-02  -2.323345306075e+01   3.073978598891e-01
 -1.953693706196e-01    3.677057911044e-02  -2.420848593628e+01  -7.186383427578e-01
 -2.146149264032e-01    4.287612112264e-02  -2.374390553468e+01  -7.186383427578e-01
 -2.082079806971e-01    1.773376112361e-02  -2.283969417480e+01  -7.186383427578e-01
 -2.165341710388e-01    5.525099653433e-02  -2.485259459601e+01  -9.048838424695e-01
 -1.954914151129e-01    3.646385087903e-02  -2.421572670866e+01  -9.048838424695e-01
 -1.928790817800e-01    3.819767053291e-02  -2.512294122465e+01  -9.048838424695e-01
 -2.160835600179e-01    5.520689631818e-02  -2.484832462386e+01  -8.257515733280e-01
 -2.141384863152e-01    4.310349041324e-02  -2.373559070713e+01  -8.257515733280e-01
 -1.958797089572e-01    3.658828297695e-02  -2.422132409918e+01  -8.257515733280e-01
 -2.116293658229e-01    4.254550841979e-02  -2.630533883742e+01  -1.954135981239e+00
 -1.929298231697e-01    3.817159326542e-02  -2.512343796430e+01  -1.954135981239e+00
 -1.380009455836e-01    2.052633561289e-02  -2.577640486018e+01  -1.954135981239e+00
 -1.929037441936e-01    3.813651819096e-02  -2.512574108387e+01  -7.010323527761e-01
 -2.116760740679e-01    4.272391226116e-02  -2.630451223888e+01  -7.010323527761e-01
 -2.165288631387e-01    5.541375536590e-02  -2.484846905075e+01  -7.010323527761e-01
 -1.164997478596e-01    1.603813609499e-02  -2.434226958072e+01  -1.900920493889e+00
 -1.377433758638e-01    2.059055945764e-02  -2.576915453263e+01  -1.900920493889e+00
 -1.931933282746e-01    3.809461941373e-02  -2.512906009507e+01  -1.900920493889e+00
 -2.120639354966e-01    4.253781001054e-02  -2.630584162342e+01  -1.835217202995e+00
 -1.375114693057e-01    2.055816915486e-02  -2.577081691653e+01  -1.835217202995e+00
 -1.601102520870e-01    1.899039900828e-02  -2.786677196878e+01  -1.835217202995e+00
 -1.927012652770e-01    3.807458604286e-02  -2.512514731936e+01  -1.883771660147e+00
 -1.958528540584e-01    3.643740176996e-02  -2.421814152540e+01  -1.883771660147e+00
 -1.170567763484e-01    1.609186334389e-02  -2.434895545139e+01  -1.883771660147e+00
 -2.159635341290e-01    5.545850325337e-02  -2.483709896335e+01  -3.508611580390e-01
 -2.123623416174e-01    4.272034223852e-02  -2.631515975634e+01  -3.508611580390e-01
 -2.254739560454e-01    6.285763655138e-02  -2.595194529141e+01  -3.508611580390e-01
 -1.548334678531e-01    1.264885296599e-02  -2.291428262949e+01  -1.454517952431e+00
 -1.951825407008e-01    3.640496477208e-02  -2.420990550518e+01  -1.454517952431e+00
 -2.082805861831e-01    1.795222446722e-02  -2.283982959189e+01  -1.454517952431e+00
 -1.459259629515e-01    2.109852380816e-03  -2.120982809874e+01  -2.129679844343e+00
 -6.100626792279e-04   -1.075993640053e-04  -2.112321781505e+01  -2.129679844343e+00
 -1.526575200979e-01    5.737180511937e-03  -2.199629173190e+01  -2.129679844343e+00
 -1.458635421924e-01    2.105274739489e-03  -2.120120820604e+01  -1.188692913959e+00
 -2.295739092760e-01    1.721297597444e-03  -2.124959942181e+01  -1.188692913959e+00
 -2.015757932145e-01    2.661680793689e-03  -1.991280176301e+01  -1.188692913959e+00
 -6.046345580439e-04    1.116660390014e-04  -2.290177642874e+01  -2.186215600534e+00
 -1.532828488448e-01    5.827901532250e-03  -2.199148261795e+01  -2.186215600534e+00
 -1.255700612331e-04   -1.102484230897e-04  -2.111965350189e+01  -2.186215600534e+00
 -1.961098876023e-01   -1.870336237315e-03  -1.476512904366e-03  -6.506636477921e-01
 -2.327552882229e-01   -2.216574075113e-03  -1.496012521817e+00  -6.506636477921e-01
 -2.633625878556e-01   -6.064073181800e-04  -1.599694229883e-02  -6.506636477921e-01
  2.631989938645e-04    3.122954541553e-04  -3.941221002600e+01  -2.597191426323e+00
 -1.038344181748e-01   -1.792556890976e-02  -3.906545047534e+01  -2.597191426323e+00
 -4.151414335092e-04   -1.747236383628e-04  -3.891212555719e+01  -2.597191426323e+00
 -2.315324377742e-01    3.037522353106e-03  -1.774006220834e+01   1.767716965088e+00
 -2.738887151887e-01   -2.302392883426e-03  -1.922296972718e+01   1.767716965088e+00
 -3.935371449772e-03    3.542032043740e-04  -1.766774247376e+01   1.767716965088e+00
 -1.543754728687e-01    1.281805632125e-02  -2.290380786318e+01  -1.852902133309e+00
 -1.168482550872e-01    1.627261171377e-02  -2.434218918360e+01  -1.852902133309e+00
 -1.958871430899e-01    3.625090315009e-02  -2.421707032678e+01  -1.852902133309e+00
 -2.729501673117e-01   -4.717090401009e-04  -8.102464637499e+00  -3.499298127610e-02
 -2.510782636567e-01    1.175013666676e-03  -6.791288877125e+00  -3.499298127610e-02
 -2.403782814182e-01   -1.264037122247e-03  -6.524563076229e+00  -3.499298127610e-02
  1.765798501390e-04   -6.354610029478e-05  -2.432659153929e+01  -3.458360988247e+00
 -9.587199708466e-04    1.944145654532e-05  -2.714350379086e+01  -3.458360988247e+00
 -1.387140565077e-01    2.039015454680e-02  -2.577377903231e+01  -3.458360988247e+00
 -2.602303918086e-01    1.274564796921e-03  -1.800074640713e+01  -1.849488187968e+00
 -4.446945592368e-03    3.538412362367e-04  -1.972111985588e+01  -1.849488187968e+00
 -1.998120490466e-01    2.734102810044e-03  -1.990004428629e+01  -1.849488187968e+00
 -2.257198144052e-01    6.290992530694e-02  -2.595693783172e+01   1.698284701618e-01
 -2.120850504252e-01    4.269443176885e-02  -2.631150942684e+01   1.698284701618e-01
 -2.471317513907e-01    4.721266022069e-02  -2.776456720403e+01   1.698284701618e-01
 -2.328722672072e-01    2.081446492903e-03  -2.269826538578e+01   7.957547143921e-02
 -2.003778585475e-01    1.974204693762e-02  -2.323088529119e+01   7.957547143921e-02
 -1.966153987974e-01   -1.587498584254e-02  -2.323641033690e+01   7.957547143921e-02
 -1.110685759868e-03    2.888588480513e-04  -2.715828925619e+01  -3.629545055368e+00
 -1.753626674432e-01    8.162150493490e-03  -3.055376840984e+01  -3.629545055368e+00
 -1.599915478125e-01    1.872248722177e-02  -2.787192777635e+01  -3.629545055368e+00
 -2.710770421785e-01   -2.514536477847e-03  -1.918843288268e+01  -4.797982098596e-01
 -2.045424462149e-01    2.663410137050e-03  -1.990775337293e+01  -4.797982098596e-01
 -2.545496511868e-01   -5.886146395256e-04  -2.122890388835e+01  -4.797982098596e-01
 -2.348133629012e-01   -2.232679066621e-02  -2.988005656019e+01   1.436250155559e+00
 -2.328601179360e-01    1.011965954840e-03  -3.217719417082e+01   1.436250155559e+00
 -1.380899160072e-01   -6.773236223186e-03  -3.058778430195e+01   1.436250155559e+00
 -2.399854106828e-03   -1.058983501745e-04  -1.368849051493e+00  -1.765601056223e+00
 -2.333822649626e-01   -2.202333003596e-03  -1.485682178588e+00  -1.765601056223e+00
 -1.960101092889e-01   -1.899133216662e-03   6.281804397554e-03  -1.765601056223e+00
 -2.539026210350e-01   -6.172244818579e-04  -2.122227014557e+01  -3.314754131471e-01
 -2.300942559145e-01    1.870999560849e-03  -2.125872672028e+01  -3.314754131471e-01
 -2.512329829505e-01   -2.008498204248e-03  -2.202697889847e+01  -3.314754131471e-01
 -3.029914230040e-01   -2.339860727368e-03  -5.197180682138e+00  -1.347900580387e+00
 -2.494214739916e-01   -3.871577563212e-03  -3.092615371451e+00  -1.347900580387e+00
 -9.588653672058e-03    1.863869836167e-04  -4.795282208530e+00  -1.347900580387e+00
 -2.552997138036e-01   -5.710010735251e-04  -2.123127637377e+01  -3.834260698338e-01
 -2.033810766305e-01    2.643153991130e-03  -1.991166712415e+01  -3.834260698338e-01
 -2.286511660200e-01    1.761928410409e-03  -2.125843808429e+01  -3.834260698338e-01
 -2.016692638434e-01    2.589473133606e-03  -1.987852154457e+01  -4.044764989129e-01
 -2.729552092113e-01   -2.248764900471e-03  -1.918416908684e+01  -4.044764989129e-01
 -2.583127020336e-01    1.307386736369e-03  -1.798905077685e+01  -4.044764989129e-01
 -2.509645906529e-01   -2.072298147121e-03  -2.202674721968e+01   7.572738939623e-01
 -2.220281303937e-01   -1.164022105169e-02  -2.272866165268e+01   7.572738939623e-01
 -1.923570291561e-01   -1.498569019347e-02  -2.286770230174e+01   7.572738939623e-01
 -2.162711529266e-01   -4.118768321737e-03  -2.115263105823e+01   5.494098437415e-01
 -2.542277802450e-01   -5.148237257965e-04  -2.122233283735e+01   5.494098437415e-01
 -2.507397580871e-01   -2.182339011422e-03  -2.203340000001e+01   5.494098437415e-01
 -1.921014361294e-01   -1.477429974181e-02  -2.287128811813e+01   1.185186566890e+00
 -1.334850238641e-01   -5.139959515565e-03  -2.206242626034e+01   1.185186566890e+00
 -2.515265675258e-01   -2.308962343909e-03  -2.202833264839e+01   1.185186566890e+00
 -2.422711382640e-04    1.620120924604e-04  -2.190244981381e+01   2.250216444319e+00
 -1.351247919981e-01   -9.552567332472e-03  -2.283905877606e+01   2.250216444319e+00
 -3.079149804825e-04   -5.449755915533e-05  -2.289188511680e+01   2.250216444319e+00
 -1.344748208088e-01   -9.523041328693e-03  -2.283664165468e+01   2.261813026266e+00
 -7.049197633580e-04    1.994270022812e-04  -2.190686427788e+01   2.261813026266e+00
 -1.319759186690e-01   -4.952405986752e-03  -2.205164220978e+01   2.261813026266e+00
 -2.294632518819e-01    1.540395997332e-03  -2.125783018981e+01  -6.260682377655e-01
 -2.079231316682e-01    1.740728223469e-02  -2.283570700162e+01  -6.260682377655e-01
 -2.320394832048e-01    1.408868867098e-02  -2.279711919455e+01  -6.260682377655e-01
 -1.457663914955e-01    2.081833631971e-03  -2.120683106067e+01  -1.257852145571e+00
 -1.526354089340e-01    5.829271752856e-03  -2.200212109267e+01  -1.257852145571e+00
 -2.299298096444e-01    1.719948340695e-03  -2.125458193277e+01  -1.257852145571e+00
 -2.327209701823e-01   -1.941971880078e-03  -1.502144752146e+00  -2.053481300187e-01
 -2.506420854146e-01   -4.081861607211e-03  -3.183505408314e+00  -2.053481300187e-01
 -2.639532121201e-01   -3.378494825707e-03  -1.971303372818e+00  -2.053481300187e-01
 -3.734982784657e-03   -1.844233052976e-04  -1.585340635152e+01  -1.748750058344e+00
 -2.675189511484e-01    4.837674998699e-03  -1.438972506765e+01  -1.748750058344e+00
 -1.616291617424e-04   -1.541760670122e-04  -1.409566613151e+01  -1.748750058344e+00
 -7.129411846432e-03    1.186318238622e-04  -1.603236697249e+01   1.417391751338e+00
 -3.028298358713e-01    3.350181765796e-03  -1.612721509144e+01   1.417391751338e+00
 -2.320119197980e-01    2.861054929052e-03  -1.779877519932e+01   1.417391751338e+00
 -3.004142669734e-01    3.409577916497e-03  -1.613365154015e+01  -1.399020645648e+00
 -7.557820171352e-03   -1.475320230060e-04  -1.596561921175e+01  -1.399020645648e+00
 -2.595359723374e-01    1.086585019803e-03  -1.808282733521e+01  -1.399020645648e+00
 -2.386704284063e-01   -7.845060672362e-05  -9.226434061578e+00   3.671545904188e-01
 -2.777386430384e-01   -8.533843035133e-04  -1.017433003110e+01   3.671545904188e-01
 -2.379750919171e-01   -2.782261927196e-03  -1.115445872999e+01   3.671545904188e-01
 -2.404753142880e-01   -1.332596144258e-03  -6.528487906288e+00  -1.747922915805e+00
  9.593916977763e-05    2.866999644490e-05  -6.512238952992e+00  -1.747922915805e+00
 -2.835510036803e-03   -1.173287761309e-04  -8.163124265007e+00  -1.747922915805e+00
 -2.119758102836e-01    3.654113539010e-03  -1.289881311637e+01   4.775098898024e-01
 -2.773129603974e-01    3.674461052309e-03  -1.227993346259e+01   4.775098898024e-01
 -2.675155848461e-01    5.907249511777e-03  -1.447586909179e+01   4.775098898024e-01
 -2.753983469492e-01   -6.968624983123e-04  -1.007144928618e+01  -1.359638633110e+00
 -8.847287286369e-03    4.329473083679e-04  -1.224668198135e+01  -1.359638633110e+00
 -2.797820016441e-01    3.484942496395e-03  -1.227106806301e+01  -1.359638633110e+00
 -2.369823816780e-01   -6.437006597170e-05  -9.204239943060e+00   3.831118018783e-01
 -2.475863299512e-01    1.065343180840e-03  -6.783590870302e+00   3.831118018783e-01
 -2.753710573660e-01   -2.910103950423e-04  -8.095547976740e+00   3.831118018783e-01
 -2.803934479423e-01    3.908666585050e-03  -1.232037883328e+01  -1.322529876603e+00
 -8.028945970579e-03    5.868934502245e-05  -1.233528031686e+01  -1.322529876603e+00
 -2.650306494941e-01    5.329361968724e-03  -1.451687964323e+01  -1.322529876603e+00
 -2.664325266843e-01   -3.010734989496e-03  -1.971687387305e+00   1.723742173068e+00
 -2.637602032459e-03   -1.971586393575e-04  -3.288806163390e+00   1.723742173068e+00
 -1.646276376868e-03    2.682042690245e-04  -1.237021969036e+00   1.723742173068e+00
 -3.058066242905e-03    2.340422151832e-04  -3.024996915434e+00  -1.689646204771e+00
 -2.505578528418e-01   -3.654331108227e-03  -3.166541181738e+00  -1.689646204771e+00
 -2.330728247575e-01   -2.087569530639e-03  -1.490327920706e+00  -1.689646204771e+00
 -1.442692486975e-03    1.210244962392e-04  -3.026721192635e+00  -1.783892682608e+00
 -2.347724451872e-01   -2.139264733734e-03  -1.486760839749e+00  -1.783892682608e+00
 -1.178273941473e-03   -1.206205295749e-04  -1.380210367921e+00  -1.783892682608e+00
 -2.618234914605e-01   -5.335158433159e-04  -1.627368085618e-02  -2.313038827005e-01
 -2.343246337293e-01   -2.255372758111e-03  -1.488217794849e+00  -2.313038827005e-01
 -2.621660611099e-01   -2.915315766307e-03  -1.968692356948e+00  -2.313038827005e-01
  1.839768460438e-04   -5.979133733164e-05  -6.465440812963e+00  -1.747242601516e+00
 -2.401024640082e-01   -1.278789339050e-03  -6.610864219590e+00  -1.747242601516e+00
 -4.056247168425e-03   -1.347999543153e-05  -4.906902623462e+00  -1.747242601516e+00
 -2.527657947614e-01   -4.341288654222e-03  -3.183841428011e+00   1.743835559197e-01
 -2.975467746178e-01   -2.249727362312e-03  -5.229595781499e+00   1.743835559197e-01
 -2.302926577248e-01   -6.061660195308e-03  -3.800850340275e+00   1.743835559197e-01
 -2.523441476198e-01   -3.571064982886e-03  -3.132199022314e+00  -1.707995269825e+00
 -9.302623352521e-04    2.045673168464e-04  -3.055033000204e+00  -1.707995269825e+00
 -4.177707329218e-03    1.240937294801e-04  -4.788690881788e+00  -1.707995269825e+00
 -2.536476998486e-01   -4.371985991041e-03  -3.179324747443e+00   1.652937761990e-01
 -2.299363586387e-01   -6.083999324367e-03  -3.751786349269e+00   1.652937761990e-01
 -2.619418960291e-01   -3.405939577094e-03  -1.946513074382e+00   1.652937761990e-01
 -8.180231174710e-04   -1.097646336628e-04  -3.282307400449e+00   1.901440993797e+00
 -2.299125146793e-01   -5.596785001195e-03  -3.729180182138e+00   1.901440993797e+00
 -1.837862526196e-03    1.943569548720e-04  -4.995411227909e+00   1.901440993797e+00
 -5.602862549464e-03    3.575041367717e-04  -5.006918441122e+00   1.591153992453e+00
 -2.278764553038e-01   -5.663993717828e-03  -3.716904010501e+00   1.591153992453e+00
 -2.995229582386e-01   -2.039717051468e-03  -5.203285654610e+00   1.591153992453e+00
 -2.628043399740e-01    1.229462550980e-03  -1.801598176675e+01  -1.813077988836e+00
 -5.019764022872e-04   -1.740292386591e-04  -1.784135301600e+01  -1.813077988836e+00
 -2.448834093801e-03    2.134427060336e-04  -1.970995633895e+01  -1.813077988836e+00
 -2.339941992562e-01    2.764425634336e-03  -1.775598584181e+01   1.978293874416e-01
 -2.610709711160e-01    1.214686148713e-03  -1.800454354296e+01   1.978293874416e-01
 -2.705570484308e-01   -2.155193020636e-03  -1.922444142548e+01   1.978293874416e-01
 -9.240865166779e-04   -4.260147782071e-05  -1.399499009490e+01   1.834303978429e+00
 -2.356619565549e-01    5.594755008128e-03  -1.452770582154e+01   1.834303978429e+00
 -2.530154215758e-03   -3.997765076115e-05  -1.597344206066e+01   1.834303978429e+00
 -2.605310395746e-01    1.109497748230e-03  -1.800287949551e+01   2.716970906883e-01
 -2.349015569220e-01    2.749271122354e-03  -1.771645845954e+01   2.716970906883e-01
 -2.983495728156e-01    3.333932141842e-03  -1.611412790174e+01   2.716970906883e-01
 -2.339906579002e-01    3.091201226230e-03  -1.776815972870e+01   1.777448083162e+00
 -7.357560165507e-04    2.056152213583e-04  -1.766649292248e+01   1.777448083162e+00
 -2.885217523215e-03    6.814269754037e-05  -1.604710631086e+01   1.777448083162e+00
 -2.442407820767e-03    7.649460062994e-05  -5.074806315643e+00   1.903560943060e+00
 -2.514025931263e-01    1.158749777575e-03  -6.796477761532e+00   1.903560943060e+00
 -2.633268693721e-04   -7.444058385983e-06  -7.091980237209e+00   1.903560943060e+00
 -3.764541150808e-04   -8.510317198101e-05  -1.781638824567e+01  -1.810345272893e+00
 -2.624303528024e-01    1.042726434466e-03  -1.805671013800e+01  -1.810345272893e+00
 -3.445643307871e-03   -9.563643382381e-05  -1.597210976706e+01  -1.810345272893e+00
 -2.409801556796e-01   -1.209447242576e-03  -6.550404526324e+00  -1.553694918587e-01
 -2.501497940490e-01    1.207015234472e-03  -6.732063701381e+00  -1.553694918587e-01
 -2.976033513447e-01   -1.901141071806e-03  -5.185338110910e+00  -1.553694918587e-01
 -8.878157237263e-03   -5.116287040789e-06  -4.887423848693e+00  -1.232284271045e+00
 -2.373750089800e-01   -1.183252693175e-03  -6.661914670255e+00  -1.232284271045e+00
 -3.034933012430e-01   -2.120440126877e-03  -5.213434204924e+00  -1.232284271045e+00
 -2.383761475670e-01   -1.284073733963e-03  -6.481152696646e+00  -1.368512446584e+00
 -6.480695924500e-03   -2.822176668362e-04  -8.177358025875e+00  -1.368512446584e+00
 -2.752888776378e-01   -6.378838086107e-04  -8.074946638524e+00  -1.368512446584e+00
 -2.388041797141e-01   -2.120469559030e-04  -9.226920566913e+00   1.877729281003e+00
 -2.381411309046e-01   -2.582108976848e-03  -1.115147807073e+01   1.877729281003e+00
 -3.529511079038e-03    2.067409321673e-05  -1.061445990460e+01   1.877729281003e+00
 -2.790048341603e-01   -7.023550038197e-04  -1.019993314933e+01  -1.641711662855e+00
 -3.880675251643e-03   -1.906817242568e-04  -8.265205673541e+00  -1.641711662855e+00
 -5.584755119705e-04    8.349360883793e-05  -1.024130773744e+01  -1.641711662855e+00
 -4.532606085131e-04    3.851597824126e-05  -7.100648890106e+00   1.901951893881e+00
 -2.506705955825e-01    1.045754351159e-03  -6.786058795533e+00   1.901951893881e+00
 -2.114187122096e-03   -8.693106198575e-05  -8.790847801811e+00   1.901951893881e+00
 -2.346619832955e-01    5.946286145919e-03  -1.461311091919e+01   3.501715179342e-01
 -2.660474675071e-01    5.602056845055e-03  -1.444114987439e+01   3.501715179342e-01
 -2.975213810874e-01    3.411966201346e-03  -1.610635995898e+01   3.501715179342e-01
 -7.470178538058e-03    3.244789971232e-06  -1.597184446535e+01   1.495273695423e+00
 -2.324502115578e-01    5.614521227360e-03  -1.450511241435e+01   1.495273695423e+00
 -3.023628441715e-01    3.472737047560e-03  -1.610872088105e+01   1.495273695423e+00
 -2.262123500691e-03   -1.516979913424e-04  -1.396981062606e+01   1.861813090616e+00
 -2.080840044857e-01    3.248072829277e-03  -1.294684221615e+01   1.861813090616e+00
 -2.343708781518e-01    5.786572171735e-03  -1.454889050385e+01   1.861813090616e+00
 -2.088239848459e-01    2.809213046176e-03  -1.296612682217e+01   2.028773441232e+00
 -6.411683072664e-04    4.831599042951e-06  -1.396604084198e+01   2.028773441232e+00
 -8.068741600636e-04   -1.851771035186e-04  -1.252343370137e+01   2.028773441232e+00
 -1.255257588323e-03    9.428783222628e-05  -1.060763245852e+01   1.899893489148e+00
 -2.402571294774e-01   -2.634909955451e-03  -1.115574982367e+01   1.899893489148e+00
 -1.403958599712e-03   -8.046140975781e-05  -1.252030701960e+01   1.899893489148e+00
 -2.394020018186e-01   -2.994818295120e-03  -1.118928801146e+01   3.341016960249e-01
 -2.756785573439e-01   -8.600878430005e-04  -1.012367722778e+01   3.341016960249e-01
 -2.778956693165e-01    3.310593516541e-03  -1.226433285644e+01   3.341016960249e-01
 -4.325983880731e-03    2.775556808884e-04  -1.222924236166e+01  -1.642687193369e+00
 -2.789099848951e-01   -5.286452319471e-04  -1.011922944265e+01  -1.642687193369e+00
 -4.763862360781e-04   -2.725482830775e-06  -1.028845696376e+01  -1.642687193369e+00
 -6.312595686199e-05   -2.860493255477e-04  -1.405210375014e+01  -1.750322236425e+00
 -2.676163076191e-01    4.969008042412e-03  -1.446360731006e+01  -1.750322236425e+00
 -3.658814830522e-03    7.699395798023e-06  -1.234520765237e+01  -1.750322236425e+00
 -2.378896158723e-01   -2.775718367327e-03  -1.116785022567e+01   1.897741348652e+00
 -2.065458334211e-01    2.795740265961e-03  -1.296912451207e+01   1.897741348652e+00
 -3.304711493661e-03   -2.388282480671e-04  -1.252515682794e+01   1.897741348652e+00
 -2.369250145913e-01   -2.997936051198e-03  -1.117791891209e+01   6.126189429477e-01
 -2.797446990713e-01    3.529193973858e-03  -1.225725309633e+01   6.126189429477e-01
 -2.074303063336e-01    3.154554507926e-03  -1.294509386149e+01   6.126189429477e-01
 -2.403535446827e-01   -2.580474348210e-04  -9.223591096574e+00   1.876486771996e+00
 -1.591860916420e-03   -1.974273060838e-05  -1.061724253890e+01   1.876486771996e+00
 -1.236277106670e-03   -5.052564825035e-05  -8.783939734377e+00   1.876486771996e+00
 -2.482703053715e-01    1.047198162874e-03  -6.782745158485e+00   1.837089182167e+00
 -2.368778891285e-01   -1.465223897777e-04  -9.209515535434e+00   1.837089182167e+00
 -4.289359308726e-03   -1.289874563648e-04  -8.790277220220e+00   1.837089182167e+00
 -2.755353545243e-01   -7.762342192721e-04  -1.021761671615e+01   3.318611656278e-01
 -2.403279398693e-01    2.837785772037e-05  -9.201302211685e+00   3.318611656278e-01
 -2.729881863898e-01   -3.591306128179e-04  -8.104592794234e+00   3.318611656278e-01
