
 -1.094391933160e-03    1.330057550577e-03  -1.338746125190e+02   7.561730715093e+00
 -3.418003346935e-01    1.222709402825e-03  -1.349267776233e+02   7.561730715093e+00
  1.908152738501e-04   -5.473778071591e-04  -1.342654696945e+02   7.561730715093e+00
 -4.152078194947e-01    5.769665536370e-02  -1.236921670834e+02   1.380256838357e+01
  2.903305543708e-04    2.807722262076e-05  -1.288796755902e+02   1.380256838357e+01
 -1.151889459276e-03   -3.354871520324e-05  -1.234913456647e+02   1.380256838357e+01
 -3.415101991125e-01   -7.321980819185e-04  -1.349353249534e+02   7.993252576761e+00
 -5.580609898836e-01    1.200528721237e-01  -1.347229685018e+02   7.993252576761e+00
 -5.971591119574e-01    1.631543976765e-03  -1.368243810119e+02   7.993252576761e+00
 -5.602884985170e-01    1.189611416724e-01  -1.346887939449e+02   7.552223122697e+00
 -3.396719782803e-01    3.490543751258e-04  -1.349886646679e+02   7.552223122697e+00
 -2.614675034990e-01    4.744681127348e-02  -1.335263152575e+02   7.552223122697e+00
 -6.939145635748e-01    1.487176888550e-01  -1.378365638004e+02   5.321022070985e+00
 -5.974156791385e-01    1.641443659900e-03  -1.368936808627e+02   5.321022070985e+00
 -5.583606673906e-01    1.209945744011e-01  -1.346819166682e+02   5.321022070985e+00
 -8.625607410435e-01   -8.799106873651e-03  -6.780442052508e+00   5.721319911286e+00
 -1.169511808183e-02    7.170411966663e-04  -4.290864026249e+00   5.721319911286e+00
 -6.304836944133e-01    8.934058200845e-03   3.467413671868e-02   5.721319911286e+00
 -2.621123021223e-01    4.672042744730e-02  -1.335171404097e+02   7.228001228206e+00
 -5.363550021445e-01    1.298086753753e-01  -1.320780318303e+02   7.228001228206e+00
 -5.602465330244e-01    1.196745724216e-01  -1.346738038070e+02   7.228001228206e+00
 -8.256423918881e-01   -7.756418235077e-03  -7.540469080180e+01   3.270102155532e+00
 -4.387995703045e-01   -1.692851030676e-02  -7.551807466162e+01   3.270102155532e+00
 -7.076074684831e-01   -1.365455061446e-02  -7.243255014981e+01   3.270102155532e+00
 -3.240373562385e-01    6.313527329976e-02  -1.300049489815e+02   6.924716791057e+00
 -4.155226870808e-01    5.796825080879e-02  -1.236876941725e+02   6.924716791057e+00
 -6.072163358337e-01    1.433370222756e-01  -1.284535386759e+02   6.924716791057e+00
 -1.183457515093e-03   -2.592575346945e-04  -1.323896969730e+02   9.936693108921e+00
 -3.229966300499e-01    6.281127065125e-02  -1.300266014329e+02   9.936693108921e+00
 -2.612520169575e-01    4.706994992143e-02  -1.335513451066e+02   9.936693108921e+00
 -5.371217365538e-01    1.298966314018e-01  -1.320666080746e+02   3.483437762578e+00
 -6.061701963425e-01    1.441081686048e-01  -1.284590576750e+02   3.483437762578e+00
 -6.586025503200e-01    1.952751031201e-01  -1.334897581045e+02   3.483437762578e+00
 -6.060685058757e-01    1.434483865268e-01  -1.284615455688e+02   7.386566173877e+00
 -5.370937609523e-01    1.300153893802e-01  -1.320713888285e+02   7.386566173877e+00
 -3.252802068631e-01    6.303649344832e-02  -1.299849288460e+02   7.386566173877e+00
 -7.012592357502e-01    2.169363438479e-01  -1.298828982475e+02   2.159356700022e+00
 -6.567775465997e-01    1.954022259165e-01  -1.335303864373e+02   2.159356700022e+00
 -6.084807462676e-01    1.440886766350e-01  -1.284215522280e+02   2.159356700022e+00
 -5.369971075211e-01    1.300649740461e-01  -1.320689749956e+02   4.460037979566e+00
 -6.586967223524e-01    1.948776432420e-01  -1.334898335213e+02   4.460037979566e+00
 -5.591384015001e-01    1.199974469333e-01  -1.346978647229e+02   4.460037979566e+00
 -7.019894664988e-01    2.171034856657e-01  -1.298610478090e+02   4.525067999100e-01
 -6.077433071738e-01    1.439628232531e-01  -1.284407404911e+02   4.525067999100e-01
 -7.531011142303e-01    1.596389157340e-01  -1.237135169683e+02   4.525067999100e-01
 -3.239911914633e-01    6.331764149588e-02  -1.300174896942e+02   7.126167521415e+00
 -5.378829247477e-01    1.297234486053e-01  -1.320543226511e+02   7.126167521415e+00
 -2.605520097118e-01    4.674798182169e-02  -1.335577689980e+02   7.126167521415e+00
 -1.246491044018e-03    3.378687541589e-04  -1.074798361504e+02   1.508368910907e+01
 -6.628251888835e-04   -6.007160628162e-04  -9.229734922416e+01   1.508368910907e+01
 -4.540378854239e-01   -2.347248584456e-02  -1.039037654293e+02   1.508368910907e+01
 -6.920868835193e-01    1.490319367866e-01  -1.378273035974e+02   4.483398243737e+00
 -5.602921955078e-01    1.203064585951e-01  -1.346712368286e+02   4.483398243737e+00
 -6.573056408340e-01    1.949287773944e-01  -1.335070432445e+02   4.483398243737e+00
 -7.693294101677e-01    3.249186889744e-03  -1.402080133300e+02   2.989020638436e+00
 -6.899568551077e-01    1.476522864263e-01  -1.378216752170e+02   2.989020638436e+00
 -7.104901035417e-01    6.559713900169e-02  -1.409312276255e+02   2.989020638436e+00
 -7.674271935504e-01    9.193920845697e-04  -1.401688293536e+02   6.652566156294e+00
 -5.991265614063e-01    8.963661635927e-04  -1.368800027329e+02   6.652566156294e+00
 -6.918386449932e-01    1.488227268025e-01  -1.378559665764e+02   6.652566156294e+00
 -7.702669808872e-01    3.143090033683e-03  -1.402433548105e+02   3.120148314883e+00
 -7.098893778530e-01    6.491464876715e-02  -1.409255178846e+02   3.120148314883e+00
 -8.528450861569e-01   -1.058475146205e-03  -1.427066359968e+02   3.120148314883e+00
 -7.071783783501e-01    6.275956704467e-02  -1.409292971456e+02   1.584440486637e+00
 -6.938616081420e-01    1.497727954869e-01  -1.378134527328e+02   1.584440486637e+00
 -5.713078685307e-01    1.368508719263e-01  -1.392380594871e+02   1.584440486637e+00
 -5.450720935312e-01   -1.061710972230e-02  -1.407978435338e+02  -3.256355292923e-01
 -7.089304115789e-01    6.294032326140e-02  -1.408716103441e+02  -3.256355292923e-01
 -5.684745212031e-01    1.358605172219e-01  -1.392817341845e+02  -3.256355292923e-01
 -7.081316881173e-01    6.071339293681e-02  -1.409068888435e+02   1.009487622426e+00
 -7.188730530855e-01   -7.760485177659e-02  -1.408293223592e+02   1.009487622426e+00
 -8.536432512619e-01    2.763455275348e-03  -1.426995394435e+02   1.009487622426e+00
 -6.938532999438e-01    1.492566121321e-01  -1.378020856150e+02  -5.007267365557e-01
 -6.228037154936e-01    2.157614724576e-01  -1.353824328313e+02  -5.007267365557e-01
 -5.712968597281e-01    1.378250367096e-01  -1.392446657099e+02  -5.007267365557e-01
 -4.798710989345e-01    6.878741820205e-03  -7.260923630353e+01  -6.139117969403e+00
 -6.619376537627e-01    9.226295942060e-03  -6.821475309732e+01  -6.139117969403e+00
 -7.411688278349e-03    7.308464621813e-04  -6.748571891991e+01  -6.139117969403e+00
 -4.419927856758e-01    1.750836913512e-01  -1.371711685637e+02  -6.634866460466e+00
 -6.252300818534e-01    2.167100431769e-01  -1.353877933362e+02  -6.634866460466e+00
 -5.277591468830e-01    1.964680322751e-01  -1.317417313074e+02  -6.634866460466e+00
 -6.255516980957e-01    2.160199340479e-01  -1.353500317397e+02   9.492278090626e-01
 -6.907903692593e-01    1.486957647680e-01  -1.378512241582e+02   9.492278090626e-01
 -6.586577797781e-01    1.955911057181e-01  -1.334886441671e+02   9.492278090626e-01
 -1.955559239997e-01    5.480659421025e-02  -1.418792904274e+02  -7.124343181155e+00
 -3.793565208651e-01    9.990134341027e-02  -1.407989278833e+02  -7.124343181155e+00
 -2.296689386900e-01    1.020431610466e-01  -1.386674778621e+02  -7.124343181155e+00
 -3.790505761662e-01    9.946311338062e-02  -1.407574677034e+02  -4.787767094774e+00
 -5.692507003101e-01    1.367663121165e-01  -1.392950072574e+02  -4.787767094774e+00
 -4.401741985447e-01    1.749775470325e-01  -1.372389959488e+02  -4.787767094774e+00
 -4.410853153670e-01    1.748419846337e-01  -1.372015238551e+02  -7.977898088009e+00
 -2.308872259897e-01    1.022398124996e-01  -1.386481165747e+02  -7.977898088009e+00
 -3.783174290929e-01    9.982393102573e-02  -1.408133127069e+02  -7.977898088009e+00
 -3.791016822647e-01    9.919336488498e-02  -1.407726723372e+02  -1.054881057711e+00
 -5.438239733389e-01   -1.135499563187e-02  -1.408430806988e+02  -1.054881057711e+00
 -5.690222161371e-01    1.365376427763e-01  -1.392786255296e+02  -1.054881057711e+00
 -7.009160674999e-01    2.177168672022e-01  -1.298789592382e+02  -4.758103834801e+00
 -5.298699153324e-01    1.964712961649e-01  -1.317013775776e+02  -4.758103834801e+00
 -6.234147958777e-01    2.166936916878e-01  -1.354293870522e+02  -4.758103834801e+00
 -4.417670387087e-01    1.749695612010e-01  -1.372076334200e+02  -2.997662105509e+00
 -5.680735109575e-01    1.369812634059e-01  -1.393236214804e+02  -2.997662105509e+00
 -6.250232267611e-01    2.165077103666e-01  -1.353513484970e+02  -2.997662105509e+00
 -6.984281648670e-01    2.173334993297e-01  -1.299229034222e+02  -1.238860085369e+00
 -6.257182973520e-01    2.166071484635e-01  -1.353436216850e+02  -1.238860085369e+00
 -6.588925094522e-01    1.953147598064e-01  -1.334857988007e+02  -1.238860085369e+00
 -3.784645203517e-01    9.901420937267e-02  -1.407761232493e+02  -2.936720096591e+00
 -1.960167860437e-01    5.541769856685e-02  -1.419066598911e+02  -2.936720096591e+00
 -3.585350243972e-01   -8.394110869553e-03  -1.420452281166e+02  -2.936720096591e+00
 -7.572147454977e-01    1.590928046039e-01  -1.236565792776e+02   4.980003743730e+00
 -6.044411364051e-01    1.438386880229e-01  -1.285129014769e+02   4.980003743730e+00
 -4.204871158316e-01    5.775896011627e-02  -1.236166032915e+02   4.980003743730e+00
 -8.554924917026e-01   -9.009809984503e-03  -6.813323916565e+00   2.265501869812e+00
 -6.335248914759e-01    8.830818472046e-03  -9.278978627420e-03   2.265501869812e+00
 -8.580499839859e-01   -1.792322883527e-03  -8.450245935762e-02   2.265501869812e+00
 -7.701428872363e-01    8.276905175472e-02  -1.168360020971e+02   4.736980485907e+00
 -4.498737370581e-01    2.366401548127e-02  -1.144111229726e+02   4.736980485907e+00
 -7.656445877020e-01    3.900368876542e-03  -1.092173603878e+02   4.736980485907e+00
 -7.684784912719e-01    8.466880248377e-02  -1.168728810729e+02   3.610056325833e+00
 -7.581890286452e-01    1.584872215971e-01  -1.236315456505e+02   3.610056325833e+00
 -4.200054458514e-01    5.866643400274e-02  -1.236295023251e+02   3.610056325833e+00
 -7.012039312019e-01    2.179839099819e-01  -1.299315586894e+02  -7.403808467208e+00
 -6.133811125539e-01    1.637396259342e-01  -1.249630984069e+02  -7.403808467208e+00
 -5.299533533024e-01    1.962946679196e-01  -1.316510090881e+02  -7.403808467208e+00
 -6.155891693434e-01    1.636761644555e-01  -1.249174895649e+02  -5.339492249620e+00
 -6.992505303164e-01    2.178039014596e-01  -1.299796059015e+02  -5.339492249620e+00
 -7.560029245943e-01    1.597463669312e-01  -1.236550924597e+02  -5.339492249620e+00
 -6.744895206035e-01    9.312250064221e-02  -1.173644842033e+02  -7.219798680021e+00
 -6.155240949206e-01    1.630860709059e-01  -1.248540862528e+02  -7.219798680021e+00
 -7.564830885896e-01    1.604461810001e-01  -1.237193985999e+02  -7.219798680021e+00
 -3.252664756175e-01    9.934175432228e-02  -1.260475383114e+02  -1.559267820596e+01
 -5.291641928540e-01    1.963537018340e-01  -1.317529697791e+02  -1.559267820596e+01
 -6.142416577352e-01    1.634864672677e-01  -1.248900492056e+02  -1.559267820596e+01
 -7.547117167849e-01    1.604166434832e-01  -1.237689435131e+02  -4.795749854057e+00
 -7.718288985129e-01    8.332391028332e-02  -1.168052861791e+02  -4.795749854057e+00
 -6.763648983118e-01    9.278421338420e-02  -1.173177892702e+02  -4.795749854057e+00
 -7.711198520344e-01    8.395768793735e-02  -1.168392472650e+02   6.533330875521e+00
 -4.165518753597e-01    5.917029559666e-02  -1.236936492426e+02   6.533330875521e+00
 -4.482290334496e-01    2.268671360017e-02  -1.144155567182e+02   6.533330875521e+00
 -7.005382457867e-01    4.426438486404e-03  -1.093229678036e+02  -6.471302113473e+00
 -6.758096135844e-01    9.179485657591e-02  -1.172439222886e+02  -6.471302113473e+00
 -7.727640730811e-01    8.429287579229e-02  -1.168767975535e+02  -6.471302113473e+00
 -1.303713366330e-03    7.397506448179e-04  -1.091927431271e+02  -2.791412162245e+01
 -3.894573978087e-01    7.205669844171e-04  -1.092830689848e+02  -2.791412162245e+01
 -1.219864473021e-03   -1.701970693816e-03  -1.006097403009e+02  -2.791412162245e+01
 -6.773282319512e-01    9.228539468932e-02  -1.173443341165e+02  -1.755677900025e+01
 -3.879391099238e-01    2.002903678164e-03  -1.092951978598e+02  -1.755677900025e+01
 -3.648013852614e-01    5.978838318271e-02  -1.178430662779e+02  -1.755677900025e+01
 -3.899213314635e-01    1.912610060912e-03  -1.092899199758e+02  -1.762567295687e+01
 -6.756387882704e-01    9.205227051168e-02  -1.173540683135e+02  -1.762567295687e+01
 -6.989974690017e-01    3.365970647479e-03  -1.092169328106e+02  -1.762567295687e+01
 -3.648768984231e-01    5.912840183562e-02  -1.179050715797e+02  -3.000941149522e+01
 -3.873200962458e-01    3.272603557981e-03  -1.091870170703e+02  -3.000941149522e+01
 -2.814048623741e-03    1.707961731316e-03  -1.179186884305e+02  -3.000941149522e+01
 -6.755378972900e-01    9.259495655460e-02  -1.172783509130e+02  -1.720001947222e+01
 -3.662325863129e-01    5.973391663446e-02  -1.179170666012e+02  -1.720001947222e+01
 -6.144833024253e-01    1.631043939407e-01  -1.249652308927e+02  -1.720001947222e+01
 -6.743466078232e-01   -8.442530828820e-02  -1.011303869493e+02  -1.754844812550e+01
 -3.898003771517e-01    2.205505030599e-03  -1.091823579196e+02  -1.754844812550e+01
 -6.990390457931e-01    2.726521224617e-03  -1.092449572722e+02  -1.754844812550e+01
 -7.029071788421e-01    4.005694668173e-03  -1.092915406036e+02  -4.327363385949e+00
 -7.706491151838e-01    8.451492887431e-02  -1.169181952900e+02  -4.327363385949e+00
 -7.653794980042e-01    2.524527239707e-03  -1.091745513194e+02  -4.327363385949e+00
 -4.480080666868e-01    2.439859468145e-02  -1.144267024673e+02   6.823828925939e+00
 -4.517293143662e-01   -2.355193460057e-02  -1.038902989283e+02   6.823828925939e+00
 -7.675757277855e-01    3.048919925809e-03  -1.092033234591e+02   6.823828925939e+00
 -3.237340505655e-01    9.907174069428e-02  -1.259828482493e+02  -1.664934671614e+01
 -6.161163356119e-01    1.634942999908e-01  -1.249498554553e+02  -1.664934671614e+01
 -3.643025169178e-01    5.956744825116e-02  -1.179337803436e+02  -1.664934671614e+01
 -5.707551654840e-05    2.365170072245e-04  -1.386323917977e+02  -1.613287647858e+01
 -2.323445307391e-01    1.028170066236e-01  -1.386799800611e+02  -1.613287647858e+01
 -1.697301188613e-03    9.557122668839e-04  -1.333623445688e+02  -1.613287647858e+01
 -2.301746756482e-01    1.016604093312e-01  -1.386128634575e+02  -1.145998030621e+01
 -4.424124979922e-01    1.755582370162e-01  -1.372379510594e+02  -1.145998030621e+01
 -2.775332728093e-01    1.162761358763e-01  -1.331631414528e+02  -1.145998030621e+01
 -3.826583528972e-01    5.149833752615e-02  -8.322757694765e+01  -9.552548265631e+00
 -1.667120040972e-04   -6.189717875880e-04  -7.846265568950e+01  -9.552548265631e+00
 -1.119232239721e-03    1.993887269834e-04  -8.324444340189e+01  -9.552548265631e+00
 -1.497156290679e-03    2.159338730448e-03  -1.424040863326e+02  -5.181956406054e+00
 -1.854652975084e-01   -4.026864005103e-03  -1.431176824513e+02  -5.181956406054e+00
 -1.950862815841e-01    5.407579741937e-02  -1.418911253650e+02  -5.181956406054e+00
 -9.984900947626e-04    8.595422144715e-04  -1.386826845006e+02  -1.307194106419e+01
  4.749266463171e-04   -6.117712503463e-04  -1.423670443453e+02  -1.307194106419e+01
 -2.304740018188e-01    1.015711973098e-01  -1.386291416003e+02  -1.307194106419e+01
 -4.293196011051e-01   -8.351638254888e-02  -1.287888587450e+02  -9.986998473400e+00
 -1.886616940717e-03    3.395112104822e-04  -1.315108380138e+02  -9.986998473400e+00
 -3.419719802578e-01   -6.082370487073e-02  -1.320948391696e+02  -9.986998473400e+00
 -2.310936061471e-01    1.022064275502e-01  -1.386871032719e+02  -1.994155423982e+01
 -2.771841485290e-01    1.158371114244e-01  -1.331041269413e+02  -1.994155423982e+01
 -2.929849721409e-03    1.632182824380e-03  -1.333387166783e+02  -1.994155423982e+01
 -5.422609105661e-04   -1.119835311707e-04  -1.423581422677e+02  -1.030324148206e+01
 -1.957510636820e-01    5.530461367058e-02  -1.419017198620e+02  -1.030324148206e+01
 -2.291545150910e-01    1.010764489787e-01  -1.386374020705e+02  -1.030324148206e+01
 -2.047991176195e-03   -2.523490400335e-04  -1.180279430315e+02  -2.603637533242e+01
 -3.570897497008e-04    1.613731214055e-03  -1.261778101058e+02  -2.603637533242e+01
 -3.652618080050e-01    6.095306962542e-02  -1.178386994509e+02  -2.603637533242e+01
 -8.161672506160e-04    1.505925134325e-03  -1.179067522982e+02  -2.791802776158e+01
 -3.894173029150e-01    3.264782094133e-03  -1.091871145720e+02  -2.791802776158e+01
 -1.402851794913e-03   -6.419748040163e-04  -1.092887763271e+02  -2.791802776158e+01
 -5.744700694167e-01   -3.235119285946e-02  -1.136580576851e+02  -1.170094812982e+01
 -4.471243844879e-03   -6.399141869029e-04  -1.225366961130e+02  -1.170094812982e+01
 -5.102292964489e-01   -7.563363155268e-02  -1.223828680974e+02  -1.170094812982e+01
 -3.937373047642e-04    8.310220619323e-04  -1.332403157201e+02  -2.117093055124e+01
 -2.797680498410e-01    1.163120535826e-01  -1.331718125514e+02  -2.117093055124e+01
 -2.397543987823e-03    3.102963417021e-04  -1.263583450871e+02  -2.117093055124e+01
 -2.458649169000e-03    2.353900307862e-03  -1.261861665543e+02  -2.720150096025e+01
 -3.237663320390e-01    9.834030164862e-02  -1.260399462889e+02  -2.720150096025e+01
 -3.633138533114e-01    6.056733217366e-02  -1.178410455552e+02  -2.720150096025e+01
 -4.480291834009e-01    2.304529538946e-02  -1.144241339672e+02   1.379581661903e+01
 -4.361168926070e-03   -5.786025992524e-04  -1.075239009018e+02   1.379581661903e+01
 -4.512561754086e-01   -2.249412634177e-02  -1.038916353098e+02   1.379581661903e+01
 -3.246719230840e-01    6.265050651348e-02  -1.300043700009e+02   1.080168479532e+01
  2.542466441784e-04   -1.645174042594e-04  -1.324185850699e+02   1.080168479532e+01
 -1.256325510572e-03    4.602623844747e-05  -1.288808498221e+02   1.080168479532e+01
 -4.375494170496e-03    1.085980669618e-03  -1.263365330932e+02  -2.470227892063e+01
 -2.782019244169e-01    1.157007347514e-01  -1.331813652594e+02  -2.470227892063e+01
 -3.226649181885e-01    9.897947412833e-02  -1.259903790421e+02  -2.470227892063e+01
 -2.773796391816e-01    1.160065226117e-01  -1.330998695083e+02  -1.460950276928e+01
 -5.305513165509e-01    1.967183227016e-01  -1.317383872294e+02  -1.460950276928e+01
 -3.235459816053e-01    9.901424607391e-02  -1.260635109591e+02  -1.460950276928e+01
 -4.169356062506e-01    5.750865428870e-02  -1.237098392856e+02   1.380924884920e+01
 -4.341616198662e-03   -9.268748372890e-04  -1.161465060922e+02   1.380924884920e+01
 -4.470115521964e-01    2.366138383238e-02  -1.144148325580e+02   1.380924884920e+01
 -7.028598461026e-01    2.119867505390e-03  -1.091703865474e+02  -4.249278600418e+00
 -7.653933201319e-01    3.496155145347e-03  -1.092298217225e+02  -4.249278600418e+00
 -7.718259085869e-01   -7.621986453038e-02  -1.015050256344e+02  -4.249278600418e+00
 -2.788348305266e-01    1.165548366969e-01  -1.331487738206e+02  -1.237993652243e+01
 -4.412772756678e-01    1.753401046355e-01  -1.372512614979e+02  -1.237993652243e+01
 -5.286283610298e-01    1.962784470014e-01  -1.316879570107e+02  -1.237993652243e+01
  1.278389592462e-04    2.861860569098e-04  -1.234846259579e+02   1.392764008655e+01
 -2.564090501932e-03   -6.611798829305e-04  -1.161630528873e+02   1.392764008655e+01
 -4.183883316868e-01    5.705417364505e-02  -1.236999409842e+02   1.392764008655e+01
 -1.864602610940e-01   -3.899302991426e-03  -1.431119462131e+02  -1.550098168853e+00
 -5.536102452161e-04    1.781116951483e-03  -1.424207866637e+02  -1.550098168853e+00
 -2.389103626717e-04   -7.438036627416e-04  -1.432099030114e+02  -1.550098168853e+00
 -7.269249291394e-01   -1.780315752123e-01  -1.373618763638e+02  -1.227584867488e+00
 -7.175865343728e-01   -8.060920914059e-02  -1.408080121928e+02  -1.227584867488e+00
 -5.857900421414e-01   -1.615003349315e-01  -1.389625528477e+02  -1.227584867488e+00
 -7.188922449392e-01   -7.828845699884e-02  -1.408171990317e+02  -1.534722142595e+00
 -8.535824189715e-01   -2.517492237418e-03  -1.419842933458e+02  -1.534722142595e+00
 -8.540600649705e-01    3.234155039596e-03  -1.427362299536e+02  -1.534722142595e+00
 -8.522211294096e-01    6.605657861906e-04  -1.419578085313e+02  -5.319871976011e+00
 -7.216434582865e-01   -1.762111947425e-01  -1.374154253171e+02  -5.319871976011e+00
 -7.690676769830e-01   -1.506250300075e-03  -1.385716857871e+02  -5.319871976011e+00
 -7.224311261500e-01   -1.758864028575e-01  -1.374039076228e+02  -1.727757970449e+00
 -8.515012013307e-01   -1.013469885832e-04  -1.419657429459e+02  -1.727757970449e+00
 -7.200540952943e-01   -8.220061155641e-02  -1.407993019565e+02  -1.727757970449e+00
 -7.671651854512e-01   -8.608615538898e-04  -1.385791117145e+02  -7.206924642393e+00
 -7.256584784152e-01   -1.774434703660e-01  -1.373964238112e+02  -7.206924642393e+00
 -5.997355491001e-01   -8.066120872941e-04  -1.351275390558e+02  -7.206924642393e+00
 -4.963017196265e-03    2.483267866128e-04  -4.307003099060e+00   6.197080767496e+00
  5.872521264611e-05   -1.344261808112e-04  -2.503662985267e-02   6.197080767496e+00
 -6.354559516860e-01    8.900929055270e-03   1.392625662326e-02   6.197080767496e+00
 -7.194687222217e-01   -8.096508850245e-02  -1.407569233357e+02   6.080378060374e-01
 -5.451004761577e-01   -1.268566288916e-02  -1.408008567159e+02   6.080378060374e-01
 -5.828928396379e-01   -1.604657191148e-01  -1.390071116013e+02   6.080378060374e-01
 -7.188849008220e-01   -8.110057756394e-02  -1.408090942677e+02   1.495214988018e-01
 -7.082817408099e-01    6.320331038429e-02  -1.409137520086e+02   1.495214988018e-01
 -5.462468588943e-01   -1.169984524763e-02  -1.407607474367e+02   1.495214988018e-01
 -3.867670766117e-01   -1.178021299559e-01  -1.406154720261e+02   1.684594120643e+00
 -5.834060436424e-01   -1.611026855755e-01  -1.390077286623e+02   1.684594120643e+00
 -5.438791127609e-01   -1.196881028346e-02  -1.408440344020e+02   1.684594120643e+00
 -4.558172927582e-01   -1.921654234841e-01  -1.368323845586e+02   9.014368860242e+00
 -3.860636802175e-01   -1.184257722761e-01  -1.406603021410e+02   9.014368860242e+00
 -2.355623887077e-01   -1.085697218925e-01  -1.382365042214e+02   9.014368860242e+00
 -5.825322605789e-01   -1.616334396263e-01  -1.390546833789e+02   3.730829470146e+00
 -4.565637372704e-01   -1.924332073995e-01  -1.368429019789e+02   3.730829470146e+00
 -6.534943567490e-01   -2.427022764067e-01  -1.348510271768e+02   3.730829470146e+00
 -4.549666543962e-01   -1.923888721866e-01  -1.368732327116e+02   5.382820958266e+00
 -5.837046369741e-01   -1.614601877034e-01  -1.390263223627e+02   5.382820958266e+00
 -3.866707172767e-01   -1.179736566117e-01  -1.405993978273e+02   5.382820958266e+00
 -7.429984913197e-01   -2.425425504044e-01  -1.292347773038e+02   5.580437108496e+00
 -6.519047096369e-01   -2.429023743151e-01  -1.349297116037e+02   5.580437108496e+00
 -5.520291394886e-01   -2.132744074820e-01  -1.312472652925e+02   5.580437108496e+00
 -5.857262941074e-01   -1.623877222680e-01  -1.389749912711e+02   9.837927927325e-01
 -6.513289256235e-01   -2.420441586343e-01  -1.348799842449e+02   9.837927927325e-01
 -7.269749040627e-01   -1.775226456762e-01  -1.373398544201e+02   9.837927927325e-01
 -3.860332711547e-01   -1.175527237613e-01  -1.406226649234e+02   3.703804122419e+00
 -3.585903371534e-01   -9.681531205665e-03  -1.420433312693e+02   3.703804122419e+00
 -1.995782003046e-01   -6.622887128202e-02  -1.418520890011e+02   3.703804122419e+00
 -3.855144556833e-01   -1.177384218441e-01  -1.406440207716e+02   2.097790162275e+00
 -5.451035248318e-01   -1.183957845320e-02  -1.408145413774e+02   2.097790162275e+00
 -3.589793433981e-01   -9.193021953284e-03  -1.420003610796e+02   2.097790162275e+00
 -5.450511696173e-01   -1.156199199207e-02  -1.408147392346e+02  -1.565978886604e+00
 -3.778584880207e-01    9.918821711745e-02  -1.407999303683e+02  -1.565978886604e+00
 -3.590043904525e-01   -8.878635810855e-03  -1.420002997966e+02  -1.565978886604e+00
 -7.238889784854e-01   -1.769517320094e-01  -1.373803494513e+02  -4.078731196608e-01
 -6.540959569282e-01   -2.423283044518e-01  -1.348520631681e+02  -4.078731196608e-01
 -7.053840235354e-01   -2.244870583700e-01  -1.327087668244e+02  -4.078731196608e-01
 -5.970980705653e-01   -1.939289858656e-03  -1.350960898612e+02  -8.393198782010e+00
 -6.127470338217e-01   -1.413047956290e-01  -1.336022722758e+02  -8.393198782010e+00
 -3.418838776652e-01    1.306621968963e-03  -1.331552406891e+02  -8.393198782010e+00
 -5.984077319686e-01   -1.612831057163e-03  -1.351467354315e+02  -5.236271485858e+00
 -7.273885449414e-01   -1.770990251381e-01  -1.373625441982e+02  -5.236271485858e+00
 -6.119961490530e-01   -1.428493378473e-01  -1.335702990364e+02  -5.236271485858e+00
 -3.411356884763e-01   -1.169359614843e-03  -1.331483570000e+02  -8.682310090180e+00
 -3.409606608250e-01   -6.018727091382e-02  -1.321016879975e+02  -8.682310090180e+00
  3.141024549734e-04    1.585162018536e-03  -1.332078091548e+02  -8.682310090180e+00
 -3.426385697665e-01   -6.234992235035e-02  -1.320703539008e+02  -7.039370161116e+00
 -3.402869422589e-01    5.795181891308e-04  -1.331995544449e+02  -7.039370161116e+00
 -6.147346189123e-01   -1.405106287832e-01  -1.335696463856e+02  -7.039370161116e+00
 -4.337655789229e-01   -8.332619065851e-02  -1.287730733972e+02  -1.082640580510e+01
 -3.879964893949e-03    6.772046444142e-05  -1.226331075800e+02  -1.082640580510e+01
  9.760796881703e-04    9.736550831220e-05  -1.315783498101e+02  -1.082640580510e+01
 -2.587347460069e-03    2.532726788247e-04  -6.747353380022e+01  -6.887369893092e+00
 -1.807666833247e-04   -2.059859435831e-04  -7.237065933053e+01  -6.887369893092e+00
 -4.825304139458e-01    6.970143242556e-03  -7.260548568481e+01  -6.887369893092e+00
 -6.144221497162e-01   -1.415514570795e-01  -1.335582455611e+02  -6.844989019229e+00
 -6.040982037257e-01   -1.545873356362e-01  -1.309530083915e+02  -6.844989019229e+00
 -3.434408236203e-01   -6.134369507890e-02  -1.320597810033e+02  -6.844989019229e+00
 -4.163028527506e-01   -1.571425858395e-02  -7.310966486272e+01   6.936721472844e+00
  1.218021133731e-04    2.978865556220e-04  -7.264215505909e+01   6.936721472844e+00
 -2.310262994170e-03   -2.093735520618e-04  -6.800535096183e+01   6.936721472844e+00
 -7.034559267600e-01   -2.242649320370e-01  -1.327492208287e+02  -1.369282063255e+00
 -7.433923968192e-01   -2.418086568796e-01  -1.292390676499e+02  -1.369282063255e+00
 -6.795593282250e-01   -1.695740524619e-01  -1.274653871832e+02  -1.369282063255e+00
 -7.405305478951e-01   -2.421552798525e-01  -1.292774144983e+02   1.860559906619e+00
 -7.056589749702e-01   -2.242280851472e-01  -1.327069481494e+02   1.860559906619e+00
 -6.541809248351e-01   -2.428416050812e-01  -1.348458603127e+02   1.860559906619e+00
 -6.048300967750e-01   -1.548399909494e-01  -1.309443110058e+02  -6.402455679914e+00
 -6.773778994212e-01   -1.689634881956e-01  -1.275108051775e+02  -6.402455679914e+00
 -4.298745557066e-01   -8.378361888003e-02  -1.287574004985e+02  -6.402455679914e+00
 -6.773856214369e-01   -1.695960029050e-01  -1.275037086265e+02  -2.874719865164e+00
 -6.049543402313e-01   -1.547315582791e-01  -1.309438017589e+02  -2.874719865164e+00
 -7.051558997533e-01   -2.241371502558e-01  -1.327088619021e+02  -2.874719865164e+00
 -4.287975347741e-01   -8.400515373701e-02  -1.287869294075e+02  -6.024272647317e+00
 -6.785606933455e-01   -1.688047480084e-01  -1.275025861079e+02  -6.024272647317e+00
 -5.106533063654e-01   -7.644847539941e-02  -1.223852158729e+02  -6.024272647317e+00
 -6.055385595408e-01   -1.546093938224e-01  -1.309260737485e+02  -6.444064926783e+00
 -4.289685344486e-01   -8.399938293309e-02  -1.287849707619e+02  -6.444064926783e+00
 -3.418009369061e-01   -6.103509266851e-02  -1.321017176462e+02  -6.444064926783e+00
 -7.440617185578e-01   -2.419323923026e-01  -1.292168113180e+02   3.626788024544e-01
 -8.086213913805e-01   -1.806361878140e-01  -1.230078722348e+02   3.626788024544e-01
 -6.788710050885e-01   -1.694913872076e-01  -1.274853294957e+02   3.626788024544e-01
 -7.053988431912e-01   -2.238610948072e-01  -1.327130340239e+02  -3.966012549684e+00
 -6.047037335675e-01   -1.548115988762e-01  -1.309430080359e+02  -3.966012549684e+00
 -6.131831227755e-01   -1.420245721228e-01  -1.335883632921e+02  -3.966012549684e+00
 -7.251169104346e-01   -1.772447326151e-01  -1.373526962704e+02  -4.176002543474e+00
 -7.041126297491e-01   -2.239276941346e-01  -1.327297744776e+02  -4.176002543474e+00
 -6.141448644909e-01   -1.423284393316e-01  -1.335632883234e+02  -4.176002543474e+00
 -4.316694189953e-01   -8.373056881229e-02  -1.288025697039e+02  -1.243109396074e+01
 -5.081021727074e-01   -7.621722902318e-02  -1.223741180318e+02  -1.243109396074e+01
 -7.030777983013e-03    4.581682472019e-04  -1.225718822547e+02  -1.243109396074e+01
 -6.537505711948e-01   -2.429509602881e-01  -1.348888730874e+02   7.377947315980e+00
 -4.567084911591e-01   -1.924561955137e-01  -1.368048533464e+02   7.377947315980e+00
 -5.499012205776e-01   -2.132316228250e-01  -1.312860033011e+02   7.377947315980e+00
 -1.345776093594e-02   -3.578026473224e-04  -1.129341925944e+01   5.994017283030e+00
 -8.669546718490e-01   -1.063306219415e-02  -6.806543491112e+00   5.994017283030e+00
 -7.458318612328e-01   -1.922313354955e-02  -1.285335766148e+01   5.994017283030e+00
 -1.855621060474e-01   -6.364133282524e-03  -1.431224941734e+02   6.238540485428e+00
 -1.226409960246e-03   -1.800911919071e-03  -1.421727934855e+02   6.238540485428e+00
 -1.988873816636e-01   -6.508436681261e-02  -1.418390181133e+02   6.238540485428e+00
 -1.864948002956e-01   -6.465099586453e-03  -1.431158726801e+02   2.271987157541e+00
 -2.521555703201e-04    6.075423927989e-04  -1.432074068393e+02   2.271987157541e+00
 -4.517199361083e-04   -1.580499285071e-03  -1.421928793096e+02   2.271987157541e+00
 -1.993026560569e-01   -6.658100638541e-02  -1.418882284000e+02   1.393984979133e+01
 -2.546267259648e-03   -2.482671226086e-03  -1.387700482681e+02   1.393984979133e+01
 -2.339741082144e-01   -1.072715613621e-01  -1.382044312233e+02   1.393984979133e+01
 -2.849636853575e-01   -1.247233974530e-01  -1.327231232546e+02   1.848950867579e+01
 -2.351174343751e-01   -1.079832460665e-01  -1.382329610100e+02   1.848950867579e+01
 -6.139008407700e-04   -1.192671207910e-03  -1.386781495059e+02   1.848950867579e+01
 -2.878438865320e-01   -1.254117722245e-01  -1.327598078869e+02   1.332573574654e+01
 -5.507967317389e-01   -2.130796640770e-01  -1.312317690000e+02   1.332573574654e+01
 -4.559704552544e-01   -1.926076104629e-01  -1.368835601646e+02   1.332573574654e+01
 -2.862209371877e-01   -1.250856062839e-01  -1.327793744324e+02   1.235340035587e+01
 -4.572754729594e-01   -1.928762071141e-01  -1.368687880370e+02   1.235340035587e+01
 -2.346309030934e-01   -1.078989100493e-01  -1.381957664310e+02   1.235340035587e+01
 -1.377246514798e-03   -1.721834958555e-03  -1.387907899741e+02   1.005554228065e+01
 -2.003180820325e-01   -6.704020364806e-02  -1.418771648619e+02   1.005554228065e+01
 -7.951269839039e-05    2.191965261295e-04  -1.421212628095e+02   1.005554228065e+01
 -3.871301471861e-01   -1.185992890388e-01  -1.406472343364e+02   7.786571373786e+00
 -1.988310842601e-01   -6.549830839780e-02  -1.418321895749e+02   7.786571373786e+00
 -2.343125405675e-01   -1.082336194501e-01  -1.382516458502e+02   7.786571373786e+00
  6.877441080596e-04   -3.527937279591e-04  -1.386803560602e+02   1.970880205720e+01
 -1.786430739758e-03   -8.016465651096e-04  -1.329966071320e+02   1.970880205720e+01
 -2.863925643387e-01   -1.252977790026e-01  -1.327147858342e+02   1.970880205720e+01
 -4.525404055231e-01   -2.323133104846e-02  -1.038930104351e+02   1.276952950334e+01
 -2.229441649841e-03   -8.613201160026e-04  -9.231672648980e+01   1.276952950334e+01
 -4.132253423382e-01   -4.906167035360e-02  -9.461722034604e+01   1.276952950334e+01
 -8.672463063043e-01    1.687225842049e-02  -4.915387324836e+01  -4.661435261742e+00
 -2.644061502075e-02   -1.041684306422e-03  -5.441585637418e+01  -4.661435261742e+00
 -9.829284379793e-01    1.178005726652e-02  -5.521596479570e+01  -4.661435261742e+00
 -3.409869812210e-01    1.750852851122e-03  -1.349515427206e+02   9.315242779166e+00
 -1.559284636444e-03    9.854311010524e-04  -1.338631194043e+02   9.315242779166e+00
 -2.599869170922e-01    4.648912651025e-02  -1.335505630749e+02   9.315242779166e+00
 -3.447349900582e-01   -1.086087045337e-01  -1.257515703528e+02   2.603313363640e+01
 -6.072084783182e-04   -9.187813109509e-04  -1.256543015449e+02   2.603313363640e+01
 -2.046630354946e-03    6.209699159785e-04  -1.176251965888e+02   2.603313363640e+01
 -3.427157255504e-01   -1.099833640537e-01  -1.256642749761e+02   2.444545366408e+01
  4.022427471842e-04   -1.013662715318e-03  -1.329214298766e+02   2.444545366408e+01
 -1.652227894541e-03   -1.770976696418e-04  -1.257403309977e+02   2.444545366408e+01
 -3.445808610165e-01   -4.994442320506e-02  -8.736708094351e+01   1.013492659940e+01
 -5.745583397900e-04    4.992388119385e-04  -8.301583866036e+01   1.013492659940e+01
 -2.884708414037e-01   -3.856043920281e-02  -8.272815064330e+01   1.013492659940e+01
 -2.872034696535e-01   -1.247174771069e-01  -1.327540124549e+02   2.468114813558e+01
 -1.207560604702e-03   -1.741070255304e-03  -1.329232589052e+02   2.468114813558e+01
 -3.407907217699e-01   -1.094112413917e-01  -1.256673805066e+02   2.468114813558e+01
 -6.331898601848e-01   -4.827333596064e-02  -7.829296599459e+01   4.357453192759e+00
 -4.412328026986e-01   -3.130793892501e-02  -7.818348974997e+01   4.357453192759e+00
 -4.361389726291e-01   -1.605241706308e-02  -7.551665638175e+01   4.357453192759e+00
 -3.806136113426e-01   -6.159155086948e-02  -1.175696952735e+02   2.785959243305e+01
 -1.335374680804e-03   -1.096577660201e-03  -1.174873198726e+02   2.785959243305e+01
 -2.080843005485e-03    1.375407777597e-03  -1.089214439339e+02   2.785959243305e+01
 -5.511487744114e-01   -2.130872169233e-01  -1.312964883315e+02   1.636471922476e+01
 -3.434059772391e-01   -1.091566089558e-01  -1.257287148922e+02   1.636471922476e+01
 -6.432215967760e-01   -1.778380263316e-01  -1.244377622746e+02   1.636471922476e+01
 -3.417816508944e-01   -1.089302488785e-01  -1.257449719846e+02   1.560324014388e+01
 -5.524994128293e-01   -2.134173767322e-01  -1.312824414888e+02   1.560324014388e+01
 -2.867449971346e-01   -1.249689277640e-01  -1.327035832369e+02   1.560324014388e+01
 -8.356723177901e-01   -9.797611604276e-02  -1.161820287123e+02  -2.639747645244e+00
 -5.159290622696e-01   -7.714245387573e-02  -1.223281708236e+02  -2.639747645244e+00
 -8.135856574858e-01   -1.795190040262e-01  -1.229301377952e+02  -2.639747645244e+00
 -5.161887316668e-01   -7.622884169943e-02  -1.223191068256e+02  -4.105902982289e+00
 -6.756221659210e-01   -1.693501439785e-01  -1.275583450535e+02  -4.105902982289e+00
 -8.127448805125e-01   -1.801439686096e-01  -1.229532650192e+02  -4.105902982289e+00
 -8.114692473519e-01   -1.807107730509e-01  -1.229493562027e+02   6.280758534444e+00
 -7.413974238360e-01   -2.426299799142e-01  -1.293337183507e+02   6.280758534444e+00
 -6.445494812733e-01   -1.780259416392e-01  -1.244630883722e+02   6.280758534444e+00
 -6.444406277388e-01   -1.774208577054e-01  -1.244009935473e+02   8.181937815274e+00
 -7.065006251172e-01   -1.021449562814e-01  -1.169270662169e+02   8.181937815274e+00
 -8.120330201947e-01   -1.814292505203e-01  -1.230130577218e+02   8.181937815274e+00
 -6.451172701725e-01   -1.778955944345e-01  -1.244989231364e+02   1.745686376465e+01
 -3.419967663424e-01   -1.088647589292e-01  -1.256667648230e+02   1.745686376465e+01
 -3.786980905046e-01   -6.261637561008e-02  -1.175730164344e+02   1.745686376465e+01
 -5.520381194302e-01   -2.130850473413e-01  -1.311975354886e+02   8.242802973842e+00
 -6.423576075014e-01   -1.780812742244e-01  -1.245082032162e+02   8.242802973842e+00
 -7.433526263725e-01   -2.428210450684e-01  -1.292865265864e+02   8.242802973842e+00
 -3.783451802573e-01   -6.284487388984e-02  -1.174839569598e+02   1.844177269135e+01
 -3.941722854117e-01   -2.969849860546e-03  -1.088964896210e+02   1.844177269135e+01
 -7.095521506478e-01   -1.012469443941e-01  -1.169094972880e+02   1.844177269135e+01
 -3.782092941080e-01   -6.298961590769e-02  -1.174938904421e+02   2.982691779690e+01
 -3.427959988151e-01   -1.079933276601e-01  -1.257566737274e+02   2.982691779690e+01
 -3.972382391263e-03    1.127468311389e-04  -1.176050733510e+02   2.982691779690e+01
 -8.398041978102e-01   -9.749055738316e-02  -1.161971947562e+02   7.593961028479e+00
 -7.076758897130e-01   -1.008358410281e-01  -1.168044580934e+02   7.593961028479e+00
 -7.321671128177e-01   -7.288513961613e-03  -1.089277730447e+02   7.593961028479e+00
 -7.083337042957e-01   -1.018206226455e-01  -1.168803147476e+02   5.954763124321e+00
 -8.387579751616e-01   -9.656071413474e-02  -1.161210198622e+02   5.954763124321e+00
 -8.102935843784e-01   -1.814045553520e-01  -1.230618112141e+02   5.954763124321e+00
 -5.752236607144e-01   -3.211986458742e-02  -1.136478734782e+02  -3.080083161056e+00
 -8.370363249100e-01   -9.590130261371e-02  -1.161434418170e+02  -3.080083161056e+00
 -8.374578342618e-01   -7.236232799265e-03  -1.088096550749e+02  -3.080083161056e+00
 -8.381250981602e-01   -9.726796312178e-02  -1.161483250812e+02  -5.085104266313e+00
 -5.739042641973e-01   -3.088129626121e-02  -1.136434517682e+02  -5.085104266313e+00
 -5.123073550911e-01   -7.758007767869e-02  -1.223818318431e+02  -5.085104266313e+00
 -7.305326851722e-01   -6.298716073589e-03  -1.088156736223e+02   1.900696251224e+01
 -7.077219128953e-01   -1.009694842744e-01  -1.169196263946e+02   1.900696251224e+01
 -3.964397365559e-01   -2.931589713294e-03  -1.088900178985e+02   1.900696251224e+01
 -3.803464652914e-01   -6.284465432787e-02  -1.175578489064e+02   1.831297720875e+01
 -7.073747553365e-01   -1.015764194750e-01  -1.168409807461e+02   1.831297720875e+01
 -6.436369421476e-01   -1.774886302072e-01  -1.245134906433e+02   1.831297720875e+01
 -4.584058841090e-03    1.328013998572e-03  -1.089051936481e+02   3.127115614602e+01
 -3.930544526521e-01   -3.842213177971e-03  -1.088075358663e+02   3.127115614602e+01
 -3.785648167250e-01   -6.139785263505e-02  -1.175732136703e+02   3.127115614602e+01
 -5.742538729239e-01   -3.161652527259e-02  -1.136626998191e+02  -1.286934026673e+01
 -5.748272049414e-01    2.622857773802e-02  -1.038053156619e+02  -1.286934026673e+01
 -5.861892597872e-03    4.737641202074e-04  -1.073633304481e+02  -1.286934026673e+01
 -4.649524349186e-03   -1.307261522758e-03  -1.087391516593e+02   3.111550060127e+01
 -3.761378507410e-01    5.360922710678e-02  -1.001485097815e+02   3.111550060127e+01
 -3.930170367504e-01   -2.477429509355e-03  -1.088578440759e+02   3.111550060127e+01
 -1.986326417621e-01   -6.605638589918e-02  -1.418662020593e+02   2.330184137438e+00
 -3.596209291892e-01   -9.708654686739e-03  -1.420323076641e+02   2.330184137438e+00
 -1.854417845501e-01   -5.030550830366e-03  -1.430785719514e+02   2.330184137438e+00
 -3.596087128071e-01   -8.383190854010e-03  -1.420340517413e+02  -1.684757419774e+00
 -1.949603170209e-01    5.522093976072e-02  -1.419214387072e+02  -1.684757419773e+00
 -1.854117648320e-01   -5.399289716559e-03  -1.430772153826e+02  -1.684757419774e+00
 -2.333260336260e-03    7.834557158596e-04  -1.074005209100e+02  -1.436626851206e+01
 -1.289621158192e-03   -8.334287099842e-04  -1.225548407344e+02  -1.436626851206e+01
 -5.775044462963e-01   -3.210396425163e-02  -1.136493125523e+02  -1.436626851206e+01
 -3.489752879989e-01   -5.003954113251e-02  -8.737640501658e+01   1.164321877982e+01
 -2.910946265852e-03    1.990204544539e-05  -9.234552886033e+01   1.164321877982e+01
  5.483909896707e-04    1.706734789380e-05  -8.690788622376e+01   1.164321877982e+01
 -8.336866872268e-01   -1.809950245506e-03  -7.262893713318e+01   1.767433186480e+00
 -7.095424145226e-01   -1.388208148742e-02  -7.240975762794e+01   1.767433186480e+00
 -8.876707815834e-01   -8.835001206840e-03  -6.576103923641e+01   1.767433186480e+00
 -7.739520654234e-01   -7.592179467999e-02  -1.015457569059e+02  -6.459684905530e+00
 -6.746063996587e-01   -8.411385075509e-02  -1.012396345699e+02  -6.459684905530e+00
 -7.004704820002e-01    1.631301333092e-03  -1.091393910125e+02  -6.459684905530e+00
 -7.722991855959e-01   -7.557692241985e-02  -1.015875478546e+02   6.659529664710e+00
 -4.528724011032e-01   -2.172610051906e-02  -1.039110537407e+02   6.659529664710e+00
 -4.146664321051e-01   -5.049442096294e-02  -9.461431972836e+01   6.659529664710e+00
 -3.613190918401e-01   -5.355156558863e-02  -1.005966585232e+02  -2.960342171509e+01
 -3.654028120730e-03   -2.084244415919e-03  -1.005988892194e+02  -2.960342171509e+01
 -3.872052901630e-01    7.663166026370e-04  -1.092826524451e+02  -2.960342171509e+01
 -3.877318011997e-01    2.080779746488e-03  -1.091762186180e+02  -1.758425142924e+01
 -6.760877917426e-01   -8.462900026206e-02  -1.011409907235e+02  -1.758425142924e+01
 -3.617041925074e-01   -5.440494101064e-02  -1.006589052539e+02  -1.758425142924e+01
 -3.634318683489e-01   -5.448163545883e-02  -1.005852122754e+02  -1.708413818312e+01
 -6.741956145609e-01   -8.488210296360e-02  -1.012063325956e+02  -1.708413818312e+01
 -6.118414544415e-01   -1.522801937992e-01  -9.358995823362e+01  -1.708413818312e+01
 -5.031193758686e-03    9.274364973099e-06  -1.004371445043e+02  -2.808283662573e+01
 -3.605080941770e-01   -5.459139783605e-02  -1.006491533962e+02  -2.808283662573e+01
 -3.268961693362e-01   -9.560168523614e-02  -9.246924747977e+01  -2.808283662573e+01
 -7.730633071658e-01   -7.493209643867e-02  -1.016169923200e+02  -4.596571362015e+00
 -7.566233936231e-01   -1.450513603178e-01  -9.460722822627e+01  -4.596571362015e+00
 -6.751167252776e-01   -8.512664044290e-02  -1.011669088708e+02  -4.596571362015e+00
 -1.108032832079e-03   -1.432260751545e-04  -1.288629727063e+02   1.138505913279e+01
 -4.136266368271e-01    5.795329492996e-02  -1.237010165881e+02   1.138505913279e+01
 -3.249111300600e-01    6.296208022399e-02  -1.300063560963e+02   1.138505913279e+01
 -4.278712047475e-01   -1.615430293127e-01  -8.181578109434e+01  -6.532352208472e+00
 -5.199115776327e-01   -1.817522934740e-01  -8.702873729004e+01  -6.532352208472e+00
 -6.088582781670e-01   -1.908714045480e-01  -8.348553263539e+01  -6.532352208472e+00
 -7.583625914427e-01   -1.449751840496e-01  -9.465726691467e+01  -7.158464371271e+00
 -6.127168569892e-01   -1.520585229215e-01  -9.370304195167e+01  -7.158464371271e+00
 -6.732163898372e-01   -8.553717299268e-02  -1.011204459532e+02  -7.158464371271e+00
 -3.273459362958e-01   -9.657267612939e-02  -9.249858071350e+01  -1.510969482149e+01
 -6.114627969495e-01   -1.525349723935e-01  -9.366530293126e+01  -1.510969482149e+01
 -5.211445646415e-01   -1.816364420182e-01  -8.702099399338e+01  -1.510969482149e+01
 -3.259197524812e-01   -9.630697373120e-02  -9.255805532857e+01  -1.631339633822e+01
 -3.615708919354e-01   -5.432126897563e-02  -1.005686156807e+02  -1.631339633822e+01
 -6.133803989826e-01   -1.526244508701e-01  -9.360575321253e+01  -1.631339633822e+01
 -6.977905739616e-01   -1.939405692935e-01  -8.859126261466e+01  -7.321439648201e+00
 -5.219952641694e-01   -1.815592513241e-01  -8.711830598274e+01  -7.321439648201e+00
 -6.105739670161e-01   -1.528046455956e-01  -9.359673366836e+01  -7.321439648201e+00
 -2.611417126095e-03    5.049527766305e-04  -1.004182048804e+02  -2.468139679792e+01
 -3.289948848990e-01   -9.618809917077e-02  -9.247458214106e+01  -2.468139679792e+01
 -3.364479085528e-04   -8.124528517510e-04  -9.254739986854e+01  -2.468139679792e+01
 -7.579615481894e-01   -1.442103259598e-01  -9.471807891784e+01  -5.142260155244e+00
 -6.959344738176e-01   -1.938180969731e-01  -8.854222136564e+01  -5.142260155244e+00
 -6.127097527556e-01   -1.526794420398e-01  -9.364368163839e+01  -5.142260155244e+00
 -7.695028626706e-01   -7.631594180733e-02  -1.015614810135e+02   3.870339073504e+00
 -4.185966825579e-01   -5.004027330514e-02  -9.465896709105e+01   3.870339073504e+00
 -7.604705608956e-01   -1.430503177752e-01  -9.473222399728e+01   3.870339073504e+00
 -1.027814543110e-03    1.830697967154e-04  -1.161372712906e+02   1.494227272752e+01
 -1.899950687768e-03   -5.269005216437e-04  -1.075382253565e+02   1.494227272752e+01
 -4.500855214641e-01    2.280436321427e-02  -1.144179892335e+02   1.494227272752e+01
 -2.712092579833e-01   -1.083087733349e-01  -8.575960200457e+01  -1.439948798341e+01
 -3.258132817850e-01   -9.636616083171e-02  -9.248052712481e+01  -1.439948798341e+01
 -5.224323755203e-01   -1.819512067188e-01  -8.703635177953e+01  -1.439948798341e+01
 -3.269321571748e-01   -9.744150236442e-02  -9.255957487263e+01  -2.300461705726e+01
  1.698109862841e-04   -1.141082335538e-03  -8.545322537965e+01  -2.300461705726e+01
 -1.467839028331e-03   -1.013258189470e-04  -9.246318319064e+01  -2.300461705726e+01
 -1.590450187455e-03   -2.031971609854e-03  -8.545145256024e+01  -2.282357133323e+01
 -3.249723607127e-01   -9.683361124816e-02  -9.255528599234e+01  -2.282357133323e+01
 -2.713833510470e-01   -1.078975449066e-01  -8.571229674191e+01  -2.282357133323e+01
 -2.615294633382e-01    4.674095922640e-02  -1.335318239252e+02   8.706900129221e+00
  5.851942985178e-05    3.995337307904e-05  -1.339022952750e+02   8.706900129221e+00
 -8.570500244483e-04    8.028596874369e-05  -1.324107974796e+02   8.706900129221e+00
 -2.245376543141e-01   -9.700584794679e-02  -8.030907231839e+01  -1.550613540365e+01
  1.413896043498e-04   -1.464666165598e-04  -8.027012063915e+01  -1.550613540365e+01
 -2.166245260800e-03   -1.142692562748e-03  -8.531021934038e+01  -1.550613540365e+01
 -2.225208639970e-01   -9.581953643943e-02  -8.035778649845e+01  -1.248527619318e+01
  5.396581511803e-04    5.112894411591e-04  -7.664036069428e+01  -1.248527619318e+01
 -9.600519492090e-04   -7.764543323996e-04  -8.022134273792e+01  -1.248527619318e+01
 -2.880114283562e-01   -3.784122148728e-02  -8.272302318327e+01   9.588769034859e+00
 -6.771692593131e-04   -1.612347041244e-04  -8.299983269267e+01   9.588769034859e+00
  1.948147685876e-04    4.106555228868e-04  -7.838519161786e+01   9.588769034859e+00
 -2.231562570601e-01   -9.632324629501e-02  -8.030244793778e+01  -1.924544424819e+01
 -3.784899660549e-03   -2.020539692357e-03  -8.533041359399e+01  -1.924544424819e+01
 -2.701465297798e-01   -1.078862694747e-01  -8.575237210918e+01  -1.924544424819e+01
 -5.082613308511e-01    4.131970669260e-02  -7.843056319745e+01  -7.565012972406e+00
 -5.022167694904e-01    1.893610320794e-02  -7.529490835832e+01  -7.565012972406e+00
 -4.505457241993e-03    2.120104653929e-04  -7.845725232719e+01  -7.565012972406e+00
 -1.858620890710e-01   -5.304251000094e-02  -7.722748387508e+01  -6.892265747156e+00
 -2.218074052427e-01   -9.613793630383e-02  -8.031921771633e+01  -6.892265747156e+00
 -3.594121465669e-01   -9.411494259883e-02  -7.837837694593e+01  -6.892265747156e+00
 -4.284802141094e-01   -1.620952140604e-01  -8.174795590271e+01  -1.110838965384e+01
 -2.220852949750e-01   -9.575740508486e-02  -8.037398875748e+01  -1.110838965384e+01
 -2.709942272689e-01   -1.084868227493e-01  -8.569122344385e+01  -1.110838965384e+01
 -5.065452480636e-04   -1.659075805951e-03  -7.658060587438e+01  -1.755252980979e+00
 -1.755175131746e-01   -6.108438224554e-04  -7.605677277658e+01  -1.755252980979e+00
 -3.171485944335e-04    6.922745798605e-04  -7.564288630937e+01  -1.755252980979e+00
 -1.385294903885e-03   -2.044772701550e-03  -7.659753717806e+01  -5.141985920503e+00
 -1.854377247053e-01   -5.233746713884e-02  -7.721699599137e+01  -5.141985920503e+00
 -1.746370642864e-01   -4.363229755741e-04  -7.604676189426e+01  -5.141985920503e+00
 -3.369700558941e-01    1.540551291142e-03  -7.717289647567e+01  -1.786985109741e+00
 -1.747057824105e-01    8.276884031171e-04  -7.608621895476e+01  -1.786985109741e+00
 -1.853034187009e-01   -5.336602573233e-02  -7.718750959774e+01  -1.786985109741e+00
 -5.260891056953e-04   -9.636800009765e-04  -7.562276016512e+01   2.584213165432e+00
 -1.751414217895e-01    1.129725722473e-03  -7.608023109832e+01   2.584213165432e+00
 -1.882710846199e-01    5.541846800596e-02  -7.691988256336e+01   2.584213165432e+00
 -3.583979757131e-01   -9.401439544658e-02  -7.836455725498e+01  -7.906599975042e+00
 -2.229660713059e-01   -9.633421985341e-02  -8.033813901092e+01  -7.906599975042e+00
 -4.270143501342e-01   -1.613504223447e-01  -8.178561793785e+01  -7.906599975042e+00
 -1.860860593470e-01   -5.346455385430e-02  -7.720464280166e+01  -1.007396012358e+01
 -4.183676542240e-04    6.187736850947e-06  -7.664800721840e+01  -1.007396012358e+01
 -2.212373128628e-01   -9.530879644257e-02  -8.035001798172e+01  -1.007396012358e+01
 -2.724775096152e-01   -1.088403801620e-01  -8.570673598757e+01  -1.226691137242e+01
 -5.206998407079e-01   -1.815541287657e-01  -8.708443504243e+01  -1.226691137242e+01
 -4.272781648378e-01   -1.618234393287e-01  -8.173395919393e+01  -1.226691137242e+01
 -5.782437462904e-01    2.744147979812e-02  -1.038166189037e+02  -1.438603046307e+01
 -1.273410214558e-03    8.693272086723e-04  -9.255830504669e+01  -1.438603046307e+01
 -2.162068591975e-03   -5.688841321203e-04  -1.073206222975e+02  -1.438603046307e+01
 -7.593724786135e-01   -1.435520634029e-01  -9.471474587342e+01   5.370210453753e+00
 -4.192431077868e-01   -4.927606389176e-02  -9.465739344879e+01   5.370210453753e+00
 -6.163893710150e-01   -1.224678811910e-01  -8.944437019705e+01   5.370210453753e+00
 -5.097392687963e-01    4.222917998743e-02  -7.844126821216e+01  -7.812003919945e+00
 -2.648810444370e-03   -1.096269914976e-03  -7.848465551224e+01  -7.812003919945e+00
 -3.812891643759e-01    5.206339448460e-02  -8.323074835016e+01  -7.812003919945e+00
 -3.452633908994e-01   -5.039604951447e-02  -8.737477610187e+01   6.924785044485e+00
 -2.884055870930e-01   -3.838364919748e-02  -8.272682172355e+01   6.924785044485e+00
 -5.581100427535e-01   -1.056781647812e-01  -8.548527178653e+01   6.924785044485e+00
 -3.470834407407e-01   -5.023027885294e-02  -8.736825714318e+01   1.298348664993e+01
 -4.112182803503e-01   -4.946960756087e-02  -9.459630849067e+01   1.298348664993e+01
 -5.147502683221e-03    1.135513472430e-04  -9.235738325151e+01   1.298348664993e+01
 -6.184559934528e-01   -1.225157390114e-01  -8.949577513891e+01   3.066648928074e+00
 -5.569704799365e-01   -1.058154047458e-01  -8.547532778560e+01   3.066648928074e+00
 -6.594871661493e-01   -1.635750486935e-01  -8.478324509946e+01   3.066648928074e+00
 -5.571378381078e-01   -1.059375672388e-01  -8.546750759169e+01   7.325678425527e+00
 -6.182109209484e-01   -1.218982545630e-01  -8.949886797735e+01   7.325678425527e+00
 -3.465513979062e-01   -5.020068432227e-02  -8.740250711593e+01   7.325678425527e+00
 -5.753734057724e-01   -1.006048080464e-01  -8.250400156910e+01   3.684101126852e+00
 -6.593910487285e-01   -1.630083063944e-01  -8.479595232362e+01   3.684101126852e+00
 -5.569634765722e-01   -1.060491193191e-01  -8.546699643035e+01   3.684101126852e+00
 -6.207374615168e-01   -1.225075707592e-01  -8.953238827743e+01   2.035784167339e+00
 -6.576043528128e-01   -1.637239379880e-01  -8.474445261093e+01   2.035784167339e+00
 -6.978535106202e-01   -1.927936336366e-01  -8.864045193887e+01   2.035784167339e+00
 -5.562763315098e-01   -1.056207023961e-01  -8.547178588992e+01   6.687818205726e+00
 -2.905846030224e-01   -3.855163723095e-02  -8.275134125413e+01   6.687818205726e+00
 -5.765705299306e-01   -1.005464067180e-01  -8.251328087651e+01   6.687818205726e+00
 -3.452236361714e-01   -5.030476653755e-02  -8.738290171379e+01   7.040903238732e+00
 -6.195848283054e-01   -1.218830454116e-01  -8.950035493121e+01   7.040903238732e+00
 -4.135878740606e-01   -4.958982464207e-02  -9.459116515888e+01   7.040903238732e+00
 -4.443565831904e-01   -3.211195023394e-02  -7.819951149991e+01   7.857416287998e+00
 -2.876064037101e-01   -3.832244484002e-02  -8.272193940751e+01   7.857416287998e+00
 -8.150266455940e-04    8.320170654575e-04  -7.840190159958e+01   7.857416287998e+00
 -4.149692227944e-01   -1.561189444902e-02  -7.310298562994e+01   6.899339263847e+00
 -4.343410762089e-01   -1.580126809386e-02  -7.549231625823e+01   6.899339263847e+00
 -1.177182552643e-03    3.864199006116e-04  -7.264797693330e+01   6.899339263847e+00
 -7.090633813116e-01   -1.421362019487e-02  -7.244352029286e+01   4.206940718390e+00
 -4.355666637728e-01   -1.631218201465e-02  -7.551577714086e+01   4.206940718390e+00
 -4.149857743176e-01   -1.591851765159e-02  -7.310497479394e+01   4.206940718390e+00
 -4.424309482086e-01   -3.069575617077e-02  -7.821688918447e+01   4.963751609862e+00
 -6.325482960570e-01   -4.934705323999e-02  -7.825432106258e+01   4.963751609862e+00
 -5.744132248274e-01   -1.004048294507e-01  -8.247809365123e+01   4.963751609862e+00
 -8.160946707860e-01    3.658715038197e-03  -2.332540568477e+01   5.259659382980e+00
 -1.999483129011e-02    5.875307479551e-04  -1.742132640020e+01   5.259659382980e+00
 -9.795828630810e-01   -6.329071260582e-03  -1.784654291447e+01   5.259659382980e+00
 -6.649029332857e-01   -1.251540461662e-01  -8.114371935729e+01   3.280469998903e+00
 -6.579062699266e-01   -1.628864393638e-01  -8.478149646093e+01   3.280469998903e+00
 -5.766788166926e-01   -1.009767351107e-01  -8.252299630867e+01   3.280469998903e+00
 -7.524960691804e-01    5.013576710850e-03  -7.277359330548e+01  -4.104781339353e+00
 -5.036928136414e-01    1.903693693839e-02  -7.533988817261e+01  -4.104781339353e+00
 -6.829008501803e-01    5.599853956119e-02  -7.818529539526e+01  -4.104781339353e+00
 -4.415414294915e-01   -3.133241703442e-02  -7.817850539190e+01   6.535137114209e+00
 -5.763326911668e-01   -9.989820126289e-02  -8.250597505528e+01   6.535137114209e+00
 -2.903819881641e-01   -3.919021242942e-02  -8.273296251250e+01   6.535137114209e+00
 -2.908643903142e-04    2.315435281484e-04  -7.264958748922e+01   7.238514698871e+00
 -4.352746424756e-01   -1.572419216887e-02  -7.548822298472e+01   7.238514698871e+00
 -1.095104080709e-03    9.778081495612e-05  -7.505503873852e+01   7.238514698871e+00
 -7.440784529179e-03   -6.575332140300e-04  -6.800738396992e+01   5.569611069428e+00
 -8.982481865845e-01   -9.692400634862e-03  -6.585163387506e+01   5.569611069428e+00
 -4.142920855538e-01   -1.606330737340e-02  -7.314310548243e+01   5.569611069428e+00
 -5.338138721393e-01   -1.209929479818e-01  -8.005408208118e+01  -3.228256645968e+00
 -4.277556347212e-01   -1.614520727527e-01  -8.177773271608e+01  -3.228256645968e+00
 -6.085710049479e-01   -1.906022304335e-01  -8.352278967650e+01  -3.228256645968e+00
 -6.952000847213e-01   -1.932106538286e-01  -8.859430983614e+01  -1.534032368683e+00
 -6.593927843329e-01   -1.636122126719e-01  -8.479710212522e+01  -1.534032368683e+00
 -6.093013051240e-01   -1.906865960749e-01  -8.353036252402e+01  -1.534032368683e+00
 -3.362534282537e-01    1.969931307880e-03  -7.720491040666e+01  -1.618513906114e+00
 -3.579226254539e-01   -9.336244748151e-02  -7.837762809822e+01  -1.618513906114e+00
 -5.027335903512e-01    4.254930010959e-03  -7.866903823566e+01  -1.618513906114e+00
 -3.590026730907e-01   -9.373191583289e-02  -7.842054758608e+01  -4.670154264741e+00
 -4.262240846922e-01   -1.614161586954e-01  -8.174686616402e+01  -4.670154264741e+00
 -5.349597976366e-01   -1.208908420999e-01  -8.008082883608e+01  -4.670154264741e+00
 -5.014534573156e-01    4.110776866757e-03  -7.864429454050e+01  -1.137040899602e+00
 -3.591817381949e-01   -9.341133749720e-02  -7.840164810297e+01  -1.137040899602e+00
 -5.345561983421e-01   -1.207171330770e-01  -8.010121052530e+01  -1.137040899602e+00
 -3.584575857236e-01   -9.329493231853e-02  -7.840084654893e+01  -2.947480194289e+00
 -3.358721940380e-01    1.581805735921e-03  -7.716271159024e+01  -2.947480194289e+00
 -1.863657460714e-01   -5.358210821831e-02  -7.720133417514e+01  -2.947480194289e+00
 -6.066255763224e-01   -1.897897924712e-01  -8.348278264972e+01  -1.069192758802e+00
 -6.660566299639e-01   -1.252537066698e-01  -8.118610042476e+01  -1.069192758802e+00
 -5.366020982523e-01   -1.216634158601e-01  -8.014623431679e+01  -1.069192758802e+00
 -6.071754691478e-01   -1.908373966156e-01  -8.344227546233e+01  -4.785449682030e+00
 -5.219159371567e-01   -1.817626428298e-01  -8.707018356450e+01  -4.785449682030e+00
 -6.975568914521e-01   -1.936084434766e-01  -8.864061488784e+01  -4.785449682030e+00
 -6.636818699452e-01   -1.235762605633e-01  -8.114289699753e+01   3.141716717359e+00
 -6.343498736428e-01   -4.900332609581e-02  -7.828044448937e+01   3.141716717359e+00
 -7.278928529462e-01   -3.753339284440e-02  -7.782386057857e+01   3.141716717359e+00
 -6.090800045265e-01   -1.900449695153e-01  -8.352526510253e+01   2.329271957735e-01
 -6.592316003965e-01   -1.638155148671e-01  -8.479270237480e+01   2.329271957735e-01
 -6.634628402418e-01   -1.246734518685e-01  -8.112170163736e+01   2.329271957735e-01
 -6.585181912947e-01    6.649823902454e-02  -7.954072252938e+01   2.984991148940e-01
 -5.037848291098e-01    4.324866608804e-03  -7.871340384047e+01   2.984991148940e-01
 -6.464451232564e-01   -5.385362397659e-02  -7.955624164642e+01   2.984991148940e-01
 -5.025125530306e-01    3.299803092574e-03  -7.868946651944e+01  -5.019712996812e-01
 -5.340340997201e-01   -1.198914283390e-01  -8.009491525230e+01  -5.019712996812e-01
 -6.473670402096e-01   -5.344482855660e-02  -7.958074176812e+01  -5.019712996812e-01
 -7.292218561453e-01   -3.768521486085e-02  -7.784657212086e+01   4.205599921837e-01
 -6.488356389122e-01   -5.446256110053e-02  -7.959452637399e+01   4.205599921837e-01
 -6.623564973788e-01   -1.242301113620e-01  -8.112548126497e+01   4.205599921837e-01
 -7.305619992325e-01   -3.897424663972e-02  -7.783848343847e+01   1.228253275520e+00
 -7.637887260410e-01    7.873334861309e-03  -7.767857325733e+01   1.228253275520e+00
 -6.481293070242e-01   -5.264417287716e-02  -7.960002112289e+01   1.228253275520e+00
 -8.225200407930e-01   -6.684049617907e-03  -7.541607238873e+01   8.832435640652e-01
 -7.642340012465e-01    6.697024221098e-03  -7.768152658575e+01   8.832435640652e-01
 -7.293590863783e-01   -3.773524572955e-02  -7.781547669149e+01   8.832435640652e-01
 -6.457552513833e-01   -5.315078946712e-02  -7.952991439762e+01   8.062505941454e-01
 -5.366863925332e-01   -1.205714854520e-01  -8.014564534438e+01   8.062505941454e-01
 -6.658597792976e-01   -1.260046851106e-01  -8.117842936460e+01   8.062505941454e-01
 -5.751559939263e-01   -1.015309939203e-01  -8.247958826234e+01   2.819763441375e+00
 -6.322954504734e-01   -4.875400332394e-02  -7.824451411197e+01   2.819763441375e+00
 -6.663029928574e-01   -1.244336402085e-01  -8.116906536247e+01   2.819763441375e+00
 -3.362037637741e-01    2.340646870767e-03  -7.720278908950e+01   2.071222503277e+00
 -5.027895032851e-01    4.314159940184e-03  -7.867167264398e+01   2.071222503277e+00
 -3.646315927395e-01    9.900601217578e-02  -7.826334470110e+01   2.071222503277e+00
 -8.976133029548e-01   -1.917852257321e-03  -2.776735490911e+01  -4.601367992374e+00
 -2.605946973616e-02   -1.041297142724e-03  -2.827408452596e+01  -4.601367992374e+00
 -9.035529217675e-01   -2.228967074190e-03  -3.512318765991e+01  -4.601367992374e+00
 -6.197092117783e-01   -1.224271010017e-01  -8.951914842412e+01   3.789864922857e-01
 -6.987450035108e-01   -1.929722692359e-01  -8.865796543167e+01   3.789864922857e-01
 -7.550253576194e-01   -1.441572231655e-01  -9.466141703911e+01   3.789864922857e-01
 -6.469971126471e-01   -6.290174740207e-03   9.523195421656e-03  -6.301450398164e+00
 -9.035833411255e-04    8.610959307140e-05  -1.636041967237e-02  -6.301450398164e+00
 -3.365399917995e-03   -1.515933854684e-04  -4.732392714142e+00  -6.301450398164e+00
 -1.748966647655e-01    5.175480496404e-04  -7.609241262036e+01   2.121291083348e+00
 -3.369173072372e-01    2.652619495802e-03  -7.717492258106e+01   2.121291083348e+00
 -1.884405656616e-01    5.668881309298e-02  -7.691788773252e+01   2.121291083348e+00
 -2.859078734235e-01    1.144120608774e-01  -8.530116741142e+01   2.145329989399e+01
 -2.172891778186e-03    2.074179272911e-04  -9.202829965576e+01   2.145329989399e+01
 -1.817707594203e-04    6.166205675284e-04  -8.534175804932e+01   2.145329989399e+01
 -4.170849391512e-01   -1.643600381765e-02  -7.313765561554e+01   4.166997028494e+00
 -8.920760002188e-01   -9.294225021197e-03  -6.581415304656e+01   4.166997028494e+00
 -7.072445692230e-01   -1.405452009825e-02  -7.239577109577e+01   4.166997028494e+00
 -1.982239871842e-03   -5.995223952626e-04  -1.000658249323e+02   2.523691541314e+01
 -1.001179563034e-03    1.074302156987e-03  -9.216349130319e+01   2.523691541314e+01
 -3.384463084313e-01    9.633502032094e-02  -9.214949429975e+01   2.523691541314e+01
  3.250073847980e-04    3.218026977605e-04  -8.300516413297e+01   1.150965411997e+01
 -3.458489283485e-01   -4.974707644552e-02  -8.737290386775e+01   1.150965411997e+01
 -8.659185474316e-04   -1.181501340430e-04  -8.691128191413e+01   1.150965411997e+01
 -2.843115417497e-01    1.137301953170e-01  -8.529421562383e+01   2.561833223122e+01
 -3.357484059501e-01    9.684304107860e-02  -9.222493293929e+01   2.561833223122e+01
 -3.796367597663e-03    8.654465394504e-04  -9.205154587158e+01   2.561833223122e+01
 -3.825600336517e-03   -1.607737787823e-04  -1.000879158215e+02   2.926835290483e+01
 -3.367650658991e-01    9.589405246172e-02  -9.214167841645e+01   2.926835290483e+01
 -3.757847537714e-01    5.515352496500e-02  -1.002290869755e+02   2.926835290483e+01
 -1.403161593961e-03    5.310866021270e-04  -8.527164820999e+01   1.898854781295e+01
  6.500664559269e-04    3.476653865136e-04  -7.986351418990e+01   1.898854781295e+01
 -2.835152704907e-01    1.144880897881e-01  -8.537293378128e+01   1.898854781295e+01
 -8.827815191051e-01    1.971225813330e-02  -4.953788267072e+01   9.655049869520e-01
 -7.638553681344e-01    1.921700285216e-02  -5.002482208235e+01   9.655049869520e-01
 -6.908901849281e-01    1.177010152449e-02  -4.430330762417e+01   9.655049869520e-01
 -1.895455020356e-01    5.733981743572e-02  -7.690642826520e+01   1.313882631109e+01
 -2.264319106190e-01    9.532906960700e-02  -8.030397226990e+01   1.313882631109e+01
 -2.699424868266e-03    2.351778591708e-03  -7.978353847650e+01   1.313882631109e+01
 -6.050103039425e-04    7.788734423139e-04  -7.681803489383e+01   5.721647463046e+00
  2.319301259097e-04   -1.144062466384e-03  -7.560648025485e+01   5.721647463046e+00
 -1.893375743708e-01    5.569865722589e-02  -7.693015787874e+01   5.721647463046e+00
 -2.829030919069e-01    1.140742686103e-01  -8.531539519259e+01   1.174519822896e+01
 -2.271988072935e-01    9.595756922645e-02  -8.031289225450e+01   1.174519822896e+01
 -4.419623845283e-01    1.681024081889e-01  -8.163690316975e+01   1.174519822896e+01
 -2.818923903759e-01    1.138511274301e-01  -8.536741248467e+01   1.767197049147e+01
 -6.849475255749e-04    1.146643930284e-03  -7.986708999675e+01   1.767197049147e+01
 -2.275904848387e-01    9.598372261648e-02  -8.027828873206e+01   1.767197049147e+01
 -3.651364949275e-01    9.976217207777e-02  -7.824499324530e+01   8.601770202392e+00
 -4.405248685622e-01    1.674340473717e-01  -8.167181341965e+01   8.601770202392e+00
 -2.281381476894e-01    9.656255408291e-02  -8.027236271810e+01   8.601770202392e+00
 -3.364093977536e-01    9.690429111181e-02  -9.215474486953e+01   1.499255763184e+01
 -2.831591264350e-01    1.138641838962e-01  -8.537937037025e+01   1.499255763184e+01
 -5.433705197971e-01    1.895830431066e-01  -8.681629262084e+01   1.499255763184e+01
 -2.269068254882e-01    9.624358098735e-02  -8.025839991858e+01   7.281388311577e+00
 -1.888523760117e-01    5.628154555436e-02  -7.696097695762e+01   7.281388311577e+00
 -3.661837317141e-01    9.992873277816e-02  -7.825731065932e+01   7.281388311577e+00
 -1.498730618448e-03    1.629748081862e-03  -7.976536813189e+01   9.207747651441e+00
  1.029708287667e-04   -3.232855461331e-04  -7.683932283702e+01   9.207747651441e+00
 -1.906370994170e-01    5.779612151520e-02  -7.691207296952e+01   9.207747651441e+00
 -4.531963178977e-01    6.715456338691e-02  -8.797266396935e+01  -1.237270126835e+01
 -6.298092869514e-03   -2.086345676938e-04  -9.258396548938e+01  -1.237270126835e+01
 -5.231896072832e-01    6.234891818091e-02  -9.493145939256e+01  -1.237270126835e+01
 -5.415730393014e-01    1.891562503106e-01  -8.686404241769e+01   1.277562608337e+01
 -2.843453571714e-01    1.143198282239e-01  -8.533338760482e+01   1.277562608337e+01
 -4.407601062165e-01    1.678765671803e-01  -8.162251374706e+01   1.277562608337e+01
 -7.054544889735e-01    8.685476530090e-02  -1.007848225927e+02   1.886805191695e+01
 -7.305255047402e-01   -5.567040621342e-03  -1.088443694929e+02   1.886805191695e+01
 -3.964191435228e-01   -3.413930679368e-03  -1.087761973451e+02   1.886805191695e+01
 -7.051279899712e-01    8.741753702457e-02  -1.008632922800e+02   1.799680975688e+01
 -3.777835473292e-01    5.494711257956e-02  -1.001673910179e+02   1.799680975688e+01
 -6.383481892208e-01    1.580310514792e-01  -9.333489892626e+01   1.799680975688e+01
 -7.344051312582e-01   -5.050559823704e-03  -1.087656879729e+02   5.499567262456e+00
 -8.393842469250e-01    8.194746267503e-02  -1.013322452319e+02   5.499567262456e+00
 -8.372182391699e-01   -6.726283373712e-03  -1.088169597826e+02   5.499567262456e+00
 -5.767237087274e-01    2.654505803917e-02  -1.038235374113e+02  -3.157271321451e+00
 -8.373523172039e-01   -5.258105065679e-03  -1.087700904126e+02  -3.157271321451e+00
 -8.388573876176e-01    8.014929312668e-02  -1.014255204334e+02  -3.157271321451e+00
 -8.392368801284e-01   -6.262915368329e-03  -1.087900137081e+02  -5.213996163058e+00
 -5.747785712328e-01    2.746939892176e-02  -1.038010720823e+02  -5.213996163058e+00
 -5.735427624565e-01   -3.308380044410e-02  -1.136709792164e+02  -5.213996163058e+00
 -7.344909126733e-01   -6.892473999067e-03  -1.088949752981e+02   5.611023996249e+00
 -8.371785460098e-01   -5.797047642163e-03  -1.087571305311e+02   5.611023996249e+00
 -8.377499829006e-01   -9.766729054022e-02  -1.162389262048e+02   5.611023996249e+00
 -8.414798659190e-01    8.164897673480e-02  -1.013736902945e+02   7.586637415533e+00
 -7.320329043901e-01   -4.542931693247e-03  -1.087332700651e+02   7.586637415533e+00
 -7.055014530667e-01    8.663935364269e-02  -1.009001766475e+02   7.586637415533e+00
 -3.941530620615e-01   -3.309500918992e-03  -1.087686185877e+02   1.835188135104e+01
 -3.758519497700e-01    5.498224855804e-02  -1.002392055659e+02   1.835188135104e+01
 -7.072664476561e-01    8.706552976774e-02  -1.007960304146e+02   1.835188135104e+01
 -8.138551809036e-01    1.559634837940e-01  -9.466862281455e+01   6.076919242110e+00
 -6.392102011110e-01    1.585083080880e-01  -9.338655511847e+01   6.076919242110e+00
 -7.381581968661e-01    2.077162237938e-01  -8.852109380157e+01   6.076919242110e+00
 -6.398245725044e-01    1.583958780334e-01  -9.335037354492e+01   1.719337503355e+01
 -3.761310148026e-01    5.476179014449e-02  -1.001514006932e+02   1.719337503355e+01
 -3.362885838067e-01    9.683971588195e-02  -9.223039642495e+01   1.719337503355e+01
 -8.371941083884e-01    8.213622711217e-02  -1.013929356506e+02  -2.674012819225e+00
 -8.161913551541e-01    1.548237403997e-01  -9.468223827627e+01  -2.674012819225e+00
 -5.306624967016e-01    6.326079108187e-02  -9.498055408264e+01  -2.674012819225e+00
 -8.405457950744e-01    8.070011866678e-02  -1.014476428119e+02   5.720150276058e+00
 -7.060542270426e-01    8.762580404634e-02  -1.008265758302e+02   5.720150276058e+00
 -8.125904985809e-01    1.567998105986e-01  -9.455813171215e+01   5.720150276058e+00
 -5.428063019368e-01    1.891017857406e-01  -8.690137964636e+01   8.100933451133e+00
 -7.400121586491e-01    2.078231956163e-01  -8.856976993007e+01   8.100933451133e+00
 -6.370692586027e-01    1.586345044556e-01  -9.333982180860e+01   8.100933451133e+00
 -8.397889832766e-01    8.135992934614e-02  -1.014210738115e+02  -5.234761908991e+00
 -5.269203106866e-01    6.375190587568e-02  -9.493513521062e+01  -5.234761908991e+00
 -5.755722486520e-01    2.552257741365e-02  -1.038270651922e+02  -5.234761908991e+00
 -8.152475637462e-01    1.553587157299e-01  -9.466373419035e+01  -4.215311235301e+00
 -6.923765359972e-01    1.401739615854e-01  -8.971040901619e+01  -4.215311235301e+00
 -5.310829190198e-01    6.243290741732e-02  -9.498232802459e+01  -4.215311235301e+00
 -8.143115535714e-01    1.567186189980e-01  -9.460772646287e+01   8.116016984450e+00
 -7.041931376452e-01    8.803916497562e-02  -1.007796701848e+02   8.116016984450e+00
 -6.391710859129e-01    1.578805344763e-01  -9.344604162405e+01   8.116016984450e+00
 -3.379390148377e-01    9.717103059143e-02  -9.217048008315e+01   1.602896542240e+01
 -5.421019915365e-01    1.892629584415e-01  -8.680152221131e+01   1.602896542240e+01
 -6.378429137248e-01    1.583124878846e-01  -9.340945374060e+01   1.602896542240e+01
 -3.827373709631e-01    5.231631770666e-02  -8.324168118796e+01  -1.012648581234e+01
 -1.476380266534e-03   -4.777843020372e-04  -8.324722333734e+01  -1.012648581234e+01
 -4.522687877837e-01    6.695023696142e-02  -8.798197222597e+01  -1.012648581234e+01
 -6.368474672660e-01    2.034607569506e-01  -8.346474982185e+01   7.163855070466e+00
 -5.407811792229e-01    1.892960205309e-01  -8.681347188865e+01   7.163855070466e+00
 -4.413922159953e-01    1.677081630825e-01  -8.169758579221e+01   7.163855070466e+00
 -2.157516350133e-03   -1.326588454572e-03  -1.087223181843e+02   2.761449249878e+01
 -1.234344461745e-03    1.027331718233e-03  -1.002069417330e+02   2.761449249878e+01
 -3.781758387841e-01    5.376515728528e-02  -1.001525746793e+02   2.761449249878e+01
 -5.014967691739e-01    4.438150429721e-03  -7.864602265012e+01   1.693590904178e+00
 -5.481994493699e-01    1.309775290839e-01  -8.005452523774e+01   1.693590904178e+00
 -3.658983101783e-01    9.906688380171e-02  -7.828887125923e+01   1.693590904178e+00
 -1.894655455175e-01    5.684286676293e-02  -7.693703468716e+01   3.369846690801e+00
 -3.358412774215e-01    2.650921199465e-03  -7.716314648340e+01   3.369846690801e+00
 -3.651092497387e-01    9.899986877924e-02  -7.828325518762e+01   3.369846690801e+00
 -6.351591846195e-01    2.034295450067e-01  -8.342187592047e+01   5.522396956787e+00
 -7.397122543734e-01    2.074815774336e-01  -8.861814255589e+01   5.522396956787e+00
 -5.427722386518e-01    1.893001597103e-01  -8.685514459138e+01   5.522396956787e+00
 -4.413356987020e-01    1.676421008743e-01  -8.166037159995e+01   3.884990286478e+00
 -5.475171266161e-01    1.312678601837e-01  -8.000848206335e+01   3.884990286478e+00
 -6.365284843610e-01    2.031861579110e-01  -8.350024966364e+01   3.884990286478e+00
 -7.042020484916e-01    1.405244358101e-01  -8.126871308013e+01   1.604715290391e+00
 -6.346656168388e-01    2.024076687285e-01  -8.346250904129e+01   1.604715290391e+00
 -5.502186647155e-01    1.319373731298e-01  -8.009874988443e+01   1.604715290391e+00
 -6.372498643982e-01    2.032884318319e-01  -8.350731497634e+01   2.213354418312e+00
 -7.104363957532e-01    1.812784942157e-01  -8.495209287383e+01   2.213354418312e+00
 -7.374020817570e-01    2.070917483867e-01  -8.857376619773e+01   2.213354418312e+00
 -7.039428209132e-01    1.411828825228e-01  -8.125732181594e+01  -2.068890556296e-01
 -5.503656187401e-01    1.308966966856e-01  -8.010072303272e+01  -2.068890556296e-01
 -6.578814178009e-01    6.583756907385e-02  -7.951402126212e+01  -2.068890556296e-01
 -4.397989432835e-01    1.675704203485e-01  -8.163064535912e+01   5.181391146926e+00
 -3.656579644644e-01    9.938630340745e-02  -7.830593589714e+01   5.181391146926e+00
 -5.486686727137e-01    1.311855709838e-01  -8.003520436649e+01   5.181391146926e+00
 -5.076067138816e-01    4.167781162599e-02  -7.842192446935e+01  -4.164821590260e+00
 -6.847199357839e-01    5.678863408394e-02  -7.820505858207e+01  -4.164821590260e+00
 -5.020023813862e-01    1.858163123787e-02  -7.531570498366e+01  -4.164821590260e+00
 -9.052464227474e-01   -8.467672618915e-03  -6.585611676846e+01   5.467781561420e+00
 -5.173544814272e-03   -1.299799035251e-03  -6.792586244330e+01   5.467781561420e+00
 -8.731335804762e-03    1.015658082013e-03  -6.054724704912e+01   5.467781561420e+00
 -7.018661060204e-01    1.387261327324e-01  -8.122507371745e+01  -2.800345247966e+00
 -7.584346011262e-01    4.536281522846e-02  -7.799200426169e+01  -2.800345247966e+00
 -6.855276783742e-01    5.730022852855e-02  -7.822637191123e+01  -2.800345247966e+00
 -7.005037420900e-01    1.392298688529e-01  -8.120256869188e+01   3.547535973060e-02
 -6.608544716619e-01    6.733395649244e-02  -7.957582609357e+01   3.547535973060e-02
 -7.595656804831e-01    4.580414286016e-02  -7.801462917749e+01   3.547535973060e-02
 -7.606500822342e-01    4.513292059544e-02  -7.802605648093e+01   8.950487728817e-03
 -7.636568365606e-01    7.086548516495e-03  -7.768250252982e+01   8.950487728817e-03
 -8.234520347619e-01   -7.166877112536e-03  -7.541575642024e+01   8.950487728817e-03
 -7.102396925200e-01    1.814552270630e-01  -8.494687665493e+01   3.974317391684e-01
 -6.370994447287e-01    2.026936850107e-01  -8.350367078979e+01   3.974317391684e-01
 -7.016443810164e-01    1.399319139719e-01  -8.120697690675e+01   3.974317391684e-01
 -7.544383585481e-01    5.779883977528e-03  -7.279422408755e+01  -1.190506582303e+00
 -7.604944460900e-01    4.471849915005e-02  -7.804065651214e+01  -1.190506582303e+00
 -8.244814873475e-01   -6.776409839159e-03  -7.541216813584e+01  -1.190506582303e+00
 -7.608629897246e-01    4.721072572471e-02  -7.801527601066e+01  -6.072403395699e-01
 -6.602601808444e-01    6.542135873426e-02  -7.957720736210e+01  -6.072403395699e-01
 -7.637307867094e-01    5.520075354487e-03  -7.768533879466e+01  -6.072403395699e-01
 -5.477523299590e-01    1.301426735732e-01  -8.004992612050e+01   9.853156932432e-01
 -5.024640914862e-01    5.285060148132e-03  -7.868886088750e+01   9.853156932432e-01
 -6.594724032810e-01    6.615371885687e-02  -7.956599298182e+01   9.853156932432e-01
 -6.410662576850e-01    1.197529122244e-01  -8.279265613707e+01  -2.364376972566e+00
 -7.045964089647e-01    1.395908900931e-01  -8.125494215032e+01  -2.364376972566e+00
 -6.834454768898e-01    5.727954835978e-02  -7.819327667251e+01  -2.364376972566e+00
 -7.104656827785e-01    1.807237065031e-01  -8.495131870673e+01  -2.986307005783e+00
 -6.414549229552e-01    1.187493602268e-01  -8.281632539938e+01  -2.986307005783e+00
 -6.327087827319e-01    1.248526460846e-01  -8.583529373413e+01  -2.986307005783e+00
 -7.089914196392e-01    1.805770868991e-01  -8.493724712439e+01  -2.729882772694e+00
 -7.030453452586e-01    1.403362893058e-01  -8.122753277636e+01  -2.729882772694e+00
 -6.427215344814e-01    1.191551637633e-01  -8.283473234454e+01  -2.729882772694e+00
 -6.941554841173e-01    1.396517932338e-01  -8.976174709968e+01  -6.420267897652e+00
 -6.328723002956e-01    1.247684956429e-01  -8.583698090122e+01  -6.420267897652e+00
 -4.528943769297e-01    6.722435138930e-02  -8.800350056759e+01  -6.420267897652e+00
 -6.327853504484e-01    1.246474668009e-01  -8.584440901060e+01  -2.321934526120e+00
 -6.943027847274e-01    1.402459889885e-01  -8.975929919091e+01  -2.321934526120e+00
 -7.104491195317e-01    1.812656391380e-01  -8.493793120137e+01  -2.321934526120e+00
 -3.826502249811e-01    5.227373489773e-02  -8.324316565132e+01  -6.232398714237e+00
 -4.520494488420e-01    6.743937762025e-02  -8.797982633981e+01  -6.232398714237e+00
 -6.337397482031e-01    1.245133929573e-01  -8.585535734487e+01  -6.232398714237e+00
 -6.955891900907e-01    1.396343526562e-01  -8.976347200027e+01  -6.023949741580e+00
 -4.512869762332e-01    6.732254758454e-02  -8.798502704593e+01  -6.023949741580e+00
 -5.254050751895e-01    6.264901856913e-02  -9.492140995423e+01  -6.023949741580e+00
 -6.321227905057e-01    1.244430845294e-01  -8.584243744476e+01  -6.181986646937e+00
 -6.426407980495e-01    1.186713113549e-01  -8.282436465829e+01  -6.181986646937e+00
 -3.844807753076e-01    5.245315039481e-02  -8.326519103102e+01  -6.181986646937e+00
 -7.086017742243e-01    1.814108389603e-01  -8.490051228752e+01  -1.188039408313e+00
 -6.965488173929e-01    1.402359878940e-01  -8.979432639241e+01  -1.188039408313e+00
 -7.400694489401e-01    2.066881673360e-01  -8.861877765114e+01  -1.188039408313e+00
 -5.087884675783e-01    4.092710911473e-02  -7.844721531576e+01  -4.759818025029e+00
 -6.404482312799e-01    1.185545146050e-01  -8.279736789006e+01  -4.759818025029e+00
 -6.836903479455e-01    5.799654910981e-02  -7.819357164404e+01  -4.759818025029e+00
 -4.801881168207e-01    6.939896246517e-03  -7.263513740608e+01  -7.002078271706e+00
 -2.074511587529e-03   -3.461533792989e-04  -7.235490132234e+01  -7.002078271706e+00
 -5.021775208417e-01    1.854201200861e-02  -7.533241678275e+01  -7.002078271706e+00
 -4.799931996816e-01    6.934445546709e-03  -7.260758101013e+01  -3.875299158625e+00
 -7.530068435747e-01    5.535775557295e-03  -7.275474143066e+01  -3.875299158625e+00
 -6.621984265888e-01    8.833885873310e-03  -6.819527007313e+01  -3.875299158625e+00
 -2.019477829470e-03    3.619815912115e-04  -7.843087965156e+01  -7.191805289778e+00
 -5.042805065206e-01    1.883860446539e-02  -7.531671538440e+01  -7.191805289778e+00
 -4.471039686298e-04   -3.546067151124e-04  -7.234344226969e+01  -7.191805289778e+00
 -6.429476311302e-01   -6.130405551235e-03  -3.705328694765e-03  -2.110179541123e+00
 -7.625362084203e-01   -7.269004750568e-03  -5.152758061550e+00  -2.110179541123e+00
 -8.610884524857e-01   -1.942970407686e-03  -5.404002995760e-02  -2.110179541123e+00
  8.733321335924e-04    1.032180288554e-03  -1.332584863644e+02  -8.553949242268e+00
 -3.419864702457e-01   -5.952751579507e-02  -1.320856592264e+02  -8.553949242268e+00
 -1.380306970266e-03   -5.784701714864e-04  -1.315457842630e+02  -8.553949242268e+00
 -7.596510681517e-01    1.013414294322e-02  -6.075636664168e+01   5.801079170749e+00
 -8.982816940657e-01   -7.727523735037e-03  -6.583830615184e+01   5.801079170749e+00
 -1.309550150509e-02    1.164732984952e-03  -6.054793979825e+01   5.801079170749e+00
 -5.072958401501e-01    4.147970120519e-02  -7.841300331344e+01  -6.070194945840e+00
 -3.838040607474e-01    5.304768734279e-02  -8.324315569226e+01  -6.070194945840e+00
 -6.427539366991e-01    1.180572175394e-01  -8.282083865436e+01  -6.070194945840e+00
 -8.934046248372e-01   -1.548719375321e-03  -2.775146173438e+01  -1.190910148135e-01
 -8.234998218168e-01    3.634726713992e-03  -2.327762655314e+01  -1.190910148135e-01
 -7.882519915949e-01   -4.161553365454e-03  -2.235769918342e+01  -1.190910148135e-01
  5.659898728958e-04   -2.133859689594e-04  -8.320300221753e+01  -1.135030166465e+01
 -3.153831450330e-03    6.972926655782e-05  -9.252960065240e+01  -1.135030166465e+01
 -4.552619414146e-01    6.677934801741e-02  -8.799506718021e+01  -1.135030166465e+01
 -8.546475425968e-01    4.317230975045e-03  -6.165591608386e+01  -6.072716411140e+00
 -1.493388344968e-02    1.171981930353e-03  -6.752100037329e+01  -6.072716411140e+00
 -6.564615745295e-01    9.058827412709e-03  -6.815402525389e+01  -6.072716411140e+00
 -7.408702106926e-01    2.068671577755e-01  -8.863535596727e+01   5.201172711987e-01
 -6.956385717066e-01    1.401461237380e-01  -8.978205115430e+01   5.201172711987e-01
 -8.109933938614e-01    1.559387777124e-01  -9.461251651796e+01   5.201172711987e-01
 -7.644730702299e-01    6.677977722656e-03  -7.771373082717e+01   2.561402361351e-01
 -6.588381189830e-01    6.429526316782e-02  -7.955722939650e+01   2.561402361351e-01
 -6.466456729547e-01   -5.165601726172e-02  -7.957281704032e+01   2.561402361351e-01
 -3.650501015958e-03    9.356227575360e-04  -9.257745027604e+01  -1.191464145284e+01
 -5.759673588179e-01    2.743528265841e-02  -1.038062391838e+02  -1.191464145284e+01
 -5.250204167328e-01    6.177203418902e-02  -9.493857975889e+01  -1.191464145284e+01
 -8.891096206444e-01   -8.439995164207e-03  -6.572524974536e+01  -1.564304712573e+00
 -6.718279031136e-01    8.830798736556e-03  -6.817779021664e+01  -1.564304712573e+00
 -8.343183784323e-01   -2.097927697196e-03  -7.268049409470e+01  -1.564304712573e+00
 -7.714694040536e-01   -7.441982360572e-02  -1.015913019442e+02   4.722750219704e+00
 -7.654635823744e-01    2.096844794524e-03  -1.091867777108e+02   4.722750219704e+00
 -4.539672069975e-01   -2.268879659147e-02  -1.039115246106e+02   4.722750219704e+00
 -8.065624853259e-03   -3.507154364889e-04  -4.724142025766e+00  -5.783031181979e+00
 -7.646105630384e-01   -7.219357977938e-03  -5.117661753043e+00  -5.783031181979e+00
 -6.427017815640e-01   -6.226657260479e-03   2.144531348019e-02  -5.783031181979e+00
 -8.322314306101e-01   -2.173543605090e-03  -7.265902917574e+01  -1.080900951270e+00
 -7.546764557951e-01    6.002818995884e-03  -7.278504669984e+01  -1.080900951270e+00
 -8.238220698328e-01   -6.655769574135e-03  -7.540852839091e+01  -1.080900951270e+00
 -9.920439521623e-01   -7.820456732352e-03  -1.783921807904e+01  -4.409081792651e+00
 -8.168962535022e-01   -1.255593836710e-02  -1.067405305485e+01  -4.409081792651e+00
 -3.192723010308e-02    6.199424371889e-04  -1.647512297731e+01  -4.409081792651e+00
 -8.367558231108e-01   -2.038288026465e-03  -7.268813998705e+01  -1.246775366124e+00
 -6.680544786816e-01    8.767625005791e-03  -6.819086905331e+01  -1.246775366124e+00
 -7.499880388868e-01    5.669186009946e-03  -7.278380324675e+01  -1.246775366124e+00
 -6.625570654884e-01    8.573380813059e-03  -6.808314287353e+01  -1.315991878389e+00
 -8.951141551599e-01   -7.540857241851e-03  -6.570991505360e+01  -1.315991878389e+00
 -8.482489702247e-01    4.436687868037e-03  -6.161772921492e+01  -1.315991878389e+00
 -8.229912058092e-01   -6.850500447257e-03  -7.540794769182e+01   2.471522387214e+00
 -7.290898696268e-01   -3.770770573331e-02  -7.781698995788e+01   2.471522387214e+00
 -6.320362270883e-01   -4.848798650207e-02  -7.828094519586e+01   2.471522387214e+00
 -7.099843880383e-01   -1.377196031549e-02  -7.243534917023e+01   1.782649321357e+00
 -8.332779658070e-01   -1.849403856456e-03  -7.265923024652e+01   1.782649321357e+00
 -8.222082904720e-01   -7.208902346063e-03  -7.542960161375e+01   1.782649321357e+00
 -6.311978751678e-01   -4.780159340737e-02  -7.829281991858e+01   3.862829195552e+00
 -4.394184986560e-01   -1.674104896110e-02  -7.553792485438e+01   3.862829195552e+00
 -8.248276821644e-01   -7.615189561890e-03  -7.541295654588e+01   3.862829195552e+00
 -8.334424602522e-04    5.234612581892e-04  -7.502379628207e+01   7.406304761776e+00
 -4.447764941283e-01   -3.097864846404e-02  -7.819569765192e+01   7.406304761776e+00
 -1.031168159221e-03   -1.771096950645e-04  -7.838896516836e+01   7.406304761776e+00
 -4.426088404576e-01   -3.087829175111e-02  -7.818769561864e+01   7.440168557437e+00
 -2.384624998861e-03    6.431643269963e-04  -7.503822143504e+01   7.440168557437e+00
 -4.344742041057e-01   -1.613052189835e-02  -7.550259432448e+01   7.440168557437e+00
 -7.526273501691e-01    4.928838360876e-03  -7.278255790114e+01  -2.042409657425e+00
 -6.825433730910e-01    5.623197142465e-02  -7.818034289484e+01  -2.042409657425e+00
 -7.613757688719e-01    4.544304645870e-02  -7.804308674030e+01  -2.042409657425e+00
 -4.796497550579e-01    6.854918374724e-03  -7.262550797114e+01  -4.099357249819e+00
 -5.020673751152e-01    1.883615867129e-02  -7.535148248558e+01  -4.099357249819e+00
 -7.541797729011e-01    5.524028283851e-03  -7.277163928254e+01  -4.099357249819e+00
 -7.623999121061e-01   -6.366860503395e-03  -5.171960234964e+00  -6.716945777841e-01
 -8.208056823350e-01   -1.325004520018e-02  -1.097029376415e+01  -6.716945777841e-01
 -8.644119840981e-01   -1.100872066182e-02  -6.798348524596e+00  -6.716945777841e-01
 -1.255617526534e-02   -5.961751522362e-04  -5.435599522826e+01  -5.735147441788e+00
 -8.774235075938e-01    1.603311083052e-02  -4.927836556757e+01  -5.735147441788e+00
 -5.998277821306e-04   -5.005386600887e-04  -4.831272378319e+01  -5.735147441788e+00
 -2.372379667106e-02    3.826538372873e-04  -5.494275715047e+01   4.645119529343e+00
 -9.929192033768e-01    1.120400125534e-02  -5.527711545156e+01   4.645119529343e+00
 -7.614120852587e-01    9.544992100368e-03  -6.095199092248e+01   4.645119529343e+00
 -9.849748549230e-01    1.140591076673e-02  -5.529870801170e+01  -4.584469830758e+00
 -2.515681444800e-02   -4.775350756943e-04  -5.472359351970e+01  -4.584469830758e+00
 -8.522394122149e-01    3.702489918500e-03  -6.192807084597e+01  -4.584469830758e+00
 -7.826674533722e-01   -1.373395990675e-04  -3.163560083374e+01   1.201559405473e+00
 -9.104058924039e-01   -2.664462566863e-03  -3.488578846772e+01   1.201559405473e+00
 -7.803026328771e-01   -9.068357045800e-03  -3.820368221524e+01   1.201559405473e+00
 -7.888305622866e-01   -4.367209498413e-03  -2.237113716737e+01  -5.733423862928e+00
  2.665002904071e-04    9.481635774395e-05  -2.232344779706e+01  -5.733423862928e+00
 -9.494904947110e-03   -3.718678712985e-04  -2.800258541884e+01  -5.733423862928e+00
 -6.957913921252e-01    1.182477688199e-02  -4.422202860599e+01   1.555803180939e+00
 -9.088681329801e-01    1.191680308891e-02  -4.208932864573e+01   1.555803180939e+00
 -8.770149206981e-01    1.952291895494e-02  -4.956069724251e+01   1.555803180939e+00
 -9.030313130988e-01   -2.174530854026e-03  -3.454707144738e+01  -4.451878546922e+00
 -2.951979611215e-02    1.403618788057e-03  -4.195924628543e+01  -4.451878546922e+00
 -9.168621117955e-01    1.129134589949e-02  -4.205809674439e+01  -4.451878546922e+00
 -7.771385268675e-01   -1.147949076623e-04  -3.156182606275e+01   1.234519972318e+00
 -8.121566728365e-01    3.283016745201e-03  -2.325040437273e+01   1.234519972318e+00
 -9.013594597714e-01   -9.691773283852e-04  -2.773211072504e+01   1.234519972318e+00
 -9.188609915974e-01    1.267971753244e-02  -4.222094732884e+01  -4.333569674040e+00
 -2.672555095666e-02    1.788140187293e-04  -4.224909489645e+01  -4.333569674040e+00
 -8.689681005364e-01    1.762178910549e-02  -4.969558705466e+01  -4.333569674040e+00
 -8.727529434659e-01   -9.790017662252e-03  -6.799414246126e+00   5.645527772988e+00
 -8.843172761166e-03   -6.503169309876e-04  -1.127786674835e+01   5.645527772988e+00
 -5.516349107325e-03    8.795949163147e-04  -4.314210648250e+00   5.645527772988e+00
 -1.027767633589e-02    7.823529587596e-04  -1.040550387442e+01  -5.533211375874e+00
 -8.206212759411e-01   -1.183971521135e-02  -1.091574445320e+01  -5.533211375874e+00
 -7.636309086677e-01   -6.836956587497e-03  -5.131990857097e+00  -5.533211375874e+00
 -4.883011406340e-03    4.057468418256e-04  -1.041112833266e+01  -5.844728860583e+00
 -7.692966482688e-01   -7.005964707830e-03  -5.120554764405e+00  -5.844728860583e+00
 -3.966319297363e-03   -4.017731590163e-04  -4.762350413856e+00  -5.844728860583e+00
 -8.560735943135e-01   -1.702015875039e-03  -5.568808679809e-02  -7.519719580767e-01
 -7.676688952203e-01   -7.399886471754e-03  -5.127689862141e+00  -7.519719580767e-01
 -8.585482521085e-01   -9.484881928865e-03  -6.791254157288e+00  -7.519719580767e-01
  5.535416293686e-04   -1.908477062481e-04  -2.216821508680e+01  -5.731057487477e+00
 -7.875938642479e-01   -4.205208185532e-03  -2.264401521791e+01  -5.731057487477e+00
 -1.350026622096e-02   -4.235484369008e-05  -1.684103704835e+01  -5.731057487477e+00
 -8.276670183949e-01   -1.409826921503e-02  -1.097240805027e+01   5.720330911219e-01
 -9.740926640897e-01   -7.527656129754e-03  -1.794481726501e+01   5.720330911219e-01
 -7.541296897364e-01   -1.989955246178e-02  -1.302184644486e+01   5.720330911219e-01
 -8.266381569867e-01   -1.156380279238e-02  -1.080384946600e+01  -5.594020889477e+00
 -3.161780591330e-03    6.802298736726e-04  -1.050450708654e+01  -5.594020889477e+00
 -1.398013087942e-02    4.097094780606e-04  -1.645390935857e+01  -5.594020889477e+00
 -8.305497480605e-01   -1.420333654390e-02  -1.095732938488e+01   5.400854648151e-01
 -7.531451719530e-01   -1.996551051206e-02  -1.286182420343e+01   5.400854648151e-01
 -8.580045622661e-01   -1.109062252323e-02  -6.716561724813e+00   5.400854648151e-01
 -2.793131809068e-03   -3.608793009236e-04  -1.125634292847e+01   6.228871154598e+00
 -7.532786025814e-01   -1.838966208035e-02  -1.278793105093e+01   6.228871154598e+00
 -6.168114210503e-03    6.268364671673e-04  -1.717674620248e+01   6.228871154598e+00
 -1.871640396020e-02    1.155458865008e-03  -1.721458224538e+01   5.208060495827e+00
 -7.463729411372e-01   -1.860363736423e-02  -1.274706271830e+01   5.208060495827e+00
 -9.806712619206e-01   -6.844462526330e-03  -1.785942689244e+01   5.208060495827e+00
 -8.631867886114e-01    4.167916475640e-03  -6.170639361385e+01  -5.954850443168e+00
 -1.686842195440e-03   -5.769885688329e-04  -6.111874916519e+01  -5.954850443168e+00
 -8.251266889897e-03    7.061525416551e-04  -6.748420157839e+01  -5.954850443168e+00
 -7.676979833796e-01    9.237151391042e-03  -6.080944882151e+01   6.573118371581e-01
 -8.571738258353e-01    4.140509380457e-03  -6.166874323401e+01   6.573118371581e-01
 -8.872094470629e-01   -7.228073363499e-03  -6.584133605314e+01   6.573118371581e-01
 -3.123422013839e-03   -1.465564572980e-04  -4.795812988593e+01   6.013832530025e+00
 -7.727578246733e-01    1.836678481105e-02  -4.978871936406e+01   6.013832530025e+00
 -8.499633325598e-03   -1.324035173132e-04  -5.475050229231e+01   6.013832530025e+00
 -8.554579299289e-01    3.788803447839e-03  -6.166483026294e+01   8.945727489754e-01
 -7.708313432746e-01    9.184807732723e-03  -6.068102562706e+01   8.945727489754e-01
 -9.783382806511e-01    1.115165354607e-02  -5.523583337280e+01   8.945727489754e-01
 -7.679416218925e-01    1.029917742845e-02  -6.085039749634e+01   5.832937066285e+00
 -2.463321552243e-03    6.760609640721e-04  -6.054318714870e+01   5.832937066285e+00
 -9.656841245203e-03    2.200827805066e-04  -5.499181222677e+01   5.832937066285e+00
 -8.142143886786e-03    2.477446688492e-04  -1.743732270218e+01   6.245298097627e+00
 -8.248876028723e-01    3.600577844712e-03  -2.329722349034e+01   6.245298097627e+00
 -9.209076756621e-04   -2.258918543552e-05  -2.430669924826e+01   6.245298097627e+00
 -1.304157696102e-03   -2.857240169904e-04  -6.103562275142e+01  -5.945074412277e+00
 -8.618794992446e-01    3.555567802655e-03  -6.184144015005e+01  -5.945074412277e+00
 -1.149783566356e-02   -3.104014382058e-04  -5.474503459601e+01  -5.945074412277e+00
 -7.902837866303e-01   -3.994006479447e-03  -2.244506007999e+01  -5.092091070743e-01
 -8.205831117084e-01    3.745349872165e-03  -2.308583999843e+01  -5.092091070743e-01
 -9.746712938510e-01   -6.395191601860e-03  -1.780474949046e+01  -5.092091070743e-01
 -2.947081886230e-02   -6.824768022468e-06  -1.677669743655e+01  -4.032949283855e+00
 -7.785314536346e-01   -3.905668320560e-03  -2.281269320237e+01  -4.032949283855e+00
 -9.938027725678e-01   -7.106542358357e-03  -1.789404012515e+01  -4.032949283855e+00
 -7.818065783518e-01   -4.215186309931e-03  -2.221405733552e+01  -4.476528452609e+00
 -2.162952603543e-02   -9.031529550570e-04  -2.804992908395e+01  -4.476528452609e+00
 -9.011363625516e-01   -2.083902358947e-03  -2.766312005736e+01  -4.476528452609e+00
 -7.831795517331e-01   -5.794232140035e-04  -3.163629855554e+01   6.156393126196e+00
 -7.809188493463e-01   -8.419344428998e-03  -3.819457964207e+01   6.156393126196e+00
 -1.179964619371e-02    6.398351894912e-05  -3.637417835598e+01   6.156393126196e+00
 -9.148636254685e-01   -2.184005552377e-03  -3.497077098319e+01  -5.382326111866e+00
 -1.293022748484e-02   -6.179681162794e-04  -2.833867071462e+01  -5.382326111866e+00
 -1.965995771091e-03    2.686739873866e-04  -3.511001933315e+01  -5.382326111866e+00
 -1.544583657428e-03    1.230469274988e-04  -2.433673999955e+01   6.240115305929e+00
 -8.224755300101e-01    3.235679740756e-03  -2.326034212519e+01   6.240115305929e+00
 -7.105524954052e-03   -2.750155923285e-04  -3.013008901742e+01   6.240115305929e+00
 -7.690903253196e-01    1.953572274636e-02  -5.006819054421e+01   1.148902145377e+00
 -8.722000899011e-01    1.853755646386e-02  -4.944573930024e+01   1.148902145377e+00
 -9.753446000756e-01    1.141686503561e-02  -5.520771609500e+01   1.148902145377e+00
 -2.491279646580e-02    3.549537618650e-06  -5.474460163782e+01   4.899004148604e+00
 -7.620260878534e-01    1.844208777156e-02  -4.971510107051e+01   4.899004148604e+00
 -9.912760708229e-01    1.160920162496e-02  -5.521569104364e+01   4.899004148604e+00
 -7.611356888344e-03   -5.049920954592e-04  -4.787514555154e+01   6.103152632602e+00
 -6.830551322163e-01    1.048938305171e-02  -4.437734002922e+01   6.103152632602e+00
 -7.683874458048e-01    1.899928490236e-02  -4.985693738926e+01   6.103152632602e+00
 -6.856013628586e-01    9.039602437995e-03  -4.444212321136e+01   6.660002109940e+00
 -2.165561227076e-03    1.613926163499e-05  -4.786182786747e+01   6.660002109940e+00
 -2.735812645069e-03   -6.134652431585e-04  -4.288556981215e+01   6.660002109940e+00
 -4.207453748075e-03    3.140910534585e-04  -3.635190228083e+01   6.230686350394e+00
 -7.880093229462e-01   -8.611632556515e-03  -3.820916357588e+01   6.230686350394e+00
 -4.741963511740e-03   -2.748612480284e-04  -4.287574699645e+01   6.230686350394e+00
 -7.848756755531e-01   -9.772468664962e-03  -3.831832628655e+01   1.095361512192e+00
 -9.037836168406e-01   -2.698056491095e-03  -3.471817521526e+01   1.095361512192e+00
 -9.106889068609e-01    1.071629858796e-02  -4.203596430833e+01   1.095361512192e+00
 -1.450466897545e-02    8.997868842376e-04  -4.190218814356e+01  -5.386657239452e+00
 -9.146719218289e-01   -1.625516113479e-03  -3.470450913428e+01  -5.386657239452e+00
 -1.630362857297e-03   -5.766675564499e-06  -3.526604953053e+01  -5.386657239452e+00
 -3.131428764794e-04   -9.252539421759e-04  -4.816896571889e+01  -5.739739229700e+00
 -8.776581742301e-01    1.644744385161e-02  -4.952105744794e+01  -5.739739229700e+00
 -1.221593447616e-02    1.508075481690e-05  -4.228118680802e+01  -5.739739229700e+00
 -7.801346258962e-01   -9.077513044620e-03  -3.824920979670e+01   6.226346848155e+00
 -6.780293943960e-01    8.993882169715e-03  -4.445319889872e+01   6.226346848155e+00
 -1.109126746408e-02   -7.993653258111e-04  -4.289125889029e+01   6.226346848155e+00
 -7.768739623375e-01   -9.801221921548e-03  -3.828175971647e+01   1.999050633432e+00
 -9.167399232264e-01    1.144444697051e-02  -4.201367336867e+01   1.999050633432e+00
 -6.809407962729e-01    1.017464318169e-02  -4.437491682590e+01   1.999050633432e+00
 -7.883617220803e-01   -7.372014383728e-04  -3.162502646381e+01   6.153963745931e+00
 -5.338765591996e-03   -6.565339728818e-05  -3.638380145222e+01   6.153963745931e+00
 -4.178903317074e-03   -1.625684761273e-04  -3.010863368711e+01   6.153963745931e+00
 -8.144769835957e-01    3.234730268530e-03  -2.324822647536e+01   6.021092070298e+00
 -7.768031634874e-01   -3.834601187313e-04  -3.157838849625e+01   6.021092070298e+00
 -1.436585466037e-02   -4.064874848428e-04  -3.012877085412e+01   6.021092070298e+00
 -9.032366987773e-01   -2.408277511125e-03  -3.502966668974e+01   1.079658409668e+00
 -7.880532258593e-01    1.982073425081e-04  -3.155301955696e+01   1.079658409668e+00
 -8.936191253546e-01   -1.178753675957e-03  -2.776364362911e+01   1.079658409668e+00
