
 -1.789126576213e-04    2.189926767278e-04  -2.155045391280e+01   1.275296934693e+00
 -5.765585343190e-02    2.005862491060e-04  -2.171277715869e+01   1.275296934693e+00
  3.099855255498e-05   -9.043729294893e-05  -2.160887503924e+01   1.275296934693e+00
 -6.987257526327e-02    9.799509898496e-03  -1.987712841933e+01   2.322798207752e+00
  5.286697971927e-05    3.133368156096e-06  -2.073685082119e+01   2.322798207752e+00
 -1.944181419894e-04   -4.949463859521e-06  -1.984552893022e+01   2.322798207752e+00
 -5.760757960276e-02   -1.263496237342e-04  -2.171383527413e+01   1.343184731682e+00
 -9.403978032768e-02    1.998072602777e-02  -2.168859086156e+01   1.343184731682e+00
 -1.007354964144e-01    2.647185525596e-04  -2.201432645028e+01   1.343184731682e+00
 -9.441559181209e-02    1.980521840043e-02  -2.168283825806e+01   1.271422433973e+00
 -5.729820162071e-02    4.984894638270e-05  -2.172276509392e+01   1.271422433973e+00
 -4.399281749842e-02    7.903451310130e-03  -2.149475518257e+01   1.271422433973e+00
 -1.170663465662e-01    2.475176577481e-02  -2.220333507059e+01   8.944870531644e-01
 -1.007770847424e-01    2.598756196600e-04  -2.202541657154e+01   8.944870531644e-01
 -9.409236892829e-02    2.014531023295e-02  -2.168203701816e+01   8.944870531644e-01
 -1.463025785300e-01   -1.510834521506e-03  -1.056297018592e+00   9.706110578686e-01
 -1.911506682611e-03    1.206261216243e-04  -6.572923053429e-01   9.706110578686e-01
 -1.068132778885e-01    1.488392883152e-03   5.737448652946e-03   9.706110578686e-01
 -4.409974884852e-02    7.780340137022e-03  -2.149313788437e+01   1.222997430591e+00
 -9.030977284209e-02    2.177597063277e-02  -2.125843394234e+01   1.222997430591e+00
 -9.440873068348e-02    1.992786370943e-02  -2.168043733808e+01   1.222997430591e+00
 -1.398926668257e-01   -1.299089583049e-03  -1.187442374405e+01   5.593600726668e-01
 -7.385232183589e-02   -2.885715411139e-03  -1.189007972299e+01   5.593600726668e-01
 -1.196697004750e-01   -2.243231430706e-03  -1.140151643340e+01   5.593600726668e-01
 -5.447553136654e-02    1.062514633798e-02  -2.091987298801e+01   1.170263242770e+00
 -6.992986537068e-02    9.849002240460e-03  -1.987633328690e+01   1.170263242770e+00
 -1.022503337071e-01    2.422093937419e-02  -2.066342390372e+01   1.170263242770e+00
 -1.945714298835e-04   -4.417781667553e-05  -2.131227374997e+01   1.673225115787e+00
 -5.430055459475e-02    1.057050074628e-02  -2.092350324452e+01   1.673225115787e+00
 -4.395348409953e-02    7.840514282874e-03  -2.149882884092e+01   1.673225115787e+00
 -9.043917520875e-02    2.179221620781e-02  -2.125653643541e+01   5.951743173777e-01
 -1.020732667290e-01    2.435232687998e-02  -2.066432628107e+01   5.951743173777e-01
 -1.110151145266e-01    3.281766183048e-02  -2.149534936533e+01   5.951743173777e-01
 -1.020560523766e-01    2.423835337944e-02  -2.066474623929e+01   1.251331478308e+00
 -9.043417590362e-02    2.181406814693e-02  -2.125736417629e+01   1.251331478308e+00
 -5.468499602600e-02    1.060931167123e-02  -2.091652383476e+01   1.251331478308e+00
 -1.182469232075e-01    3.672179485469e-02  -2.090531047774e+01   3.739556680778e-01
 -1.107074593244e-01    3.283944027551e-02  -2.150220741847e+01   3.739556680778e-01
 -1.024633500173e-01    2.434921644433e-02  -2.065800027923e+01   3.739556680778e-01
 -9.041917632274e-02    2.182175294341e-02  -2.125694874930e+01   7.595387840783e-01
 -1.110308092488e-01    3.274790033962e-02  -2.149533736511e+01   7.595387840783e-01
 -9.422166668428e-02    1.997952877252e-02  -2.168448333938e+01   7.595387840783e-01
 -1.183694008326e-01    3.675122757198e-02  -2.090161043221e+01   8.429170896561e-02
 -1.023383379585e-01    2.432701203239e-02  -2.066124840687e+01   8.429170896561e-02
 -1.269748930327e-01    2.716930825558e-02  -1.987824804017e+01   8.429170896561e-02
 -5.446868293082e-02    1.065798576867e-02  -2.092198212920e+01   1.203759908546e+00
 -9.056737736620e-02    2.176318500774e-02  -2.125449169649e+01   1.203759908546e+00
 -4.383679794031e-02    7.783883463705e-03  -2.149989189343e+01   1.203759908546e+00
 -2.083284490562e-04    5.766542768869e-05  -1.717508743482e+01   2.545234451768e+00
 -1.113908772852e-04   -1.026889126417e-04  -1.463698561138e+01   2.545234451768e+00
 -7.661393606056e-02   -3.885292608597e-03  -1.657647659241e+01   2.545234451768e+00
 -1.167603826060e-01    2.480885799776e-02  -2.220204826521e+01   7.633772145137e-01
 -9.441555753239e-02    2.003099700657e-02  -2.168002035739e+01   7.633772145137e-01
 -1.107963859980e-01    3.275567430824e-02  -2.149824592259e+01   7.633772145137e-01
 -1.297761006229e-01    5.288656580951e-04  -2.256087779643e+01   5.013325713633e-01
 -1.164015630250e-01    2.457450100283e-02  -2.220147556022e+01   5.013325713633e-01
 -1.200035175024e-01    1.087129724455e-02  -2.271886233961e+01   5.013325713633e-01
 -1.294591372371e-01    1.462047540582e-04  -2.255483409829e+01   1.115592170345e+00
 -1.010650624743e-01    1.419061202144e-04  -2.202283445733e+01   1.115592170345e+00
 -1.167161002061e-01    2.476069410248e-02  -2.220683298131e+01   1.115592170345e+00
 -1.299350312854e-01    5.168230113401e-04  -2.256631099929e+01   5.225511372719e-01
 -1.199028904397e-01    1.075313020391e-02  -2.271821767585e+01   5.225511372719e-01
 -1.438715868041e-01   -1.773770013229e-04  -2.296798180917e+01   5.225511372719e-01
 -1.194498963844e-01    1.039727009517e-02  -2.271881197369e+01   2.732963760654e-01
 -1.170598118796e-01    2.493682352380e-02  -2.219978572673e+01   2.732963760654e-01
 -9.656563530965e-02    2.300282711184e-02  -2.246445477345e+01   2.732963760654e-01
 -9.222425504016e-02   -1.835026785462e-03  -2.272484183855e+01  -4.968306085970e-02
 -1.197446618846e-01    1.043287355262e-02  -2.270914024877e+01  -4.968306085970e-02
 -9.608827640069e-02    2.283358422104e-02  -2.247181305230e+01  -4.968306085970e-02
 -1.196079343323e-01    1.005747625848e-02  -2.271509354829e+01   1.683532956550e-01
 -1.214610090223e-01   -1.299668859941e-02  -2.270205210000e+01   1.683532956550e-01
 -1.440040381867e-01    4.584303963086e-04  -2.296691756116e+01   1.683532956550e-01
 -1.170582064331e-01    2.484915377771e-02  -2.219790443691e+01  -7.443664728139e-02
 -1.051175110327e-01    3.637952395530e-02  -2.182190822264e+01  -7.443664728139e-02
 -9.656241352930e-02    2.316801093618e-02  -2.246549923128e+01  -7.443664728139e-02
 -8.081975837611e-02    1.152566438069e-03  -1.142815311257e+01  -1.038227194632e+00
 -1.118096691209e-01    1.529422664174e-03  -1.073716957570e+01  -1.038227194632e+00
 -1.192364661570e-03    1.212891697205e-04  -1.062742166686e+01  -1.038227194632e+00
 -7.469327186823e-02    2.961458085294e-02  -2.213549933678e+01  -1.110562865207e+00
 -1.055284687670e-01    3.654370936880e-02  -2.182277627619e+01  -1.110562865207e+00
 -8.909327765089e-02    3.331125459065e-02  -2.122577089613e+01  -1.110562865207e+00
 -1.055804974730e-01    3.642464813189e-02  -2.181640140757e+01   1.697863968559e-01
 -1.165431581616e-01    2.475262824037e-02  -2.220623731608e+01   1.697863968559e-01
 -1.110248930396e-01    3.286928882260e-02  -2.149508380676e+01   1.697863968559e-01
 -3.309753872193e-02    9.262102547249e-03  -2.293531458998e+01  -1.200960133044e+00
 -6.419313865200e-02    1.686083003186e-02  -2.274371469493e+01  -1.200960133044e+00
 -3.882729496541e-02    1.727703742220e-02  -2.239553615120e+01  -1.200960133044e+00
 -6.414172996195e-02    1.678640907861e-02  -2.273665726485e+01  -8.008046480256e-01
 -9.621978402421e-02    2.298980996010e-02  -2.247408455055e+01  -8.008046480256e-01
 -7.438661280822e-02    2.959611118812e-02  -2.214700096769e+01  -8.008046480256e-01
 -7.454089947341e-02    2.957379477151e-02  -2.214063912107e+01  -1.343185857736e+00
 -3.903348587322e-02    1.731069657948e-02  -2.239227355954e+01  -1.343185857736e+00
 -6.401721780811e-02    1.684727848113e-02  -2.274613296216e+01  -1.343185857736e+00
 -6.415121777890e-02    1.673932330935e-02  -2.273927403062e+01  -1.728135295538e-01
 -9.201514030026e-02   -1.963795940094e-03  -2.273248816125e+01  -1.728135295538e-01
 -9.618116388144e-02    2.295195098898e-02  -2.247127040317e+01  -1.728135295538e-01
 -1.181910505478e-01    3.685457714020e-02  -2.090460781751e+01  -7.937538662968e-01
 -8.945030537457e-02    3.331243704600e-02  -2.121894991794e+01  -7.937538662968e-01
 -1.052213048078e-01    3.654035005280e-02  -2.182980400249e+01  -7.937538662968e-01
 -7.465614851206e-02    2.959575645730e-02  -2.214170536121e+01  -4.971322207747e-01
 -9.602033904436e-02    2.302475322794e-02  -2.247891443718e+01  -4.971322207747e-01
 -1.054934549698e-01    3.650797249246e-02  -2.181658546368e+01  -4.971322207747e-01
 -1.177691780069e-01    3.678903562768e-02  -2.091207920113e+01  -1.981100467123e-01
 -1.056079973777e-01    3.652436850090e-02  -2.181526549269e+01  -1.981100467123e-01
 -1.110632125376e-01    3.282356301849e-02  -2.149463421231e+01  -1.981100467123e-01
 -6.404276656201e-02    1.671044674156e-02  -2.273982970243e+01  -4.933661343134e-01
 -3.317554011720e-02    9.365319594857e-03  -2.293997452673e+01  -4.933661343134e-01
 -6.071461245761e-02   -1.456421853124e-03  -2.295241913818e+01  -4.933661343134e-01
 -1.276693595202e-01    2.707667133625e-02  -1.986865404650e+01   8.455905994291e-01
 -1.017826996823e-01    2.430667915491e-02  -2.067343150464e+01   8.455905994291e-01
 -7.076656748616e-02    9.813043503184e-03  -1.986436984099e+01   8.455905994291e-01
 -1.451128466837e-01   -1.545169392434e-03  -1.061690584447e+00   3.887645614588e-01
 -1.073487798396e-01    1.469385832203e-03  -1.753326264353e-03   3.887645614588e-01
 -1.458939470932e-01   -3.125684361611e-04  -1.396275597919e-02   3.887645614588e-01
 -1.299233963973e-01    1.423732330106e-02  -1.873243892513e+01   8.004306032357e-01
 -7.583852209846e-02    4.099627038377e-03  -1.833173393713e+01   8.004306032357e-01
 -1.292467445500e-01    9.031395449438e-04  -1.746069351540e+01   8.004306032357e-01
 -1.296401680827e-01    1.455767443417e-02  -1.873864931106e+01   6.127800512165e-01
 -1.278342774289e-01    2.697611188835e-02  -1.986441093208e+01   6.127800512165e-01
 -7.068410435765e-02    9.964846217900e-03  -1.986656163753e+01   6.127800512165e-01
 -1.182404086013e-01    3.690139765022e-02  -2.091352710450e+01  -1.241948238655e+00
 -1.034996789524e-01    2.786790884499e-02  -2.009065398896e+01  -1.241948238655e+00
 -8.946317659162e-02    3.328139528575e-02  -2.121040569936e+01  -1.241948238655e+00
 -1.038731052394e-01    2.785758200661e-02  -2.008294708958e+01  -8.949358797910e-01
 -1.179101548592e-01    3.687109133395e-02  -2.092165021355e+01  -8.949358797910e-01
 -1.274677609500e-01    2.718847359975e-02  -1.986834361947e+01  -8.949358797910e-01
 -1.138089178509e-01    1.599386855651e-02  -1.881878819839e+01  -1.214183447461e+00
 -1.038600761492e-01    2.775685258917e-02  -2.007221837727e+01  -1.214183447461e+00
 -1.275508705976e-01    2.730774567760e-02  -1.987921663799e+01  -1.214183447461e+00
 -5.489170315634e-02    1.688693527021e-02  -2.027531285143e+01  -2.630027830913e+00
 -8.933085253721e-02    3.329260103928e-02  -2.122764860089e+01  -2.630027830913e+00
 -1.036447519936e-01    2.782386967222e-02  -2.007828589171e+01  -2.630027830913e+00
 -1.272521294750e-01    2.730266421026e-02  -1.988757957219e+01  -8.076311398347e-01
 -1.302079024451e-01    1.433241120373e-02  -1.872722189967e+01  -8.076311398347e-01
 -1.141258055312e-01    1.593719411448e-02  -1.881091573993e+01  -8.076311398347e-01
 -1.300864920484e-01    1.443690853669e-02  -1.873299331052e+01   1.104696270279e+00
 -7.010292225261e-02    1.004992406397e-02  -1.987738387767e+01   1.104696270279e+00
 -7.556246902760e-02    3.934475186295e-03  -1.833247721945e+01   1.104696270279e+00
 -1.182235659221e-01    1.026404119377e-03  -1.747289738296e+01  -1.091623719933e+00
 -1.140295838432e-01    1.576932394953e-02  -1.879844974713e+01  -1.091623719933e+00
 -1.303679834137e-01    1.449681407731e-02  -1.873928354421e+01  -1.091623719933e+00
 -2.197281439588e-04    1.250375363636e-04  -1.744813868329e+01  -4.705403909122e+00
 -6.566889145905e-02    2.691495613800e-04  -1.746332840743e+01  -4.705403909122e+00
 -2.039181363754e-04   -2.867368575380e-04  -1.601007291776e+01  -4.705403909122e+00
 -1.142871635127e-01    1.585229846234e-02  -1.881532691901e+01  -2.963461655127e+00
 -6.541538618615e-02    4.851218174593e-04  -1.746541609667e+01  -2.963461655127e+00
 -6.153203801968e-02    1.022781355613e-02  -1.889857600906e+01  -2.963461655127e+00
 -6.574978843118e-02    4.710364840861e-04  -1.746453089204e+01  -2.977500412194e+00
 -1.140022330368e-01    1.581235145774e-02  -1.881696528481e+01  -2.977500412194e+00
 -1.179611204690e-01    8.466023662719e-04  -1.745502911623e+01  -2.977500412194e+00
 -6.154494459328e-02    1.011634213725e-02  -1.890900674719e+01  -5.062627713724e+00
 -6.531008365996e-02    6.989349552710e-04  -1.744721263785e+01  -5.062627713724e+00
 -4.738508787014e-04    2.887550283702e-04  -1.891170057929e+01  -5.062627713724e+00
 -1.139841675209e-01    1.590400999988e-02  -1.880422306543e+01  -2.903597550241e+00
 -6.177486378342e-02    1.021969370884e-02  -1.891105014808e+01  -2.903597550241e+00
 -1.036862065812e-01    2.776028516082e-02  -2.009097466680e+01  -2.903597550241e+00
 -1.138020127480e-01   -1.401875298235e-02  -1.610154706327e+01  -2.965310479583e+00
 -6.572813546097e-02    5.215395091539e-04  -1.744645310134e+01  -2.965310479583e+00
 -1.179682002829e-01    7.380885471785e-04  -1.745973480752e+01  -2.965310479583e+00
 -1.186237409735e-01    9.561077779218e-04  -1.746760439369e+01  -7.319308371730e-01
 -1.300115506758e-01    1.453380837578e-02  -1.874626066182e+01  -7.319308371730e-01
 -1.292026687702e-01    6.705047016958e-04  -1.745344018928e+01  -7.319308371730e-01
 -7.552357501152e-02    4.223762766679e-03  -1.833435722608e+01   1.152961678587e+00
 -7.622803292747e-02   -3.896623940497e-03  -1.657424478651e+01   1.152961678587e+00
 -1.295733076021e-01    7.584134056814e-04  -1.745835165240e+01   1.152961678587e+00
 -5.463200526847e-02    1.683965815667e-02  -2.026437139816e+01  -2.809535729388e+00
 -1.039620616454e-01    2.782651496713e-02  -2.008838728465e+01  -2.809535729388e+00
 -6.144913745407e-02    1.019082216384e-02  -1.891385928837e+01  -2.809535729388e+00
 -1.018216376931e-05    3.983070326056e-05  -2.239377621439e+01  -2.728700580384e+00
 -3.927882837358e-02    1.740855829875e-02  -2.239766442230e+01  -2.728700580384e+00
 -2.857090064240e-04    1.623490196206e-04  -2.150659225647e+01  -2.728700580384e+00
 -3.891342329577e-02    1.721184086048e-02  -2.238627021261e+01  -1.932591003592e+00
 -7.476456726212e-02    2.969633687324e-02  -2.214683405676e+01  -1.932591003592e+00
 -4.687068991112e-02    1.971577868016e-02  -2.147026875016e+01  -1.932591003592e+00
 -6.459485724396e-02    8.798064056220e-03  -1.312990165594e+01  -1.612545388237e+00
 -1.840507337506e-05   -1.054441849736e-04  -1.234968452797e+01  -1.612545388237e+00
 -1.896947753624e-04    3.389097883316e-05  -1.312934681678e+01  -1.612545388237e+00
 -2.524691812015e-04    3.656108179509e-04  -2.302976939048e+01  -8.748359485837e-01
 -3.140819611382e-02   -7.028414907060e-04  -2.314345600580e+01  -8.748359485837e-01
 -3.301787683866e-02    9.138302657587e-03  -2.293731851159e+01  -8.748359485837e-01
 -1.685423040594e-04    1.458164940746e-04  -2.240231888507e+01  -2.211495502852e+00
  7.954963399444e-05   -1.039701051554e-04  -2.302345058250e+01  -2.211495502852e+00
 -3.896425102886e-02    1.719684016141e-02  -2.238904065848e+01  -2.211495502852e+00
 -7.225550847847e-02   -1.407810268388e-02  -2.071484656334e+01  -1.684184107115e+00
 -3.110025197957e-04    5.864721141565e-05  -2.116462039056e+01  -1.684184107115e+00
 -5.757689821997e-02   -1.013572796130e-02  -2.125339334150e+01  -1.684184107115e+00
 -3.906750570113e-02    1.730501335085e-02  -2.239884033191e+01  -3.369100923861e+00
 -4.681215045878e-02    1.964034785161e-02  -2.146027042318e+01  -3.369100923861e+00
 -4.939053139148e-04    2.769455849480e-04  -2.150262573354e+01  -3.369100923861e+00
 -9.231271640000e-05   -1.937885590423e-05  -2.302196357633e+01  -1.740136464782e+00
 -3.312948374124e-02    9.346492008693e-03  -2.293912478304e+01  -1.740136464782e+00
 -3.874121333135e-02    1.711291821034e-02  -2.239042413837e+01  -1.740136464782e+00
 -3.447451104414e-04   -4.204516639258e-05  -1.893008926925e+01  -4.395578420701e+00
 -6.064132034323e-05    2.720907521736e-04  -2.029854430243e+01  -4.395578420701e+00
 -6.161042561800e-02    1.042404688199e-02  -1.889782783079e+01  -4.395578420701e+00
 -1.375004345949e-04    2.541035575192e-04  -1.890968439760e+01  -4.708912781263e+00
 -6.566308524879e-02    6.981914426503e-04  -1.744722641224e+01  -4.708912781263e+00
 -2.361089461248e-04   -1.079514006331e-04  -1.746425713880e+01  -4.708912781263e+00
 -9.693645835753e-02   -5.618860085933e-03  -1.820344138285e+01  -1.973016972661e+00
 -7.421198101134e-04   -1.067319001832e-04  -1.968510538779e+01  -1.973016972661e+00
 -8.597895131746e-02   -1.287536190918e-02  -1.965537704443e+01  -1.973016972661e+00
 -6.696647006449e-05    1.403238052507e-04  -2.148597594824e+01  -3.578619774716e+00
 -4.724711598290e-02    1.972159441272e-02  -2.147170990455e+01  -3.578619774716e+00
 -4.034309794838e-04    5.321045541964e-05  -2.032895385625e+01  -3.578619774716e+00
 -4.147972649330e-04    3.975426261557e-04  -2.029996445753e+01  -4.591986199103e+00
 -5.463712226907e-02    1.671639469871e-02  -2.027399893063e+01  -4.591986199103e+00
 -6.128210513487e-02    1.035850357406e-02  -1.889821867512e+01  -4.591986199103e+00
 -7.552785503194e-02    3.994786047781e-03  -1.833394800047e+01   2.326539353291e+00
 -7.321228692979e-04   -9.824403731474e-05  -1.718251864062e+01   2.326539353291e+00
 -7.614612530157e-02   -3.717853651998e-03  -1.657443824174e+01   2.326539353291e+00
 -5.458024389250e-02    1.054377894498e-02  -2.091979821935e+01   1.815954241865e+00
  4.423800500929e-05   -2.861413594389e-05  -2.131711034959e+01   1.815954241865e+00
 -2.093575879760e-04    8.044999514268e-06  -2.073699990744e+01   1.815954241865e+00
 -7.369947622515e-04    1.846661826215e-04  -2.032530517695e+01  -4.171527364056e+00
 -4.698285854622e-02    1.961795245812e-02  -2.147329601899e+01  -4.171527364056e+00
 -5.445235163850e-02    1.682394960619e-02  -2.026564813926e+01  -4.171527364056e+00
 -4.684499737455e-02    1.966895059952e-02  -2.145954452059e+01  -2.464536101280e+00
 -8.956562308481e-02    3.335462001057e-02  -2.122519841175e+01  -2.464536101280e+00
 -5.460100041699e-02    1.683108215278e-02  -2.027799934393e+01  -2.464536101280e+00
 -7.016992498799e-02    9.770832997642e-03  -1.988012846211e+01   2.328117205906e+00
 -7.296841951118e-04   -1.557605968755e-04  -1.862291642869e+01   2.328117205906e+00
 -7.535413902805e-02    4.098114795791e-03  -1.833234014260e+01   2.328117205906e+00
 -1.186132077130e-01    6.379561693121e-04  -1.744722613463e+01  -7.200949028124e-01
 -1.292057944707e-01    8.343031204733e-04  -1.746272871695e+01  -7.200949028124e-01
 -1.303714388852e-01   -1.267379116731e-02  -1.617153337783e+01  -7.200949028124e-01
 -4.709095139301e-02    1.976336011473e-02  -2.146785164665e+01  -2.086294808993e+00
 -7.457221473775e-02    2.965889440351e-02  -2.214907066896e+01  -2.086294808993e+00
 -8.924070353645e-02    3.327845825431e-02  -2.121665154891e+01  -2.086294808993e+00
  2.313327469423e-05    4.778404792674e-05  -1.984437756823e+01   2.344047244188e+00
 -4.320871236395e-04   -1.108235255304e-04  -1.862570799237e+01   2.344047244188e+00
 -7.041306016108e-02    9.693747274227e-03  -1.987846381543e+01   2.344047244188e+00
 -3.157634934668e-02   -6.813868545831e-04  -2.314250575008e+01  -2.609287580781e-01
 -9.303817859876e-05    3.016381530262e-04  -2.303258266688e+01  -2.609287580781e-01
 -4.072800757527e-05   -1.260696747814e-04  -2.316491021364e+01  -2.609287580781e-01
 -1.227083079011e-01   -2.971169979360e-02  -2.212248722499e+01  -2.129459620497e-01
 -1.212454816724e-01   -1.349416748333e-02  -2.269845445386e+01  -2.129459620497e-01
 -9.905672495203e-02   -2.725320841874e-02  -2.241763815740e+01  -2.129459620497e-01
 -1.214653734310e-01   -1.310843944709e-02  -2.270020550543e+01  -2.570827049320e-01
 -1.439951901521e-01   -4.138870366170e-04  -2.285011648918e+01  -2.570827049320e-01
 -1.440741350439e-01    5.375876623807e-04  -2.297276341642e+01  -2.570827049320e-01
 -1.437672281346e-01    1.148188482804e-04  -2.284643375891e+01  -8.909541137547e-01
 -1.218196916302e-01   -2.938660378162e-02  -2.213178288173e+01  -8.909541137547e-01
 -1.297335849195e-01   -2.454464847644e-04  -2.228967121823e+01  -8.909541137547e-01
 -1.219526531355e-01   -2.934167169241e-02  -2.212987000580e+01  -2.914867570163e-01
 -1.436467175231e-01   -6.933596368524e-06  -2.284770487065e+01  -2.914867570163e-01
 -1.216589540267e-01   -1.376361835936e-02  -2.269679598175e+01  -2.914867570163e-01
 -1.294159853109e-01   -1.383964065681e-04  -2.229124377262e+01  -1.209138540896e+00
 -1.224903350259e-01   -2.958992913055e-02  -2.212805894865e+01  -1.209138540896e+00
 -1.011665026557e-01   -1.261635372736e-04  -2.172847365367e+01  -1.209138540896e+00
 -8.069385923636e-04    4.170339310025e-05  -6.600038140525e-01   1.049622220477e+00
  2.199343621402e-05   -2.237792078214e-05  -4.135881493748e-03   1.049622220477e+00
 -1.076168377500e-01    1.483127302885e-03   2.286175029051e-03   1.049622220477e+00
 -1.215620114030e-01   -1.355930422035e-02  -2.268986796912e+01   9.862381689992e-02
 -9.222932567369e-02   -2.187950620479e-03  -2.272534132471e+01   9.862381689991e-02
 -9.856863803088e-02   -2.707551716497e-02  -2.242514039303e+01   9.862381689992e-02
 -1.214640906066e-01   -1.358607634370e-02  -2.269859106090e+01   2.598352708034e-02
 -1.196353532412e-01    1.048043896710e-02  -2.271618930970e+01   2.598352708034e-02
 -9.242286539784e-02   -2.019506186877e-03  -2.271865732836e+01   2.598352708034e-02
 -6.547669079005e-02   -1.996050487647e-02  -2.271217220676e+01   2.808177981806e-01
 -9.865603395170e-02   -2.718736935965e-02  -2.242520600288e+01   2.808177981806e-01
 -9.202463402152e-02   -2.062929312189e-03  -2.273265855904e+01   2.808177981806e-01
 -7.708455975672e-02   -3.257824611476e-02  -2.207700513695e+01   1.521417587269e+00
 -6.535653903598e-02   -2.006714060257e-02  -2.271973878612e+01   1.521417587269e+00
 -3.985006259201e-02   -1.842366235845e-02  -2.232146516751e+01   1.521417587269e+00
 -9.850785651296e-02   -2.727499291987e-02  -2.243318972521e+01   6.221035907274e-01
 -7.721100687098e-02   -3.262424477765e-02  -2.207881841437e+01   6.221035907274e-01
 -1.103773497345e-01   -4.101502712486e-02  -2.173094062080e+01   6.221035907274e-01
 -7.694060012880e-02   -3.261547048521e-02  -2.208394320656e+01   9.027768022489e-01
 -9.870653415802e-02   -2.724730205712e-02  -2.242839758840e+01   9.027768022489e-01
 -6.545955288108e-02   -1.999077904660e-02  -2.270940144210e+01   9.027768022489e-01
 -1.253985179462e-01   -4.113245185366e-02  -2.079406016002e+01   9.335618249715e-01
 -1.101083115406e-01   -4.104981887233e-02  -2.174427260832e+01   9.335618249715e-01
 -9.326960634516e-02   -3.623000903449e-02  -2.114016620840e+01   9.335618249715e-01
 -9.904528735666e-02   -2.740364796103e-02  -2.241965718417e+01   1.554626913946e-01
 -1.100099397881e-01   -4.090125765600e-02  -2.173591190577e+01   1.554626913946e-01
 -1.227154980082e-01   -2.962613310519e-02  -2.211881276094e+01   1.554626913946e-01
 -6.535180328778e-02   -1.991949365746e-02  -2.271335410004e+01   6.259945768821e-01
 -6.072408413103e-02   -1.673623313701e-03  -2.295210223426e+01   6.259945768821e-01
 -3.379372494278e-02   -1.123871775249e-02  -2.293017379878e+01   6.259945768821e-01
 -6.526465925165e-02   -1.994896055652e-02  -2.271698541996e+01   3.541493103730e-01
 -9.223188126196e-02   -2.041706690764e-03  -2.272768577282e+01   3.541493103730e-01
 -6.078942706969e-02   -1.592003544349e-03  -2.294479560884e+01   3.541493103730e-01
 -9.222294786165e-02   -1.998441390203e-03  -2.272771144083e+01  -2.625776251519e-01
 -6.394082130312e-02    1.673791841975e-02  -2.274386682818e+01  -2.625776251519e-01
 -6.079371349377e-02   -1.537275910382e-03  -2.294478923727e+01  -2.625776251519e-01
 -1.221954943491e-01   -2.952715183157e-02  -2.212566861849e+01  -7.964515776964e-02
 -1.104767855633e-01   -4.095116476949e-02  -2.173116648366e+01  -7.964515776964e-02
 -1.189919660062e-01   -3.779421686439e-02  -2.136202693191e+01  -7.964515776964e-02
 -1.007246418996e-01   -3.160519553823e-04  -2.172413801433e+01  -1.410668370797e+00
 -1.033133211411e-01   -2.356432288342e-02  -2.149776327686e+01  -1.410668370797e+00
 -5.767008406668e-02    2.236534690691e-04  -2.141577560546e+01  -1.410668370797e+00
 -1.009427700706e-01   -2.541758821736e-04  -2.173196554699e+01  -8.808901517606e-01
 -1.227816678198e-01   -2.954229293068e-02  -2.212216507128e+01  -8.808901517606e-01
 -1.031895686825e-01   -2.383176599966e-02  -2.149282207629e+01  -8.808901517606e-01
 -5.754500337552e-02   -1.905664332740e-04  -2.141494422816e+01  -1.462157239414e+00
 -5.740889341156e-02   -1.002575234177e-02  -2.125448060055e+01  -1.462157239414e+00
  5.287116234288e-05    2.649073085663e-04  -2.143217407751e+01  -1.462157239414e+00
 -5.769313896613e-02   -1.039082195063e-02  -2.124944613855e+01  -1.185942800526e+00
 -5.740141513828e-02    1.059979072012e-04  -2.142317535351e+01  -1.185942800526e+00
 -1.036494628444e-01   -2.343777691531e-02  -2.149229679085e+01  -1.185942800526e+00
 -7.300257573722e-02   -1.404842434762e-02  -2.071225546871e+01  -1.822206773593e+00
 -6.514947128313e-04    8.983166934071e-06  -1.970126799808e+01  -1.822206773593e+00
  1.670085339370e-04    1.874292990487e-05  -2.117596287065e+01  -1.822206773593e+00
 -4.138093104623e-04    4.152367318197e-05  -1.062539079526e+01  -1.159751284248e+00
 -2.783643314744e-05   -3.424204866294e-05  -1.138742460381e+01  -1.159751284248e+00
 -8.124898961150e-02    1.168369600809e-03  -1.142757509998e+01  -1.159751284248e+00
 -1.035973370317e-01   -2.361576404390e-02  -2.149054454914e+01  -1.160170527954e+00
 -1.017985617369e-01   -2.597202270335e-02  -2.106756056426e+01  -1.160170527954e+00
 -5.782608561151e-02   -1.022074397207e-02  -2.124756052337e+01  -1.160170527954e+00
 -6.996600003699e-02   -2.604194398596e-03  -1.151305206811e+01   1.165840595608e+00
  2.053587638654e-05    4.908657001704e-05  -1.143502820306e+01   1.165840595608e+00
 -3.703286597653e-04   -3.363659742680e-05  -1.070980826862e+01   1.165840595608e+00
 -1.186660544039e-01   -3.775928063678e-02  -2.136895042581e+01  -2.415856918122e-01
 -1.254630264480e-01   -4.100754989290e-02  -2.079483351566e+01  -2.415856918122e-01
 -1.145552842907e-01   -2.870373100160e-02  -2.049550719712e+01  -2.415856918122e-01
 -1.249795783992e-01   -4.106624128709e-02  -2.080132457081e+01   3.025697041887e-01
 -1.190370578268e-01   -3.775185426723e-02  -2.136176691991e+01   3.025697041887e-01
 -1.104905701207e-01   -4.103793476723e-02  -2.173004656833e+01   3.025697041887e-01
 -1.019223933015e-01   -2.601830572524e-02  -2.106614483874e+01  -1.088185410059e+00
 -1.141868643383e-01   -2.859755552610e-02  -2.050317555257e+01  -1.088185410059e+00
 -7.235116432167e-02   -1.412323023260e-02  -2.070956286840e+01  -1.088185410059e+00
 -1.141876942233e-01   -2.870711828847e-02  -2.050197854830e+01  -4.941053513530e-01
 -1.019436272164e-01   -2.599831410962e-02  -2.106603247913e+01  -4.941053513530e-01
 -1.189529509106e-01   -3.773738839799e-02  -2.136212628147e+01  -4.941053513530e-01
 -7.216900804116e-02   -1.415944289732e-02  -2.071453130949e+01  -1.020864897834e+00
 -1.143879158358e-01   -2.857249746277e-02  -2.050182022407e+01  -1.020864897834e+00
 -8.605043186732e-02   -1.301324290057e-02  -1.965581397177e+01  -1.020864897834e+00
 -1.020421968842e-01   -2.597718008960e-02  -2.106307333654e+01  -1.090959599541e+00
 -7.219858769924e-02   -1.416162804399e-02  -2.071418343152e+01  -1.090959599541e+00
 -5.754887670082e-02   -1.016805969305e-02  -2.125452524715e+01  -1.090959599541e+00
 -1.255749900705e-01   -4.102942937844e-02  -2.079105220153e+01   5.270142416471e-02
 -1.364725627022e-01   -3.080294130275e-02  -1.975709934652e+01   5.270142416471e-02
 -1.144388339770e-01   -2.868908673513e-02  -2.049889833329e+01   5.270142416471e-02
 -1.189939528951e-01   -3.768806315014e-02  -2.136281858932e+01  -6.777779300501e-01
 -1.019022660514e-01   -2.601281075952e-02  -2.106590623259e+01  -6.777779300501e-01
 -1.033878857937e-01   -2.369295043156e-02  -2.149564798547e+01  -6.777779300501e-01
 -1.224008705136e-01   -2.957416339271e-02  -2.212079961459e+01  -7.133217481676e-01
 -1.187770153381e-01   -3.769842186585e-02  -2.136565399075e+01  -7.133217481676e-01
 -1.035495901642e-01   -2.374405157393e-02  -2.149143552307e+01  -7.133217481676e-01
 -7.265235526363e-02   -1.411693586894e-02  -2.071720010642e+01  -2.097777630899e+00
 -8.561819475042e-02   -1.297093918915e-02  -1.965392803296e+01  -2.097777630899e+00
 -1.177755385207e-03    7.474653843587e-05  -1.969099135366e+01  -2.097777630899e+00
 -1.104208551424e-01   -4.105893757608e-02  -2.173737241667e+01   1.237223635428e+00
 -7.723431853147e-02   -3.262737831055e-02  -2.207234011277e+01   1.237223635428e+00
 -9.290938917076e-02   -3.622187290915e-02  -2.114671822362e+01   1.237223635428e+00
 -2.209789485877e-03   -5.934689464088e-05  -1.775704358649e+00   1.016478421443e+00
 -1.470073069722e-01   -1.821066171181e-03  -1.060870079763e+00   1.016478421443e+00
 -1.264199648273e-01   -3.251736231550e-03  -2.021408376748e+00   1.016478421443e+00
 -3.142483196026e-02   -1.098768940767e-03  -2.314427916793e+01   1.057727284645e+00
 -2.073536880194e-04   -3.053177975877e-04  -2.298988001930e+01   1.057727284645e+00
 -3.367624515425e-02   -1.104493179879e-02  -2.292793139582e+01   1.057727284645e+00
 -3.158252088225e-02   -1.116010202161e-03  -2.314317827949e+01   3.862465135672e-01
 -4.276638268549e-05    1.028644487268e-04  -2.316448040762e+01   3.862465135672e-01
 -7.631459987101e-05   -2.678196660602e-04  -2.299326899077e+01   3.862465135672e-01
 -3.374597932663e-02   -1.129859237857e-02  -2.293627199516e+01   2.359676693770e+00
 -4.296845881668e-04   -4.211622342176e-04  -2.241611502201e+01   2.359676693770e+00
 -3.958146761680e-02   -1.820271825191e-02  -2.231600259336e+01   2.359676693770e+00
 -4.816340717836e-02   -2.118631492301e-02  -2.139395306173e+01   3.127840097411e+00
 -3.977374884447e-02   -1.832363499663e-02  -2.232084183449e+01   3.127840097411e+00
 -1.045202969817e-04   -2.016516326739e-04  -2.240053307292e+01   3.127840097411e+00
 -4.864996569643e-02   -2.130489500930e-02  -2.140019576371e+01   2.249131037412e+00
 -9.306122553640e-02   -3.619540513234e-02  -2.113751453352e+01   2.249131037412e+00
 -7.710948330881e-02   -3.265384273244e-02  -2.208568128753e+01   2.249131037412e+00
 -4.837520499123e-02   -2.124899281288e-02  -2.140349374082e+01   2.086309780441e+00
 -7.733070223172e-02   -3.270009080761e-02  -2.208319494714e+01   2.086309780441e+00
 -3.969250579592e-02   -1.830904018792e-02  -2.231453553913e+01   2.086309780441e+00
 -2.321322823310e-04   -2.920561868930e-04  -2.241960596278e+01   1.704159959309e+00
 -3.391754823670e-02   -1.137664201941e-02  -2.293441972722e+01   1.704159959309e+00
 -1.383142830896e-05    3.713748723665e-05  -2.298111132594e+01   1.704159959309e+00
 -6.553710221182e-02   -2.009720906024e-02  -2.271754307526e+01   1.315348130719e+00
 -3.366717621281e-02   -1.111498802191e-02  -2.292676941559e+01   1.315348130719e+00
 -3.963849300666e-02   -1.836611446763e-02  -2.232401330596e+01   1.315348130719e+00
  1.153814304333e-04   -5.921230054844e-05  -2.240088382721e+01   3.337036016031e+00
 -3.015283413476e-04   -1.362161538177e-04  -2.144320851493e+01   3.337036016031e+00
 -4.840490985751e-02   -2.128385830190e-02  -2.139255585227e+01   3.337036016031e+00
 -7.636298807519e-02   -3.843626819132e-03  -1.657465104412e+01   2.155783513508e+00
 -3.742476014340e-04   -1.474941846779e-04  -1.464023703906e+01   2.155783513508e+00
 -6.978482333685e-02   -8.261522637882e-03  -1.502470728767e+01   2.155783513508e+00
 -1.468433580598e-01    2.825231575812e-03  -7.737753337104e+00  -7.904100880314e-01
 -4.338847428234e-03   -1.787478992720e-04  -8.552680580393e+00  -7.904100880314e-01
 -1.665384261896e-01    1.943605057763e-03  -8.682257323173e+00  -7.904100880314e-01
 -5.751835617528e-02    2.858311885833e-04  -2.171679574471e+01   1.566890346827e+00
 -2.568457025528e-04    1.624910202033e-04  -2.154862422395e+01   1.566890346827e+00
 -4.374395694204e-02    7.742192116258e-03  -2.149868359407e+01   1.566890346827e+00
 -5.822703572998e-02   -1.849325438699e-02  -2.022212145392e+01   4.401095470347e+00
 -1.028475684858e-04   -1.553167912600e-04  -2.020723945684e+01   4.401095470347e+00
 -3.444645396896e-04    1.044370653094e-04  -1.885772246701e+01   4.401095470347e+00
 -5.788737546179e-02   -1.872484087176e-02  -2.020737835563e+01   4.135410995085e+00
  6.729350994518e-05   -1.709444855872e-04  -2.143046365178e+01   4.135410995085e+00
 -2.788190309860e-04   -3.046547207749e-05  -2.022178116297e+01   4.135410995085e+00
 -5.814788718957e-02   -8.478241396517e-03  -1.381547423497e+01   1.707619824412e+00
 -9.030916554854e-05    8.393013787579e-05  -1.309310275201e+01   1.707619824412e+00
 -4.859570539952e-02   -6.577999323509e-03  -1.304751185634e+01   1.707619824412e+00
 -4.854071961438e-02   -2.118625465039e-02  -2.139919984394e+01   4.173369077831e+00
 -2.044997451354e-04   -2.943715835949e-04  -2.143079222481e+01   4.173369077831e+00
 -5.756224904115e-02   -1.862771061524e-02  -2.020789638968e+01   4.173369077831e+00
 -1.069312030649e-01   -8.315888305034e-03  -1.233075983260e+01   7.417328994004e-01
 -7.428977690349e-02   -5.379266217645e-03  -1.231013363992e+01   7.417328994004e-01
 -7.340615779869e-02   -2.737148587592e-03  -1.188973866027e+01   7.417328994004e-01
 -6.425773525545e-02   -1.056800453236e-02  -1.884828303818e+01   4.704982983600e+00
 -2.254980037840e-04   -1.854120086653e-04  -1.883454946623e+01   4.704982983600e+00
 -3.494655369629e-04    2.317700965997e-04  -1.739708378023e+01   4.704982983600e+00
 -9.312035583769e-02   -3.619804954702e-02  -2.114846925020e+01   2.763633876817e+00
 -5.800422491402e-02   -1.858695041544e-02  -2.021830362044e+01   2.763633876817e+00
 -1.086346417490e-01   -3.032428436486e-02  -1.999900552936e+01   2.763633876817e+00
 -5.772943285312e-02   -1.854801168122e-02  -2.022103974932e+01   2.635470382805e+00
 -9.334921678946e-02   -3.625445319997e-02  -2.114610589881e+01   2.635470382805e+00
 -4.846390959424e-02   -2.122824191218e-02  -2.139065815154e+01   2.635470382805e+00
 -1.411148304095e-01   -1.688849060324e-02  -1.861966607762e+01  -4.501909214309e-01
 -8.693814757702e-02   -1.312904614445e-02  -1.964621629956e+01  -4.501909214309e-01
 -1.373122506750e-01   -3.061551704600e-02  -1.974396971997e+01  -4.501909214309e-01
 -8.698406119151e-02   -1.297588111778e-02  -1.964468022098e+01  -6.997280234018e-01
 -1.138922630589e-01   -2.866585647030e-02  -2.051124087411e+01  -6.997280234018e-01
 -1.371696857914e-01   -3.071953524933e-02  -1.974789492064e+01  -6.997280234018e-01
 -1.369564025764e-01   -3.081646680113e-02  -1.974715860415e+01   1.054791549652e+00
 -1.251283476274e-01   -4.114922177519e-02  -2.081083222198e+01   1.054791549652e+00
 -1.088598530398e-01   -3.035804826392e-02  -2.000332040792e+01   1.054791549652e+00
 -1.088393751115e-01   -3.025440713688e-02  -1.999280121245e+01   1.377871820223e+00
 -1.193225824045e-01   -1.758727248068e-02  -1.874141987556e+01   1.377871820223e+00
 -1.370537375347e-01   -3.093930660073e-02  -1.975794035388e+01   1.377871820223e+00
 -1.089558074609e-01   -3.033552527178e-02  -2.000934657249e+01   2.949050060854e+00
 -5.776522418325e-02   -1.853573526718e-02  -2.020780873180e+01   2.949050060854e+00
 -6.393671612158e-02   -1.074136562760e-02  -1.884890505288e+01   2.949050060854e+00
 -9.326975345493e-02   -3.619645274435e-02  -2.113171833691e+01   1.384827335054e+00
 -1.084888616735e-01   -3.036683183272e-02  -2.001094865328e+01   1.384827335054e+00
 -1.254592040468e-01   -4.118159298433e-02  -2.080284927605e+01   1.384827335054e+00
 -6.387572212384e-02   -1.077928855464e-02  -1.883387946954e+01   3.115904868027e+00
 -6.652615602687e-02   -6.749725104460e-04  -1.739375599046e+01   3.115904868027e+00
 -1.198369928835e-01   -1.743525825543e-02  -1.873838354644e+01   3.115904868027e+00
 -6.385355430818e-02   -1.080369474571e-02  -1.883555348199e+01   5.039285223743e+00
 -5.789974995886e-02   -1.838874965018e-02  -2.022296339258e+01   5.039285223743e+00
 -6.694008434064e-04    1.801569353938e-05  -1.885436069960e+01   5.039285223743e+00
 -1.418192781502e-01   -1.680931839008e-02  -1.862218403652e+01   1.282336039230e+00
 -1.195186466407e-01   -1.736557211624e-02  -1.872073089342e+01   1.282336039230e+00
 -1.236764717344e-01   -1.567843251366e-03  -1.740222660691e+01   1.282336039230e+00
 -1.196325974873e-01   -1.753304304919e-02  -1.873353648859e+01   1.004178766154e+00
 -1.416396896034e-01   -1.665122919158e-02  -1.860933537555e+01   1.004178766154e+00
 -1.367601280844e-01   -3.093500299912e-02  -1.976617495794e+01   1.004178766154e+00
 -9.706903878340e-02   -5.581496425629e-03  -1.820169771901e+01  -5.218983197462e-01
 -1.413484908183e-01   -1.653826693121e-02  -1.861316291707e+01  -5.218983197462e-01
 -1.415274383839e-01   -1.535747076180e-03  -1.738909053953e+01  -5.218983197462e-01
 -1.415302948793e-01   -1.676800765266e-02  -1.861400585128e+01  -8.618889616154e-01
 -9.684706866296e-02   -5.372117563843e-03  -1.820094996371e+01  -8.618889616154e-01
 -8.632710513277e-02   -1.320309107875e-02  -1.965525228600e+01  -8.618889616154e-01
 -1.233972266053e-01   -1.399665921050e-03  -1.738333774952e+01   3.213792302994e+00
 -1.195282770873e-01   -1.738769847498e-02  -1.874008750679e+01   3.213792302994e+00
 -6.690854410880e-02   -6.698172215605e-04  -1.739266647390e+01   3.213792302994e+00
 -6.421510228476e-02   -1.078070492261e-02  -1.884635323518e+01   3.094719476612e+00
 -1.194683708977e-01   -1.749018869769e-02  -1.872684818158e+01   3.094719476612e+00
 -1.087055285922e-01   -3.026628840764e-02  -2.001179891140e+01   3.094719476612e+00
 -7.711781913657e-04    2.228693278845e-04  -1.739437397132e+01   5.279467218755e+00
 -6.633719255508e-02   -8.220368133658e-04  -1.737881475979e+01   5.279467218755e+00
 -6.391238830594e-02   -1.053466740868e-02  -1.884886220104e+01   5.279467218755e+00
 -9.690368611467e-02   -5.495484722926e-03  -1.820423535910e+01  -2.172863840747e+00
 -9.713331487722e-02    4.310722976065e-03  -1.655818496185e+01  -2.172863840747e+00
 -9.849935053634e-04    8.045192626198e-05  -1.715509822082e+01  -2.172863840747e+00
 -7.831675969212e-04   -2.224522774276e-04  -1.736651401962e+01   5.251181211744e+00
 -6.345097129012e-02    8.895671547115e-03  -1.592851767611e+01   5.251181211744e+00
 -6.632980668086e-02   -5.916082113407e-04  -1.738724700207e+01   5.251181211744e+00
 -3.363355376377e-02   -1.120917396937e-02  -2.293254769252e+01   3.950164974900e-01
 -6.089869839271e-02   -1.678382971568e-03  -2.295025548883e+01   3.950164974900e-01
 -3.140474900925e-02   -8.730104147733e-04  -2.313681581704e+01   3.950164974900e-01
 -6.089648435599e-02   -1.454688074980e-03  -2.295054682121e+01  -2.832838129010e-01
 -3.299669991465e-02    9.331884298991e-03  -2.294246027958e+01  -2.832838129010e-01
 -3.139975565574e-02   -9.351363240216e-04  -2.313658724777e+01  -2.832838129010e-01
 -3.946235204191e-04    1.323140725147e-04  -1.716142321009e+01  -2.424168609763e+00
 -2.108952851894e-04   -1.399119427284e-04  -1.968819152717e+01  -2.424168609763e+00
 -9.744576505266e-02   -5.576069166560e-03  -1.820199214313e+01  -2.424168609763e+00
 -5.888909823669e-02   -8.492730695151e-03  -1.381703034494e+01   1.964785289851e+00
 -4.901705931417e-04    4.267053257725e-06  -1.464500353172e+01   1.964785289851e+00
  9.390991325919e-05    2.524739103543e-06  -1.373818366825e+01   1.964785289851e+00
 -1.413367478282e-01   -2.725885980467e-04  -1.143614115757e+01   3.039082282692e-01
 -1.199905782999e-01   -2.282573311406e-03  -1.139754315431e+01   3.039082282692e-01
 -1.502854029906e-01   -1.446926431992e-03  -1.034963400966e+01   3.039082282692e-01
 -1.307320866562e-01   -1.262321927742e-02  -1.617838120207e+01  -1.095380022601e+00
 -1.138485028068e-01   -1.396712710589e-02  -1.611992015564e+01  -1.095380022601e+00
 -1.182085996269e-01    5.549938722751e-04  -1.744201647508e+01  -1.095380022601e+00
 -1.304557345887e-01   -1.256856111014e-02  -1.618548455090e+01   1.125079177081e+00
 -7.641860146729e-02   -3.586620044654e-03  -1.657765658382e+01   1.125079177081e+00
 -7.003001578063e-02   -8.506091879080e-03  -1.502429878527e+01   1.125079177081e+00
 -6.091205171995e-02   -8.903631322068e-03  -1.600877444147e+01  -4.991213215421e+00
 -6.133168446795e-04   -3.503254330434e-04  -1.600826105566e+01  -4.991213215421e+00
 -6.529015009843e-02    2.764188781429e-04  -1.746326193634e+01  -4.991213215421e+00
 -6.537946429548e-02    4.996551921673e-04  -1.744542056566e+01  -2.970765442977e+00
 -1.140953260264e-01   -1.405264662675e-02  -1.610332323168e+01  -2.970765442977e+00
 -6.097658482218e-02   -9.048143193972e-03  -1.601920837241e+01  -2.970765442977e+00
 -6.126643658414e-02   -9.058957263414e-03  -1.600683322204e+01  -2.887755050017e+00
 -1.137771212454e-01   -1.409710771251e-02  -1.611429077793e+01  -2.887755050017e+00
 -1.032315812820e-01   -2.554374822146e-02  -1.483987390544e+01  -2.887755050017e+00
 -8.464426203506e-04    3.989491541960e-06  -1.598118075511e+01  -4.732915706690e+00
 -6.077429444404e-02   -9.079487969751e-03  -1.601754869929e+01  -4.732915706690e+00
 -5.507315506554e-02   -1.601704536319e-02  -1.464853966040e+01  -4.732915706690e+00
 -1.305839540054e-01   -1.245723970946e-02  -1.619033427614e+01  -7.819977637329e-01
 -1.278638825469e-01   -2.439059035602e-02  -1.501820607457e+01  -7.819977637329e-01
 -1.139328626299e-01   -1.413731923592e-02  -1.610770773654e+01  -7.819977637329e-01
 -1.797069554354e-04   -2.615012673094e-05  -2.073403700352e+01   1.916829238559e+00
 -6.960791127704e-02    9.843403072400e-03  -1.987859091845e+01   1.916829238559e+00
 -5.462274712326e-02    1.059821778460e-02  -2.092009591947e+01   1.916829238559e+00
 -7.204671731693e-02   -2.725187881878e-02  -1.287177722205e+01  -1.113842567087e+00
 -8.766237292696e-02   -3.060127155054e-02  -1.374284258378e+01  -1.113842567087e+00
 -1.027568457059e-01   -3.235161049797e-02  -1.315999286587e+01  -1.113842567087e+00
 -1.281585921316e-01   -2.437792601396e-02  -1.502661736034e+01  -1.216850824725e+00
 -1.033820964710e-01   -2.550797458504e-02  -1.485886255862e+01  -1.216850824725e+00
 -1.136112035353e-01   -1.420657157117e-02  -1.609989891579e+01  -1.216850824725e+00
 -5.514882186493e-02   -1.617993743041e-02  -1.465346146856e+01  -2.556018475084e+00
 -1.031678748506e-01   -2.558848097255e-02  -1.485250177098e+01  -2.556018475084e+00
 -8.787005080188e-02   -3.058011263082e-02  -1.374154518490e+01  -2.556018475084e+00
 -5.490880495872e-02   -1.613723608272e-02  -1.466342998939e+01  -2.757034187801e+00
 -6.095301609292e-02   -9.032416960830e-03  -1.600404898266e+01  -2.757034187801e+00
 -1.034903680151e-01   -2.560142118252e-02  -1.484251937745e+01  -2.757034187801e+00
 -1.179019600673e-01   -3.277298833315e-02  -1.401282714300e+01  -1.246906891384e+00
 -8.801433530697e-02   -3.056884092259e-02  -1.375786474943e+01  -1.246906891384e+00
 -1.030188903041e-01   -2.563324269144e-02  -1.484102187155e+01  -1.246906891384e+00
 -4.396715756113e-04    8.647617604915e-05  -1.597801616881e+01  -4.155751099840e+00
 -5.542576004550e-02   -1.611470288813e-02  -1.464941677035e+01  -4.155751099840e+00
 -5.591932479931e-05   -1.368043622748e-04  -1.466144278317e+01  -4.155751099840e+00
 -1.280923621783e-01   -2.424981450455e-02  -1.503681141227e+01  -8.777425361497e-01
 -1.175887090784e-01   -3.275210724911e-02  -1.400459273897e+01  -8.777425361497e-01
 -1.033795951675e-01   -2.561221296722e-02  -1.484890358777e+01  -8.777425361497e-01
 -1.299841680204e-01   -1.269315231707e-02  -1.618107778215e+01   6.515895563466e-01
 -7.069465156261e-02   -8.429183860184e-03  -1.503183472289e+01   6.515895563466e-01
 -1.285186369280e-01   -2.405302674994e-02  -1.503924133657e+01   6.515895563466e-01
 -1.713083841569e-04    3.094379902600e-05  -1.862132291686e+01   2.518902390001e+00
 -3.197152652402e-04   -8.928262864466e-05  -1.718493858380e+01   2.518902390001e+00
 -7.587221842962e-02    3.953323564006e-03  -1.833290869679e+01   2.518902390001e+00
 -4.566136662242e-02   -1.819505262337e-02  -1.352706268581e+01  -2.433587634855e+00
 -5.489122733780e-02   -1.614544474588e-02  -1.465043738189e+01  -2.433587634855e+00
 -8.808600648830e-02   -3.063264187837e-02  -1.374411059951e+01  -2.433587634855e+00
 -5.507696070264e-02   -1.632671930801e-02  -1.466359784751e+01  -3.871718682339e+00
  3.053560693005e-05   -1.918849469359e-04  -1.347554709685e+01  -3.871718682339e+00
 -2.470972299569e-04   -1.648216775829e-05  -1.464739343783e+01  -3.871718682339e+00
 -2.650310660502e-04   -3.409041494773e-04  -1.347523465544e+01  -3.844164162274e+00
 -5.474798973679e-02   -1.622519512973e-02  -1.466290643017e+01  -3.844164162274e+00
 -4.569216561509e-02   -1.812530413642e-02  -1.351917102929e+01  -3.844164162274e+00
 -4.399957272444e-02    7.785081703185e-03  -2.149560668978e+01   1.464935212226e+00
  1.061551115959e-05    5.613124421108e-06  -2.155506223569e+01   1.464935212226e+00
 -1.419206939448e-04    1.386828733752e-05  -2.131573270027e+01   1.464935212226e+00
 -3.775791416794e-02   -1.631289048346e-02  -1.261619570275e+01  -2.607688466579e+00
  2.451092661766e-05   -2.462588246129e-05  -1.261043119274e+01  -2.607688466579e+00
 -3.647639523825e-04   -1.907244429179e-04  -1.345169716728e+01  -2.607688466579e+00
 -3.741729201858e-02   -1.611421305946e-02  -1.262429267159e+01  -2.099671426001e+00
  9.193140254030e-05    8.619107121505e-05  -1.200430000111e+01  -2.099671426001e+00
 -1.614725259540e-04   -1.301360798066e-04  -1.260232879122e+01  -2.099671426001e+00
 -4.850865156433e-02   -6.455910861286e-03  -1.304659352675e+01   1.615019119109e+00
 -1.144728077650e-04   -2.747101061489e-05  -1.309038600383e+01   1.615019119109e+00
  3.802585513340e-05    7.000096478247e-05  -1.233862737896e+01   1.615019119109e+00
 -3.752592101790e-02   -1.619899135722e-02  -1.261512494983e+01  -3.240980030575e+00
 -6.365439750768e-04   -3.375036105963e-04  -1.345503986974e+01  -3.240980030575e+00
 -4.548266563157e-02   -1.812410486606e-02  -1.352584079504e+01  -3.240980030575e+00
 -8.577486843783e-02    7.119534937378e-03  -1.235100105841e+01  -1.278446931515e+00
 -8.461575313098e-02    3.264959590101e-03  -1.184999770175e+01  -1.278446931515e+00
 -7.398100848103e-04    3.614400163713e-05  -1.234884939449e+01  -1.278446931515e+00
 -3.122156670075e-02   -8.934821474559e-03  -1.210179918337e+01  -1.164526789923e+00
 -3.729887813252e-02   -1.616915928411e-02  -1.261793143529e+01  -1.164526789923e+00
 -6.042828459294e-02   -1.590013628260e-02  -1.229752636463e+01  -1.164526789923e+00
 -7.214875021277e-02   -2.734323144485e-02  -1.286038992614e+01  -1.877920129713e+00
 -3.734456255645e-02   -1.610497493089e-02  -1.262709816317e+01  -1.877920129713e+00
 -4.562587343648e-02   -1.822418991776e-02  -1.351561057381e+01  -1.877920129713e+00
 -8.499636287386e-05   -2.786396129854e-04  -1.199433698013e+01  -2.955221875959e-01
 -2.947589918407e-02   -1.130029149944e-04  -1.190570071308e+01  -2.955221875959e-01
 -5.305360360908e-05    1.161662224079e-04  -1.183759871219e+01  -2.955221875959e-01
 -2.325065715247e-04   -3.433003391140e-04  -1.199711400290e+01  -8.658370741202e-01
 -3.115091102549e-02   -8.816637284540e-03  -1.210004881448e+01  -8.658370741202e-01
 -2.932795835058e-02   -8.366167459289e-05  -1.190407389137e+01  -8.658370741202e-01
 -5.662466551214e-02    2.436248039227e-04  -1.209563258364e+01  -3.011898763210e-01
 -2.933914809626e-02    1.292591631906e-04  -1.191068494709e+01  -3.011898763210e-01
 -3.112771582061e-02   -8.990500618855e-03  -1.209510692720e+01  -3.011898763210e-01
 -8.778516428795e-05   -1.626062145963e-04  -1.183418754524e+01   4.341573610251e-01
 -2.941294076347e-02    1.796758596048e-04  -1.190966980001e+01   4.341573610251e-01
 -3.163160804725e-02    9.310349538404e-03  -1.204860143303e+01   4.341573610251e-01
 -6.025802602781e-02   -1.588363868215e-02  -1.229523246472e+01  -1.339149413316e+00
 -3.749335227861e-02   -1.620187641027e-02  -1.262108300029e+01  -1.339149413316e+00
 -7.190126909481e-02   -2.721892754554e-02  -1.286670668065e+01  -1.339149413316e+00
 -3.126064410610e-02   -9.006058834685e-03  -1.209800058786e+01  -1.696254541726e+00
 -6.883134642934e-05    1.730862032771e-06  -1.200553083633e+01  -1.696254541726e+00
 -3.720186288401e-02   -1.602906501764e-02  -1.262304481946e+01  -1.696254541726e+00
 -4.587487440326e-02   -1.828312652585e-02  -1.351819343690e+01  -2.076128899336e+00
 -8.779404615110e-02   -3.056762363988e-02  -1.375216844873e+01  -2.076128899336e+00
 -7.194716835531e-02   -2.729816094976e-02  -1.285806185381e+01  -2.076128899336e+00
 -9.770969598382e-02    4.518962884320e-03  -1.656014536326e+01  -2.430942275481e+00
 -2.146170587822e-04    1.490006903127e-04  -1.467949795865e+01  -2.430942275481e+00
 -3.612152496839e-04   -9.708306132815e-05  -1.714783476390e+01  -2.430942275481e+00
 -1.283338631449e-01   -2.414004218042e-02  -1.503634097470e+01   9.045843791010e-01
 -7.080201870913e-02   -8.298164938636e-03  -1.503151281658e+01   9.045843791010e-01
 -1.041815889026e-01   -2.073817348159e-02  -1.416099191567e+01   9.045843791010e-01
 -8.602538667915e-02    7.274976995252e-03  -1.235276158751e+01  -1.319116591333e+00
 -4.247620967385e-04   -1.872452874821e-04  -1.235342301214e+01  -1.319116591333e+00
 -6.437057702050e-02    8.894550626328e-03  -1.313042217678e+01  -1.319116591333e+00
 -5.826599917600e-02   -8.553578758895e-03  -1.381677862402e+01   1.171780801558e+00
 -4.858344171744e-02   -6.548841302388e-03  -1.304729553802e+01   1.171780801558e+00
 -9.428450639425e-02   -1.798230157078e-02  -1.350452337802e+01   1.171780801558e+00
 -5.857281810730e-02   -8.525478245499e-03  -1.381568366930e+01   2.190931320023e+00
 -6.944711088141e-02   -8.332419598966e-03  -1.502123348836e+01   2.190931320023e+00
 -8.654573671918e-04    2.017815495008e-05  -1.464701425886e+01   2.190931320023e+00
 -1.045328251748e-01   -2.074595943953e-02  -1.416962737311e+01   5.163018204693e-01
 -9.409410527990e-02   -1.800637194285e-02  -1.350285898800e+01   5.163018204693e-01
 -1.114517165516e-01   -2.781336194021e-02  -1.338478722582e+01   5.163018204693e-01
 -9.412182654751e-02   -1.802593596467e-02  -1.350151520541e+01   1.237571078923e+00
 -1.044900645910e-01   -2.064308441340e-02  -1.417019162603e+01   1.237571078923e+00
 -5.848316001862e-02   -8.521101527787e-03  -1.382148910456e+01   1.237571078923e+00
 -9.716888869950e-02   -1.719267107485e-02  -1.301236932184e+01   6.216672270341e-01
 -1.114359726149e-01   -2.771898304935e-02  -1.338695705794e+01   6.216672270341e-01
 -9.409196076564e-02   -1.804501732748e-02  -1.350143811752e+01   6.216672270341e-01
 -1.049198074138e-01   -2.074435708115e-02  -1.417580449178e+01   3.386668802200e-01
 -1.111320785063e-01   -2.783891080723e-02  -1.337824370045e+01   3.386668802200e-01
 -1.179167905200e-01   -3.258197002547e-02  -1.402114910758e+01   3.386668802200e-01
 -9.397598358655e-02   -1.797347224299e-02  -1.350225278787e+01   1.131023387573e+00
 -4.894963898139e-02   -6.576672457848e-03  -1.305143285422e+01   1.131023387573e+00
 -9.737052541104e-02   -1.718102785596e-02  -1.301392607404e+01   1.131023387573e+00
 -5.825955976127e-02   -8.539723510549e-03  -1.381819392720e+01   1.190620843405e+00
 -1.047203632157e-01   -2.063910384110e-02  -1.417042624410e+01   1.190620843405e+00
 -6.984694832247e-02   -8.351009895901e-03  -1.502032842284e+01   1.190620843405e+00
 -7.481358655938e-02   -5.515655464849e-03  -1.231280162992e+01   1.323667551815e+00
 -4.844526520799e-02   -6.537978777416e-03  -1.304640803524e+01   1.323667551815e+00
 -1.240215438933e-04    1.420859346119e-04  -1.234145653832e+01   1.323667551815e+00
 -6.976284579844e-02   -2.590028048465e-03  -1.151216533100e+01   1.161211540184e+00
 -7.309759368340e-02   -2.691506289259e-03  -1.188572398164e+01   1.161211540184e+00
 -1.803534912317e-04    6.683019227871e-05  -1.143585895612e+01   1.161211540184e+00
 -1.199115083395e-01   -2.338337244855e-03  -1.140334699868e+01   7.184281765772e-01
 -7.331023029445e-02   -2.780098590132e-03  -1.188975258833e+01   7.184281765772e-01
 -6.976724872753e-02   -2.639589671200e-03  -1.151243979154e+01   7.184281765772e-01
 -7.449709974710e-02   -5.275826577093e-03  -1.231577982654e+01   8.441164568707e-01
 -1.068226232984e-01   -8.500309141089e-03  -1.232426854469e+01   8.441164568707e-01
 -9.700467065272e-02   -1.715891030187e-02  -1.300795853432e+01   8.441164568707e-01
 -1.380915133679e-01    6.636492907686e-04  -3.667913203709e+00   8.927028125420e-01
 -3.303268906739e-03    1.007256066627e-04  -2.730360645700e+00   8.927028125420e-01
 -1.661987985846e-01   -1.042945049156e-03  -2.801481677877e+00   8.927028125420e-01
 -1.123217519567e-01   -2.140133731910e-02  -1.278519596737e+01   5.535113071932e-01
 -1.111842487599e-01   -2.769873591180e-02  -1.338452064270e+01   5.535113071932e-01
 -9.739079341245e-02   -1.725614099139e-02  -1.301557703822e+01   5.535113071932e-01
 -1.274089504843e-01    8.666782606205e-04  -1.145875596840e+01  -7.023121716262e-01
 -8.487691988395e-02    3.282329512906e-03  -1.185758869595e+01  -7.023121716262e-01
 -1.154880828389e-01    9.677524268997e-03  -1.231172158349e+01  -7.023121716262e-01
 -7.434427818960e-02   -5.384282723416e-03  -1.230925311903e+01   1.107025881914e+00
 -9.733023714965e-02   -1.707146634860e-02  -1.301268962744e+01   1.107025881914e+00
 -4.891424352191e-02   -6.684707097733e-03  -1.304830505053e+01   1.107025881914e+00
 -3.931461069392e-05    4.082024188805e-05  -1.143614425387e+01   1.218189034379e+00
 -7.324527395504e-02   -2.678356786676e-03  -1.188495208708e+01   1.218189034379e+00
 -1.778491268726e-04    1.629786359796e-05  -1.180921527496e+01   1.218189034379e+00
 -1.201281184136e-03   -1.067435044330e-04  -1.071014009040e+01   9.424453366435e-01
 -1.520534296134e-01   -1.587284390407e-03  -1.036469703786e+01   9.424453366435e-01
 -6.964056138395e-02   -2.661998492322e-03  -1.151854000849e+01   9.424453366435e-01
 -8.994196116343e-02   -2.054686426850e-02  -1.258715513582e+01  -5.547504327086e-01
 -7.202653988147e-02   -2.723713804616e-02  -1.286537905740e+01  -5.547504327086e-01
 -1.027081026712e-01   -3.230667460002e-02  -1.316625615710e+01  -5.547504327086e-01
 -1.174662427961e-01   -3.265202795072e-02  -1.401335332619e+01  -2.680020405666e-01
 -1.114369863378e-01   -2.782072253707e-02  -1.338713870949e+01  -2.680020405666e-01
 -1.028354333642e-01   -3.232168805515e-02  -1.316755271476e+01  -2.680020405666e-01
 -5.650522700527e-02    3.177439036352e-04  -1.210105294839e+01  -2.737686451242e-01
 -6.017639593177e-02   -1.577582484585e-02  -1.229741225342e+01  -2.737686451242e-01
 -8.462747994746e-02    7.068785631831e-04  -1.235521260294e+01  -2.737686451242e-01
 -6.035894518572e-02   -1.583544555705e-02  -1.230460680550e+01  -7.957740218964e-01
 -7.176874700053e-02   -2.723163940918e-02  -1.286021614101e+01  -7.957740218964e-01
 -9.013454972596e-02   -2.052857564729e-02  -1.259162187821e+01  -7.957740218964e-01
 -8.441191726553e-02    6.821379821038e-04  -1.235109393558e+01  -1.965441305453e-01
 -6.038829438547e-02   -1.578372167234e-02  -1.230141764258e+01  -1.965441305453e-01
 -9.006622790861e-02   -2.049749994192e-02  -1.259506481099e+01  -1.965441305453e-01
 -6.026729503125e-02   -1.576181502966e-02  -1.230131403217e+01  -4.993308382981e-01
 -5.644050258285e-02    2.506497202024e-04  -1.209396566700e+01  -4.993308382981e-01
 -3.130594512484e-02   -9.026668569676e-03  -1.209738992040e+01  -4.993308382981e-01
 -1.023805090721e-01   -3.217205356596e-02  -1.315955832540e+01  -1.879222427218e-01
 -1.125161462959e-01   -2.141949071753e-02  -1.279234734100e+01  -1.879222427218e-01
 -9.041528395535e-02   -2.065960133249e-02  -1.260265389095e+01  -1.879222427218e-01
 -1.024734913886e-01   -3.234625923857e-02  -1.315273462889e+01  -8.194445052581e-01
 -8.800023012095e-02   -3.060285158075e-02  -1.374979129023e+01  -8.194445052581e-01
 -1.178628908832e-01   -3.271801541834e-02  -1.402109764203e+01  -8.194445052581e-01
 -1.121131308605e-01   -2.113423992989e-02  -1.278507104835e+01   5.355232580120e-01
 -1.071348713694e-01   -8.441717826968e-03  -1.232863527571e+01   5.355232580120e-01
 -1.230841269037e-01   -6.458435599371e-03  -1.225328177577e+01   5.355232580120e-01
 -1.027971814553e-01   -3.221478311167e-02  -1.316670327625e+01   3.337202439024e-02
 -1.114087296644e-01   -2.785449253666e-02  -1.338638080055e+01   3.337202439024e-02
 -1.120753223725e-01   -2.132146780806e-02  -1.278149087375e+01   3.337202439024e-02
 -1.111841346440e-01    1.137139726699e-02  -1.251589838807e+01   5.188194755478e-02
 -8.480709623870e-02    7.209535459701e-04  -1.236268724975e+01   5.188194755479e-02
 -1.091010799031e-01   -9.209847042349e-03  -1.251911879634e+01   5.188194755478e-02
 -8.459216754911e-02    5.481222778592e-04  -1.235870069643e+01  -8.778690904599e-02
 -8.997821660441e-02   -2.036099723639e-02  -1.259400676619e+01  -8.778690904599e-02
 -1.092574631489e-01   -9.142052206087e-03  -1.252319905009e+01  -8.778690904599e-02
 -1.233120691369e-01   -6.484086727712e-03  -1.225709526357e+01   7.012155610728e-02
 -1.095119520257e-01   -9.315677218435e-03  -1.252556504386e+01   7.012155610728e-02
 -1.118850574185e-01   -2.124529665577e-02  -1.278216466213e+01   7.012155610728e-02
 -1.235405625763e-01   -6.702656823710e-03  -1.225572110262e+01   2.101392690515e-01
 -1.292288430313e-01    1.373577103918e-03  -1.222947961344e+01   2.101392690515e-01
 -1.093908882442e-01   -9.006689943236e-03  -1.252648360346e+01   2.101392690515e-01
 -1.393614849098e-01   -1.113190652918e-03  -1.187628161049e+01   1.517969080697e-01
 -1.293065610039e-01    1.173364362528e-03  -1.222996711746e+01   1.517969080697e-01
 -1.233319811272e-01   -6.489872487083e-03  -1.225180032314e+01   1.517969080697e-01
 -1.089841119563e-01   -9.093830341574e-03  -1.251465369212e+01   1.332943299737e-01
 -9.042825908356e-02   -2.047562837283e-02  -1.260252530712e+01   1.332943299737e-01
 -1.124821482396e-01   -2.154561111914e-02  -1.279107113168e+01   1.332943299737e-01
 -9.712881345510e-02   -1.735015372038e-02  -1.300822450567e+01   4.780591725801e-01
 -1.067821221745e-01   -8.399560772972e-03  -1.232256782288e+01   4.780591725801e-01
 -1.125613941835e-01   -2.127886278086e-02  -1.278945945465e+01   4.780591725801e-01
 -5.649670968888e-02    3.781101263710e-04  -1.210069084820e+01   3.514375235102e-01
 -8.463717518021e-02    7.210317978771e-04  -1.235566725931e+01   3.514375235102e-01
 -6.132624974651e-02    1.669855756687e-02  -1.227689151006e+01   3.514375235102e-01
 -1.523670456294e-01   -3.216013068222e-04  -4.370145782944e+00  -7.812997892477e-01
 -4.302995418032e-03   -1.794651357198e-04  -4.442794170960e+00  -7.812997892477e-01
 -1.530330221015e-01   -4.032803824148e-04  -5.522009511083e+00  -7.812997892477e-01
 -1.047466245872e-01   -2.073189103400e-02  -1.417361634249e+01   5.833094166377e-02
 -1.180682669316e-01   -3.261054608152e-02  -1.402408011262e+01   5.833094166377e-02
 -1.275981042143e-01   -2.424184989177e-02  -1.502733693682e+01   5.833094166377e-02
 -1.094625191820e-01   -1.061596574583e-03   1.489442438207e-03  -1.066243375050e+00
 -1.403350651135e-04    1.414291992714e-05  -2.684719146234e-03  -1.066243375050e+00
 -5.428091314393e-04   -2.518285242557e-05  -7.366010049107e-01  -1.066243375050e+00
 -2.937117727386e-02    7.607243469370e-05  -1.191170894529e+01   3.572431941640e-01
 -5.661600106188e-02    4.322910006651e-04  -1.209598847249e+01   3.572431941640e-01
 -3.166010648649e-02    9.525320652054e-03  -1.204830443423e+01   3.572431941640e-01
 -4.815373741963e-02    1.919966362115e-02  -1.344617747066e+01   3.610360431521e+00
 -3.660715206732e-04    3.349151003934e-05  -1.456957958895e+01   3.610360431521e+00
 -2.970133215275e-05    1.035843770290e-04  -1.345326142317e+01   3.610360431521e+00
 -7.011285863961e-02   -2.724345435796e-03  -1.151770938271e+01   7.106064832186e-01
 -1.510205458472e-01   -1.521552408856e-03  -1.035842355787e+01   7.106064832186e-01
 -1.196043437739e-01   -2.312789007543e-03  -1.139533424827e+01   7.106064832186e-01
 -3.340827836634e-04   -1.021420020329e-04  -1.591383957003e+01   4.251503329241e+00
 -1.675055211282e-04    1.804294846802e-04  -1.459217478114e+01   4.251503329241e+00
 -5.705526467675e-02    1.612732051813e-02  -1.459038740065e+01   4.251503329241e+00
  5.885725400941e-05    5.393763411979e-05  -1.309131135158e+01   1.942117641935e+00
 -5.835870744209e-02   -8.444735464413e-03  -1.381644064727e+01   1.942117641935e+00
 -1.460833287752e-04   -1.964208261228e-05  -1.373876720612e+01   1.942117641935e+00
 -4.788569985564e-02    1.908608526320e-02  -1.344504045540e+01   4.316639514899e+00
 -5.660039077231e-02    1.621447909330e-02  -1.460301397756e+01   4.316639514899e+00
 -6.387704680729e-04    1.433680175003e-04  -1.457345248802e+01   4.316639514899e+00
 -6.440557888369e-04   -2.902788121203e-05  -1.591753847186e+01   4.935324739126e+00
 -5.677264522580e-02    1.605395279172e-02  -1.458908479729e+01   4.935324739126e+00
 -6.339046448360e-02    9.156339044122e-03  -1.594203049181e+01   4.935324739126e+00
 -2.362241377681e-04    8.872350630058e-05  -1.344160511741e+01   3.194255566135e+00
  1.113856328400e-04    5.802696820094e-05  -1.253938709791e+01   3.194255566135e+00
 -4.774915679242e-02    1.921334054557e-02  -1.345811579599e+01   3.194255566135e+00
 -1.495471747777e-01    3.308620752029e-03  -7.802584521631e+00   1.644291089379e-01
 -1.293830197918e-01    3.248658935450e-03  -7.869857223418e+00   1.644291089379e-01
 -1.168223519482e-01    2.030177528930e-03  -6.962208786898e+00   1.644291089379e-01
 -3.184684193797e-02    9.633129850782e-03  -1.204639102144e+01   2.211860145984e+00
 -3.809635936279e-02    1.601968152352e-02  -1.261280447144e+01   2.211860145984e+00
 -4.540467017557e-04    3.935567921310e-04  -1.252605860902e+01   2.211860145984e+00
 -1.016073928801e-04    1.306926029680e-04  -1.203284212050e+01   9.612638541995e-01
  3.952273413042e-05   -1.926178131801e-04  -1.183151956380e+01   9.612638541995e-01
 -3.181081145563e-02    9.356838854089e-03  -1.205026004438e+01   9.612638541995e-01
 -4.764909662823e-02    1.914455849076e-02  -1.344859376111e+01   1.985873652571e+00
 -3.822494311106e-02    1.612508895824e-02  -1.261430518778e+01   1.985873652571e+00
 -7.446381384625e-02    2.833492853488e-02  -1.283924705439e+01   1.985873652571e+00
 -4.747689802107e-02    1.910721337652e-02  -1.345723353448e+01   2.975761569150e+00
 -1.126426589403e-04    1.914548068414e-04  -1.253995493852e+01   2.975761569150e+00
 -3.829274170691e-02    1.612943192871e-02  -1.260855180091e+01   2.975761569150e+00
 -6.141253247202e-02    1.682394512651e-02  -1.227381503261e+01   1.457110211281e+00
 -7.422088586350e-02    2.822349545389e-02  -1.284509436127e+01   1.457110211281e+00
 -3.838342340299e-02    1.622649010326e-02  -1.260750510428e+01   1.457110211281e+00
 -5.671236223229e-02    1.622331372800e-02  -1.459127880235e+01   2.535879342677e+00
 -4.769080413158e-02    1.911023474094e-02  -1.345929478843e+01   2.535879342677e+00
 -9.168141808304e-02    3.189885754687e-02  -1.370369993463e+01   2.535879342677e+00
 -3.817675308507e-02    1.617346066108e-02  -1.260518916175e+01   1.230885869685e+00
 -3.172887951608e-02    9.455584804009e-03  -1.205551289445e+01   1.230885869685e+00
 -6.158838860158e-02    1.685133765527e-02  -1.227585694296e+01   1.230885869685e+00
 -2.524727139168e-04    2.729631789393e-04  -1.252307346694e+01   1.547089638717e+00
  1.793216360379e-05   -5.447248757391e-05  -1.203635400738e+01   1.547089638717e+00
 -3.203028998661e-02    9.709119772134e-03  -1.204728314738e+01   1.547089638717e+00
 -7.662092519776e-02    1.140544743763e-02  -1.391615249647e+01  -2.090583585256e+00
 -1.059363329438e-03   -3.618206518328e-05  -1.468369090565e+01  -2.090583585256e+00
 -8.849899669030e-02    1.049816842544e-02  -1.507613090127e+01  -2.090583585256e+00
 -9.137823981631e-02    3.182913375358e-02  -1.371169408939e+01   2.164049478833e+00
 -4.789122109610e-02    1.918541019142e-02  -1.345159731364e+01   2.164049478833e+00
 -7.426222382739e-02    2.829771509264e-02  -1.283685250331e+01   2.164049478833e+00
 -1.191551898873e-01    1.438912427774e-02  -1.603917280655e+01   3.191125985200e+00
 -1.233960176335e-01   -1.275499140698e-03  -1.738815785141e+01   3.191125985200e+00
 -6.690314544840e-02   -7.523213116453e-04  -1.737352847460e+01   3.191125985200e+00
 -1.191009335308e-01    1.448553684774e-02  -1.605234553117e+01   3.044836431407e+00
 -6.372747548066e-02    9.119610893507e-03  -1.593170552963e+01   3.044836431407e+00
 -1.077918708726e-01    2.648830240911e-02  -1.479301099797e+01   3.044836431407e+00
 -1.240509677950e-01   -1.191040340533e-03  -1.737494716105e+01   9.329560070226e-01
 -1.419516870827e-01    1.359400912513e-02  -1.613951350873e+01   9.329560070226e-01
 -1.414880194946e-01   -1.448910662152e-03  -1.739025858849e+01   9.329560070226e-01
 -9.745722933354e-02    4.363420296501e-03  -1.656128024524e+01  -5.329442247412e-01
 -1.415101829763e-01   -1.200519806618e-03  -1.738244936976e+01  -5.329442247412e-01
 -1.418665339582e-01    1.329137358565e-02  -1.615523359703e+01  -5.329442247412e-01
 -1.418289605224e-01   -1.370255592303e-03  -1.738580813613e+01  -8.822998307438e-01
 -9.712813744908e-02    4.520557732749e-03  -1.655751137087e+01  -8.822998307438e-01
 -9.678448919652e-02   -5.744420045679e-03  -1.820558395813e+01  -8.822998307438e-01
 -1.240692212647e-01   -1.501909324602e-03  -1.739670228193e+01   9.501996772471e-01
 -1.414799086161e-01   -1.292237976280e-03  -1.738019912682e+01   9.501996772471e-01
 -1.414728731519e-01   -1.683857987827e-02  -1.862921564363e+01   9.501996772471e-01
 -1.423077285734e-01    1.354327157252e-02  -1.614648684979e+01   1.288247338977e+00
 -1.236486247947e-01   -1.104617226553e-03  -1.736949589209e+01   1.288247338977e+00
 -1.191666739811e-01    1.435379336573e-02  -1.605859008652e+01   1.288247338977e+00
 -6.652093888505e-02   -7.335993875974e-04  -1.737225491606e+01   3.103787663561e+00
 -6.340298173520e-02    9.128078213010e-03  -1.594375742840e+01   3.103787663561e+00
 -1.194606291698e-01    1.442405846965e-02  -1.604105281926e+01   3.103787663561e+00
 -1.376980149188e-01    2.621150499838e-02  -1.502561698162e+01   1.038231146041e+00
 -1.079389556189e-01    2.656976839182e-02  -1.480169682079e+01   1.038231146041e+00
 -1.248576233219e-01    3.509379169232e-02  -1.399840006503e+01   1.038231146041e+00
 -1.080401410165e-01    2.654932470300e-02  -1.479560394218e+01   2.908000903800e+00
 -6.344905254190e-02    9.088913134671e-03  -1.592902163269e+01   2.908000903800e+00
 -5.669185613314e-02    1.621439540048e-02  -1.460395270097e+01   2.908000903800e+00
 -1.415880968634e-01    1.362946681484e-02  -1.614980535319e+01  -4.489709206690e-01
 -1.380963903225e-01    2.601784236206e-02  -1.502796547559e+01  -4.489709206690e-01
 -8.976538779618e-02    1.065270398621e-02  -1.508445804266e+01  -4.489709206690e-01
 -1.421524692164e-01    1.338438666403e-02  -1.615890322434e+01   9.741178091429e-01
 -1.192578888991e-01    1.451932677769e-02  -1.604622675577e+01   9.741178091429e-01
 -1.374816995912e-01    2.635123170754e-02  -1.500707575308e+01   9.741178091429e-01
 -9.158842850135e-02    3.182047260532e-02  -1.371797768394e+01   1.381314416558e+00
 -1.251706134280e-01    3.511197854972e-02  -1.400657312633e+01   1.381314416558e+00
 -1.075771175137e-01    2.659104037607e-02  -1.479385188157e+01   1.381314416558e+00
 -1.420266099961e-01    1.349845912302e-02  -1.615456229779e+01  -8.848798561431e-01
 -8.913136041426e-02    1.073600368631e-02  -1.507678826869e+01  -8.848798561431e-01
 -9.726105756555e-02    4.189766207244e-03  -1.656181195568e+01  -8.848798561431e-01
 -1.379373254639e-01    2.611061207298e-02  -1.502489850913e+01  -7.091046609341e-01
 -1.171934018474e-01    2.373995662268e-02  -1.420388105007e+01  -7.091046609341e-01
 -8.983425501577e-02    1.051070173852e-02  -1.508468730809e+01  -7.091046609341e-01
 -1.377735502904e-01    2.633768112168e-02  -1.501541402469e+01   1.381329481852e+00
 -1.189424424270e-01    1.458918125392e-02  -1.603834091301e+01   1.381329481852e+00
 -1.079337128292e-01    2.646467043379e-02  -1.481167180664e+01   1.381329481852e+00
 -5.696949956226e-02    1.626773862388e-02  -1.459391149271e+01   2.713429645634e+00
 -9.146863076199e-02    3.184558278178e-02  -1.370123147324e+01   2.713429645634e+00
 -1.077067561273e-01    2.653771549037e-02  -1.480550366408e+01   2.713429645634e+00
 -6.461975687058e-02    8.936897398613e-03  -1.313236365303e+01  -1.709424917873e+00
 -2.425380003120e-04   -8.018224172072e-05  -1.312981991238e+01  -1.709424917873e+00
 -7.646318609158e-02    1.137181633121e-02  -1.391771565815e+01  -1.709424917873e+00
 -1.075782953102e-01    3.447560714090e-02  -1.315444314452e+01   1.222760097256e+00
 -9.124630178493e-02    3.185295924422e-02  -1.370324222917e+01   1.222760097256e+00
 -7.436796719719e-02    2.827016450880e-02  -1.284942338394e+01   1.222760097256e+00
 -3.636795872507e-04   -2.247588077104e-04  -1.736368771971e+01   4.656991362316e+00
 -2.071036536063e-04    1.728820662531e-04  -1.593749130615e+01   4.656991362316e+00
 -6.379388859475e-02    8.921050785655e-03  -1.592919659963e+01   4.656991362316e+00
 -8.441942361353e-02    7.424558972256e-04  -1.235139552281e+01   2.924746025164e-01
 -9.241456547866e-02    2.221883394846e-02  -1.258601646652e+01   2.924746025164e-01
 -6.153942912824e-02    1.670843906681e-02  -1.228115041081e+01   2.924746025164e-01
 -3.183208614300e-02    9.551013818501e-03  -1.205148774659e+01   5.711994415229e-01
 -5.643545427616e-02    4.320641207391e-04  -1.209404942810e+01   5.711994415229e-01
 -6.140706399005e-02    1.669490205814e-02  -1.228021967488e+01   5.711994415229e-01
 -1.072940326798e-01    3.447090553575e-02  -1.314724806214e+01   9.465306453474e-01
 -1.251203411855e-01    3.505571503655e-02  -1.401466919927e+01   9.465306453474e-01
 -9.158205202729e-02    3.185340878800e-02  -1.371023055437e+01   9.465306453474e-01
 -7.435800169756e-02    2.825941065479e-02  -1.284318004832e+01   6.679535446149e-01
 -9.230076208898e-02    2.227064723885e-02  -1.257830518168e+01   6.679535446149e-01
 -1.075239597270e-01    3.442992776982e-02  -1.316039974170e+01   6.679535446149e-01
 -1.190929828739e-01    2.404412824028e-02  -1.280498654037e+01   2.809218336734e-01
 -1.072106666951e-01    3.430106609980e-02  -1.315410441660e+01   2.809218336734e-01
 -9.275926034786e-02    2.238342021168e-02  -1.259346921623e+01   2.809218336734e-01
 -1.076503683228e-01    3.444817491010e-02  -1.316161445806e+01   3.853751881843e-01
 -1.202219142650e-01    3.083348285042e-02  -1.341142582630e+01   3.853751881843e-01
 -1.247315330480e-01    3.499105393856e-02  -1.400726116709e+01   3.853751881843e-01
 -1.190482566179e-01    2.415452154527e-02  -1.280306470177e+01  -2.926828473700e-02
 -9.278306288830e-02    2.220807645884e-02  -1.259378679271e+01  -2.926828473700e-02
 -1.110763491620e-01    1.126285427717e-02  -1.251137323946e+01  -2.926828473700e-02
 -7.409939388535e-02    2.824801077243e-02  -1.283821056520e+01   8.838207367003e-01
 -6.149935705805e-02    1.676014909375e-02  -1.228401454066e+01   8.838207367003e-01
 -9.249427855937e-02    2.225554230057e-02  -1.258276795627e+01   8.838207367003e-01
 -8.566540554972e-02    7.181422774162e-03  -1.234957019646e+01  -7.093659405434e-01
 -1.157993571519e-01    9.812706312260e-03  -1.231510088561e+01  -7.093659405434e-01
 -8.458772682515e-02    3.204015767284e-03  -1.185349496341e+01  -7.093659405434e-01
 -1.532371103651e-01   -1.385693184431e-03  -1.036575376347e+01   9.258138868593e-01
 -8.216887666155e-04   -2.130785242596e-04  -1.069651473290e+01   9.258138868593e-01
 -1.438977326203e-03    1.699862525402e-04  -9.522261811227e+00   9.258138868593e-01
 -1.186964334121e-01    2.373889787603e-02  -1.279761243771e+01  -4.769404137826e-01
 -1.283774212376e-01    7.858500504529e-03  -1.228150788585e+01  -4.769404137826e-01
 -1.159423438447e-01    9.902585147290e-03  -1.231870761141e+01  -4.769404137826e-01
 -1.184618893643e-01    2.382362529257e-02  -1.279385231841e+01   9.376447032067e-03
 -1.115855594984e-01    1.151674277582e-02  -1.252179087844e+01   9.376447032067e-03
 -1.285712436285e-01    7.933907331139e-03  -1.228528855288e+01   9.376447032067e-03
 -1.287604434461e-01    7.816770217454e-03  -1.228729219189e+01   3.542800350309e-03
 -1.292068040696e-01    1.240298740123e-03  -1.223009169298e+01   3.542800350309e-03
 -1.395247487675e-01   -1.195938477528e-03  -1.187630638097e+01   3.542800350309e-03
 -1.201876517066e-01    3.086292212431e-02  -1.341052251759e+01   7.560920981790e-02
 -1.076241165217e-01    3.434906779632e-02  -1.316102289818e+01   7.560920981790e-02
 -1.186582680707e-01    2.394410596143e-02  -1.279458694910e+01   7.560920981790e-02
 -1.277486748247e-01    1.000543583757e-03  -1.146228264520e+01  -2.043245685023e-01
 -1.287347598873e-01    7.746314951432e-03  -1.228972312974e+01  -2.043245685023e-01
 -1.397030532651e-01   -1.128038506570e-03  -1.187575829588e+01  -2.043245685023e-01
 -1.287937894213e-01    8.172915678183e-03  -1.228539091780e+01  -1.015796215000e-01
 -1.114831310384e-01    1.119143018937e-02  -1.252202179552e+01  -1.015796215000e-01
 -1.292201023535e-01    9.738989570794e-04  -1.223062753280e+01  -1.015796215000e-01
 -9.233967308262e-02    2.208082052817e-02  -1.258525840362e+01   1.717174015914e-01
 -8.458368975401e-02    8.826829688230e-04  -1.235859302600e+01   1.717174015914e-01
 -1.113461101597e-01    1.131468872146e-02  -1.252011405762e+01   1.717174015914e-01
 -1.084448840185e-01    2.048136454238e-02  -1.305954973803e+01  -3.999889308653e-01
 -1.191642008300e-01    2.388511649659e-02  -1.280263795595e+01  -3.999889308653e-01
 -1.155849044766e-01    9.899396113822e-03  -1.231312061900e+01  -3.999889308653e-01
 -1.202264832751e-01    3.074025752999e-02  -1.341130874240e+01  -5.026790126822e-01
 -1.085134834697e-01    2.031079701933e-02  -1.306356743065e+01  -5.026790126822e-01
 -1.070680615328e-01    2.125737026083e-02  -1.356190425014e+01  -5.026790126822e-01
 -1.199759787693e-01    3.071576670166e-02  -1.340893984299e+01  -4.588982505507e-01
 -1.188986992919e-01    2.401137969345e-02  -1.279803255998e+01  -4.588982505507e-01
 -1.087294744847e-01    2.038011742157e-02  -1.306667747977e+01  -4.588982505507e-01
 -1.174962681319e-01    2.365330939530e-02  -1.421255832834e+01  -1.085411087614e+00
 -1.070962305977e-01    2.124283975329e-02  -1.356217672568e+01  -1.085411087614e+00
 -7.657187228601e-02    1.141780809626e-02  -1.392138055654e+01  -1.085411087614e+00
 -1.070820413886e-01    2.122360526931e-02  -1.356346249795e+01  -3.892263137892e-01
 -1.175223760119e-01    2.375209990490e-02  -1.421208919185e+01  -3.892263137892e-01
 -1.202232455110e-01    3.083032525021e-02  -1.340901416206e+01  -3.892263137892e-01
 -6.460539598441e-02    8.930788877232e-03  -1.313263306114e+01  -1.056348939433e+00
 -7.642894219334e-02    1.145333696402e-02  -1.391734868887e+01  -1.056348939433e+00
 -1.072422477165e-01    2.120014868904e-02  -1.356530053588e+01  -1.056348939433e+00
 -1.177370935715e-01    2.364870565029e-02  -1.421283215442e+01  -1.019480235862e+00
 -7.630031433624e-02    1.143574567803e-02  -1.391828519884e+01  -1.019480235862e+00
 -8.887305201499e-02    1.054692167082e-02  -1.507439225822e+01  -1.019480235862e+00
 -1.069693976325e-01    2.118920448115e-02  -1.356313251879e+01  -1.046783263042e+00
 -1.087137903858e-01    2.029567791215e-02  -1.306490383665e+01  -1.046783263042e+00
 -6.491413810924e-02    8.960495204279e-03  -1.313633986885e+01  -1.046783263042e+00
 -1.199089243765e-01    3.085517811052e-02  -1.340270439448e+01  -1.937664283151e-01
 -1.179038983245e-01    2.375015590635e-02  -1.421799514953e+01  -1.937664283151e-01
 -1.251851100920e-01    3.492325112057e-02  -1.401487052911e+01  -1.937664283151e-01
 -8.587000446423e-02    7.054691587557e-03  -1.235378664181e+01  -8.096380092300e-01
 -1.083414935179e-01    2.027811435217e-02  -1.306032863988e+01  -8.096380092300e-01
 -1.156244220867e-01    1.002078605201e-02  -1.231321273368e+01  -8.096380092300e-01
 -8.087459359960e-02    1.165825548634e-03  -1.143272056865e+01  -1.180724319440e+00
 -3.303220074175e-04   -6.004867038546e-05  -1.138462573017e+01  -1.180724319440e+00
 -8.461091859100e-02    3.197018513849e-03  -1.185631696818e+01  -1.180724319440e+00
 -8.084053322168e-02    1.162516523450e-03  -1.142785845457e+01  -6.626168321855e-01
 -1.274950567660e-01    9.528137550344e-04  -1.145572234685e+01  -6.626168321855e-01
 -1.118701001785e-01    1.462304074569e-03  -1.073404282696e+01  -6.626168321855e-01
 -3.316187370618e-04    6.216272279386e-05  -1.234439742491e+01  -1.211705961299e+00
 -8.495267532654e-02    3.247431129971e-03  -1.185364492475e+01  -1.211705961299e+00
 -6.578086581303e-05   -6.161936725299e-05  -1.138263658586e+01  -1.211705961299e+00
 -1.088272267969e-01   -1.034906116901e-03  -9.363831118829e-04  -3.636070482529e-01
 -1.292509130543e-01   -1.225228303004e-03  -8.045477985942e-01  -3.636070482529e-01
 -1.464054059257e-01   -3.365144725073e-04  -8.775979140838e-03  -3.636070482529e-01
  1.458916087850e-04    1.731744980465e-04  -2.144040282222e+01  -1.440257112869e+00
 -5.758007950698e-02   -9.917371478521e-03  -2.125192849197e+01  -1.440257112869e+00
 -2.291347772121e-04   -9.675134778701e-05  -2.117028688238e+01  -1.440257112869e+00
 -1.285301534613e-01    1.674503302566e-03  -9.565329611193e+00   9.813522467286e-01
 -1.520961748440e-01   -1.265851476844e-03  -1.036299483242e+01   9.813522467286e-01
 -2.157681761475e-03    1.963999858493e-04  -9.522305309215e+00   9.813522467286e-01
 -8.561551737101e-02    7.148853631140e-03  -1.234796048472e+01  -1.030068902543e+00
 -6.479810113772e-02    9.060913632216e-03  -1.313257240903e+01  -1.030068902543e+00
 -1.087327474970e-01    2.019209706696e-02  -1.306430783134e+01  -1.030068902543e+00
 -1.516667218516e-01   -2.555877204104e-04  -4.368622118289e+00  -1.940750685400e-02
 -1.394035721309e-01    6.640133296508e-04  -3.660846169071e+00  -1.940750685400e-02
 -1.334410210239e-01   -7.008006885842e-04  -3.517879561975e+00  -1.940750685400e-02
  9.972715499324e-05   -3.517738297287e-05  -1.312234242976e+01  -1.918875301808e+00
 -5.313784131343e-04    1.054497129066e-05  -1.467446628519e+01  -1.918875301808e+00
 -7.696470951128e-02    1.134201235408e-02  -1.391990143352e+01  -1.918875301808e+00
 -1.444298536049e-01    6.988875127026e-04  -9.705018378541e+00  -1.026680211017e+00
 -2.434399659589e-03    1.955319400540e-04  -1.063360720397e+01  -1.026680211017e+00
 -1.108916179971e-01    1.503587816543e-03  -1.072694166278e+01  -1.026680211017e+00
 -1.253216977546e-01    3.495198496538e-02  -1.401763746586e+01   9.544719092010e-02
 -1.177500990076e-01    2.373594749666e-02  -1.421598084309e+01   9.544719092010e-02
 -1.372158298944e-01    2.620826251156e-02  -1.501624944797e+01   9.544719092010e-02
 -1.293469781576e-01    1.170626451700e-03  -1.223540632059e+01   4.460500594887e-02
 -1.112403614997e-01    1.099912598384e-02  -1.251871203233e+01   4.460500594887e-02
 -1.091364479659e-01   -8.838354124348e-03  -1.252193565099e+01   4.460500594887e-02
 -6.139052773998e-04    1.609414360356e-04  -1.468270668603e+01  -2.014347704237e+00
 -9.732814860441e-02    4.516906213085e-03  -1.655837520173e+01  -2.014347704237e+00
 -8.880702633973e-02    1.039792556577e-02  -1.507724113949e+01  -2.014347704237e+00
 -1.505475028224e-01   -1.383244864003e-03  -1.034381793865e+01  -2.672351019450e-01
 -1.135254709689e-01    1.463208571757e-03  -1.073135525789e+01  -2.672351019450e-01
 -1.414427985039e-01   -3.202825702757e-04  -1.144485166276e+01  -2.672351019450e-01
 -1.303134016891e-01   -1.237084001029e-02  -1.618605236350e+01   7.970638257137e-01
 -1.292173903043e-01    5.977299193542e-04  -1.745556536848e+01   7.970638257137e-01
 -7.660525762174e-02   -3.750020604113e-03  -1.657779599198e+01   7.970638257137e-01
 -1.310437048886e-03   -5.835282828532e-05  -7.351903772494e-01  -9.805751954748e-01
 -1.295940213625e-01   -1.217492340386e-03  -7.989115712690e-01  -9.805751954748e-01
 -1.087658789758e-01   -1.050758495336e-03   3.384029069954e-03  -9.805751954748e-01
 -1.410811202069e-01   -3.369814526781e-04  -1.144112472864e+01  -1.851067789568e-01
 -1.277878155913e-01    1.037247737025e-03  -1.146078105891e+01  -1.851067789568e-01
 -1.395903256669e-01   -1.106900046668e-03  -1.187508075905e+01  -1.851067789568e-01
 -1.683378456790e-01   -1.298525734324e-03  -2.800795199472e+00  -7.491541335042e-01
 -1.385214144663e-01   -2.159839649383e-03  -1.660176815472e+00  -7.491541335042e-01
 -5.274642990267e-03    1.027827882379e-04  -2.582925424476e+00  -7.491541335042e-01
 -1.418609946843e-01   -3.107085898468e-04  -1.144617800914e+01  -2.141532234505e-01
 -1.128770315705e-01    1.451971456379e-03  -1.073349067573e+01  -2.141532234505e-01
 -1.269820723043e-01    9.755614117790e-04  -1.146060812649e+01  -2.141532234505e-01
 -1.119234926418e-01    1.423642841806e-03  -1.071502431727e+01  -2.253427595428e-01
 -1.515989119116e-01   -1.237912425619e-03  -1.034153931372e+01  -2.253427595428e-01
 -1.433769156286e-01    7.164693514285e-04  -9.698481893461e+00  -2.253427595428e-01
 -1.394374739342e-01   -1.142518015419e-03  -1.187492967686e+01   4.225022058443e-01
 -1.232881510726e-01   -6.484976292171e-03  -1.225202364341e+01   4.225022058443e-01
 -1.067361368725e-01   -8.353799075353e-03  -1.232873246889e+01   4.225022058443e-01
 -1.200745699533e-01   -2.264684310780e-03  -1.140197333273e+01   3.067528041347e-01
 -1.412639825269e-01   -2.793695117314e-04  -1.144118217385e+01   3.067528041347e-01
 -1.393138179712e-01   -1.204190403636e-03  -1.187863710025e+01   3.067528041347e-01
 -1.065939570544e-01   -8.236015683407e-03  -1.233071789032e+01   6.607375166408e-01
 -7.396046378658e-02   -2.854993614573e-03  -1.189337547339e+01   6.607375166408e-01
 -1.397498761580e-01   -1.274511961470e-03  -1.187582147720e+01   6.607375166408e-01
 -1.302111382560e-04    9.045992649401e-05  -1.180386582071e+01   1.246889402984e+00
 -7.487245752132e-02   -5.321019197420e-03  -1.231213082362e+01   1.246889402984e+00
 -1.686840657673e-04   -3.030707930259e-05  -1.233930685284e+01   1.246889402984e+00
 -7.451569102054e-02   -5.304843841451e-03  -1.231079818460e+01   1.253656958691e+00
 -3.832103002281e-04    1.113915010904e-04  -1.180631677236e+01   1.253656958691e+00
 -7.312303843592e-02   -2.750948766952e-03  -1.188739750446e+01   1.253656958691e+00
 -1.274353349561e-01    8.531371931875e-04  -1.146026433774e+01  -3.495427739442e-01
 -1.154252231349e-01    9.717055562059e-03  -1.231090418473e+01  -3.495427739442e-01
 -1.288866107497e-01    7.871162107043e-03  -1.229012929193e+01  -3.495427739442e-01
 -8.078770652481e-02    1.149602291910e-03  -1.143103553210e+01  -7.011734748807e-01
 -8.460279936913e-02    3.248661785856e-03  -1.185956725188e+01  -7.011734748807e-01
 -1.276930473745e-01    9.524796416811e-04  -1.145846158631e+01  -7.011734748807e-01
 -1.292322280600e-01   -1.073025456486e-03  -8.080084508332e-01  -1.143614465375e-01
 -1.392077098182e-01   -2.275579615349e-03  -1.710662829654e+00  -1.143614465375e-01
 -1.466329416281e-01   -1.880533626516e-03  -1.059296870145e+00  -1.143614465375e-01
 -2.044959112207e-03   -1.030035462338e-04  -8.542541577447e+00  -9.708923529378e-01
 -1.485159253517e-01    2.683241570323e-03  -7.758614918485e+00  -9.708923529378e-01
 -8.162897415016e-05   -8.573307842494e-05  -7.595968522134e+00  -9.708923529378e-01
 -3.917661821967e-03    6.586827991026e-05  -8.642736644852e+00   7.875263797234e-01
 -1.681993300185e-01    1.847690726039e-03  -8.692251226472e+00   7.875263797234e-01
 -1.287877881511e-01    1.577056401851e-03  -9.597651045715e+00   7.875263797234e-01
 -1.668625986631e-01    1.880452021766e-03  -8.695766327398e+00  -7.773464326226e-01
 -4.151889731060e-03   -8.211535342502e-05  -8.604898007624e+00  -7.773464326226e-01
 -1.440513002427e-01    5.948947182811e-04  -9.750339803313e+00  -7.773464326226e-01
 -1.325185668488e-01   -4.509899835246e-05  -4.970964399357e+00   2.040801733615e-01
 -1.542309431094e-01   -4.793865192732e-04  -5.482431542619e+00   2.040801733615e-01
 -1.321263353003e-01   -1.548373759291e-03  -6.014487611238e+00   2.040801733615e-01
 -1.334647923809e-01   -7.398195119629e-04  -3.520030693077e+00  -9.701422028864e-01
  5.882419601464e-05    1.589196218898e-05  -3.510958104656e+00  -9.701422028864e-01
 -1.550859320946e-03   -6.581064207758e-05  -4.397075519472e+00  -9.701422028864e-01
 -1.176560014969e-01    2.038509554279e-03  -6.948186552830e+00   2.659546367303e-01
 -1.540523391046e-01    2.052045766527e-03  -6.617098226079e+00   2.659546367303e-01
 -1.485507410104e-01    3.278444114016e-03  -7.806310025942e+00   2.659546367303e-01
 -1.529081741120e-01   -3.917760816066e-04  -5.425488048015e+00  -7.556589306060e-01
 -4.858326978974e-03    2.414358973818e-04  -6.601274596137e+00  -7.556589306060e-01
 -1.554292895265e-01    1.946264086541e-03  -6.612453871535e+00  -7.556589306060e-01
 -1.315813194558e-01   -3.623813705320e-05  -4.958753829250e+00   2.142305380405e-01
 -1.374518584249e-01    6.026654126308e-04  -3.656723133979e+00   2.142305380405e-01
 -1.530159368947e-01   -1.543068932722e-04  -4.364513168676e+00   2.142305380405e-01
 -1.557679886696e-01    2.182059415960e-03  -6.639666142226e+00  -7.349141353531e-01
 -4.409006722387e-03    3.340275712935e-05  -6.650503045790e+00  -7.349141353531e-01
 -1.471568953654e-01    2.958144135235e-03  -7.829035910232e+00  -7.349141353531e-01
 -1.479802007059e-01   -1.678523269259e-03  -1.059618145756e+00   9.574961495635e-01
 -1.445105538783e-03   -1.090408672303e-04  -1.773017349202e+00   9.574961495635e-01
 -8.974410036122e-04    1.481951258331e-04  -6.610528780125e-01   9.574961495635e-01
 -1.669736564565e-03    1.289689558030e-04  -1.627850757266e+00  -9.384562171515e-01
 -1.391523141622e-01   -2.039031991927e-03  -1.701196593796e+00  -9.384562171515e-01
 -1.294194074363e-01   -1.154308786079e-03  -8.015184502739e-01  -9.384562171515e-01
 -7.844434441686e-04    6.657958401105e-05  -1.628800302267e+00  -9.905463903701e-01
 -1.303522696553e-01   -1.182967506408e-03  -7.995334080643e-01  -9.905463903701e-01
 -6.427029834298e-04   -6.637040641213e-05  -7.414168424864e-01  -9.905463903701e-01
 -1.455471301707e-01   -2.962176873635e-04  -8.901913086218e-03  -1.290877842004e-01
 -1.301262568792e-01   -1.246389434944e-03  -8.001355975415e-01  -1.290877842004e-01
 -1.456366165846e-01   -1.624337561311e-03  -1.057862649626e+00  -1.290877842004e-01
  1.080472611692e-04   -3.335222650248e-05  -3.485118913947e+00  -9.697825155347e-01
 -1.332598131368e-01   -7.092770110084e-04  -3.565548233450e+00  -9.697825155347e-01
 -2.228221303336e-03   -7.683712115451e-06  -2.644912654595e+00  -9.697825155347e-01
 -1.403932137505e-01   -2.420053375676e-03  -1.710847162489e+00   9.699609865434e-02
 -1.653160722281e-01   -1.248532453587e-03  -2.818925408561e+00   9.699609865434e-02
 -1.278922474004e-01   -3.366494108612e-03  -2.050231203514e+00   9.699609865434e-02
 -1.401281693303e-01   -1.993337759987e-03  -1.682122342291e+00  -9.485719689684e-01
 -5.033159951589e-04    1.130937619449e-04  -1.644491060395e+00  -9.485719689684e-01
 -2.291988371294e-03    6.852668593640e-05  -2.579266480858e+00  -9.485719689684e-01
 -1.408865696443e-01   -2.436534099154e-03  -1.708309509422e+00   9.197239834234e-02
 -1.276866527564e-01   -3.379200372895e-03  -2.022840696569e+00   9.197239834234e-02
 -1.455032632514e-01   -1.896226793113e-03  -1.045503678638e+00   9.197239834234e-02
 -4.442406367224e-04   -6.057102378437e-05  -1.769397437108e+00   1.055796899190e+00
 -1.276499945748e-01   -3.107550633417e-03  -2.010313485217e+00   1.055796899190e+00
 -1.004593194867e-03    1.082286340392e-04  -2.688922997828e+00   1.055796899190e+00
 -3.073297767298e-03    1.988709331097e-04  -2.695277455796e+00   8.842467532233e-01
 -1.265374831131e-01   -3.145449971843e-03  -2.003610393815e+00   8.842467532233e-01
 -1.664109447598e-01   -1.131828332594e-03  -2.804207667952e+00   8.842467532233e-01
 -1.458455962280e-01    6.740367287632e-04  -9.713431001525e+00  -1.006231620697e+00
 -2.711381792394e-04   -9.602492570929e-05  -9.618160518453e+00  -1.006231620697e+00
 -1.338380772832e-03    1.179126882175e-04  -1.062743232136e+01  -1.006231620697e+00
 -1.299013392031e-01    1.523569320777e-03  -9.574093846011e+00   1.094688572995e-01
 -1.449206454845e-01    6.645991168123e-04  -9.707055076611e+00   1.094688572995e-01
 -1.502605337050e-01   -1.185955238913e-03  -1.036397500963e+01   1.094688572995e-01
 -5.036937886020e-04   -2.299730799415e-05  -7.541787098340e+00   1.018325972568e+00
 -1.308162163880e-01    3.108622265910e-03  -7.829395803240e+00   1.018325972568e+00
 -1.384342179021e-03   -2.210854132339e-05  -8.609997165283e+00   1.018325972568e+00
 -1.446155794919e-01    6.069872682544e-04  -9.705993111212e+00   1.508374857092e-01
 -1.304014454437e-01    1.515027153072e-03  -9.552009947857e+00   1.508374857092e-01
 -1.657084480714e-01    1.838753090116e-03  -8.684813562609e+00   1.508374857092e-01
 -1.298749348191e-01    1.704679242398e-03  -9.580771643794e+00   9.866412584663e-01
 -3.992263184922e-04    1.139431353228e-04  -9.521670486238e+00   9.866412584663e-01
 -1.580828968323e-03    3.775253297440e-05  -8.650853169634e+00   9.866412584663e-01
 -1.338700466000e-03    4.224059951329e-05  -2.732966824694e+00   1.056685145789e+00
 -1.395479445772e-01    6.530266137124e-04  -3.663537829513e+00   1.056685145789e+00
 -1.396849585865e-04   -4.148691905396e-06  -3.822926389644e+00   1.056685145789e+00
 -2.013363578031e-04   -4.678644241178e-05  -9.604397678880e+00  -1.004738776075e+00
 -1.456410973118e-01    5.707507231585e-04  -9.735921091770e+00  -1.004738776075e+00
 -1.888790427750e-03   -5.313914535075e-05  -8.608495199832e+00  -1.004738776075e+00
 -1.337749752664e-01   -6.697490158521e-04  -3.532000036308e+00  -8.659103160477e-02
 -1.388821452933e-01    6.811417750532e-04  -3.627766290231e+00  -8.659103160477e-02
 -1.653354872819e-01   -1.054406291404e-03  -2.793834113288e+00  -8.659103160477e-02
 -4.885550327468e-03   -3.518568088636e-06  -2.634134226429e+00  -6.849369424250e-01
 -1.317619004662e-01   -6.554971771481e-04  -3.593780559465e+00  -6.849369424250e-01
 -1.686132986162e-01   -1.176388872075e-03  -2.809663490967e+00  -6.849369424250e-01
 -1.323167244217e-01   -7.125112764283e-04  -3.493888821905e+00  -7.607814389487e-01
 -3.552649264258e-03   -1.579071531374e-04  -4.404930474061e+00  -7.607814389487e-01
 -1.529624258987e-01   -3.486977264946e-04  -4.353179477603e+00  -7.607814389487e-01
 -1.325843965738e-01   -1.195524434614e-04  -4.971329649867e+00   1.042695851085e+00
 -1.322114017524e-01   -1.436394759290e-03  -6.012743241854e+00   1.042695851085e+00
 -1.934444746113e-03    1.181649255256e-05  -5.721149401180e+00   1.042695851085e+00
 -1.548961464084e-01   -3.945127903619e-04  -5.496544994945e+00  -9.115119163210e-01
 -2.126587952054e-03   -1.061363531763e-04  -4.453651497474e+00  -9.115119163210e-01
 -2.979959808733e-04    4.660863400109e-05  -5.519081886059e+00  -9.115119163210e-01
 -2.447787256292e-04    2.150730636830e-05  -3.827617549164e+00   1.055781460060e+00
 -1.391428292699e-01    5.904764007199e-04  -3.657952145648e+00   1.055781460060e+00
 -1.155024763382e-03   -4.893116212387e-05  -4.737752273717e+00   1.055781460060e+00
 -1.302914262040e-01    3.301904355715e-03  -7.876894567789e+00   1.947613134924e-01
 -1.477350643628e-01    3.107202274911e-03  -7.787266457674e+00   1.947613134924e-01
 -1.652586918736e-01    1.881242738574e-03  -8.680887770228e+00   1.947613134924e-01
 -4.104007326431e-03    2.101807321320e-06  -8.609109414510e+00   8.308082664680e-01
 -1.290505334621e-01    3.118670933116e-03  -7.816898379119e+00   8.308082664680e-01
 -1.679439253796e-01    1.915358349882e-03  -8.682105118054e+00   8.308082664680e-01
 -1.235138909002e-03   -8.358472591760e-05  -7.527835491286e+00   1.033744983761e+00
 -1.154850842043e-01    1.812691196576e-03  -6.974998930079e+00   1.033744983761e+00
 -1.301131624708e-01    3.214754561317e-03  -7.841183688477e+00   1.033744983761e+00
 -1.158814575895e-01    1.569254773246e-03  -6.985678391728e+00   1.125898999868e+00
 -3.487940666599e-04    2.675788490101e-06  -7.525775277141e+00   1.125898999868e+00
 -4.378642709452e-04   -1.027899178576e-04  -6.752561830249e+00   1.125898999868e+00
 -6.863968262437e-04    5.237801571618e-05  -5.717347843747e+00   1.054746591247e+00
 -1.333702402903e-01   -1.464815151212e-03  -6.015096982264e+00   1.054746591247e+00
 -7.648045169505e-04   -4.423146275454e-05  -6.750817585204e+00   1.054746591247e+00
 -1.329261801747e-01   -1.666243575200e-03  -6.033829534667e+00   1.857505871027e-01
 -1.530767074950e-01   -4.829728267519e-04  -5.454482240817e+00   1.857505871027e-01
 -1.543804528669e-01    1.849390477034e-03  -6.608751607874e+00   1.857505871027e-01
 -2.369592900459e-03    1.546869387922e-04  -6.591604900649e+00  -9.120162132663e-01
 -1.548400244534e-01   -2.979259768807e-04  -5.451919615058e+00  -9.120162132663e-01
 -2.545838361083e-04   -1.627927088742e-06  -5.545118658494e+00  -9.120162132663e-01
 -2.608167724779e-05   -1.594970817782e-04  -7.571893154490e+00  -9.717685665526e-01
 -1.485721310151e-01    2.757578694110e-03  -7.799509791994e+00  -9.717685665526e-01
 -2.004280253594e-03    4.920415125398e-06  -6.656011951722e+00  -9.717685665526e-01
 -1.320683345366e-01   -1.543057180504e-03  -6.021829017776e+00   1.053522448365e+00
 -1.146298820945e-01    1.562132613662e-03  -6.987269597090e+00   1.053522448365e+00
 -1.806699256864e-03   -1.320880224002e-04  -6.753518585252e+00   1.053522448365e+00
 -1.315403897010e-01   -1.667055852384e-03  -6.027494891701e+00   3.413524978108e-01
 -1.554107789435e-01    1.970663209023e-03  -6.604685366289e+00   3.413524978108e-01
 -1.151231219207e-01    1.761600890130e-03  -6.973856251941e+00   3.413524978108e-01
 -1.334326957957e-01   -1.449587866291e-04  -4.969524318252e+00   1.041836133941e+00
 -8.707948099400e-04   -1.089513579591e-05  -5.722673012199e+00   1.041836133941e+00
 -6.728184901538e-04   -2.847707933814e-05  -4.733865450166e+00   1.041836133941e+00
 -1.378239963810e-01    5.918655448605e-04  -3.656200388990e+00   1.020277458805e+00
 -1.315210923641e-01   -8.212988375941e-05  -4.961745675037e+00   1.020277458805e+00
 -2.349083233830e-03   -7.291133545964e-05  -4.737403422062e+00   1.020277458805e+00
 -1.529986013564e-01   -4.364214382980e-04  -5.506268896565e+00   1.847816614394e-01
 -1.334461626561e-01    1.501971538039e-05  -4.957054218456e+00   1.847816614394e-01
 -1.516858031804e-01   -1.930609061152e-04  -4.369366048441e+00   1.847816614394e-01
