
  1.667571495435e-03   -2.000558358189e-03   2.089960028980e+02  -1.175945983905e+01
  5.316894353942e-01   -1.821368447433e-03   2.105888627756e+02  -1.175945983905e+01
 -2.858210029182e-04    8.170662909919e-04   2.095840495390e+02  -1.175945983905e+01
  6.426630304037e-01   -9.119642053912e-02   1.934267525624e+02  -2.136449585747e+01
 -4.897255923692e-04   -7.601398527947e-06   2.014061762529e+02  -2.136449585747e+01
  1.810488844611e-03    3.494580412009e-05   1.931405247504e+02  -2.136449585747e+01
  5.312631476618e-01    1.142283141964e-03   2.106043117703e+02  -1.231863115953e+01
  8.651094418433e-01   -1.808529378231e-01   2.102691673149e+02  -1.231863115953e+01
  9.289178714507e-01   -2.327334318561e-03   2.133742912592e+02  -1.231863115953e+01
  8.685691687024e-01   -1.793208273729e-01   2.102170174537e+02  -1.166032280423e+01
  5.284294739924e-01   -4.280178184684e-04   2.106836168198e+02  -1.166032280423e+01
  4.050610926583e-01   -7.190048520980e-02   2.084627779107e+02  -1.166032280423e+01
  1.078665542318e+00   -2.231766009949e-01   2.150142777848e+02  -8.200309169196e+00
  9.292988954407e-01   -2.237529317025e-03   2.134705540874e+02  -8.200309169195e+00
  8.655902709167e-01   -1.823779285846e-01   2.102114500502e+02  -8.200309169196e+00
  1.358731546796e+00    1.407646505491e-02   1.042839441458e+01  -9.021371888112e+00
  1.841872843875e-02   -1.186490594112e-03   6.485982438914e+00  -9.021371888112e+00
  9.976746608761e-01   -1.408297915175e-02  -6.405168722029e-02  -9.021371888112e+00
  4.060440964863e-01   -7.076913479857e-02   2.084482861988e+02  -1.127362206370e+01
  8.298955140150e-01   -1.988814135604e-01   2.062494953626e+02  -1.127362206370e+01
  8.684887329915e-01   -1.804527204931e-01   2.101949071737e+02  -1.127362206370e+01
  1.289422547540e+00    1.238752387785e-02   1.178754687351e+02  -5.115929744378e+00
  6.861757635501e-01    2.748261474413e-02   1.180486304801e+02  -5.115929744378e+00
  1.105000332486e+00    2.082074344567e-02   1.131898712409e+02  -5.115929744378e+00
  5.006163475073e-01   -9.753076483728e-02   2.031011709651e+02  -1.076712491935e+01
  6.431480588167e-01   -9.170526614381e-02   1.934189362769e+02  -1.076712491935e+01
  9.392359350864e-01   -2.233339948858e-01   2.007063045950e+02  -1.076712491935e+01
  1.808962809052e-03    4.071960491895e-04   2.067501064326e+02  -1.540511242712e+01
  4.990301076832e-01   -9.703364909772e-02   2.031343361317e+02  -1.540511242712e+01
  4.046896157178e-01   -7.132123333267e-02   2.085007862808e+02  -1.540511242712e+01
  8.310653344622e-01   -1.990409191330e-01   2.062321320605e+02  -5.558398143266e+00
  9.375631958499e-01   -2.245561183525e-01   2.007140469352e+02  -5.558398143266e+00
  1.020998443433e+00   -2.999781906274e-01   2.084276149494e+02  -5.558398143266e+00
  9.374269831381e-01   -2.234672117242e-01   2.007186804703e+02  -1.155258093915e+01
  8.310187604958e-01   -1.992671542568e-01   2.062394131697e+02  -1.155258093915e+01
  5.025509546725e-01   -9.740304856415e-02   2.030701594211e+02  -1.155258093915e+01
  1.088129421110e+00   -3.396556053561e-01   2.029009022202e+02  -3.580677984785e+00
  1.018189506639e+00   -3.001743557482e-01   2.084911302648e+02  -3.580677984785e+00
  9.411351556245e-01   -2.245332078258e-01   2.006555440872e+02  -3.580677984785e+00
  8.308983700109e-01   -1.993354283048e-01   2.062357432710e+02  -7.051842937601e+00
  1.021142307255e+00   -2.992922116867e-01   2.084277810833e+02  -7.051842937601e+00
  8.667681966493e-01   -1.808709156685e-01   2.102324043674e+02  -7.051842937601e+00
  1.089239527956e+00   -3.399573428019e-01   2.028661612802e+02  -9.065322057978e-01
  9.399789549854e-01   -2.243047012296e-01   2.006863509864e+02  -9.065322057978e-01
  1.167891989089e+00   -2.538241490826e-01   1.933616407898e+02  -9.065322057978e-01
  5.005633624145e-01   -9.786248745533e-02   2.031201472696e+02  -1.106914368454e+01
  8.322641254664e-01   -1.987899533189e-01   2.062129966402e+02  -1.106914368454e+01
  4.036321074764e-01   -7.078112999912e-02   2.085106543219e+02  -1.106914368454e+01
  1.903308415537e-03   -5.375956026524e-04   1.683431590986e+02  -2.352931808586e+01
  1.099130430454e-03    9.616246827565e-04   1.445869827787e+02  -2.352931808586e+01
  7.082595386751e-01    3.376863855845e-02   1.627337102032e+02  -2.352931808586e+01
  1.075883476294e+00   -2.237428540319e-01   2.150047026221e+02  -7.106522271417e+00
  8.685262934485e-01   -1.813340087812e-01   2.101914727066e+02  -7.106522271417e+00
  1.019000408624e+00   -2.993530467472e-01   2.084546844108e+02  -7.106522271417e+00
  1.196660200561e+00   -4.615975145780e-03   2.182645663643e+02  -4.601667402009e+00
  1.072622748785e+00   -2.215665002938e-01   2.150048999351e+02  -4.601667402009e+00
  1.108916316868e+00   -9.800270002168e-02   2.197728583768e+02  -4.601667402009e+00
  1.193831189439e+00   -1.229978380842e-03   2.182170046682e+02  -1.018735608214e+01
  9.319512602733e-01   -1.229012856320e-03   2.134450659151e+02  -1.018735608214e+01
  1.075448546570e+00   -2.231684632389e-01   2.150484199502e+02  -1.018735608214e+01
  1.198153670629e+00   -4.568941049910e-03   2.183080161592e+02  -4.776278536080e+00
  1.107990659773e+00   -9.690208646138e-02   2.197701847324e+02  -4.776278536080e+00
  1.326804218281e+00    1.589829270768e-03   2.219164738457e+02  -4.776278536080e+00
  1.103927571318e+00   -9.372883790519e-02   2.197754579586e+02  -2.620724150003e+00
  1.078648061915e+00   -2.249242893258e-01   2.149854016302e+02  -2.620724150003e+00
  8.943003640908e-01   -2.108957123475e-01   2.174146839973e+02  -2.620724150003e+00
  8.560418225659e-01    1.611381539089e-02   2.198489355487e+02   3.683953114555e-01
  1.106614159319e+00   -9.412419952112e-02   2.196865751119e+02   3.683953114555e-01
  8.899364117428e-01   -2.093171044895e-01   2.174830040173e+02   3.683953114555e-01
  1.105332514024e+00   -9.069042752405e-02   2.197417809304e+02  -1.538747793688e+00
  1.122916783084e+00    1.163286449304e-01   2.196455035651e+02  -1.538747793688e+00
  1.327967040031e+00   -4.116630366865e-03   2.219095007646e+02  -1.538747793688e+00
  1.078617997723e+00   -2.241087700348e-01   2.149679840731e+02   5.102055299845e-01
  9.699100556026e-01   -3.343948746640e-01   2.114280823015e+02   5.102055299845e-01
  8.942524362573e-01   -2.124234249351e-01   2.174239793774e+02   5.102055299845e-01
  7.504219643757e-01   -1.101738979883e-02   1.134364400146e+02   9.580176135286e+00
  1.033110026848e+00   -1.480426858964e-02   1.065227844349e+02   9.580176135286e+00
  1.128581382673e-02   -1.099756428022e-03   1.053241207552e+02   9.580176135286e+00
  6.922404034000e-01   -2.745612612375e-01   2.143096895343e+02   1.002918543268e+01
  9.737236851096e-01   -3.359764434703e-01   2.114353512426e+02   1.002918543268e+01
  8.232773166904e-01   -3.099243982233e-01   2.058197962646e+02   1.002918543268e+01
  9.741446530188e-01   -3.348220585577e-01   2.113767748760e+02  -1.723762805546e+00
  1.073919726390e+00   -2.232131031586e-01   2.150451032125e+02  -1.723762805546e+00
  1.021101640306e+00   -3.004292303926e-01   2.084245824260e+02  -1.723762805546e+00
  3.082245501716e-01   -8.625495625437e-02   2.217987904971e+02   1.107158980251e+01
  5.968914426545e-01   -1.561889007403e-01   2.199961818822e+02   1.107158980251e+01
  3.607037766532e-01   -1.609813938357e-01   2.167371892382e+02   1.107158980251e+01
  5.964220860281e-01   -1.554991738756e-01   2.199301250205e+02   7.237157399069e+00
  8.911578604485e-01   -2.108000495080e-01   2.175039610355e+02   7.237157399069e+00
  6.894136529321e-01   -2.743721914034e-01   2.144171958764e+02   7.237157399069e+00
  6.908530283495e-01   -2.741917624348e-01   2.143574804504e+02   1.231723279072e+01
  3.626261059658e-01   -1.613025079264e-01   2.167065444255e+02   1.231723279072e+01
  5.952511063378e-01   -1.560520878448e-01   2.200189728669e+02   1.231723279072e+01
  5.965260180562e-01   -1.550234561658e-01   2.199547044649e+02   1.496744953259e+00
  8.541464551500e-01    1.737304945709e-02   2.199195775837e+02   1.496744953259e+00
  8.908038709733e-01   -2.104770836082e-01   2.174776679204e+02   1.496744953259e+00
  1.087676954058e+00   -3.409066876082e-01   2.028930012523e+02   7.100690514925e+00
  8.265812653634e-01   -3.099421216864e-01   2.057562274675e+02   7.100690514925e+00
  9.708762492050e-01   -3.359357211803e-01   2.115007542285e+02   7.100690514925e+00
  6.919143334524e-01   -2.743849902403e-01   2.143677272325e+02   4.390514599551e+00
  8.893016173109e-01   -2.110961317993e-01   2.175491285678e+02   4.390514599551e+00
  9.734025533622e-01   -3.356267234382e-01   2.113775571631e+02   4.390514599551e+00
  1.083756535679e+00   -3.402832236234e-01   2.029633173401e+02   1.627091791733e+00
  9.743862228305e-01   -3.357637642950e-01   2.113654610097e+02   1.627091791733e+00
  1.021429455917e+00   -3.000076714886e-01   2.084210695980e+02   1.627091791733e+00
  5.955043707162e-01   -1.547958207978e-01   2.199599859356e+02   4.527949564862e+00
  3.089539175592e-01   -8.719725849469e-02   2.218421524514e+02   4.527949564862e+00
  5.653482364071e-01    1.303856476575e-02   2.219491228889e+02   4.527949564862e+00
  1.174261759124e+00   -2.529638465759e-01   1.932731565391e+02  -7.844296047902e+00
  9.349261598800e-01   -2.241254231957e-01   2.007988092569e+02  -7.844296047902e+00
  6.508349113823e-01   -9.137009553125e-02   1.933089959174e+02  -7.844296047902e+00
  1.347438670694e+00    1.442680034518e-02   1.047749752415e+01  -3.557004530773e+00
  1.002753810280e+00   -1.389803806764e-02   7.092744837196e-03  -3.557004530773e+00
  1.355236880607e+00    3.285247847406e-03   1.279682941696e-01  -3.557004530773e+00
  1.196410863786e+00   -1.359539909338e-01   1.827233975976e+02  -7.384142410917e+00
  6.991267338048e-01   -3.974234991935e-02   1.790776586958e+02  -7.384142410917e+00
  1.191843875736e+00   -1.347361163309e-02   1.708971735441e+02  -7.384142410917e+00
  1.193758739789e+00   -1.388793994314e-01   1.827816715049e+02  -5.688353609219e+00
  1.175789329317e+00   -2.520773523131e-01   1.932329707855e+02  -5.688353609219e+00
  6.500530845700e-01   -9.273444000213e-02   1.933304958318e+02  -5.688353609219e+00
  1.088144827567e+00   -3.413661413136e-01   2.029765237942e+02   1.125435437038e+01
  9.549100904125e-01   -2.611519513189e-01   1.952459351033e+02   1.125435437038e+01
  8.266804617772e-01   -3.096412933943e-01   2.056763179405e+02   1.125435437038e+01
  9.583557534715e-01   -2.610587735974e-01   1.951741976931e+02   8.085543480334e+00
  1.085095152745e+00   -3.410893239833e-01   2.030521415764e+02   8.085543480334e+00
  1.172471955933e+00   -2.540222264144e-01   1.932686450983e+02   8.085543480334e+00
  1.049590245445e+00   -1.527358853671e-01   1.834147003203e+02   1.105666170586e+01
  9.582025534706e-01   -2.601125996922e-01   1.950740631627e+02   1.105666170586e+01
  1.173273770896e+00   -2.551436966838e-01   1.933701709409e+02   1.105666170586e+01
  5.075675134007e-01   -1.583669102317e-01   1.969301091032e+02   2.418222298284e+01
  8.254797983547e-01   -3.097774472877e-01   2.058371285771e+02   2.418222298284e+01
  9.562580600780e-01   -2.607257802504e-01   1.951301893428e+02   2.418222298284e+01
  1.170535803035e+00   -2.550966773817e-01   1.934478056930e+02   7.361946867196e+00
  1.199006489921e+00   -1.368426940881e-01   1.826742681385e+02   7.361946867196e+00
  1.052499858744e+00   -1.522170509986e-01   1.833416492339e+02   7.361946867196e+00
  1.197879718143e+00   -1.377614854268e-01   1.827294315013e+02  -1.018431611922e+01
  6.447329963777e-01   -9.350948362630e-02   1.934308042860e+02  -1.018431611922e+01
  6.966064869499e-01   -3.822674176866e-02   1.790838467815e+02  -1.018431611922e+01
  1.090380876791e+00   -1.528140016571e-02   1.709036991518e+02   9.998717573242e+00
  1.051572039810e+00   -1.506518407405e-01   1.832257012225e+02   9.998717573242e+00
  1.200523825139e+00   -1.383788918452e-01   1.827865181554e+02   9.998717573242e+00
  2.034296149960e-03   -1.159724477125e-03   1.706186729402e+02   4.339821234074e+01
  6.060768799596e-01   -5.552938861210e-03   1.707597793144e+02   4.339821234074e+01
  1.873360595822e-03    2.640150029680e-03   1.572853016533e+02   4.339821234074e+01
  1.054000590698e+00   -1.514369685759e-01   1.833817324007e+02   2.729358915615e+01
  6.037476904143e-01   -7.558993224344e-03   1.707796126035e+02   2.729358915615e+01
  5.682803954142e-01   -9.723294441701e-02   1.841052995199e+02   2.729358915615e+01
  6.068351602379e-01   -7.448702782102e-03   1.707714948561e+02   2.743135400983e+01
  1.051367267905e+00   -1.510567810431e-01   1.833969645823e+02   2.743135400983e+01
  1.087926840054e+00   -1.359443996235e-02   1.707376541684e+02   2.743135400983e+01
  5.684016954620e-01   -9.621369457542e-02   1.842021736121e+02   4.675839553912e+01
  6.027771921970e-01   -9.510147550205e-03   1.706103076812e+02   4.675839553912e+01
  4.401187574563e-03   -2.681195455289e-03   1.842199671983e+02   4.675839553912e+01
  1.051188021762e+00   -1.518884074421e-01   1.832786318479e+02   2.673060387729e+01
  5.705453428145e-01   -9.719109852359e-02   1.842212313270e+02   2.673060387729e+01
  9.566449817227e-01   -2.601640205893e-01   1.952485110181e+02   2.673060387729e+01
  1.049770643172e+00    1.237517612652e-01   1.581585253846e+02   2.732588753415e+01
  6.066076427641e-01   -7.904931626863e-03   1.706041718771e+02   2.732588753415e+01
  1.087993603159e+00   -1.259763161082e-02   1.707811922949e+02   2.732588753415e+01
  1.094051690094e+00   -1.464685029347e-02   1.708546252822e+02   6.726777549949e+00
  1.197266641309e+00   -1.387108398568e-01   1.828512095076e+02   6.726777549949e+00
  1.191431555537e+00   -1.133212853789e-02   1.708287409079e+02   6.726777549949e+00
  6.962174115536e-01   -4.087720413797e-02   1.791021778202e+02  -1.061816164436e+01
  7.045914319128e-01    3.383771497450e-02   1.627128805362e+02  -1.061816164436e+01
  1.194864892808e+00   -1.213317180706e-02   1.708756456704e+02  -1.061816164436e+01
  5.051483095421e-01   -1.578910912678e-01   1.968280196883e+02   2.587025723412e+01
  9.592060186830e-01   -2.607854855461e-01   1.952244333333e+02   2.587025723412e+01
  5.675310343120e-01   -9.691176119601e-02   1.842472121769e+02   2.587025723412e+01
  1.095328445071e-04   -3.731180134613e-04   2.167561734099e+02   2.537517639921e+01
  3.648942870250e-01   -1.622391971924e-01   2.167566765669e+02   2.537517639921e+01
  2.638111928875e-03   -1.527820354456e-03   2.084359432475e+02   2.537517639921e+01
  3.615240865974e-01   -1.603777066963e-01   2.166502116223e+02   1.779012871831e+01
  6.929101367173e-01   -2.753520577541e-01   2.144156038621e+02   1.779012871831e+01
  4.342850561116e-01   -1.840305216821e-01   2.080821206802e+02   1.779012871831e+01
  6.013655582700e-01   -8.156234748875e-02   1.301943764603e+02   1.501157683783e+01
  2.300830161495e-04    9.643374645526e-04   1.226055626528e+02   1.501157683783e+01
  1.785237892869e-03   -3.096849255042e-04   1.302434200223e+02   1.501157683783e+01
  2.348603632734e-03   -3.411358687265e-03   2.227295416182e+02   8.133731044324e+00
  2.927581934219e-01    6.315437492583e-03   2.237489290483e+02   8.133731044324e+00
  3.074723469947e-01   -8.509750661892e-02   2.218175857258e+02   8.133731044324e+00
  1.563377009205e-03   -1.364340488744e-03   2.168373869628e+02   2.057635738199e+01
 -7.153936054742e-04    9.618897230556e-04   2.226697798025e+02   2.057635738199e+01
  3.620059207529e-01   -1.602594301646e-01   2.166748114197e+02   2.057635738199e+01
  6.637669104511e-01    1.290559218654e-01   2.012477516663e+02   1.550385022997e+01
  2.893738352565e-03   -5.406106057093e-04   2.054313575391e+02   1.550385022997e+01
  5.298471968623e-01    9.197331928687e-02   2.062944602256e+02   1.550385022997e+01
  3.629271839220e-01   -1.612617843201e-01   2.167680700444e+02   3.123430806505e+01
  4.337588889258e-01   -1.833145141985e-01   2.079881188736e+02   3.123430806505e+01
  4.576652249647e-03   -2.603905798309e-03   2.083984857328e+02   3.123430806505e+01
  8.861495987581e-04    1.657443498682e-04   2.226553499021e+02   1.615253052516e+01
  3.084932797044e-01   -8.703418827923e-02   2.218350193274e+02   1.615253052516e+01
  3.599277003991e-01   -1.594651691454e-01   2.166883938651e+02   1.615253052516e+01
  3.184803139969e-03    3.764565734589e-04   1.843917565276e+02   4.067331261692e+01
  5.935603107598e-04   -2.518362569600e-03   1.971412688626e+02   4.067331261692e+01
  5.690429542605e-01   -9.905724878014e-02   1.840972752433e+02   4.067331261692e+01
  1.289898454020e-03   -2.348201147734e-03   1.842009811550e+02   4.348989911122e+01
  6.060438537379e-01   -9.512911726490e-03   1.706104210732e+02   4.348989911122e+01
  2.179036318590e-03    9.898034968438e-04   1.707681241703e+02   4.348989911122e+01
  8.928220135829e-01    5.450587577505e-02   1.778991223237e+02   1.815842757803e+01
  6.814816021959e-03    9.521903214792e-04   1.916944458822e+02   1.815842757803e+01
  7.898848136305e-01    1.198867239772e-01   1.914017363940e+02   1.815842757803e+01
  6.389298346466e-04   -1.307358339173e-03   2.082420857851e+02   3.321375461029e+01
  4.377716930868e-01   -1.840955972964e-01   2.080953452748e+02   3.321375461029e+01
  3.725401387061e-03   -5.177218378087e-04   1.974260002903e+02   3.321375461029e+01
  3.877899803520e-03   -3.696461907556e-03   1.971546475146e+02   4.247219717845e+01
  5.051813402527e-01   -1.567600444138e-01   1.969180149621e+02   4.247219717845e+01
  5.659988396711e-01   -9.843809994155e-02   1.841009309194e+02   4.247219717845e+01
  6.962913989928e-01   -3.877212199046e-02   1.790980795199e+02  -2.148871592356e+01
  6.817195360147e-03    9.085969418689e-04   1.684107416870e+02  -2.148871592356e+01
  7.038268761089e-01    3.219838882950e-02   1.627148532528e+02  -2.148871592356e+01
  5.016133760259e-01   -9.679594529859e-02   2.030999873065e+02  -1.668930335494e+01
 -3.882595609827e-04    2.691573260728e-04   2.067948522899e+02  -1.668930335494e+01
  1.928412837208e-03   -7.706887560961e-05   2.014068774360e+02  -1.668930335494e+01
  6.822671390148e-03   -1.752651766376e-03   1.973918746383e+02   3.861470533571e+01
  4.353169021582e-01   -1.831190539790e-01   2.081102011683e+02   3.861470533571e+01
  5.034978178721e-01   -1.577463185496e-01   1.968396240066e+02   3.861470533571e+01
  4.340607520539e-01   -1.835734097710e-01   2.079816668037e+02   2.268414233238e+01
  8.276693192431e-01   -3.103636025241e-01   2.058142554772e+02   2.268414233238e+01
  5.048672584515e-01   -1.578380763331e-01   1.969551422032e+02   2.268414233238e+01
  6.454224543202e-01   -9.097661802464e-02   1.934552617283e+02  -2.147609744570e+01
  6.785261166410e-03    1.414806829944e-03   1.817966013168e+02  -2.147609744570e+01
  6.946475908322e-01   -3.970810963007e-02   1.790830207451e+02  -2.147609744570e+01
  1.093898480487e+00   -1.170997437822e-02   1.706660189194e+02   6.636018653202e+00
  1.191479183538e+00   -1.284390283246e-02   1.709147766641e+02   6.636018653202e+00
  1.203909160617e+00    1.115932588001e-01   1.588791683388e+02   6.636018653202e+00
  4.363376179949e-01   -1.844820304815e-01   2.080594807676e+02   1.915324965658e+01
  6.911130613647e-01   -2.749908975446e-01   2.144365975001e+02   1.915324965658e+01
  8.246615426660e-01   -3.096182347117e-01   2.057342889917e+02   1.915324965658e+01
 -2.151642135642e-04   -4.301805763255e-04   1.931295124831e+02  -2.156261501601e+01
  4.025336293167e-03    1.001999484293e-03   1.818224521179e+02  -2.156261501601e+01
  6.476929285812e-01   -9.026644831327e-02   1.934394787924e+02  -2.156261501601e+01
  2.943227410637e-01    6.114800128768e-03   2.237392024781e+02   2.448172540214e+00
  8.634695388470e-04   -2.811176354990e-03   2.227568004355e+02   2.448172540214e+00
  3.841089332298e-04    1.173006698587e-03   2.240061607740e+02   2.448172540214e+00
  1.131109396320e+00    2.668145465642e-01   2.143158634258e+02   2.070543669851e+00
  1.120954242082e+00    1.207676541516e-01   2.196102318913e+02   2.070543669851e+00
  9.173846504904e-01    2.486433748625e-01   2.169962667476e+02   2.070543669851e+00
  1.122953266122e+00    1.172857498906e-01   2.196294808073e+02   2.301733709546e+00
  1.327918654538e+00    3.624849364307e-03   2.209243474413e+02   2.301733709546e+00
  1.328627433887e+00   -4.826654527499e-03   2.219601006091e+02   2.301733709546e+00
  1.325870453050e+00   -1.127265880674e-03   2.209057913720e+02   8.074158364940e+00
  1.123008647259e+00    2.636256081609e-01   2.144042185383e+02   8.074158364940e+00
  1.196314285123e+00    2.147748634236e-03   2.159027011752e+02   8.074158364940e+00
  1.124251093611e+00    2.633313477550e-01   2.143885887685e+02   2.677372240010e+00
  1.324765448407e+00   -1.050389544831e-04   2.209138487331e+02   2.677372240010e+00
  1.124689185777e+00    1.232407236032e-01   2.195916571557e+02   2.677372240010e+00
  1.193462873731e+00    1.164866290974e-03   2.159193359542e+02   1.100728665722e+01
  1.129037234459e+00    2.655088411785e-01   2.143650777527e+02   1.100728665722e+01
  9.328658547501e-01    1.098827353908e-03   2.108100442769e+02   1.100728665722e+01
  7.792150329085e-03   -4.156752917759e-04   6.510154179810e+00  -9.804566037992e+00
 -2.018477084277e-04    2.268469635213e-04   4.136093679031e-02  -9.804566037992e+00
  1.005293103983e+00   -1.403938289554e-02  -2.654578699346e-02  -9.804566037992e+00
  1.123828763826e+00    1.214220202222e-01   2.195312852107e+02  -8.231355122952e-01
  8.560901006499e-01    1.940318647903e-02   2.198535569947e+02  -8.231355122952e-01
  9.129325478943e-01    2.469880436194e-01   2.170659846170e+02  -8.231355122952e-01
  1.122950028287e+00    1.217244641381e-01   2.196119204338e+02  -2.501038977486e-01
  1.105625348564e+00   -9.460142476917e-02   2.197515624770e+02  -2.501038977486e-01
  8.578597827625e-01    1.782483296141e-02   2.197920136332e+02  -2.501038977486e-01
  6.088145458423e-01    1.840015703278e-01   2.197077087871e+02  -2.469575878981e+00
  9.137507434639e-01    2.480957991801e-01   2.170659780639e+02  -2.469575878981e+00
  8.542386274080e-01    1.818420192790e-02   2.199214410800e+02  -2.469575878981e+00
  7.142887451534e-01    3.014114134574e-01   2.137700835611e+02  -1.394242106876e+01
  6.076715641886e-01    1.850263752067e-01   2.197784991772e+02  -1.394242106876e+01
  3.700556098635e-01    1.712856699540e-01   2.160502063931e+02  -1.394242106876e+01
  9.123652568776e-01    2.488514998210e-01   2.171407912583e+02  -5.509645102649e+00
  7.154544064847e-01    3.018296334158e-01   2.137872058270e+02  -5.509645102649e+00
  1.018314711401e+00    3.761557137696e-01   2.106002491718e+02  -5.509645102649e+00
  7.129457893370e-01    3.017318351519e-01   2.138352263426e+02  -8.147862011510e+00
  9.142128281260e-01    2.486229800436e-01   2.170958301181e+02  -8.147862011510e+00
  6.086412326655e-01    1.843239418563e-01   2.196815988715e+02  -8.147862011510e+00
  1.153593936956e+00    3.800040724452e-01   2.018785991985e+02  -8.349255957576e+00
  1.015814046909e+00    3.764922105997e-01   2.107245403079e+02  -8.349255957576e+00
  8.616460662346e-01    3.367772484448e-01   2.050202919179e+02  -8.349255957576e+00
  9.172740673406e-01    2.500427984803e-01   2.170145061725e+02  -1.231728583911e+00
  1.014894859841e+00    3.750531026612e-01   2.106476808984e+02  -1.231728583911e+00
  1.131139517816e+00    2.660243939875e-01   2.142818246524e+02  -1.231728583911e+00
  6.076418498104e-01    1.836649223406e-01   2.197187431961e+02  -5.726028193086e+00
  5.654354295076e-01    1.502753550809e-02   2.219462134917e+02  -5.726028193086e+00
  3.147192624643e-01    1.042337014985e-01   2.217516963830e+02  -5.726028193086e+00
  6.068472391200e-01    1.838854830467e-01   2.197528325430e+02  -3.230263448966e+00
  8.561606187878e-01    1.799764379283e-02   2.198746761877e+02  -3.230263448966e+00
  5.660331347865e-01    1.430298133868e-02   2.218777912842e+02  -3.230263448966e+00
  8.560761895184e-01    1.768251494931e-02   2.198747205307e+02   2.410597386642e+00
  5.945728856315e-01   -1.549995226008e-01   2.199976965162e+02   2.410597386642e+00
  5.660738267596e-01    1.375558588889e-02   2.218778182793e+02   2.410597386642e+00
  1.126385024938e+00    2.651087041496e-01   2.143454044085e+02   9.278326333994e-01
  1.019168620099e+00    3.755249931045e-01   2.106033326731e+02   9.278326333994e-01
  1.094153599482e+00    3.446491467255e-01   2.072241579777e+02   9.278326333994e-01
  9.288091450664e-01    2.774091211843e-03   2.107782547086e+02   1.291782876769e+01
  9.503223692085e-01    2.127132191208e-01   2.085559338397e+02   1.291782876769e+01
  5.318521377162e-01   -2.019974518994e-03   2.079424815291e+02   1.291782876769e+01
  9.308055297961e-01    2.182571737150e-03   2.108440396568e+02   8.069810155593e+00
  1.131693885146e+00    2.651992003371e-01   2.143093309650e+02   8.069810155593e+00
  9.491730856559e-01    2.151681065576e-01   2.085130297683e+02   8.069810155593e+00
  5.306578460777e-01    1.714536942784e-03   2.079305138090e+02   1.345368295811e+01
  5.283750900504e-01    9.097821530518e-02   2.063053756013e+02   1.345368295811e+01
 -4.463939059988e-04   -2.398851189946e-03   2.080423450313e+02   1.345368295811e+01
  5.309335699771e-01    9.430596615170e-02   2.062573058353e+02   1.087223249469e+01
  5.294002390619e-01   -9.806867904369e-04   2.080081221249e+02   1.087223249469e+01
  9.534129194560e-01    2.116297359017e-01   2.085063167119e+02   1.087223249469e+01
  6.706826248298e-01    1.288272331133e-01   2.012234975488e+02   1.674100822360e+01
  6.007791585377e-03   -4.703966763519e-05   1.918415818920e+02   1.674100822360e+01
 -1.507465499080e-03   -1.936706816592e-04   2.055360172091e+02   1.674100822360e+01
  3.910000760536e-03   -3.721737392060e-04   1.053061646307e+02   1.076897224771e+01
  3.610987154540e-04    3.210225899286e-04   1.130314701143e+02   1.076897224771e+01
  7.545419783860e-01   -1.115400310980e-02   1.134295187156e+02   1.076897224771e+01
  9.529090564088e-01    2.132615569506e-01   2.084903654910e+02   1.070118629825e+01
  9.350456319252e-01    2.366636136500e-01   2.045253356677e+02   1.070118629825e+01
  5.321465063954e-01    9.274467354904e-02   2.062404209811e+02   1.070118629825e+01
  6.486387554738e-01    2.425524535782e-02   1.142355273066e+02  -1.080736960560e+01
 -1.378205478270e-04   -4.576854319182e-04   1.135049420748e+02  -1.080736960560e+01
  3.564571317317e-03    3.085878093246e-04   1.060588353659e+02  -1.080736960560e+01
  1.091157648585e+00    3.443488802884e-01   2.072887295504e+02   2.393765289093e+00
  1.154120054403e+00    3.788235318112e-01   2.018873549969e+02   2.393765289093e+00
  1.051745964290e+00    2.643615058403e-01   1.991789626667e+02   2.393765289093e+00
  1.149695343141e+00    3.793736168968e-01   2.019471174887e+02  -2.553766391154e+00
  1.094540269318e+00    3.442569783841e-01   2.072223938996e+02  -2.553766391154e+00
  1.019286067950e+00    3.763527484989e-01   2.105921023277e+02  -2.553766391154e+00
  9.361633956582e-01    2.371348652057e-01   2.045118410723e+02   1.006555794389e+01
  1.048403006422e+00    2.633306211157e-01   1.992506997429e+02   1.006555794389e+01
  6.646316067121e-01    1.294773730836e-01   2.011993832983e+02   1.006555794389e+01
  1.048380363910e+00    2.643836539118e-01   1.992387589189e+02   4.655392340984e+00
  9.363663990159e-01    2.369240250708e-01   2.045112283456e+02   4.655392340984e+00
  1.093774228708e+00    3.441532171443e-01   2.072254840746e+02   4.655392340984e+00
  6.629644691046e-01    1.297833841439e-01   2.012455087969e+02   9.406585060933e+00
  1.050274630966e+00    2.631368794919e-01   1.992380348624e+02   9.406585060933e+00
  7.905471406069e-01    1.211549160585e-01   1.914063047271e+02   9.406585060933e+00
  9.372839641843e-01    2.367419165618e-01   2.044837427805e+02   1.003136965681e+01
  6.632232641385e-01    1.298486452214e-01   2.012414237138e+02   1.003136965681e+01
  5.296029265600e-01    9.223776180039e-02   2.063047423427e+02   1.003136965681e+01
  1.155127785595e+00    3.790583500873e-01   2.018517357999e+02  -3.231023671380e-01
  1.254600595839e+00    2.876909355495e-01   1.922430469673e+02  -3.231023671380e-01
  1.050674910660e+00    2.642010089846e-01   1.992112864150e+02  -3.231023671380e-01
  1.094156151971e+00    3.436456883764e-01   2.072322110695e+02   6.317130230144e+00
  9.360016707816e-01    2.370842651661e-01   2.045099338050e+02   6.317130230144e+00
  9.509823519587e-01    2.138975113507e-01   2.085377252198e+02   6.317130230144e+00
  1.128231450872e+00    2.655571872668e-01   2.142988302223e+02   6.670072487228e+00
  1.092178311157e+00    3.437280430763e-01   2.072584426808e+02   6.670072487228e+00
  9.524423780723e-01    2.143598932197e-01   2.084990425059e+02   6.670072487228e+00
  6.674297890777e-01    1.294486266485e-01   2.012695571560e+02   1.931267963194e+01
  7.865548463404e-01    1.207105337737e-01   1.913896201065e+02   1.931267963194e+01
  1.085582888960e-02   -6.442070042611e-04   1.917471792681e+02   1.931267963194e+01
  1.018711636263e+00    3.765853950926e-01   2.106602554013e+02  -1.116440163787e+01
  7.156546320464e-01    3.018589214190e-01   2.137266369615e+02  -1.116440163787e+01
  8.583115004373e-01    3.366960895509e-01   2.050814661322e+02  -1.116440163787e+01
  2.100675365339e-02    5.554330066022e-04   1.750603258231e+01  -9.443980048137e+00
  1.364783373734e+00    1.701938910300e-02   1.048681273193e+01  -9.443980048137e+00
  1.176285847498e+00    2.999598689409e-02   1.993623426829e+01  -9.443980048137e+00
  2.929129455386e-01    1.000114940832e-02   2.237566854723e+02  -9.808026234196e+00
  1.929688440892e-03    2.846282820672e-03   2.223572276827e+02  -9.808026234196e+00
  3.136132946874e-01    1.024479291565e-01   2.217306492329e+02  -9.808026234196e+00
  2.943803603734e-01    1.016147195860e-02   2.237455342809e+02  -3.582291404443e+00
  4.028792621450e-04   -9.572492436480e-04   2.240021106828e+02  -3.582291404443e+00
  7.084075315807e-04    2.495350594921e-03   2.223898654221e+02  -3.582291404443e+00
  3.142463061913e-01    1.048135090112e-01   2.218094128517e+02  -2.186831941634e+01
  3.981753785949e-03    3.945292179374e-03   2.169650667025e+02  -2.186831941634e+01
  3.675647659305e-01    1.692164577998e-01   2.159989068753e+02  -2.186831941634e+01
  4.461293174839e-01    1.976209996146e-01   2.073658464488e+02  -2.897496000424e+01
  3.693210086060e-01    1.703508439220e-01   2.160449453311e+02  -2.897496000424e+01
  1.012386760128e-03    1.884361199549e-03   2.168177032098e+02  -2.897496000424e+01
  4.506211869957e-01    1.987524101179e-01   2.074249812791e+02  -2.062894734296e+01
  8.597397933252e-01    3.364469695200e-01   2.049950607057e+02  -2.062894734296e+01
  7.144890104343e-01    3.021253940815e-01   2.138514993435e+02  -2.062894734296e+01
  4.480618288987e-01    1.982225513498e-01   2.074559588527e+02  -1.919102754242e+01
  7.165552364757e-01    3.025695835280e-01   2.138280589285e+02  -1.919102754242e+01
  3.685989667567e-01    1.702081563725e-01   2.159854293745e+02  -1.919102754242e+01
  2.143233648295e-03    2.734676153156e-03   2.169984378908e+02  -1.584007217597e+01
  3.158401178954e-01    1.055479544141e-01   2.217915717449e+02  -1.584007217597e+01
  1.418255894124e-04   -3.455963902861e-04   2.222746749028e+02  -1.584007217597e+01
  6.093534862317e-01    1.853179066859e-01   2.197577368251e+02  -1.209417208527e+01
  3.135424174365e-01    1.030985747792e-01   2.217200482937e+02  -1.209417208527e+01
  3.680845957579e-01    1.707395848359e-01   2.160742728950e+02  -1.209417208527e+01
 -1.034244929984e-03    5.485854541333e-04   2.168211722414e+02  -3.098623082924e+01
  2.794204007145e-03    1.281629596584e-03   2.078450864790e+02  -3.098623082924e+01
  4.483768989476e-01    1.985390534289e-01   2.073524475636e+02  -3.098623082924e+01
  7.058986812808e-01    3.337200713505e-02   1.627167533828e+02  -1.998257765867e+01
  3.587378217539e-03    1.386104743228e-03   1.446165425419e+02  -1.998257765867e+01
  6.467740967807e-01    7.469804057359e-02   1.481974739445e+02  -1.998257765867e+01
  1.361639841243e+00   -2.534132628406e-02   7.663422335220e+01   7.311165328024e+00
  4.080923143747e-02    1.676883064264e-03   8.469564758263e+01   7.311165328024e+00
  1.540127849096e+00   -1.756611334280e-02   8.592043555681e+01   7.311165328024e+00
  5.304285278178e-01   -2.583328920074e-03   2.106267083783e+02  -1.441234642135e+01
  2.397940016437e-03   -1.489402733911e-03   2.089786187954e+02  -1.441234642135e+01
  4.027960514389e-01   -7.042026509867e-02   2.085000094114e+02  -1.441234642135e+01
  5.384393709487e-01    1.734729287830e-01   1.964130997853e+02  -4.076283290748e+01
  9.664947257094e-04    1.440935096245e-03   1.962802074563e+02  -4.076283290748e+01
  3.178759137449e-03   -9.460365197621e-04   1.836849264432e+02  -4.076283290748e+01
  5.353298269397e-01    1.755989666779e-01   1.962745407913e+02  -3.834737414361e+01
 -5.900077344495e-04    1.581901402923e-03   2.077242853875e+02  -3.834737414361e+01
  2.580496684268e-03    2.963175842472e-04   1.964169365226e+02  -3.834737414361e+01
  5.406888675337e-01    7.788534195204e-02   1.367865212151e+02  -1.587398208180e+01
  9.255211314706e-04   -7.529436542462e-04   1.299013242368e+02  -1.587398208180e+01
  4.525075003304e-01    6.106008803492e-02   1.294329081750e+02  -1.587398208180e+01
  4.495900568753e-01    1.976373555541e-01   2.074159588570e+02  -3.864526510381e+01
  1.934730443436e-03    2.740689327687e-03   2.077274079916e+02  -3.864526510381e+01
  5.323057287973e-01    1.746848050331e-01   1.962796771319e+02  -3.864526510381e+01
  9.887219293901e-01    7.879308824251e-02   1.224119026233e+02  -6.794099460265e+00
  6.901420606190e-01    5.083703488911e-02   1.222193137774e+02  -6.794099460265e+00
  6.820355013445e-01    2.608950586016e-02   1.180428171934e+02  -6.794099460265e+00
  5.933788566409e-01    1.006890497876e-01   1.836065292630e+02  -4.347437331784e+01
  2.099539245875e-03    1.721255862866e-03   1.834692808410e+02  -4.347437331784e+01
  3.218822894522e-03   -2.125140320294e-03   1.700946863746e+02  -4.347437331784e+01
  8.602642500946e-01    3.365030995059e-01   2.050976143467e+02  -2.538225996652e+01
  5.363777110540e-01    1.743443735241e-01   1.963780207896e+02  -2.538225996652e+01
  1.002011077651e+00    2.841346779030e-01   1.943790491067e+02  -2.538225996652e+01
  5.338245960442e-01    1.739761108908e-01   1.964034948057e+02  -2.424945965402e+01
  8.624001347274e-01    3.370355590415e-01   2.050755085294e+02  -2.424945965402e+01
  4.489018580416e-01    1.980087956919e-01   2.073357194988e+02  -2.424945965402e+01
  1.298485698361e+00    1.612665572283e-01   1.816743960205e+02   4.216011387741e+00
  7.986530301679e-01    1.221883490190e-01   1.913189691923e+02   4.216011387741e+00
  1.262314781054e+00    2.860039319114e-01   1.921209682769e+02   4.216011387741e+00
  7.991138739907e-01    1.208144549623e-01   1.913037237631e+02   6.527780831112e+00
  1.045719612094e+00    2.639971651673e-01   1.993253031986e+02   6.527780831112e+00
  1.260992608902e+00    2.869179714299e-01   1.921581947591e+02   6.527780831112e+00
  1.259095833164e+00    2.878368804123e-01   1.921495184934e+02  -9.520523151351e+00
  1.151104572098e+00    3.801946252340e-01   2.020353739051e+02  -9.520523151351e+00
  1.004073229986e+00    2.844717463624e-01   1.944199653633e+02  -9.520523151351e+00
  1.003855120044e+00    2.834954778137e-01   1.943216967485e+02  -1.253500388684e+01
  1.100036458565e+00    1.681243178362e-01   1.826724890530e+02  -1.253500388684e+01
  1.260026269806e+00    2.889958457151e-01   1.922502603037e+02  -1.253500388684e+01
  1.004992784082e+00    2.842821354009e-01   1.944755858811e+02  -2.713692833432e+01
  5.341596257632e-01    1.738241892847e-01   1.962799156478e+02  -2.713692833432e+01
  5.904281008223e-01    1.022987154144e-01   1.836128974312e+02  -2.713692833432e+01
  8.616307713815e-01    3.364505062748e-01   2.049411868066e+02  -1.253914094441e+01
  1.000649732073e+00    2.845519403366e-01   1.944910132861e+02  -1.253914094441e+01
  1.154162111842e+00    3.804887567114e-01   2.019610066044e+02  -1.253914094441e+01
  5.898427429287e-01    1.026147626550e-01   1.834731095830e+02  -2.867817755903e+01
  6.137137015440e-01    9.701945900488e-03   1.700787036778e+02  -2.867817755903e+01
  1.104785169126e+00    1.667287824173e-01   1.826433923774e+02  -2.867817755903e+01
  5.896578362565e-01    1.028480397200e-01   1.834883028242e+02  -4.658366995566e+01
  5.353994377513e-01    1.724864989429e-01   1.964210852749e+02  -4.658366995566e+01
  6.193344586459e-03   -1.306515796836e-04   1.836537010217e+02  -4.658366995566e+01
  1.305068802879e+00    1.606071141982e-01   1.816963581110e+02  -1.173113147998e+01
  1.101786111331e+00    1.660613431026e-01   1.824803164088e+02  -1.173113147998e+01
  1.140154455128e+00    2.119898056192e-02   1.702158709397e+02  -1.173113147998e+01
  1.102881625775e+00    1.676274702813e-01   1.825993434941e+02  -9.142257688164e+00
  1.303360716861e+00    1.591250093386e-01   1.815769269278e+02  -9.142257688164e+00
  1.257334659493e+00    2.889585750297e-01   1.923267507279e+02  -9.142257688164e+00
  8.940472514018e-01    5.419924313198e-02   1.778830011386e+02   4.823213435930e+00
  1.300688055453e+00    1.580740154791e-01   1.816133524885e+02   4.823213435930e+00
  1.304363798643e+00    2.049467236357e-02   1.702181638189e+02   4.823213435930e+00
  1.302320759553e+00    1.601508157826e-01   1.816223179211e+02   7.953950766775e+00
  8.920236992795e-01    5.228317758837e-02   1.778751967681e+02   7.953950766775e+00
  7.930449773107e-01    1.228622126834e-01   1.914023954163e+02   7.953950766775e+00
  1.137533254206e+00    1.961318882137e-02   1.700405025206e+02  -2.959227088294e+01
  1.101933810856e+00    1.662770815188e-01   1.826592430206e+02  -2.959227088294e+01
  6.172418928099e-01    9.677145122350e-03   1.700686063592e+02  -2.959227088294e+01
  5.930031882502e-01    1.026733733340e-01   1.835892009072e+02  -2.846886101823e+01
  1.101361844458e+00    1.672026562358e-01   1.825362680595e+02  -2.846886101823e+01
  1.002669687594e+00    2.836342366650e-01   1.944984351743e+02  -2.846886101823e+01
  7.120170241962e-03   -2.024261915799e-03   1.700696673297e+02  -4.871860373974e+01
  6.119624702695e-01    1.103631665128e-02   1.699402713602e+02  -4.871860373974e+01
  5.901809997899e-01    1.003644097128e-01   1.836118933603e+02  -4.871860373974e+01
  8.925695892443e-01    5.338953426327e-02   1.779064119335e+02   2.006074111085e+01
  8.974299960950e-01   -3.674017656511e-02   1.625654996649e+02   2.006074111085e+01
  9.158075337389e-03   -7.429477284636e-04   1.681817598256e+02   2.006074111085e+01
  7.251380201208e-03    2.080035917101e-03   1.698111250469e+02  -4.841483602551e+01
  5.848215843638e-01   -7.874613587002e-02   1.564879942090e+02  -4.841483602551e+01
  6.118724979988e-01    8.910273530757e-03   1.700185599482e+02  -4.841483602551e+01
  3.132239483957e-01    1.039554342950e-01   2.217741632173e+02  -3.641239836189e+00
  5.670659956185e-01    1.507154811215e-02   2.219285757438e+02  -3.641239836189e+00
  2.927357107189e-01    7.909424780457e-03   2.236867959226e+02  -3.641239836189e+00
  5.670464482284e-01    1.302207920335e-02   2.219312062909e+02   2.634853616370e+00
  3.072851363569e-01   -8.688110021141e-02   2.218657305104e+02   2.634853616370e+00
  2.926888557181e-01    8.468324915455e-03   2.236847071109e+02   2.634853616370e+00
  3.710257557161e-03   -1.208207025291e-03   1.682403201932e+02   2.232848493888e+01
  1.910727909725e-03    1.264015730175e-03   1.917236849097e+02   2.232848493888e+01
  8.975633654677e-01    5.409567282052e-02   1.778860439002e+02   2.232848493888e+01
  5.475452150299e-01    7.799050935593e-02   1.368010139513e+02  -1.826727290273e+01
  4.556544909546e-03   -5.268596167441e-05   1.446586493011e+02  -1.826727290273e+01
 -8.569071892762e-04   -1.556379824107e-05   1.360729138111e+02  -1.826727290273e+01
  1.304305651178e+00    1.933521530934e-03   1.135002575680e+02  -2.798319277126e+00
  1.107802666450e+00    2.121398183591e-02   1.131510663877e+02  -2.798319277126e+00
  1.389302579073e+00    1.302156318283e-02   1.025845741784e+02  -2.798319277126e+00
  1.207252768721e+00    1.111134555817e-01   1.589423192860e+02   1.014366156976e+01
  1.050239369351e+00    1.232718504196e-01   1.583286773709e+02   1.014366156976e+01
  1.090164819976e+00   -1.092746037681e-02   1.706179280063e+02   1.014366156976e+01
  1.204796164374e+00    1.106740850465e-01   1.590091512761e+02  -1.035763757199e+01
  7.063210305075e-01    3.097430432570e-02   1.627438555146e+02  -1.035763757199e+01
  6.491063653181e-01    7.697636223357e-02   1.481947640423e+02  -1.035763757199e+01
  5.617615498468e-01    7.922752603654e-02   1.572755696779e+02   4.602151921180e+01
  5.654440743820e-03    3.211002199587e-03   1.572686901596e+02   4.602151921180e+01
  6.025778172781e-01   -5.607000570070e-03   1.707592324311e+02   4.602151921180e+01
  6.033926609684e-01   -7.679655199277e-03   1.705945710972e+02   2.740882601472e+01
  1.052474836954e+00    1.240506084285e-01   1.581749278760e+02   2.740882601472e+01
  5.623569081077e-01    8.056072248928e-02   1.573718959657e+02   2.740882601472e+01
  5.649996691321e-01    8.063379862220e-02   1.572579529710e+02   2.663466448719e+01
  1.049560380478e+00    1.244786186484e-01   1.582761479575e+02   2.663466448719e+01
  9.520599852941e-01    2.308194004568e-01   1.464390352241e+02   2.663466448719e+01
  7.821503496899e-03   -6.736718340616e-05   1.570187166623e+02   4.359111870253e+01
  5.604709635036e-01    8.085303573091e-02   1.573565090141e+02   4.359111870253e+01
  5.073389480765e-01    1.450769487565e-01   1.446849120907e+02   4.359111870253e+01
  1.205932774345e+00    1.095993780797e-01   1.590522776236e+02   7.261406165866e+00
  1.182092047597e+00    2.203179287537e-01   1.480937024016e+02   7.261406165866e+00
  1.050968187090e+00    1.248275439943e-01   1.582164022631e+02   7.261406165866e+00
  1.659763061735e-03    2.656052503669e-04   2.013799389868e+02  -1.764758818997e+01
  6.401911249860e-01   -9.160560689115e-02   1.934402160201e+02  -1.764758818997e+01
  5.019661436468e-01   -9.731309815077e-02   2.031027455453e+02  -1.764758818997e+01
  6.618206915697e-01    2.492052816494e-01   1.282004264365e+02   1.043337408588e+01
  8.075089490131e-01    2.787081379940e-01   1.362637811648e+02   1.043337408588e+01
  9.471398915781e-01    2.972220693764e-01   1.307339541343e+02   1.043337408588e+01
  1.184818820709e+00    2.201939157551e-01   1.481711056346e+02   1.132602191006e+01
  9.534889679985e-01    2.304963618334e-01   1.466136659340e+02   1.132602191006e+01
  1.048001622176e+00    1.254772036083e-01   1.581444406591e+02   1.132602191006e+01
  5.080158203467e-01    1.465535003174e-01   1.447310457841e+02   2.360465103418e+01
  9.514822842942e-01    2.312499947386e-01   1.465549953029e+02   2.360465103418e+01
  8.094130670785e-01    2.784970057865e-01   1.362516293182e+02   2.360465103418e+01
  5.058173509338e-01    1.461920003742e-01   1.448221854984e+02   2.544175341055e+01
  5.621116884749e-01    8.040373408669e-02   1.572322304945e+02   2.544175341055e+01
  9.544373643876e-01    2.313410288879e-01   1.464634590675e+02   2.544175341055e+01
  1.089662874932e+00    2.991933941292e-01   1.386886304654e+02   1.165028409300e+01
  8.107541579566e-01    2.784111308784e-01   1.364011204083e+02   1.165028409300e+01
  9.501145609385e-01    2.316487962917e-01   1.464501713733e+02   1.165028409300e+01
  4.070493823475e-03   -8.115935061381e-04   1.569892196605e+02   3.821727118729e+01
  5.105861500582e-01    1.459616386884e-01   1.446931820586e+02   3.821727118729e+01
  5.049057651242e-04    1.258480828507e-03   1.448245560921e+02   3.821727118729e+01
  1.184247705638e+00    2.190296875005e-01   1.482643321973e+02   8.214340458937e+00
  1.086787560719e+00    2.990057669191e-01   1.386130170375e+02   8.214340458937e+00
  9.534287439317e-01    2.314443783005e-01   1.465226104204e+02   8.214340458937e+00
  1.200446887618e+00    1.118163083204e-01   1.589683108247e+02  -5.964803466347e+00
  6.552835040080e-01    7.626009337385e-02   1.482643346240e+02  -5.964803466347e+00
  1.188240287679e+00    2.172066483774e-01   1.482874430098e+02  -5.964803466347e+00
  1.577828899067e-03   -2.838119393557e-04   1.817818846246e+02  -2.322235050463e+01
  2.993394198115e-03    8.224050482267e-04   1.684329412410e+02  -2.322235050463e+01
  6.994895571974e-01   -3.838020558497e-02   1.790884185389e+02  -2.322235050463e+01
  4.199691898863e-01    1.656346297016e-01   1.343295667827e+02   2.245295359389e+01
  5.056542780417e-01    1.462467639272e-01   1.447030832479e+02   2.245295359389e+01
  8.113852012580e-01    2.789701270052e-01   1.362753207351e+02   2.245295359389e+01
  5.073445309100e-01    1.479251562164e-01   1.448231119967e+02   3.555794389469e+01
 -3.021260549304e-04    1.766422564928e-03   1.338945640145e+02   3.555794389469e+01
  2.278857322871e-03    1.427059043781e-04   1.446960071660e+02   3.555794389469e+01
  2.416205970762e-03    3.124483366881e-03   1.338918390582e+02   3.533808897841e+01
  5.043209052752e-01    1.470021244430e-01   1.448168356203e+02   3.533808897841e+01
  4.202723242343e-01    1.649872435656e-01   1.342575164756e+02   3.533808897841e+01
  4.051443861835e-01   -7.082270074046e-02   2.084712450519e+02  -1.348860299858e+01
 -7.394329564521e-05   -5.346223186374e-05   2.090382881829e+02  -1.348860299858e+01
  1.303160885026e-03   -1.287811937125e-04   2.067815804805e+02  -1.348860299858e+01
  3.463931538819e-01    1.488474909182e-01   1.259359717953e+02   2.388093074169e+01
 -2.387436454185e-04    2.273202085538e-04   1.259417710577e+02   2.388093074169e+01
  3.372907397920e-03    1.730518208712e-03   1.336763268993e+02   2.388093074169e+01
  3.432328619790e-01    1.470450040680e-01   1.260094935089e+02   1.921192563660e+01
 -8.621962854973e-04   -7.834357785248e-04   1.203840895003e+02   1.921192563660e+01
  1.485842794407e-03    1.183299956806e-03   1.258684310231e+02   1.921192563660e+01
  4.517343777915e-01    5.994643701108e-02   1.294248738587e+02  -1.503908235202e+01
  1.080575626133e-03    2.526379414277e-04   1.298752419632e+02  -1.503908235202e+01
 -3.301021685896e-04   -6.421269779935e-04   1.225289627899e+02  -1.503908235202e+01
  3.442621521768e-01    1.478128309355e-01   1.259259414379e+02   2.977253400942e+01
  5.870608106933e-03    3.066969747068e-03   1.337071720673e+02   2.977253400942e+01
  4.183213234911e-01    1.649864220454e-01   1.343183756786e+02   2.977253400942e+01
  7.964443640547e-01   -6.709039191842e-02   1.225774160253e+02   1.186843498060e+01
  7.863516157027e-01   -3.118485217755e-02   1.176253659764e+02   1.186843498060e+01
  7.079329878431e-03   -3.521864032716e-04   1.225949371555e+02   1.186843498060e+01
  2.856257516118e-01    8.174287376600e-02   1.212003449028e+02   1.074028434015e+01
  3.421705491907e-01    1.475478033964e-01   1.259519297997e+02   1.074028434015e+01
  5.531385547751e-01    1.458418648912e-01   1.228948682073e+02   1.074028434015e+01
  6.627566900069e-01    2.500185834539e-01   1.280965381328e+02   1.732600492942e+01
  3.425709632439e-01    1.469666477093e-01   1.260353899995e+02   1.732600492942e+01
  4.196497446121e-01    1.658848920898e-01   1.342249435013e+02   1.732600492942e+01
  7.867406943715e-04    2.540733260961e-03   1.202937197489e+02   2.716995234382e+00
  2.693241235284e-01    1.255544668644e-03   1.193938358619e+02   2.716995234382e+00
  4.808967261620e-04   -1.057692272548e-03   1.188520792413e+02   2.716995234382e+00
  2.139850452688e-03    3.130515009159e-03   1.203189640886e+02   7.945485088031e+00
  2.849845710620e-01    8.066609322740e-02   1.211844020850e+02   7.945485088031e+00
  2.679659415460e-01    9.870421599420e-04   1.193790145374e+02   7.945485088031e+00
  5.173974977574e-01   -1.821778499523e-03   1.210278896665e+02   2.784562667655e+00
  2.680572057101e-01   -9.568105545577e-04   1.194392143694e+02   2.784562667655e+00
  2.847696209566e-01    8.225773286276e-02   1.211393492984e+02   2.784562667655e+00
  7.999490651812e-04    1.486832708482e-03   1.188209253457e+02  -3.963757998612e+00
  2.687433306855e-01   -1.415358469746e-03   1.194300559614e+02  -3.963757998612e+00
  2.892299036410e-01   -8.468565157695e-02   1.207031457266e+02  -3.963757998612e+00
  5.515798756710e-01    1.456973299561e-01   1.228738264429e+02   1.239965881297e+01
  3.439501169430e-01    1.478415277331e-01   1.259807990396e+02   1.239965881297e+01
  6.604674743719e-01    2.489007792833e-01   1.281540154710e+02   1.239965881297e+01
  2.860071179450e-01    8.239323717225e-02   1.211659430966e+02   1.557730791551e+01
  6.119398738990e-04   -1.387661912497e-05   1.203953339881e+02   1.557730791551e+01
  3.412581003378e-01    1.462720454415e-01   1.259981867254e+02   1.557730791551e+01
  4.219298041106e-01    1.664158422391e-01   1.342486939393e+02   1.919632834237e+01
  8.087005345215e-01    2.784030676043e-01   1.363488487864e+02   1.919632834237e+01
  6.609157873868e-01    2.496154836739e-01   1.280750969621e+02   1.919632834237e+01
  9.028945533070e-01   -3.869929619862e-02   1.625844514967e+02   2.246305318584e+01
  2.100527688760e-03   -1.398967382725e-03   1.449972931580e+02   2.246305318584e+01
  3.298266390716e-03    9.020681194167e-04   1.681149481629e+02   2.246305318584e+01
  1.186542748526e+00    2.180401419121e-01   1.482613032800e+02  -8.292007198931e+00
  6.562446723499e-01    7.502944989670e-02   1.482606187897e+02  -8.292007198931e+00
  9.657815494826e-01    1.896026653250e-01   1.400419757027e+02  -8.292007198931e+00
  7.987996259603e-01   -6.853010342040e-02   1.225931781101e+02   1.223786206514e+01
  4.127728884184e-03    1.715848565905e-03   1.226400966363e+02   1.223786206514e+01
  5.992073626308e-01   -8.245196445691e-02   1.301991060207e+02   1.223786206514e+01
  5.417506792103e-01    7.855534212959e-02   1.367981534256e+02  -1.082138832116e+01
  4.524038344650e-01    6.080996694857e-02   1.294312632326e+02  -1.082138832116e+01
  8.750336540386e-01    1.658442595470e-01   1.338028649395e+02  -1.082138832116e+01
  5.445854287077e-01    7.829632629150e-02   1.367885543597e+02  -2.029315645489e+01
  6.436926528020e-01    7.537819802577e-02   1.481659494650e+02  -2.029315645489e+01
  8.078466751456e-03   -1.972741706210e-04   1.446775289743e+02  -2.029315645489e+01
  9.690819610094e-01    1.896626235833e-01   1.401209510904e+02  -4.655306404356e+00
  8.732513235779e-01    1.660760419344e-01   1.337874031460e+02  -4.655306404356e+00
  1.031352188846e+00    2.563234453061e-01   1.327154909163e+02  -4.655306404356e+00
  8.735233043013e-01    1.662374259704e-01   1.337747781528e+02  -1.138700175593e+01
  9.686659043835e-01    1.887477232286e-01   1.401268909806e+02  -1.138700175593e+01
  5.437721417725e-01    7.826933230225e-02   1.368420561487e+02  -1.138700175593e+01
  9.010749987952e-01    1.597733363757e-01   1.290913545435e+02  -5.636465062131e+00
  1.031190558692e+00    2.554790059936e-01   1.327361155458e+02  -5.636465062131e+00
  8.732260375555e-01    1.664181991892e-01   1.337739928141e+02  -5.636465062131e+00
  9.726625769101e-01    1.896353964647e-01   1.401779019941e+02  -2.992148923138e+00
  1.028381505578e+00    2.565691943644e-01   1.326553499925e+02  -2.992148923138e+00
  1.089860505569e+00    2.974732081029e-01   1.387657135761e+02  -2.992148923138e+00
  8.721586995435e-01    1.657765578485e-01   1.337820603560e+02  -1.040854832755e+01
  4.558333431080e-01    6.105816020239e-02   1.294694655303e+02  -1.040854832755e+01
  9.029699095265e-01    1.596446074023e-01   1.291053886351e+02  -1.040854832755e+01
  5.416915067172e-01    7.845647173079e-02   1.368119965520e+02  -1.098339108846e+01
  9.707839612255e-01    1.886904125646e-01   1.401288813325e+02  -1.098339108846e+01
  6.473782419809e-01    7.551885702086e-02   1.481572918466e+02  -1.098339108846e+01
  6.950726547264e-01    5.210337719911e-02   1.222440781441e+02  -1.229106595343e+01
  4.511043526045e-01    6.070288277772e-02   1.294229207915e+02  -1.229106595343e+01
  1.236848587945e-03   -1.305793471706e-03   1.225553360388e+02  -1.229106595343e+01
  6.467492511564e-01    2.414571244886e-02   1.142283182219e+02  -1.077100578169e+01
  6.792246925964e-01    2.561455428905e-02   1.180076833462e+02  -1.077100578169e+01
  1.794515741151e-03   -6.462093291393e-04   1.135124989550e+02  -1.077100578169e+01
  1.107193736897e+00    2.172363201026e-02   1.132064704514e+02  -6.605896798490e+00
  6.811966526422e-01    2.647253526260e-02   1.180463495213e+02  -6.605896798490e+00
  6.467220696407e-01    2.460075016325e-02   1.142302825540e+02  -6.605896798490e+00
  6.920915100373e-01    4.991178432623e-02   1.222719384863e+02  -7.726297550049e+00
  9.877325867729e-01    8.050439622964e-02   1.223518181607e+02  -7.726297550049e+00
  8.995489633868e-01    1.594656500460e-01   1.290498465847e+02  -7.726297550049e+00
  1.279642502770e+00   -6.756901228762e-03   3.625375111543e+01  -8.275955223909e+00
  3.168712912172e-02   -1.015507400008e-03   2.691476706096e+01  -8.275955223909e+00
  1.541529394934e+00    8.579175852310e-03   2.758344135500e+01  -8.275955223909e+00
  1.036288314560e+00    1.991858036008e-01   1.269936944414e+02  -4.964448659678e+00
  1.028857961174e+00    2.553033816618e-01   1.327138634679e+02  -4.964448659678e+00
  9.031477266663e-01    1.603566117555e-01   1.291207110180e+02  -4.964448659678e+00
  1.177878829026e+00   -9.077394738477e-03   1.137139735324e+02   6.430925571366e+00
  7.887084736553e-01   -3.134952575945e-02   1.176966693122e+02   6.430925571366e+00
  1.067847355398e+00   -9.118281483964e-02   1.222123237627e+02   6.430925571366e+00
  6.906508404908e-01    5.091376184945e-02   1.222111820942e+02  -1.021627757232e+01
  9.025890536645e-01    1.586469712508e-01   1.290938918712e+02  -1.021627757232e+01
  4.554944927599e-01    6.204418712534e-02   1.294401721650e+02  -1.021627757232e+01
  4.183921744569e-04   -3.992974331115e-04   1.135155567063e+02  -1.131931247776e+01
  6.806397440095e-01    2.548734219683e-02   1.179992667206e+02  -1.131931247776e+01
  1.724401149230e-03   -1.475723485073e-04   1.172830037571e+02  -1.131931247776e+01
  1.151945388277e-02    9.865337013444e-04   1.060618056849e+02  -8.714854432301e+00
  1.405918556506e+00    1.435993985955e-02   1.027242207565e+02  -8.714854432301e+00
  6.453711548555e-01    2.479572733049e-02   1.142866464960e+02  -8.714854432301e+00
  8.252898372025e-01    1.895973082123e-01   1.254062330425e+02   5.286291701264e+00
  6.616275298259e-01    2.490691785921e-01   1.281421472044e+02   5.286291701264e+00
  9.466838533956e-01    2.968230080351e-01   1.307910775746e+02   5.286291701264e+00
  1.085700882430e+00    2.981239001178e-01   1.386933222842e+02   2.661558551057e+00
  1.031204422169e+00    2.564063509380e-01   1.327377297117e+02   2.661558551057e+00
  9.479186441567e-01    2.969642055875e-01   1.308030949509e+02   2.661558551057e+00
  5.163091970983e-01   -2.515146829874e-03   1.210772965042e+02   2.551985069457e+00
  5.508082344499e-01    1.447353696222e-01   1.228936481899e+02   2.551985069457e+00
  7.743046865837e-01   -5.972556599336e-03   1.232509976623e+02   2.551985069457e+00
  5.524878663618e-01    1.452546837040e-01   1.229592446944e+02   7.452548098716e+00
  6.592663515171e-01    2.490301885682e-01   1.280948348605e+02   7.452548098716e+00
  8.270509155438e-01    1.894140246253e-01   1.254471266588e+02   7.452548098716e+00
  7.723208666248e-01   -5.740132417720e-03   1.232133856814e+02   1.902667984815e+00
  5.527543804463e-01    1.448018786846e-01   1.229302434942e+02   1.902667984815e+00
  8.264054073907e-01    1.891122624943e-01   1.254785170895e+02   1.902667984815e+00
  5.516485057556e-01    1.445803662456e-01   1.229293313021e+02   4.630833838396e+00
  5.157119484202e-01   -1.887073825228e-03   1.210126759668e+02   4.630833838396e+00
  2.864012202063e-01    8.258571323021e-02   1.211601837961e+02   4.630833838396e+00
  9.437052751316e-01    2.956242438034e-01   1.307300312490e+02   1.906264948094e+00
  1.038028073918e+00    1.993701846518e-01   1.270602241891e+02   1.906264948094e+00
  8.296601189352e-01    1.906244225124e-01   1.255482303964e+02   1.906264948094e+00
  9.445498349157e-01    2.971815237984e-01   1.306672421511e+02   7.731038735217e+00
  8.106048442909e-01    2.787128248783e-01   1.363276031757e+02   7.731038735217e+00
  1.089317052939e+00    2.987067519752e-01   1.387639001171e+02   7.731038735217e+00
  1.034327045998e+00    1.967368517874e-01   1.269928715212e+02  -4.851345242676e+00
  9.905993740421e-01    7.996013883105e-02   1.223923012550e+02  -4.851345242676e+00
  1.133681876132e+00    6.128626638954e-02   1.217075457193e+02  -4.851345242676e+00
  9.475459703092e-01    2.960015794898e-01   1.307958638537e+02  -1.397316637806e-01
  1.030929900374e+00    2.567089453616e-01   1.327303782362e+02  -1.397316637806e-01
  1.033963223747e+00    1.984779619467e-01   1.269602037872e+02  -1.397316637806e-01
  1.020557611609e+00   -1.052074202829e-01   1.245105969021e+02  -4.775632024355e-01
  7.759797412295e-01   -6.127087741459e-03   1.233194422686e+02  -4.775632024355e-01
  1.001522368726e+00    8.610034399365e-02   1.245448839944e+02  -4.775632024355e-01
  7.739926321076e-01   -4.545536552968e-03   1.232830101276e+02   8.900608263332e-01
  8.256070105774e-01    1.878981466021e-01   1.254688913597e+02   8.900608263332e-01
  1.002995860115e+00    8.549726670649e-02   1.245821929427e+02   8.900608263332e-01
  1.135812732448e+00    6.151846831196e-02   1.217428668964e+02  -5.426409219623e-01
  1.005395764066e+00    8.710633433191e-02   1.246044899348e+02  -5.426409219623e-01
  1.032175285666e+00    1.977676766424e-01   1.269660281284e+02  -5.426409219623e-01
  1.137892036224e+00    6.352021274436e-02   1.217303519183e+02  -1.904139954879e+00
  1.188635911357e+00   -1.245619024623e-02   1.214903769791e+02  -1.904139954879e+00
  1.004284942449e+00    8.425654179986e-02   1.246128698189e+02  -1.904139954879e+00
  1.284428224713e+00    1.061213650774e-02   1.178923624418e+02  -1.374252204628e+00
  1.189393876482e+00   -1.061542764841e-02   1.214949716471e+02  -1.374252204628e+00
  1.135922023418e+00    6.153519371397e-02   1.216941064458e+02  -1.374252204628e+00
  1.000464534875e+00    8.507709863096e-02   1.245037419909e+02  -1.099201550403e+00
  8.297659168406e-01    1.889411975392e-01   1.255471937835e+02  -1.099201550403e+00
  1.037689516084e+00    2.005153927164e-01   1.270482747969e+02  -1.099201550403e+00
  9.007066231162e-01    1.612226037806e-01   1.290521559355e+02  -4.307539256833e+00
  9.873256422808e-01    7.957855725100e-02   1.223360913910e+02  -4.307539256833e+00
  1.038497631392e+00    1.980509064653e-01   1.270331757900e+02  -4.307539256833e+00
  5.162309919834e-01   -3.046899903297e-03   1.210739402292e+02  -3.248140559685e+00
  7.743939437367e-01   -6.150663467805e-03   1.232552437324e+02  -3.248140559685e+00
  5.611124987712e-01   -1.523789798448e-01   1.226958093921e+02  -3.248140559685e+00
  1.414014955563e+00    3.562401567462e-03   4.325383117813e+01   7.243564787554e+00
  4.136040216458e-02    1.702619628576e-03   4.399957953484e+01   7.243564787554e+00
  1.420139899213e+00    4.186579494820e-03   5.464720054367e+01   7.243564787554e+00
  9.710544026273e-01    1.895398757615e-01   1.401585134548e+02  -4.068131204534e-01
  1.091287545780e+00    2.977115650889e-01   1.387922197991e+02  -4.068131204534e-01
  1.179736349464e+00    2.189840215272e-01   1.481780597717e+02  -4.068131204534e-01
  1.020987848513e+00    1.015774344164e-02  -1.522474200714e-02   9.944458607889e+00
  1.373355861683e-03   -1.359471133956e-04   2.602027248694e-02   9.944458607889e+00
  5.260639966758e-03    2.391369131348e-04   7.289107995975e+00   9.944458607889e+00
  2.683520201436e-01   -4.660598715623e-04   1.194485028819e+02  -3.268677276834e+00
  5.173171308057e-01   -3.555561128912e-03   1.210312239931e+02  -3.268677276834e+00
  2.894898263621e-01   -8.665472929075e-02   1.207006654273e+02  -3.268677276834e+00
  4.425074659536e-01   -1.743289640052e-01   1.335540322683e+02  -3.308819390910e+01
  3.382704719315e-03   -2.916827893749e-04   1.439341075583e+02  -3.308819390910e+01
  2.606542540777e-04   -9.489073844036e-04   1.336598912340e+02  -3.308819390910e+01
  6.498004630149e-01    2.539140161438e-02   1.142784378783e+02  -6.527685214536e+00
  1.396167376454e+00    1.373132918475e-02   1.026656980905e+02  -6.527685214536e+00
  1.104250947936e+00    2.148653969652e-02   1.131305031316e+02  -6.527685214536e+00
  3.093671424084e-03    9.499468722014e-04   1.563498317200e+02  -3.906215463223e+01
  1.531483343096e-03   -1.652577070803e-03   1.441417095984e+02  -3.906215463223e+01
  5.252294311352e-01   -1.456430490503e-01   1.441097342585e+02  -3.906215463223e+01
 -4.965567460501e-04   -4.808062255815e-04   1.298848372137e+02  -1.805908675710e+01
  5.426711345113e-01    7.757927995206e-02   1.367956399233e+02  -1.805908675710e+01
  1.349937723963e-03    1.738396559884e-04   1.360783462639e+02  -1.805908675710e+01
  4.400473431839e-01   -1.733000669844e-01   1.335433801036e+02  -3.965790382597e+01
  5.210210584226e-01   -1.464603960023e-01   1.442258544846e+02  -3.965790382597e+01
  5.887655212412e-03   -1.289024050249e-03   1.439699685892e+02  -3.965790382597e+01
  5.947716117667e-03    2.895583135008e-04   1.563842986177e+02  -4.542198962838e+01
  5.226293512732e-01   -1.449804187380e-01   1.440974927727e+02  -4.542198962838e+01
  5.842406855443e-01   -8.114492822998e-02   1.566133631331e+02  -4.542198962838e+01
  2.174095999865e-03   -8.025897293994e-04   1.335540688963e+02  -2.923546083781e+01
 -1.046772191755e-03   -5.350313518819e-04   1.252725569831e+02  -2.923546083781e+01
  4.387564744078e-01   -1.744708485062e-01   1.336626867423e+02  -2.923546083781e+01
  1.386554498765e+00   -2.981205477529e-02   7.724587078274e+01  -1.516735401612e+00
  1.202311681341e+00   -2.973834430595e-02   7.795417993555e+01  -1.516735401612e+00
  1.082194243094e+00   -1.904908658108e-02   6.915005178386e+01  -1.516735401612e+00
  2.912186622445e-01   -8.762533871758e-02   1.206831641795e+02  -2.025816768716e+01
  3.492701359972e-01   -1.457566801486e-01   1.258846846065e+02  -2.025816768716e+01
  4.180110562395e-03   -3.577722515390e-03   1.251514511637e+02  -2.025816768716e+01
  9.297176549576e-04   -1.189106954774e-03   1.206335113244e+02  -8.758313554981e+00
 -3.667073063439e-04    1.758045426680e-03   1.187967165998e+02  -8.758313554981e+00
  2.908735438401e-01   -8.510412736143e-02   1.207181616449e+02  -8.758313554981e+00
  4.378693144144e-01   -1.738346433198e-01   1.335764316235e+02  -1.829142275356e+01
  3.504477277178e-01   -1.467171417740e-01   1.258983619597e+02  -1.829142275356e+01
  6.836054595573e-01   -2.583337499827e-01   1.278824501315e+02  -1.829142275356e+01
  4.362618380714e-01   -1.735091778267e-01   1.336547313361e+02  -2.728733544929e+01
  1.007798896787e-03   -1.747593285773e-03   1.252777969815e+02  -2.728733544929e+01
  3.510963262907e-01   -1.467529749562e-01   1.258461566831e+02  -2.728733544929e+01
  5.619233449899e-01   -1.535016464108e-01   1.226677578191e+02  -1.345489729945e+01
  6.813603822664e-01   -2.573351929007e-01   1.279355563449e+02  -1.345489729945e+01
  3.519088314870e-01   -1.476304638934e-01   1.258365749584e+02  -1.345489729945e+01
  5.220546192798e-01   -1.465193947886e-01   1.441185596978e+02  -2.337749061626e+01
  4.382374955304e-01   -1.735377861365e-01   1.336739747916e+02  -2.337749061626e+01
  8.439191309735e-01   -2.897814236692e-01   1.358745224695e+02  -2.337749061626e+01
  3.500175796338e-01   -1.471549055933e-01   1.258153807072e+02  -1.132766132570e+01
  2.901139155773e-01   -8.601029513565e-02   1.207662266968e+02  -1.132766132570e+01
  5.635337419646e-01   -1.537428711888e-01   1.226864853576e+02  -1.132766132570e+01
  2.331207238746e-03   -2.482624088324e-03   1.251241649497e+02  -1.411903835536e+01
 -1.751223412979e-04    4.971809163245e-04   1.206650126749e+02  -1.411903835536e+01
  2.929028149724e-01   -8.831306945792e-02   1.206913885299e+02  -1.411903835536e+01
  7.121478937086e-01   -1.045738361002e-01   1.377176384913e+02   1.934695467002e+01
  9.915720912223e-03    3.384843799278e-04   1.450340445716e+02   1.934695467002e+01
  8.200606878052e-01   -9.462156828656e-02   1.486715841960e+02   1.934695467002e+01
  8.411317825251e-01   -2.891753459548e-01   1.359473522007e+02  -1.998626718929e+01
  4.400829062119e-01   -1.741984968019e-01   1.336040496447e+02  -1.998626718929e+01
  6.817669603709e-01   -2.580055586373e-01   1.278604211401e+02  -1.998626718929e+01
  1.098551361429e+00   -1.262355483855e-01   1.575451556405e+02  -2.939417109453e+01
  1.137521578285e+00    1.847204073959e-02   1.700851499235e+02  -2.939417109453e+01
  6.171549094785e-01    1.042803330780e-02   1.698913631743e+02  -2.939417109453e+01
  1.098073029975e+00   -1.271306545045e-01   1.576668225989e+02  -2.806665286554e+01
  5.873352349361e-01   -8.077782752171e-02   1.565186426949e+02  -2.806665286554e+01
  9.935018424253e-01   -2.386351756457e-01   1.459719003960e+02  -2.806665286554e+01
  1.143505809678e+00    1.773643967259e-02   1.699633410220e+02  -8.591775503430e+00
  1.310273478529e+00   -1.188411804413e-01   1.585620505609e+02  -8.591775503430e+00
  1.304010241020e+00    1.970058330102e-02   1.702276861421e+02  -8.591775503430e+00
  9.004220710207e-01   -3.720782857502e-02   1.625935448011e+02   4.886861918809e+00
  1.304209903650e+00    1.741238741574e-02   1.701565746169e+02   4.886861918809e+00
  1.309573433850e+00   -1.160832625123e-01   1.587078398664e+02   4.886861918809e+00
  1.307145027335e+00    1.896450303002e-02   1.701879254656e+02   8.117049911729e+00
  8.973845759774e-01   -3.866171046527e-02   1.625587760443e+02   8.117049911729e+00
  8.914268354337e-01    5.568534378131e-02   1.779191685820e+02   8.117049911729e+00
  1.143750867005e+00    2.060667122163e-02   1.701646565045e+02  -8.725282251251e+00
  1.303906195860e+00    1.825454856419e-02   1.701345406121e+02  -8.725282251251e+00
  1.301907984274e+00    1.608683926127e-01   1.817614978934e+02  -8.725282251251e+00
  1.313575280426e+00   -1.183587118382e-01   1.586264341829e+02  -1.192467865378e+01
  1.139792070435e+00    1.691881342097e-02   1.699130043616e+02  -1.192467865378e+01
  1.098705552077e+00   -1.259058529481e-01   1.577251882280e+02  -1.192467865378e+01
  6.136277005117e-01    1.023019614606e-02   1.698795727610e+02  -2.862246520984e+01
  5.843734145625e-01   -8.088748249249e-02   1.566294357162e+02  -2.862246520984e+01
  1.101367881601e+00   -1.265429403016e-01   1.575625613262e+02  -2.862246520984e+01
  1.272418605764e+00   -2.359953531599e-01   1.481389163787e+02  -9.700624831324e+00
  9.948602849168e-01   -2.393761019881e-01   1.460523159520e+02  -9.700624831324e+00
  1.153348535491e+00   -3.196458037226e-01   1.385347435760e+02  -9.700624831324e+00
  9.957790171264e-01   -2.391858565820e-01   1.459958655876e+02  -2.681555417924e+01
  5.847737275357e-01   -8.051047625560e-02   1.564937974207e+02  -2.681555417924e+01
  5.218736761867e-01   -1.464618765807e-01   1.442344887153e+02  -2.681555417924e+01
  1.307056365759e+00   -1.192195086260e-01   1.586583814010e+02   4.072195687671e+00
  1.276148730237e+00   -2.341964810991e-01   1.481613688941e+02   4.072195687671e+00
  8.318089665576e-01   -9.602835452461e-02   1.487494199095e+02   4.072195687671e+00
  1.312200769613e+00   -1.169139617908e-01   1.587407278038e+02  -9.037267244864e+00
  1.099490423150e+00   -1.274143493962e-01   1.576115024115e+02  -9.037267244864e+00
  1.270374723344e+00   -2.372691707828e-01   1.479689388760e+02  -9.037267244864e+00
  8.430931515233e-01   -2.890931924591e-01   1.360050157865e+02  -1.289283082619e+01
  1.156218422339e+00   -3.198066140127e-01   1.386097671030e+02  -1.289283082619e+01
  9.915374302668e-01   -2.395847489217e-01   1.459802486592e+02  -1.289283082619e+01
  1.311093091784e+00   -1.180176669405e-01   1.587024252141e+02   8.125084345138e+00
  8.259272045867e-01   -9.680622525013e-02   1.486786318240e+02   8.125084345138e+00
  8.985966172628e-01   -3.560958309407e-02   1.625981537961e+02   8.125084345138e+00
  1.274683774399e+00   -2.350836702647e-01   1.481338537482e+02   6.462251307025e+00
  1.085878915592e+00   -2.165884038650e-01   1.404281307461e+02   6.462251307025e+00
  8.324102426153e-01   -9.469579009451e-02   1.487506349404e+02   6.462251307025e+00
  1.273073016330e+00   -2.371363154996e-01   1.480456767005e+02  -1.284720907592e+01
  1.096582277073e+00   -1.280717684905e-01   1.575387887334e+02  -1.284720907592e+01
  9.948514335095e-01   -2.384253521229e-01   1.461434248483e+02  -1.284720907592e+01
  5.244117914832e-01   -1.469154657836e-01   1.441428438800e+02  -2.503645251092e+01
  8.419766388138e-01   -2.893035739447e-01   1.358517262077e+02  -2.503645251092e+01
  9.927275048841e-01   -2.391109385095e-01   1.460865135488e+02  -2.503645251092e+01
  6.015539239065e-01   -8.283064611988e-02   1.302163389229e+02   1.587843801027e+01
  2.361001115550e-03    7.161447634567e-04   1.302490968868e+02   1.587843801027e+01
  7.107229546422e-01   -1.042848552559e-01   1.377321863008e+02   1.587843801027e+01
  9.910905888796e-01   -3.159254478331e-01   1.306667734297e+02  -1.143321135631e+01
  8.399410956109e-01   -2.893905714119e-01   1.358704349098e+02  -1.143321135631e+01
  6.827254324208e-01   -2.577651148040e-01   1.279751131837e+02  -1.143321135631e+01
  3.377284647237e-03    2.083392537271e-03   1.697846441965e+02  -4.289429742591e+01
  1.901406306546e-03   -1.587865353501e-03   1.565686079333e+02  -4.289429742591e+01
  5.879848591119e-01   -7.896582754932e-02   1.564944601013e+02  -4.289429742591e+01
  7.723890341432e-01   -6.355080540144e-03   1.232162313574e+02  -2.771189515205e+00
  8.476672061805e-01   -2.040102574782e-01   1.253866529563e+02  -2.771189515205e+00
  5.630699034885e-01   -1.524615339501e-01   1.227347197844e+02  -2.771189515205e+00
  2.910631217514e-01   -8.688492851978e-02   1.207297267888e+02  -5.262028793064e+00
  5.156649936045e-01   -3.555197733369e-03   1.210135154921e+02  -5.262028793064e+00
  5.618592915810e-01   -1.523182286602e-01   1.227261180856e+02  -5.262028793064e+00
  9.884945002763e-01   -3.158951966850e-01   1.306006462245e+02  -8.905893026738e+00
  1.155769690442e+00   -3.193134443727e-01   1.386833103643e+02  -8.905893026738e+00
  8.430156190082e-01   -2.893814835811e-01   1.359346073242e+02  -8.905893026738e+00
  6.826276616319e-01   -2.576628309623e-01   1.279184031382e+02  -6.323654619010e+00
  8.466485463673e-01   -2.045190470116e-01   1.253163278031e+02  -6.323654619010e+00
  9.905812028999e-01   -3.155225745943e-01   1.307209753070e+02  -6.323654619010e+00
  1.098488085232e+00   -2.231360697320e-01   1.271669006864e+02  -2.769716123480e+00
  9.877401200805e-01   -3.143804572057e-01   1.306638532772e+02  -2.769716123480e+00
  8.508769007914e-01   -2.055437905486e-01   1.254550584339e+02  -2.769716123480e+00
  9.918098518117e-01   -3.156960021159e-01   1.307322241734e+02  -3.759687036581e+00
  1.112047713515e+00   -2.836343898661e-01   1.329493800965e+02  -3.759687036581e+00
  1.152230653945e+00   -3.187445238566e-01   1.386159765657e+02  -3.759687036581e+00
  1.098045100851e+00   -2.241357930291e-01   1.271487860887e+02   1.349645297582e-01
  8.510875395318e-01   -2.039394018629e-01   1.254582941961e+02   1.349645297582e-01
  1.019581705380e+00   -1.042605378499e-01   1.244690631524e+02   1.349645297582e-01
  6.802606018192e-01   -2.575729012482e-01   1.278729055858e+02  -8.251072970739e+00
  5.627034304458e-01   -1.529159745257e-01   1.227606245237e+02  -8.251072970739e+00
  8.484184223055e-01   -2.043618873573e-01   1.253571649710e+02  -8.251072970739e+00
  7.954292998365e-01   -6.767312393450e-02   1.225638050981e+02   6.493114912113e+00
  1.070771421547e+00   -9.244927738750e-02   1.222442071244e+02   6.493114912113e+00
  7.860136512184e-01   -3.061515159853e-02   1.176581496185e+02   6.493114912113e+00
  1.417816800664e+00    1.251634374185e-02   1.027347675473e+02  -8.564506050956e+00
  7.716114445133e-03    1.966700785364e-03   1.059321197294e+02  -8.564506050956e+00
  1.416328655708e-02   -1.576921971290e-03   9.431635932006e+01  -8.564506050956e+00
  1.094851257507e+00   -2.203320457841e-01   1.270984635221e+02   4.312348852970e+00
  1.183025221514e+00   -7.397871505301e-02   1.219524478995e+02   4.312348852970e+00
  1.072118485350e+00   -9.330978163024e-02   1.222785103901e+02   4.312348852970e+00
  1.092636525327e+00   -2.211122945236e-01   1.270636056812e+02  -1.965616359466e-01
  1.024327720671e+00   -1.065860178387e-01   1.245653123740e+02  -1.965616359466e-01
  1.184832663461e+00   -7.467219780957e-02   1.219875853657e+02  -1.965616359466e-01
  1.186566157821e+00   -7.354830426524e-02   1.220056527561e+02  -9.033380516688e-02
  1.188505531374e+00   -1.122970374275e-02   1.214957183397e+02  -9.033380516688e-02
  1.285896320566e+00    1.135662942770e-02   1.178926352417e+02  -9.033380516688e-02
  1.111716379752e+00   -2.839010195322e-01   1.329406120010e+02  -8.796414886829e-01
  9.915486884291e-01   -3.148025372333e-01   1.307275289995e+02  -8.796414886829e-01
  1.094485230042e+00   -2.222323811955e-01   1.270711960439e+02  -8.796414886829e-01
  1.181092792117e+00   -1.036464356261e-02   1.137460050317e+02   1.866603896481e+00
  1.186394749700e+00   -7.289448906391e-02   1.220276319572e+02   1.866603896481e+00
  1.287508759495e+00    1.070155480073e-02   1.178876808387e+02   1.866603896481e+00
  1.186866774093e+00   -7.686206581891e-02   1.219886147451e+02   8.851435963258e-01
  1.023388591255e+00   -1.035820220494e-01   1.245673239731e+02   8.851435963258e-01
  1.188593058726e+00   -8.781947490618e-03   1.215005402268e+02   8.851435963258e-01
  8.469925308036e-01   -2.027841311943e-01   1.253799190570e+02  -1.656779194696e+00
  7.739111845201e-01   -7.606304542947e-03   1.232819521614e+02  -1.656779194696e+00
  1.022082301464e+00   -1.047097599971e-01   1.245492626177e+02  -1.656779194696e+00
  1.005376197238e+00   -1.900277861125e-01   1.295197623071e+02   3.575140356919e+00
  1.099209586646e+00   -2.216621668051e-01   1.271446969926e+02   3.575140356919e+00
  1.068798248241e+00   -9.329668923003e-02   1.222267810299e+02   3.575140356919e+00
  1.112083178969e+00   -2.827882585326e-01   1.329483927273e+02   4.512405536829e+00
  1.006018273376e+00   -1.884536237400e-01   1.295577762768e+02   4.512405536829e+00
  9.933170526299e-01   -1.957439876905e-01   1.343252675333e+02   4.512405536829e+00
  1.109765593821e+00   -2.825746773995e-01   1.329268304032e+02   4.072339646934e+00
  1.096755368937e+00   -2.228297433114e-01   1.271020520142e+02   4.072339646934e+00
  1.008031244323e+00   -1.890919846807e-01   1.295861373373e+02   4.072339646934e+00
  1.088717731483e+00   -2.158174895273e-01   1.405081865029e+02   9.947854469056e+00
  9.935967480105e-01   -1.956040638568e-01   1.343277590179e+02   9.947854469056e+00
  7.116934958758e-01   -1.046977385205e-01   1.377656379981e+02   9.947854469056e+00
  9.934512871369e-01   -1.954464675441e-01   1.343399713848e+02   3.456027800395e+00
  1.088983567043e+00   -2.166931981236e-01   1.405029615577e+02   3.456027800395e+00
  1.112071343449e+00   -2.835925669722e-01   1.329265091368e+02   3.456027800395e+00
  6.014128985112e-01   -8.279904833701e-02   1.302193417905e+02   9.728416865073e+00
  7.103644012878e-01   -1.050079501990e-01   1.377280398109e+02   9.728416865073e+00
  9.949518951604e-01   -1.952232256965e-01   1.343569392068e+02   9.728416865073e+00
  1.090928496660e+00   -2.157504292815e-01   1.405105720024e+02   9.370856927424e+00
  7.091756870941e-01   -1.048835244143e-01   1.377374719888e+02   9.370856927424e+00
  8.234976606145e-01   -9.503372527644e-02   1.486553484103e+02   9.370856927424e+00
  9.924172362139e-01   -1.951375959941e-01   1.343371578116e+02   9.604206003478e+00
  1.007901385723e+00   -1.882912481037e-01   1.295697969534e+02   9.604206003478e+00
  6.042914130559e-01   -8.306286209194e-02   1.302534988668e+02   9.604206003478e+00
  1.109151761294e+00   -2.838319866048e-01   1.328685711340e+02   1.633952911510e+00
  1.092507691478e+00   -2.166603270229e-01   1.405573773800e+02   1.633952911510e+00
  1.156415556725e+00   -3.181113954182e-01   1.386866578995e+02   1.633952911510e+00
  7.973579379865e-01   -6.652114579860e-02   1.226032363732e+02   7.404058657901e+00
  1.004425226777e+00   -1.881618155239e-01   1.295274624543e+02   7.404058657901e+00
  1.069185811985e+00   -9.440927854741e-02   1.222272803090e+02   7.404058657901e+00
  7.510074253274e-01   -1.115762285542e-02   1.134769516684e+02   1.096945169477e+01
  3.253725835719e-03    5.761584244422e-04   1.130055323833e+02   1.096945169477e+01
  7.863478965889e-01   -3.054732648482e-02   1.176856237295e+02   1.096945169477e+01
  7.505759045975e-01   -1.112515892549e-02   1.134331508504e+02   6.081464799799e+00
  1.178759185940e+00   -9.855902580281e-03   1.136885133942e+02   6.081464799799e+00
  1.033722858776e+00   -1.418989904335e-02   1.064940891516e+02   6.081464799799e+00
  3.166360840269e-03   -5.908303823520e-04   1.225518374426e+02   1.126143784092e+01
  7.896109317331e-01   -3.101697850684e-02   1.176604766941e+02   1.126143784092e+01
  6.955785941315e-04    5.840956030939e-04   1.129864150678e+02   1.126143784092e+01
  1.014975380692e+00    9.910832415384e-03   6.744381527854e-03   3.335766574803e+00
  1.201844525412e+00    1.179338689256e-02   7.942878211673e+00   3.335766574803e+00
  1.359833397063e+00    3.491284415563e-03   7.982539194493e-02   3.335766574803e+00
 -1.304630758741e-03   -1.570961635098e-03   2.081184946804e+02   1.325519675789e+01
  5.299583796673e-01    9.000448019295e-02   2.062814004703e+02   1.325519675789e+01
  2.109181497661e-03    8.825902707615e-04   2.054824298009e+02   1.325519675789e+01
  1.191045062495e+00   -1.545145444829e-02   9.467972960932e+01  -9.082017832572e+00
  1.407343595362e+00    1.141718078198e-02   1.027092579378e+02  -9.082017832572e+00
  2.092798207920e-02   -1.831408833608e-03   9.431745799132e+01  -9.082017832572e+00
  7.949543783697e-01   -6.739033362640e-02   1.225489897740e+02   9.485030813921e+00
  6.031906100980e-01   -8.397552017177e-02   1.302182863673e+02   9.485030813921e+00
  1.008079549052e+00   -1.873519892975e-01   1.295644364626e+02   9.485030813921e+00
  1.407867299536e+00    2.930205454312e-03   4.323809892613e+01   1.518704714301e-01
  1.291728199853e+00   -6.728783947569e-03   3.618946573082e+01   1.518704714301e-01
  1.239329013639e+00    6.511000729892e-03   3.475150955870e+01   1.518704714301e-01
 -8.711146034915e-04    3.011647902144e-04   1.301803442853e+02   1.783491681897e+01
  4.933702534592e-03   -7.840962423886e-05   1.449484235711e+02   1.783491681897e+01
  7.153954378835e-01   -1.040001001764e-01   1.377525183970e+02   1.783491681897e+01
  1.335344298646e+00   -6.297205587871e-03   9.608702350996e+01   9.486984475640e+00
  2.304292529098e-02   -1.808853509509e-03   1.053791909119e+02   9.486984475640e+00
  1.024304508976e+00   -1.457248252709e-02   1.064256177597e+02   9.486984475640e+00
  1.157709352118e+00   -3.183530551256e-01   1.387115132222e+02  -1.032796004013e+00
  1.091076077778e+00   -2.165457160993e-01   1.405397653679e+02  -1.032796004013e+00
  1.268018895764e+00   -2.359930879984e-01   1.480538589508e+02  -1.032796004013e+00
  1.189790928002e+00   -1.059185681123e-02   1.215448541416e+02  -4.109973625759e-01
  1.021112952294e+00   -1.018008455977e-01   1.245367267137e+02  -4.109973625759e-01
  1.001872761685e+00    8.269975708696e-02   1.245711399879e+02  -4.109973625759e-01
  5.861948256846e-03   -1.522504537757e-03   1.450264723509e+02   1.866376252427e+01
  8.993333901592e-01   -3.866372571762e-02   1.625677911743e+02   1.866376252427e+01
  8.228625088512e-01   -9.366285003204e-02   1.486811332120e+02   1.866376252427e+01
  1.391693506178e+00    1.242684728106e-02   1.025302309470e+02   2.468659207051e+00
  1.049043383077e+00   -1.426400801247e-02   1.064660589145e+02   2.468659207051e+00
  1.305416448087e+00    2.352107352523e-03   1.135807064953e+02   2.468659207051e+00
  1.203437872196e+00    1.088270207817e-01   1.590136987331e+02  -7.334759035350e+00
  1.191590207163e+00   -1.066285978803e-02   1.708496696668e+02  -7.334759035350e+00
  7.080691252734e-01    3.248012513891e-02   1.627455170744e+02  -7.334759035350e+00
  1.263503322918e-02    5.528711655804e-04   7.276102358082e+00   9.116882558685e+00
  1.205318620919e+00    1.172384237256e-02   7.890228036700e+00   9.116882558685e+00
  1.014348893181e+00    1.005743648221e-02  -3.418141331146e-02   9.116882558685e+00
  1.302028095784e+00    2.565816034825e-03   1.135473573665e+02   1.669162052246e+00
  1.181395056369e+00   -1.069335166415e-02   1.137334060729e+02   1.669162052246e+00
  1.286522154015e+00    1.050639869196e-02   1.178809233335e+02   1.669162052246e+00
  1.561919401571e+00    1.100134242750e-02   2.757561721403e+01   6.956261803553e+00
  1.288271645501e+00    2.001508224466e-02   1.647931212161e+01   6.956261803553e+00
  4.962520411697e-02   -9.558997146454e-04   2.543303913324e+01   6.956261803553e+00
  1.309292196441e+00    2.258980219417e-03   1.135931137221e+02   1.952373765401e+00
  1.043102800129e+00   -1.413678053601e-02   1.064873664633e+02   1.952373765401e+00
  1.174012057385e+00   -1.004945229148e-02   1.137350509114e+02   1.952373765401e+00
  1.033785214543e+00   -1.387610989335e-02   1.063145367977e+02   2.095643449156e+00
  1.401733463185e+00    1.108472418017e-02   1.025109735931e+02   2.095643449156e+00
  1.325355637234e+00   -6.436271533056e-03   9.602868072464e+01   2.095643449156e+00
  1.285092236288e+00    1.092397006119e-02   1.178803703359e+02  -3.828508571130e+00
  1.135554325735e+00    6.147604751950e-02   1.216952662725e+02  -3.828508571130e+00
  9.868359312795e-01    7.916113905638e-02   1.223931162774e+02  -3.828508571130e+00
  1.108715003170e+00    2.104588998728e-02   1.131926217916e+02  -2.832739826415e+00
  1.303662588560e+00    2.013324272827e-03   1.135464165196e+02  -2.832739826415e+00
  1.284154257466e+00    1.146284486780e-02   1.179145677989e+02  -2.832739826415e+00
  9.855410766637e-01    7.805810118230e-02   1.224112862079e+02  -6.064508526059e+00
  6.872331675172e-01    2.720523858822e-02   1.180773598165e+02  -6.064508526059e+00
  1.287999877592e+00    1.217572863270e-02   1.178889735536e+02  -6.064508526059e+00
  1.299169905325e-03   -8.486100834129e-04   1.172334208476e+02  -1.158531446970e+01
  6.957022445196e-01    5.028837058887e-02   1.222384690406e+02  -1.158531446970e+01
  1.608413712309e-03    2.872881811811e-04   1.225339714164e+02  -1.158531446970e+01
  6.922996245241e-01    5.014388658792e-02   1.222258331422e+02  -1.164851106526e+01
  3.734552665846e-03   -1.049333603446e-03   1.172565777575e+02  -1.164851106526e+01
  6.794012870565e-01    2.620014694211e-02   1.180209247389e+02  -1.164851106526e+01
  1.178168402365e+00   -8.964726778880e-03   1.137272060000e+02   3.152305030966e+00
  1.067228716414e+00   -9.154319148774e-02   1.222054600764e+02   3.152305030966e+00
  1.187828856079e+00   -7.407034138240e-02   1.220314635935e+02   3.152305030966e+00
  7.501643934381e-01   -1.101552371157e-02   1.134617955577e+02   6.444504799396e+00
  7.861812763029e-01   -3.103651305485e-02   1.177150200394e+02   6.444504799396e+00
  1.180517222297e+00   -9.869011666490e-03   1.137123675559e+02   6.444504799396e+00
  1.201810273083e+00    1.037359230634e-02   7.976345882480e+00   1.043235107352e+00
  1.294559670653e+00    2.115081312409e-02   1.695959462108e+01   1.043235107352e+00
  1.360855932115e+00    1.761358672097e-02   1.047333802231e+01   1.043235107352e+00
  1.925651648644e-02    9.552620786371e-04   8.460086937104e+01   9.003627386427e+00
  1.377447263042e+00   -2.399570497735e-02   7.683103278238e+01   9.003627386427e+00
  9.571914290755e-04    8.205524008965e-04   7.528375513425e+01   9.003627386427e+00
  3.729899800749e-02   -6.393872512341e-04   8.546253211612e+01  -7.274140461744e+00
  1.555334638665e+00   -1.668554215697e-02   8.601789511669e+01  -7.274140461744e+00
  1.192877164829e+00   -1.456757072536e-02   9.498307253323e+01  -7.274140461744e+00
  1.542760677849e+00   -1.697743341022e-02   8.605253999725e+01   7.182019753399e+00
  3.956718805570e-02    7.806726432836e-04   8.517602779445e+01   7.182019753399e+00
  1.332102117425e+00   -5.289826842578e-03   9.650805619056e+01   7.182019753399e+00
  1.228504675028e+00    1.137997945147e-03   4.926945631598e+01  -1.888301031934e+00
  1.430515495054e+00    4.878633028281e-03   5.427683609087e+01  -1.888301031934e+00
  1.225913133553e+00    1.438920453458e-02   5.951089878594e+01  -1.888301031934e+00
  1.240259975643e+00    6.933136147420e-03   3.477006961469e+01   9.014155475902e+00
 -4.170147162218e-04   -1.410809977835e-04   3.464861494908e+01   9.014155475902e+00
  1.498737803623e-02    6.457201005614e-04   4.357805076097e+01   9.014155475902e+00
  1.089673545202e+00   -1.911707243769e-02   6.901556439536e+01  -2.465164213764e+00
  1.425202871209e+00   -1.892897874034e-02   6.561556101250e+01  -2.465164213764e+00
  1.377439478956e+00   -2.949895081577e-02   7.728572564913e+01  -2.465164213764e+00
  1.418211080416e+00    3.961538911454e-03   5.374326061638e+01   6.990203351795e+00
  4.599858062910e-02   -2.256729635754e-03   6.539459707308e+01   6.990203351795e+00
  1.438149198948e+00   -1.802939421856e-02   6.556332462518e+01   6.990203351795e+00
  1.219786994996e+00    9.924335877571e-04   4.915340090708e+01  -2.008108994880e+00
  1.274017861923e+00   -6.138160932562e-03   3.615191518612e+01  -2.008108994880e+00
  1.419807980483e+00    1.981130763756e-03   4.319956030935e+01  -2.008108994880e+00
  1.441384704276e+00   -2.016699613623e-02   6.582287951626e+01   6.786863649932e+00
  4.216934443922e-02   -3.344826864030e-04   6.585160103001e+01   6.786863649932e+00
  1.365001916763e+00   -2.652621210120e-02   7.749748188272e+01   6.786863649932e+00
  1.374309443155e+00    1.564541380120e-02   1.046852614885e+01  -8.889889654586e+00
  1.367893860700e-02    1.021350741317e-03   1.748150404345e+01  -8.889889654586e+00
  8.898558960371e-03   -1.431359808887e-03   6.518165713562e+00  -8.889889654586e+00
  1.608422853861e-02   -1.193007411934e-03   1.607828467882e+01   8.726876651420e+00
  1.294131167708e+00    1.893810461759e-02   1.686832238744e+01   8.726876651420e+00
  1.203700768122e+00    1.113334197908e-02   7.917861880813e+00   8.726876651420e+00
  7.603923565119e-03   -6.183297015354e-04   1.608770807765e+01   9.212679096865e+00
  1.212594883032e+00    1.140206957713e-02   7.898179658536e+00   9.212679096865e+00
  6.224230998085e-03    6.258499725065e-04   7.334302424240e+00   9.212679096865e+00
  1.351975846334e+00    3.115636908789e-03   7.837832861375e-02   1.185851987226e+00
  1.209707235150e+00    1.199700124297e-02   7.905540846546e+00   1.185851987226e+00
  1.351996942260e+00    1.519379886213e-02   1.044892319323e+01   1.185851987226e+00
 -8.482631137153e-04    3.370576776392e-04   3.440684909746e+01   9.010088536793e+00
  1.238280349691e+00    6.605958992584e-03   3.519254484724e+01   9.010088536793e+00
  2.128062793510e-02    6.513400575982e-05   2.600722965079e+01   9.010088536793e+00
  1.305687609888e+00    2.246683386862e-02   1.695435564267e+01  -8.831243378525e-01
  1.534499551685e+00    1.051247617572e-02   2.773788295276e+01  -8.831243378525e-01
  1.190623523330e+00    3.101103817561e-02   2.019255337457e+01  -8.831243378525e-01
  1.303379600683e+00    1.848489267853e-02   1.668650139691e+01   8.821044805657e+00
  5.002505894391e-03   -1.035970026426e-03   1.623382517187e+01   8.821044805657e+00
  2.162984186479e-02   -6.500555371234e-04   2.539717076165e+01   8.821044805657e+00
  1.310011566988e+00    2.263883754644e-02   1.693524429676e+01  -8.487021933549e-01
  1.188139258496e+00    3.115339422169e-02   1.994449042795e+01  -8.487021933549e-01
  1.350214823075e+00    1.777415716225e-02   1.035082467127e+01  -8.487021933549e-01
  4.200141018779e-03    5.907203366051e-04   1.745068522503e+01  -9.826704938392e+00
  1.188270677987e+00    2.858604568927e-02   1.982410610261e+01  -9.826704938392e+00
  9.652046852835e-03   -1.051227528968e-03   2.652846636587e+01  -9.826704938392e+00
  2.920570156063e-02   -1.929967536126e-03   2.658957284684e+01  -8.196786018200e+00
  1.178047705484e+00    2.892841042564e-02   1.975622492520e+01  -8.196786018200e+00
  1.544164238626e+00    9.403323248807e-03   2.760468790014e+01  -8.196786018200e+00
  1.348866340763e+00   -6.056038666210e-03   9.616531485183e+01   9.304013716741e+00
  2.856423281903e-03    9.026604956475e-04   9.523869555821e+01   9.304013716741e+00
  1.268647677346e-02   -1.101062788939e-03   1.053216314011e+02   9.304013716741e+00
  1.203560462376e+00   -1.400092787805e-02   9.476143228016e+01  -9.873927215601e-01
  1.339432821432e+00   -5.935532158945e-03   9.610904094210e+01  -9.873927215601e-01
  1.390173515010e+00    1.064107803281e-02   1.027173061985e+02  -9.873927215601e-01
  4.823385799415e-03    2.279787075286e-04   7.480770627433e+01  -9.461211734067e+00
  1.215603662200e+00   -2.836545909574e-02   7.757356838391e+01  -9.461211734067e+00
  1.315179470281e-02    2.083405165212e-04   8.515398417197e+01  -9.461211734067e+00
  1.336673257159e+00   -5.384537507398e-03   9.609972864332e+01  -1.375103322509e+00
  1.207436516074e+00   -1.394515056024e-02   9.455990552841e+01  -1.375103322509e+00
  1.531826454232e+00   -1.659741187748e-02   8.595217317360e+01  -1.375103322509e+00
  1.203590209372e+00   -1.576941923449e-02   9.482397027426e+01  -9.140270856323e+00
  4.127153433616e-03   -1.073747561081e-03   9.431064257959e+01  -9.140270856323e+00
  1.507139807491e-02   -3.711724160770e-04   8.553848432311e+01  -9.140270856323e+00
  1.292861039127e-02   -4.366999282543e-04   2.693885993942e+01  -9.795579807807e+00
  1.293797039083e+00   -6.667158997145e-03   3.621285339845e+01  -9.795579807807e+00
  1.456751983158e-03    4.787257810682e-05   3.779781734982e+01  -9.795579807807e+00
  2.036291379981e-03    4.340910672918e-04   9.511027496889e+01   9.293255073275e+00
  1.347227769435e+00   -5.067437828927e-03   9.637397085866e+01   9.293255073275e+00
  1.815713578127e-02    5.090097167870e-04   8.520810464428e+01   9.293255073275e+00
  1.242031300572e+00    6.208956120578e-03   3.488351190729e+01   7.769963315007e-01
  1.286529385171e+00   -6.905457666856e-03   3.588203026464e+01   7.769963315007e-01
  1.533035834542e+00    8.695315418699e-03   2.751462065260e+01   7.769963315007e-01
  4.644016971493e-02    4.044597051300e-05   2.590810365718e+01   6.341447802835e+00
  1.223865565669e+00    6.073217215852e-03   3.545572641965e+01   6.341447802835e+00
  1.563964964995e+00    9.858758451396e-03   2.766188757538e+01   6.341447802835e+00
  1.229160577495e+00    6.657433810963e-03   3.452843256791e+01   7.051577464029e+00
  3.410170162242e-02    1.521204579624e-03   4.364943658969e+01   7.051577464029e+00
  1.419660623888e+00    3.788949431220e-03   4.309497522216e+01   7.051577464029e+00
  1.229312840390e+00    1.780720086478e-03   4.927123727695e+01  -9.664596532665e+00
  1.226805173190e+00    1.336686881062e-02   5.949746710381e+01  -9.664596532665e+00
  1.845929691551e-02   -1.123283333582e-04   5.665102035478e+01  -9.664596532665e+00
  1.437706010561e+00    4.076608024078e-03   5.440927780812e+01   8.460096475022e+00
  2.064146580652e-02    1.017319107229e-03   4.409953697201e+01   8.460096475022e+00
  2.857435561406e-03   -4.501866282456e-04   5.463145346806e+01   8.460096475022e+00
  2.445543405895e-03   -2.170172566959e-04   3.784157366443e+01  -9.787785100331e+00
  1.290049891269e+00   -6.024950649917e-03   3.616255224319e+01  -9.787785100331e+00
  1.109214421141e-02    4.712202451997e-04   4.691999541363e+01  -9.787785100331e+00
  1.210840732873e+00   -3.021404069283e-02   7.801195511520e+01  -1.774008362912e+00
  1.369943014179e+00   -2.797241221392e-02   7.709770460634e+01  -1.774008362912e+00
  1.528677646757e+00   -1.699929364175e-02   8.590058217798e+01  -1.774008362912e+00
  3.877776769093e-02   -2.867286239798e-05   8.514988963405e+01  -7.682294466564e+00
  1.199153512589e+00   -2.847331734282e-02   7.744972890626e+01  -7.682294466564e+00
  1.553391355169e+00   -1.732228297841e-02   8.591791466338e+01  -7.682294466564e+00
  1.185365628459e-02    7.881470823977e-04   7.467780626853e+01  -9.599482872862e+00
  1.070246838382e+00   -1.707703642018e-02   6.926675645042e+01  -9.599482872862e+00
  1.208905363033e+00   -2.935869258379e-02   7.768954848608e+01  -9.599482872862e+00
  1.074288032217e+00   -1.487893883691e-02   6.935831570154e+01  -1.043612890099e+01
  3.407322976731e-03   -1.678927549344e-05   7.466188538046e+01  -1.043612890099e+01
  4.285320350900e-03    9.096058503456e-04   6.686165181592e+01  -1.043612890099e+01
  6.624032818210e-03   -4.522493881133e-04   5.661572485238e+01  -9.786448821040e+00
  1.237798973904e+00    1.357222278766e-02   5.951700264222e+01  -9.786448821040e+00
  7.366356084549e-03    3.715611338047e-04   6.684311891131e+01  -9.786448821040e+00
  1.233373149941e+00    1.544575949215e-02   5.968728368788e+01  -1.703854819346e+00
  1.419825243186e+00    4.842006364931e-03   5.401343147684e+01  -1.703854819346e+00
  1.428463256072e+00   -1.715982641338e-02   6.552660178738e+01  -1.703854819346e+00
  2.248876327159e-02   -1.456746171888e-03   6.530401690526e+01   8.460341297182e+00
  1.436691155092e+00    3.114895914328e-03   5.399137763083e+01   8.460341297182e+00
  2.713762538021e-03    2.390596970208e-05   5.487688129909e+01   8.460341297182e+00
  2.687146801779e-04    1.507100932129e-03   7.505526766814e+01   9.015139450968e+00
  1.378348769740e+00   -2.466686356137e-02   7.721818917014e+01   9.015139450968e+00
  1.935106786964e-02   -5.951819888649e-05   6.590491884670e+01   9.015139450968e+00
  1.225463333869e+00    1.426368786698e-02   5.957606596032e+01  -9.761203145174e+00
  1.062288006722e+00   -1.480230744130e-02   6.937111389040e+01  -9.761203145174e+00
  1.732233913625e-02    1.154542684759e-03   6.687014091138e+01  -9.761203145174e+00
  1.220593841455e+00    1.539865295042e-02   5.962570482841e+01  -3.131661325306e+00
  1.437772780659e+00   -1.821161461299e-02   6.549409559031e+01  -3.131661325306e+00
  1.066617047941e+00   -1.660546147245e-02   6.924900982843e+01  -3.131661325306e+00
  1.237447722935e+00    1.983529099359e-03   4.925327729591e+01  -9.659779579746e+00
  8.344044193345e-03    9.640602115760e-05   5.666353904324e+01  -9.659779579746e+00
  6.521745863846e-03    2.551579500029e-04   4.687950353283e+01  -9.659779579746e+00
  1.277569122828e+00   -6.022755081775e-03   3.614742959352e+01  -9.459994178048e+00
  1.219365455190e+00    1.402366423731e-03   4.918102945579e+01  -9.459994178048e+00
  2.239920041453e-02    6.856239686110e-04   4.691547028869e+01  -9.459994178048e+00
  1.419474276136e+00    4.513902336612e-03   5.450110814703e+01  -1.727359895682e+00
  1.236808351893e+00    5.501218525261e-04   4.913787857960e+01  -1.727359895682e+00
  1.407580497199e+00    2.359110388456e-03   4.324591870110e+01  -1.727359895682e+00
