
 -1.868310909521e-03    2.281982878787e-03  -2.264020657619e+02   1.287863549204e+01
 -5.820945719064e-01    2.103159623480e-03  -2.281892141265e+02   1.287863549204e+01
  3.271735097708e-04   -9.417802035649e-04  -2.270647750473e+02   1.287863549204e+01
 -7.079637330812e-01    9.782878262309e-02  -2.090250669840e+02   2.353434629872e+01
  4.858008018502e-04    5.821304169538e-05  -2.178703780642e+02   2.353434629872e+01
 -1.955093667756e-03   -6.212487026851e-05  -2.086768993790e+02   2.353434629872e+01
 -5.815927202366e-01   -1.249145988485e-03  -2.282023538696e+02   1.364643586847e+01
 -9.513006734061e-01    2.061674874982e-01  -2.278574069131e+02   1.364643586847e+01
 -1.016983499752e+00    2.839807123113e-03  -2.314548374883e+02   1.364643586847e+01
 -9.550947665435e-01    2.042603553919e-01  -2.277988270544e+02   1.288889923554e+01
 -5.784544598521e-01    6.236996190501e-04  -2.282944984698e+02   1.288889923554e+01
 -4.457114345562e-01    8.133464039840e-02  -2.258099748396e+02   1.288889923554e+01
 -1.182043919480e+00    2.557192752177e-01  -2.331819626637e+02   9.085200880514e+00
 -1.017424389512e+00    2.886262057534e-03  -2.315762489172e+02   9.085200880514e+00
 -9.518081630680e-01    2.077564922616e-01  -2.277858130249e+02   9.085200880514e+00
 -1.464142652138e+00   -1.492588711707e-02  -1.147830169399e+01   9.708867037712e+00
 -1.975314900802e-02    1.195964630610e-03  -7.288561156738e+00   9.708867037712e+00
 -1.068514600099e+00    1.510470829660e-02   5.538620136697e-02   9.708867037712e+00
 -4.468142408802e-01    8.009769974583e-02  -2.257942793529e+02   1.230294098446e+01
 -9.147348246474e-01    2.219507479691e-01  -2.233405549412e+02   1.230294098446e+01
 -9.550288191385e-01    2.054696826156e-01  -2.277730359884e+02   1.230294098446e+01
 -1.405048540622e+00   -1.311154459278e-02  -1.271292162940e+02   5.568514627381e+00
 -7.458364223325e-01   -2.850100279874e-02  -1.273191602311e+02   5.568514627381e+00
 -1.203946944538e+00   -2.333001078203e-02  -1.221259026931e+02   5.568514627381e+00
 -5.527821140494e-01    1.077111971813e-01  -2.197971558373e+02   1.179678714226e+01
 -7.085059700025e-01    9.826582756253e-02  -2.090177243774e+02   1.179678714226e+01
 -1.035672966086e+00    2.439958669902e-01  -2.171566975248e+02   1.179678714226e+01
 -2.019974152972e-03   -4.406909317295e-04  -2.238667231404e+02   1.693599456321e+01
 -5.509992718645e-01    1.071570724670e-01  -2.198342397825e+02   1.693599456321e+01
 -4.453539697598e-01    8.069142738494e-02  -2.258526829907e+02   1.693599456321e+01
 -9.160482298979e-01    2.220943735991e-01  -2.233210205624e+02   5.893102112680e+00
 -1.033906841322e+00    2.453019590033e-01  -2.171663288559e+02   5.893102112680e+00
 -1.122705096158e+00    3.336862462755e-01  -2.257513007541e+02   5.893102112680e+00
 -1.033726412854e+00    2.441974535634e-01  -2.171703009197e+02   1.256370472663e+01
 -9.160010623381e-01    2.222840108333e-01  -2.233292539287e+02   1.256370472663e+01
 -5.548973082800e-01    1.075349621814e-01  -2.197630843659e+02   1.256370472663e+01
 -1.195084526522e+00    3.688013732088e-01  -2.196039170002e+02   3.612521444615e+00
 -1.119587894967e+00    3.339033442804e-01  -2.258204092994e+02   3.612521444615e+00
 -1.037848722264e+00    2.452663594556e-01  -2.171025365097e+02   3.612521444615e+00
 -9.158278869117e-01    2.223708991675e-01  -2.233251292049e+02   7.564130416393e+00
 -1.122866157762e+00    3.330300926259e-01  -2.257513819668e+02   7.564130416393e+00
 -9.531408081431e-01    2.060458355827e-01  -2.278139894269e+02   7.564130416393e+00
 -1.196335357925e+00    3.690732386525e-01  -2.195669034696e+02   7.109988579139e-01
 -1.036595869196e+00    2.450621485983e-01  -2.171348732851e+02   7.109988579139e-01
 -1.283605359305e+00    2.702332182146e-01  -2.090941937425e+02   7.109988579139e-01
 -5.526978500536e-01    1.080073744893e-01  -2.198187569107e+02   1.214332714580e+01
 -9.173386605233e-01    2.217932541598e-01  -2.233001367044e+02   1.214332714580e+01
 -4.441529744572e-01    8.015419360872e-02  -2.258636389593e+02   1.214332714580e+01
 -2.132451423753e-03    5.719530449595e-04  -1.814137457688e+02   2.566381963823e+01
 -1.104888920386e-03   -1.015199908313e-03  -1.556390201090e+02   2.566381963823e+01
 -7.725127827813e-01   -4.081610451753e-02  -1.753464756203e+02   2.566381963823e+01
 -1.178913648044e+00    2.562305077271e-01  -2.331648673602e+02   7.597254730865e+00
 -9.551171296764e-01    2.065775866649e-01  -2.277684855857e+02   7.597254730865e+00
 -1.120490259122e+00    3.331221951590e-01  -2.257806361086e+02   7.597254730865e+00
 -1.310219208410e+00    5.665896635728e-03  -2.373182830490e+02   5.104369288788e+00
 -1.175271105145e+00    2.538934475243e-01  -2.331524469243e+02   5.104369288788e+00
 -1.208915937109e+00    1.129116571485e-01  -2.384647611149e+02   5.104369288788e+00
 -1.306939731689e+00    1.626585230398e-03  -2.372474586346e+02   1.137791856808e+01
 -1.020338974123e+00    1.572959169514e-03  -2.315541279185e+02   1.137791856808e+01
 -1.178506382626e+00    2.559495749004e-01  -2.332138378569e+02   1.137791856808e+01
 -1.311803266506e+00    5.449323036026e-03  -2.373820409185e+02   5.336625534164e+00
 -1.207891364021e+00    1.117605805242e-01  -2.384531875355e+02   5.336625534164e+00
 -1.452377425463e+00   -1.820517267662e-03  -2.416402798949e+02   5.336625534164e+00
 -1.203227283642e+00    1.080362063374e-01  -2.384599379872e+02   2.651178999040e+00
 -1.181934035376e+00    2.574862421010e-01  -2.331405337616e+02   2.651178999040e+00
 -9.712734528270e-01    2.336438856272e-01  -2.355273866755e+02   2.651178999040e+00
 -9.258315285285e-01   -1.826605325072e-02  -2.381778571055e+02  -5.962466959530e-01
 -1.206222430014e+00    1.083085658530e-01  -2.383614259532e+02  -5.962466959530e-01
 -9.664348882774e-01    2.319691023359e-01  -2.356016001403e+02  -5.962466959530e-01
 -1.204874501771e+00    1.045076583275e-01  -2.384212477971e+02   1.728288737681e+00
 -1.222913633243e+00   -1.335870655314e-01  -2.382811643867e+02   1.728288737681e+00
 -1.453761553108e+00    4.761322517715e-03  -2.416268749401e+02   1.728288737681e+00
 -1.181925467981e+00    2.566096721698e-01  -2.331211456114e+02  -9.337649136373e-01
 -1.060329938218e+00    3.678255907211e-01  -2.289662145381e+02  -9.337649136373e-01
 -9.712638258809e-01    2.352998935278e-01  -2.355388270251e+02  -9.337649136373e-01
 -8.157191901219e-01    1.160233257530e-02  -1.224315742974e+02  -1.044796432482e+01
 -1.126315783065e+00    1.554595742071e-02  -1.150408332385e+02  -1.044796432482e+01
 -1.263125981171e-02    1.254589989903e-03  -1.138383655198e+02  -1.044796432482e+01
 -7.512715683693e-01    2.975005481966e-01  -2.319951067114e+02  -1.138741880292e+01
 -1.064449723190e+00    3.694093999946e-01  -2.289757023086e+02  -1.138741880292e+01
 -8.980268702020e-01    3.332950455321e-01  -2.227710656499e+02  -1.138741880292e+01
 -1.065021881788e+00    3.682587101556e-01  -2.289113076143e+02   1.542189454644e+00
 -1.176689418305e+00    2.556602068410e-01  -2.332047208106e+02   1.542189454644e+00
 -1.122793643114e+00    3.342364571053e-01  -2.257497735556e+02   1.542189454644e+00
 -3.318054175423e-01    9.301734902392e-02  -2.399643554498e+02  -1.213488324244e+01
 -6.439923064206e-01    1.698757592385e-01  -2.381540730117e+02  -1.213488324244e+01
 -3.900584160762e-01    1.730890225170e-01  -2.345192304685e+02  -1.213488324244e+01
 -6.434688464187e-01    1.691316852060e-01  -2.380839197157e+02  -8.216659740291e+00
 -9.677532796979e-01    2.334892702093e-01  -2.356241546361e+02  -8.216659740291e+00
 -7.481747218656e-01    2.973271655935e-01  -2.321100224062e+02  -8.216659740291e+00
 -7.497193043554e-01    2.970868632100e-01  -2.320466361980e+02  -1.361385216038e+01
 -3.921246860403e-01    1.734192811529e-01  -2.344864405025e+02  -1.361385216038e+01
 -6.422300840769e-01    1.697489499101e-01  -2.381784198625e+02  -1.361385216038e+01
 -6.435490065788e-01    1.686895823004e-01  -2.381095751028e+02  -1.839487370368e+00
 -9.236929326482e-01   -1.948848114463e-02  -2.382548400572e+02  -1.839487370368e+00
 -9.673631141355e-01    2.330898753455e-01  -2.355964782284e+02  -1.839487370368e+00
 -1.194473851665e+00    3.701194226455e-01  -2.195978167278e+02  -8.194712966730e+00
 -9.016148554180e-01    3.332970018915e-01  -2.227026203598e+02  -8.194712966730e+00
 -1.061366002234e+00    3.693860025363e-01  -2.290463172692e+02  -8.194712966730e+00
 -7.508801087286e-01    2.973059720879e-01  -2.320568569199e+02  -5.187732602070e+00
 -9.657564276385e-01    2.338671013858e-01  -2.356726598813e+02  -5.187732602070e+00
 -1.064096875179e+00    3.690754008729e-01  -2.289139604840e+02  -5.187732602070e+00
 -1.190253400619e+00    3.694745367253e-01  -2.196719941236e+02  -2.199702085660e+00
 -1.065310717929e+00    3.692499660523e-01  -2.289007582584e+02  -2.199702085660e+00
 -1.123204973954e+00    3.337637814231e-01  -2.257446002517e+02  -2.199702085660e+00
 -6.424732115790e-01    1.683687630694e-01  -2.381154342463e+02  -5.012320574929e+00
 -3.325864814857e-01    9.406088679684e-02  -2.400107495625e+02  -5.012320574929e+00
 -6.082923763182e-01   -1.434380146289e-02  -2.402697069514e+02  -5.012320574929e+00
 -1.290619966697e+00    2.693064082080e-01  -2.089972378138e+02   8.453717888993e+00
 -1.030945981028e+00    2.448470089606e-01  -2.172577768461e+02   8.453717888993e+00
 -7.169698845411e-01    9.791205895458e-02  -2.088964962440e+02   8.453717888993e+00
 -1.452213769552e+00   -1.527539512848e-02  -1.153487441012e+01   3.855442376548e+00
 -1.073601898959e+00    1.493539843773e-02  -1.858994070186e-02   3.855442376548e+00
 -1.455724346668e+00   -2.922093266596e-03  -1.448269802960e-01   3.855442376548e+00
 -1.311995730820e+00    1.388041962150e-01  -1.973793891833e+02   8.062670754134e+00
 -7.662492990077e-01    3.942407502017e-02  -1.932165253495e+02   8.062670754134e+00
 -1.303587305762e+00    4.403943575552e-03  -1.844145549691e+02   8.062670754134e+00
 -1.309181342518e+00    1.420483779606e-01  -1.974418210251e+02   6.127517212810e+00
 -1.292274460968e+00    2.682584692220e-01  -2.089549784241e+02   6.127517212810e+00
 -7.161603674812e-01    9.947163663621e-02  -2.089179455877e+02   6.127517212810e+00
 -1.194957908980e+00    3.705611007731e-01  -2.196868625316e+02  -1.268883981160e+01
 -1.044284996521e+00    2.769164689419e-01  -2.112472061203e+02  -1.268883981160e+01
 -9.017659203051e-01    3.330038872640e-01  -2.226172872056e+02  -1.268883981160e+01
 -1.048041801766e+00    2.768069519684e-01  -2.111698197763e+02  -9.160579055032e+00
 -1.191634922506e+00    3.702534456432e-01  -2.197684107877e+02  -9.160579055032e+00
 -1.288526419948e+00    2.704071687192e-01  -2.089954458449e+02  -9.160579055032e+00
 -1.148445425959e+00    1.562186895607e-01  -1.983227990648e+02  -1.234926804369e+01
 -1.047946619307e+00    2.758104155167e-01  -2.110622883699e+02  -1.234926804369e+01
 -1.289327428007e+00    2.715892514247e-01  -2.091044794997e+02  -1.234926804369e+01
 -5.533714877674e-01    1.680145004705e-01  -2.130973737177e+02  -2.657639345787e+01
 -9.004139333403e-01    3.330909086220e-01  -2.227902581553e+02  -2.657639345787e+01
 -1.045747120631e+00    2.764948390191e-01  -2.111234781456e+02  -2.657639345787e+01
 -1.286305298166e+00    2.715392772226e-01  -2.091886669409e+02  -8.198219849304e+00
 -1.314875208666e+00    1.397414640906e-01  -1.973275165554e+02  -8.198219849304e+00
 -1.151641660188e+00    1.556405047544e-01  -1.982434395484e+02  -8.198219849304e+00
 -1.313675365598e+00    1.408408412742e-01  -1.973845783648e+02   1.112105804202e+01
 -7.102642836229e-01    1.003328076824e-01  -2.090270129930e+02   1.112105804202e+01
 -7.634373896200e-01    3.775839524564e-02  -1.932243358082e+02   1.112105804202e+01
 -1.192718394566e+00    4.997784571214e-03  -1.846421668570e+02  -1.104311533852e+01
 -1.150715428391e+00    1.539636052703e-01  -1.981179584269e+02  -1.104311533852e+01
 -1.316448748175e+00    1.413828331244e-01  -1.974489740791e+02  -1.104311533852e+01
 -2.217446024333e-03    1.256875680475e-03  -1.844451250819e+02  -4.753616394095e+01
 -6.630457959846e-01   -1.150575252517e-04  -1.845987054633e+02  -4.753616394095e+01
 -2.083390997670e-03   -2.900326998043e-03  -1.698347050406e+02  -4.753616394095e+01
 -1.153279661979e+00    1.547914797502e-01  -1.982889864624e+02  -2.990430044236e+01
 -6.604520661774e-01    2.064181579847e-03  -1.846190644335e+02  -2.990430044236e+01
 -6.209095495940e-01    1.005351649473e-01  -1.991548701718e+02  -2.990430044236e+01
 -6.638257030477e-01    1.901476257482e-03  -1.846100765073e+02  -3.001401894366e+01
 -1.150404978980e+00    1.543998502915e-01  -1.983055247539e+02  -3.001401894366e+01
 -1.190111399158e+00    3.203508417936e-03  -1.844619876792e+02  -3.001401894366e+01
 -6.210369424270e-01    9.940872269753e-02  -1.992602601403e+02  -5.107506383631e+01
 -6.593999902385e-01    4.234020458351e-03  -1.844352479312e+02  -5.107506383631e+01
 -4.782806084175e-03    2.900845803242e-03  -1.992851149242e+02  -5.107506383631e+01
 -1.150239841589e+00    1.553281442856e-01  -1.981768017909e+02  -2.929979444308e+01
 -6.233346545145e-01    1.004291591022e-01  -1.992806393755e+02  -2.929979444308e+01
 -1.046155315093e+00    2.758343701055e-01  -2.112510701828e+02  -2.929979444308e+01
 -1.148074489433e+00   -1.460929253104e-01  -1.707039937808e+02  -2.987851069119e+01
 -6.636317865022e-01    2.401309811757e-03  -1.844269839944e+02  -2.987851069119e+01
 -1.190181517327e+00    2.114718492248e-03  -1.845096540368e+02  -2.987851069119e+01
 -1.196756999445e+00    4.275156407984e-03  -1.845887195286e+02  -7.372951235442e+00
 -1.312836936587e+00    1.417651831847e-01  -1.975193787661e+02  -7.372951235442e+00
 -1.303135467848e+00    2.061168229866e-03  -1.843422542959e+02  -7.372951235442e+00
 -7.630748930618e-01    4.067762442152e-02  -1.932429501550e+02   1.162062516981e+01
 -7.686128705866e-01   -4.096723518313e-02  -1.753235336089e+02   1.162062516981e+01
 -1.306870848122e+00    2.958616665315e-03  -1.843905898184e+02   1.162062516981e+01
 -5.507730800275e-01    1.675715937988e-01  -2.129876181696e+02  -2.836227145788e+01
 -1.048929305850e+00    2.764937372310e-01  -2.112249521484e+02  -2.836227145788e+01
 -6.200523113742e-01    1.001517949643e-01  -1.993090724956e+02  -2.836227145788e+01
 -9.104031079727e-05    4.010614061934e-04  -2.344398981234e+02  -2.738775258458e+01
 -3.946049783849e-01    1.743897471753e-01  -2.345405337377e+02  -2.738775258458e+01
 -2.890062398455e-03    1.614822483577e-03  -2.255085355457e+02  -2.738775258458e+01
 -3.909092570549e-01    1.724394322939e-01  -2.344268406038e+02  -1.952680663307e+01
 -7.519814298172e-01    2.982927524652e-01  -2.321082357724e+02  -1.952680663307e+01
 -4.718128762587e-01    1.970571044384e-01  -2.251807723267e+02  -1.952680663307e+01
 -6.496247349834e-01    8.733453502310e-02  -1.403208250937e+02  -1.621726963323e+01
 -2.823097423897e-04   -1.054529295247e-03  -1.322956334282e+02  -1.621726963323e+01
 -1.891722219932e-03    3.399376118260e-04  -1.403380697006e+02  -1.621726963323e+01
 -2.542859351644e-03    3.661196532477e-03  -2.408270797040e+02  -8.801030416536e+00
 -3.145605082549e-01   -6.864874665464e-03  -2.420643210357e+02  -8.801030416536e+00
 -3.310123916802e-01    9.177914954893e-02  -2.399843792978e+02  -8.801030416536e+00
 -1.696986488155e-03    1.455498528907e-03  -2.345246277206e+02  -2.218670199596e+01
  8.157413221505e-04   -1.039097068777e-03  -2.407646230391e+02  -2.218670199596e+01
 -3.914140513328e-01    1.722807647366e-01  -2.344548290033e+02  -2.218670199596e+01
 -7.322864183813e-01   -1.425065856275e-01  -2.177112125675e+02  -1.701693225370e+01
 -3.217122614587e-03    5.750606537053e-04  -2.223510704091e+02  -1.701693225370e+01
 -5.829547701902e-01   -1.043564689423e-01  -2.233498489195e+02  -1.701693225370e+01
 -3.924815652107e-01    1.733586352726e-01  -2.345525309212e+02  -3.389211466359e+01
 -4.712132926136e-01    1.963192072127e-01  -2.250809656607e+02  -3.389211466359e+01
 -4.982129266318e-03    2.759341099881e-03  -2.254685599226e+02  -3.389211466359e+01
 -9.103113374838e-04   -1.939313892663e-04  -2.407496726895e+02  -1.750617551662e+01
 -3.321481409091e-01    9.386425342353e-02  -2.400021297506e+02  -1.750617551662e+01
 -3.891752235315e-01    1.714459887337e-01  -2.344686373630e+02  -1.750617551662e+01
 -3.486575704156e-03   -4.346468330828e-04  -1.994704968575e+02  -4.428090644541e+01
 -5.961331227150e-04    2.745288225888e-03  -2.133178961301e+02  -4.428090644541e+01
 -6.216790469809e-01    1.025141570248e-01  -1.991478428765e+02  -4.428090644541e+01
 -1.382842721409e-03    2.562563837965e-03  -1.992649307133e+02  -4.751690279399e+01
 -6.629687178739e-01    4.216287210112e-03  -1.844354519584e+02  -4.751690279399e+01
 -2.389042336279e-03   -1.095789613794e-03  -1.846085681038e+02  -4.751690279399e+01
 -9.785245301145e-01   -5.385332302781e-02  -1.919350719382e+02  -1.993898799373e+01
 -7.646492960127e-03   -1.102718223679e-03  -2.070371743527e+02  -1.993898799373e+01
 -8.700400082689e-01   -1.281615900699e-01  -2.067896014701e+02  -1.993898799373e+01
 -6.624558361104e-04    1.410494464759e-03  -2.253020354606e+02  -3.596572085215e+01
 -4.756140149210e-01    1.971148699958e-01  -2.251956123334e+02  -3.596572085215e+01
 -4.082523524738e-03    5.174410272797e-04  -2.136240314999e+02  -3.596572085215e+01
 -4.169163823367e-03    3.997306590200e-03  -2.133320166455e+02  -4.627050256404e+01
 -5.508332555523e-01    1.663238670548e-01  -2.130844518588e+02  -4.627050256404e+01
 -6.183671148496e-01    1.018632543233e-01  -1.991518105947e+02  -4.627050256404e+01
 -7.630969995143e-01    3.837258804632e-02  -1.932386451791e+02   2.348194308301e+01
 -7.409764943040e-03   -9.830114402172e-04  -1.814891228321e+02   2.348194308301e+01
 -7.678142967150e-01   -3.916383526778e-02  -1.753258026444e+02   2.348194308301e+01
 -5.538559344932e-01    1.068795334485e-01  -2.197963519800e+02   1.842635128929e+01
  4.370275479932e-04   -2.765821240547e-04  -2.239159510544e+02   1.842635128929e+01
 -2.144986863927e-03    7.674513459734e-05  -2.178726984599e+02   1.842635128929e+01
 -7.443610896057e-03    1.829486806557e-03  -2.135869857114e+02  -4.200588748871e+01
 -4.729533657256e-01    1.960819081158e-01  -2.252118630621e+02  -4.200588748871e+01
 -5.489492072044e-01    1.674148711193e-01  -2.130005203972e+02  -4.200588748871e+01
 -4.715467814243e-01    1.966093253434e-01  -2.250736394540e+02  -2.489233450417e+01
 -9.027660339469e-01    3.337060174953e-01  -2.227654936662e+02  -2.489233450417e+01
 -5.504495113036e-01    1.674627191397e-01  -2.131244976480e+02  -2.489233450417e+01
 -7.108875965430e-01    9.748747690851e-02  -2.090548311181e+02   2.351580121349e+01
 -7.377941189854e-03   -1.586522101112e-03  -1.961624214729e+02   2.351580121349e+01
 -7.613831310603e-01    3.942861795051e-02  -1.932229718883e+02   2.351580121349e+01
 -1.196700560491e+00    1.065265321562e-03  -1.843824636960e+02  -7.231113224061e+00
 -1.303151014957e+00    3.715478030415e-03  -1.844363393757e+02  -7.231113224061e+00
 -1.313374005884e+00   -1.319476600959e-01  -1.713041662611e+02  -7.231113224061e+00
 -4.740205777045e-01    1.975262750110e-01  -2.251564153878e+02  -2.111438282971e+01
 -7.500578440301e-01    2.979279270770e-01  -2.321307970817e+02  -2.111438282971e+01
 -8.994969562363e-01    3.329754236378e-01  -2.226800724887e+02  -2.111438282971e+01
  2.137128517244e-04    4.918164024561e-04  -2.086656019825e+02   2.374623530128e+01
 -4.352569305797e-03   -1.133916241443e-03  -1.961905522803e+02   2.374623530128e+01
 -7.133549859869e-01    9.671437572357e-02  -2.090381233848e+02   2.374623530128e+01
 -3.162495912625e-01   -6.648434684841e-03  -2.420548353250e+02  -2.626983810270e+00
 -9.415785091182e-04    3.020873517104e-03  -2.408550943626e+02  -2.626983810270e+00
 -4.032027128439e-04   -1.261953479166e-03  -2.421907221339e+02  -2.626983810270e+00
 -1.237968598748e+00   -3.063510431034e-01  -2.323590914683e+02  -2.041387468874e+00
 -1.220711817693e+00   -1.387748309686e-01  -2.382456832457e+02  -2.041387468874e+00
 -9.958076223055e-01   -2.759206134059e-01  -2.350540359708e+02  -2.041387468874e+00
 -1.222944678671e+00   -1.347842826285e-01  -2.382597541703e+02  -2.641464673130e+00
 -1.453642874344e+00   -4.377578074378e-03  -2.403692851842e+02  -2.641464673130e+00
 -1.454466515922e+00    5.569913374728e-03  -2.416913396496e+02  -2.641464673130e+00
 -1.451304050827e+00    1.091849047779e-03  -2.403169958395e+02  -9.122757114639e+00
 -1.228940204208e+00   -3.033614626336e-01  -2.324488413619e+02  -9.122757114639e+00
 -1.309752918218e+00   -2.623477095512e-03  -2.344741593557e+02  -9.122757114639e+00
 -1.230276042691e+00   -3.027446812615e-01  -2.324284209559e+02  -2.946714952520e+00
 -1.450073935818e+00   -2.557887419224e-04  -2.403319520376e+02  -2.946714952520e+00
 -1.224944623566e+00   -1.414860050434e-01  -2.382323267263e+02  -2.946714952520e+00
 -1.306480784962e+00   -1.519878300249e-03  -2.344853624811e+02  -1.233706587459e+01
 -1.235842251392e+00   -3.054647331716e-01  -2.324192143346e+02  -1.233706587459e+01
 -1.021385382882e+00   -1.417231085767e-03  -2.285390468183e+02  -1.233706587459e+01
 -8.387221315892e-03    4.125483800293e-04  -7.316443547404e+00   1.050272557699e+01
  7.578401128937e-05   -2.224713520673e-04  -4.176498024525e-02   1.050272557699e+01
 -1.076974372952e+00    1.504591311929e-02   2.193338235972e-02   1.050272557699e+01
 -1.223933626244e+00   -1.393497194072e-01  -2.381584903735e+02   1.073611678413e+00
 -9.258789336260e-01   -2.176671173618e-02  -2.381830141399e+02   1.073611678413e+00
 -9.908561957203e-01   -2.741726297049e-01  -2.351297750409e+02   1.073611678413e+00
 -1.222930191480e+00   -1.395522059066e-01  -2.382474459063e+02   2.495153895056e-01
 -1.205111354878e+00    1.087359788350e-01  -2.384333107586e+02   2.495153895056e-01
 -9.278354654300e-01   -2.010193296985e-02  -2.381145440783e+02   2.495153895056e-01
 -6.565157740919e-01   -2.004540916786e-01  -2.378421027056e+02   2.916401594123e+00
 -9.917241849796e-01   -2.752216361398e-01  -2.351311621865e+02   2.916401594123e+00
 -9.237850891173e-01   -2.057775769027e-02  -2.382563441831e+02   2.916401594123e+00
 -7.746916634417e-01   -3.265755614405e-01  -2.314210676802e+02   1.537795984163e+01
 -6.553327361253e-01   -2.014992354377e-01  -2.379180902949e+02   1.537795984163e+01
 -4.000614921497e-01   -1.841967582616e-01  -2.337893493067e+02   1.537795984163e+01
 -9.902451669238e-01   -2.761467042061e-01  -2.352105853422e+02   6.444890523995e+00
 -7.759615438795e-01   -3.270314009297e-01  -2.314388026324e+02   6.444890523995e+00
 -1.112457468646e+00   -4.138434940532e-01  -2.280601978731e+02   6.444890523995e+00
 -7.732493706440e-01   -3.269644252181e-01  -2.314901576526e+02   9.236836561571e+00
 -9.922340861276e-01   -2.758392428382e-01  -2.351625750011e+02   9.236836561571e+00
 -6.563581929107e-01   -2.007289558712e-01  -2.378150209678e+02   9.236836561571e+00
 -1.266083503025e+00   -4.123186262401e-01  -2.185028713329e+02   9.606374144006e+00
 -1.109759665137e+00   -4.141762648805e-01  -2.281936385215e+02   9.606374144006e+00
 -9.392229314441e-01   -3.617530728603e-01  -2.219370216144e+02   9.606374144006e+00
 -9.957019659523e-01   -2.774263103723e-01  -2.350754778146e+02   1.766545772755e+00
 -1.108786106607e+00   -4.127460981745e-01  -2.281087627074e+02   1.766545772755e+00
 -1.238068771835e+00   -3.054824357416e-01  -2.323215598077e+02   1.766545772755e+00
 -6.552755212228e-01   -2.000133582520e-01  -2.378543565229e+02   6.320447146409e+00
 -6.083863267213e-01   -1.654080680002e-02  -2.402664651278e+02   6.320447146409e+00
 -3.385946436236e-01   -1.124500263183e-01  -2.399191442026e+02   6.320447146409e+00
 -6.543883897927e-01   -2.003506429884e-01  -2.378904656509e+02   3.583747498134e+00
 -9.258649585245e-01   -2.035332808923e-02  -2.382064165688e+02   3.583747498134e+00
 -6.090505397705e-01   -1.569782278760e-02  -2.401937490239e+02   3.583747498134e+00
 -9.257765714332e-01   -1.984489820680e-02  -2.382068374045e+02  -2.673300547877e+00
 -6.414378117026e-01    1.686857130894e-01  -2.381557795615e+02  -2.673300547877e+00
 -6.090927287878e-01   -1.518035431930e-02  -2.401936052355e+02  -2.673300547877e+00
 -1.232799452706e+00   -3.045167170177e-01  -2.323904265282e+02  -6.053310510822e-01
 -1.113507859046e+00   -4.132217462156e-01  -2.280614952537e+02  -6.053310510822e-01
 -1.202328433526e+00   -3.837521558536e-01  -2.244153451318e+02  -6.053310510822e-01
 -1.016883626307e+00   -3.374948895525e-03  -2.284805248547e+02  -1.433586775496e+01
 -1.044426868850e+00   -2.427912414281e-01  -2.259355607227e+02  -1.433586775496e+01
 -5.822254062109e-01    2.232658975121e-03  -2.251341023486e+02  -1.433586775496e+01
 -1.019123726217e+00   -2.841645666029e-03  -2.285705502301e+02  -8.941625839660e+00
 -1.238798405194e+00   -3.048088837801e-01  -2.323624037547e+02  -8.941625839660e+00
 -1.043145594434e+00   -2.454098968550e-01  -2.258792730508e+02  -8.941625839660e+00
 -5.809634086753e-01   -2.020168085835e-03  -2.251232909911e+02  -1.480148347487e+01
 -5.812003965882e-01   -1.032716622752e-01  -2.233613897520e+02  -1.480148347487e+01
  5.488375349479e-04    2.719633614773e-03  -2.252261230789e+02  -1.480148347487e+01
 -5.840763227675e-01   -1.069667268046e-01  -2.233081433005e+02  -1.201371371083e+01
 -5.794957599850e-01    9.680096700144e-04  -2.252106817014e+02  -1.201371371083e+01
 -1.047811915488e+00   -2.413939106635e-01  -2.258796423355e+02  -1.201371371083e+01
 -7.398514567652e-01   -1.421624238918e-01  -2.176843178680e+02  -1.846572174281e+01
 -6.611784319695e-03    1.326839150066e-04  -2.072021820843e+02  -1.846572174281e+01
  1.668463160544e-03    1.537422083058e-04  -2.224661218283e+02  -1.846572174281e+01
 -4.416756611325e-03    4.372028014004e-04  -1.138172607716e+02  -1.170786998581e+01
 -2.768553941861e-04   -3.499450896641e-04  -1.220360475905e+02  -1.170786998581e+01
 -8.202283998460e-01    1.176059927208e-02  -1.224256518809e+02  -1.170786998581e+01
 -1.047286851802e+00   -2.431636307738e-01  -2.258598140265e+02  -1.164444489400e+01
 -1.030231692233e+00   -2.644395546038e-01  -2.214135012218e+02  -1.164444489400e+01
 -5.854518840452e-01   -1.052518984619e-01  -2.232901043355e+02  -1.164444489400e+01
 -7.082539677831e-01   -2.677284923850e-02  -1.232783406773e+02   1.180166159766e+01
  2.243029348313e-04    5.077380890538e-04  -1.224837649544e+02   1.180166159766e+01
 -3.918151427155e-03   -3.597644633289e-04  -1.147410594958e+02   1.180166159766e+01
 -1.199043982750e+00   -3.833605848259e-01  -2.244837807092e+02  -2.253523933929e+00
 -1.266782511062e+00   -4.110806989098e-01  -2.185094739017e+02  -2.253523933929e+00
 -1.158966119352e+00   -2.886647315752e-01  -2.154683708994e+02  -2.253523933929e+00
 -1.261899852322e+00   -4.116673276587e-01  -2.185747473266e+02   3.271761703492e+00
 -1.202809492999e+00   -3.833085355810e-01  -2.244118763840e+02   3.271761703492e+00
 -1.113656547439e+00   -4.140864632213e-01  -2.280513683926e+02   3.271761703492e+00
 -1.031484884467e+00   -2.648463716113e-01  -2.213987727509e+02  -1.087567947988e+01
 -1.155234720357e+00   -2.876500624922e-01  -2.155453181850e+02  -1.087567947988e+01
 -7.332327911840e-01   -1.429596758261e-01  -2.176574828875e+02  -1.087567947988e+01
 -1.155258871125e+00   -2.887058779520e-01  -2.155335468849e+02  -4.843094536194e+00
 -1.031693694404e+00   -2.646746935352e-01  -2.213977949238e+02  -4.843094536194e+00
 -1.201947790930e+00   -3.831419706288e-01  -2.244151711032e+02  -4.843094536194e+00
 -7.313958915379e-01   -1.433488345957e-01  -2.177076503640e+02  -1.025219903653e+01
 -1.157238830818e+00   -2.873637632936e-01  -2.155313388392e+02  -1.025219903653e+01
 -8.707617023676e-01   -1.295493054347e-01  -2.067933407774e+02  -1.025219903653e+01
 -1.032685018810e+00   -2.644635740576e-01  -2.213676274028e+02  -1.097622140926e+01
 -7.316902852079e-01   -1.433167660559e-01  -2.177047117326e+02  -1.097622140926e+01
 -5.826571928984e-01   -1.047352339662e-01  -2.233616939686e+02  -1.097622140926e+01
 -1.267931769285e+00   -4.112782787841e-01  -2.184718355368e+02   6.896482152305e-01
 -1.378149376393e+00   -3.056710729251e-01  -2.078972614188e+02   6.896482152305e-01
 -1.157794334781e+00   -2.885339898158e-01  -2.155018892446e+02   6.896482152305e-01
 -1.202360165632e+00   -3.826961999788e-01  -2.244221809125e+02  -6.712744500323e+00
 -1.031259454156e+00   -2.647996665540e-01  -2.213965100698e+02  -6.712744500323e+00
 -1.045176631099e+00   -2.440014257082e-01  -2.259109636999e+02  -6.712744500323e+00
 -1.234909603012e+00   -3.050168853382e-01  -2.323443123339e+02  -7.061001263815e+00
 -1.200162486169e+00   -3.828153619911e-01  -2.244506285442e+02  -7.061001263815e+00
 -1.046825788830e+00   -2.445224713155e-01  -2.258681463439e+02  -7.061001263815e+00
 -7.362844216487e-01   -1.428537131590e-01  -2.177344332645e+02  -2.117744354599e+01
 -8.664243637284e-01   -1.291807649735e-01  -2.067742080516e+02  -2.117744354599e+01
 -1.198789993120e-02    8.008085211812e-04  -2.070976957786e+02  -2.117744354599e+01
 -1.112894727956e+00   -4.142540937882e-01  -2.281243269720e+02   1.266102327046e+01
 -7.762149922638e-01   -3.270722495667e-01  -2.313743639977e+02   1.266102327046e+01
 -9.356068742326e-01   -3.616841887017e-01  -2.220026754621e+02   1.266102327046e+01
 -2.280451380209e-02   -6.093654291663e-04  -1.909040918946e+01   1.017345815970e+01
 -1.471839551744e+00   -1.801721173444e-02  -1.151696753840e+01   1.017345815970e+01
 -1.265423158009e+00   -3.272249830550e-02  -2.172131452519e+01   1.017345815970e+01
 -3.147242976487e-01   -1.083016035076e-02  -2.420724332627e+02   1.059493886190e+01
 -2.081678910479e-03   -3.053505765694e-03  -2.404365356288e+02   1.059493886190e+01
 -3.374275262750e-01   -1.105021162830e-01  -2.398970748354e+02   1.059493886190e+01
 -3.163074812244e-01   -1.100123951017e-02  -2.420614566830e+02   3.856279332683e+00
 -4.261566726751e-04    1.030947758435e-03  -2.421865193903e+02   3.856279332683e+00
 -7.674319831106e-04   -2.680508169170e-03  -2.404702819317e+02   3.856279332683e+00
 -3.381384945763e-01   -1.130395230199e-01  -2.399802028895e+02   2.368530481502e+01
 -4.328998025318e-03   -4.202390427660e-03  -2.346752143951e+02   2.368530481502e+01
 -3.973629206137e-01   -1.820009149019e-01  -2.337351308185e+02   2.368530481502e+01
 -4.844056308914e-01   -2.113329386575e-01  -2.244395666445e+02   3.142367117304e+01
 -3.993163344601e-01   -1.832044545684e-01  -2.337831894260e+02   3.142367117304e+01
 -1.027721292331e-03   -2.022084719726e-03  -2.345200671193e+02   3.142367117304e+01
 -4.893064272404e-01   -2.124870859445e-01  -2.245014409795e+02   2.272642990881e+01
 -9.371206246119e-01   -3.614291257933e-01  -2.219109494954e+02   2.272642990881e+01
 -7.749641062826e-01   -3.273206426354e-01  -2.315076670593e+02   2.272642990881e+01
 -4.865535307983e-01   -2.119383484956e-01  -2.245345646392e+02   2.104732188863e+01
 -7.771753171991e-01   -3.277701757821e-01  -2.314826756902e+02   2.104732188863e+01
 -3.984773995834e-01   -1.830644668831e-01  -2.337203639216e+02   2.104732188863e+01
 -2.344597059324e-03   -2.915000871757e-03  -2.347101683959e+02   1.706653987495e+01
 -3.398631930284e-01   -1.138153652070e-01  -2.399615812532e+02   1.706653987495e+01
 -1.299676655353e-04    3.718141304284e-04  -2.403494923276e+02   1.706653987495e+01
 -6.571418983477e-01   -2.017882443434e-01  -2.378959928340e+02   1.326789802946e+01
 -3.373266157789e-01   -1.112051296140e-01  -2.398854400216e+02   1.326789802946e+01
 -3.979413109144e-01   -1.836313700989e-01  -2.338149576008e+02   1.326789802946e+01
  1.181857464268e-03   -6.008418771636e-04  -2.345237871306e+02   3.346488523856e+01
 -3.036864250591e-03   -1.354456124526e-03  -2.248908806825e+02   3.346488523856e+01
 -4.868309185483e-01   -2.123035062231e-01  -2.244255283708e+02   3.346488523856e+01
 -7.699756381715e-01   -4.041171944985e-02  -1.753282092415e+02   2.170643698314e+01
 -3.753078729340e-03   -1.453355536962e-03  -1.556722055085e+02   2.170643698314e+01
 -7.024029800027e-01   -8.407401428517e-02  -1.595836489340e+02   2.170643698314e+01
 -1.473284312483e+00    2.901861823934e-02  -8.293682013632e+01  -7.922464925192e+00
 -4.495615785668e-02   -1.754954195914e-03  -9.184914201782e+01  -7.922464925192e+00
 -1.670886424651e+00    2.026844981600e-02  -9.321030863511e+01  -7.922464925192e+00
 -5.807076429072e-01    3.018695465077e-03  -2.282314016384e+02   1.588530691703e+01
 -2.656872257761e-03    1.688407118905e-03  -2.263824720999e+02   1.588530691703e+01
 -4.431784813579e-01    7.970121358161e-02  -2.258512068178e+02   1.588530691703e+01
 -5.863663812409e-01   -1.836023716402e-01  -2.126092521418e+02   4.425023382062e+01
 -1.027187876395e-03   -1.560945345056e-03  -2.124390670846e+02   4.425023382062e+01
 -3.485302562130e-03    1.063878293973e-03  -1.988080801733e+02   4.425023382062e+01
 -5.829193111687e-01   -1.859471664584e-01  -2.124615216919e+02   4.153082396870e+01
  6.958351348967e-04   -1.724542851617e-03  -2.247640640497e+02   4.153082396870e+01
 -2.809772387354e-03   -2.951182016718e-04  -2.125846386509e+02   4.153082396870e+01
 -5.852253003601e-01   -8.504522836661e-02  -1.473013730404e+02   1.721984930988e+01
 -9.598771000490e-04    8.576621538389e-04  -1.399459421004e+02   1.721984930988e+01
 -4.898929180991e-01   -6.538840886688e-02  -1.394666595088e+02   1.721984930988e+01
 -4.882262415949e-01   -2.113149693986e-01  -2.244915076342e+02   4.195428798885e+01
 -2.038669606513e-03   -2.954794977436e-03  -2.247671150256e+02   4.195428798885e+01
 -5.796509981392e-01   -1.849804035298e-01  -2.124666759870e+02   4.195428798885e+01
 -1.077169491661e+00   -8.119190658207e-02  -1.319939293770e+02   7.423191161199e+00
 -7.499496824873e-01   -5.272689123786e-02  -1.318123204237e+02   7.423191161199e+00
 -7.413087112333e-01   -2.701818764896e-02  -1.273178357662e+02   7.423191161199e+00
 -6.477154369112e-01   -1.034231896868e-01  -1.987108156145e+02   4.739832023460e+01
 -2.266613347985e-03   -1.862520749522e-03  -1.985737891872e+02   4.739832023460e+01
 -3.547412898833e-03    2.346744671112e-03  -1.840120113314e+02   4.739832023460e+01
 -9.377271440637e-01   -3.614284990918e-01  -2.220205700145e+02   2.789424563681e+01
 -5.841030562832e-01   -1.845303264721e-01  -2.125702366578e+02   2.789424563681e+01
 -1.094954292458e+00   -3.006439420691e-01  -2.103663519810e+02   2.789424563681e+01
 -5.813453508278e-01   -1.841495050432e-01  -2.125978243049e+02   2.658082572116e+01
 -9.400163201431e-01   -3.619851509594e-01  -2.219967507743e+02   2.658082572116e+01
 -4.874380191925e-01   -2.117493540128e-01  -2.244062063094e+02   2.658082572116e+01
 -1.423654846051e+00   -1.642266057209e-01  -1.962739382676e+02  -4.463787221280e+00
 -8.797767778183e-01   -1.307449910730e-01  -2.066957671778e+02  -4.463787221280e+00
 -1.386605934110e+00   -3.037532938263e-01  -2.077652590800e+02  -4.463787221280e+00
 -8.802009892241e-01   -1.291748019651e-01  -2.066807398941e+02  -6.951950608538e+00
 -1.152230456662e+00   -2.882889804806e-01  -2.156261737187e+02  -6.951950608538e+00
 -1.385179413061e+00   -3.048351444424e-01  -2.078042826721e+02  -6.951950608538e+00
 -1.382978733926e+00   -3.057894125564e-01  -2.077984726983e+02   1.077421931145e+01
 -1.263356754642e+00   -4.124509359955e-01  -2.186704758194e+02   1.077421931145e+01
 -1.097217439481e+00   -3.009509550597e-01  -2.104090320561e+02   1.077421931145e+01
 -1.097046615317e+00   -2.999309718549e-01  -2.103037710301e+02   1.399501520468e+01
 -1.202832483288e+00   -1.711985654317e-01  -1.975952341345e+02   1.399501520468e+01
 -1.383922610001e+00   -3.070007466958e-01  -2.079064394299e+02   1.399501520468e+01
 -1.098171996774e+00   -3.007242910748e-01  -2.104700482267e+02   2.973665804547e+01
 -5.817112692610e-01   -1.840534961844e-01  -2.124652691803e+02   2.973665804547e+01
 -6.444461152420e-01   -1.051636933012e-01  -1.987161307974e+02   2.973665804547e+01
 -9.392465657925e-01   -3.614400484035e-01  -2.218528222481e+02   1.412547581319e+01
 -1.093488899664e+00   -3.010465378318e-01  -2.104855516584e+02   1.412547581319e+01
 -1.266681423305e+00   -4.127776137431e-01  -2.185904120634e+02   1.412547581319e+01
 -6.438564262508e-01   -1.055653196233e-01  -1.985648740870e+02   3.141143676828e+01
 -6.710305414816e-01   -3.523669589178e-03  -1.839627818220e+02   3.141143676828e+01
 -1.208026927818e+00   -1.696683751041e-01  -1.975658630157e+02   3.141143676828e+01
 -6.436169107322e-01   -1.058090642084e-01  -1.985819176906e+02   5.073453822204e+01
 -5.830725392660e-01   -1.825635578965e-01  -2.126179201880e+02   5.073453822204e+01
 -6.758020940462e-03    2.060741331542e-04  -1.987738345731e+02   5.073453822204e+01
 -1.430643535273e+00   -1.633707994357e-01  -1.963003359701e+02   1.296071176300e+01
 -1.204858309806e+00   -1.689774154209e-01  -1.973868938060e+02   1.296071176300e+01
 -1.246484939061e+00   -9.439295782263e-03  -1.839894972031e+02   1.296071176300e+01
 -1.205956505927e+00   -1.706440858549e-01  -1.975157719210e+02   1.018031313533e+01
 -1.428886381166e+00   -1.617980269398e-01  -1.961709082948e+02   1.018031313533e+01
 -1.380955701233e+00   -3.069582456678e-01  -2.079892597163e+02   1.018031313533e+01
 -9.797960966852e-01   -5.344323420671e-02  -1.919177997880e+02  -5.236649636258e+00
 -1.425952843510e+00   -1.606826148235e-01  -1.962086231399e+02  -5.236649636258e+00
 -1.425749967453e+00   -9.541387930370e-03  -1.837323287446e+02  -5.236649636258e+00
 -1.427826207510e+00   -1.630249259128e-01  -1.962164918738e+02  -8.648742840734e+00
 -9.775401162428e-01   -5.133067871116e-02  -1.919106003411e+02  -8.648742840734e+00
 -8.736019071342e-01   -1.314926611690e-01  -2.067871600350e+02  -8.648742840734e+00
 -1.243724893095e+00   -7.767920857345e-03  -1.837989340813e+02   3.236467486372e+01
 -1.204912256870e+00   -1.692019717000e-01  -1.975830909012e+02   3.236467486372e+01
 -6.748905195546e-01   -3.448130227593e-03  -1.839517735416e+02   3.236467486372e+01
 -6.472493549731e-01   -1.055466626353e-01  -1.986903488383e+02   3.119546874864e+01
 -1.204330764248e+00   -1.702416054350e-01  -1.974493840520e+02   3.119546874864e+01
 -1.095657694548e+00   -3.000357341538e-01  -2.104947906150e+02   3.119546874864e+01
 -7.806554697093e-03    2.274219769920e-03  -1.839842828760e+02   5.322740076536e+01
 -6.691313719295e-01   -5.016661687266e-03  -1.838113823107e+02   5.322740076536e+01
 -6.442308755040e-01   -1.031005199239e-01  -1.987168487857e+02   5.322740076536e+01
 -9.781319508118e-01   -5.259396952664e-02  -1.919429375909e+02  -2.190224071974e+01
 -9.779077898988e-01    4.590884950175e-02  -1.751820910341e+02  -2.190224071974e+01
 -9.961784803335e-03    8.051319383330e-04  -1.812082045803e+02  -2.190224071974e+01
 -7.909187779038e-03   -2.212353156485e-03  -1.837017169399e+02   5.298108058261e+01
 -6.405750450836e-01    9.270643231242e-02  -1.690711538417e+02   5.298108058261e+01
 -6.690772365026e-01   -2.693381458884e-03  -1.838969251235e+02   5.298108058261e+01
 -3.369918247066e-01   -1.121591760565e-01  -2.399429937013e+02   3.964695969017e+00
 -6.101331096420e-01   -1.658656384626e-02  -2.402478756137e+02   3.964695969017e+00
 -3.145163721534e-01   -8.564088044014e-03  -2.419981032026e+02   3.964695969017e+00
 -6.101123253060e-01   -1.432512773528e-02  -2.402508713779e+02  -2.863297834654e+00
 -3.307951518583e-01    9.372893729990e-02  -2.400357076296e+02  -2.863297834654e+00
 -3.144653791032e-01   -9.196847442966e-03  -2.419957866521e+02  -2.863297834654e+00
 -3.946429859996e-03    1.337620919857e-03  -1.812713748926e+02  -2.447047905247e+01
 -2.220981238365e-03   -1.429326548176e-03  -2.070677961099e+02  -2.447047905247e+01
 -9.836805853090e-01   -5.343987668152e-02  -1.919200011643e+02  -2.447047905247e+01
 -5.926994844284e-01   -8.521978668792e-02  -1.473172677396e+02   1.977519137332e+01
 -4.945466276810e-03    2.762173451431e-05  -1.557220920241e+02   1.977519137332e+01
  9.339245737616e-04    3.235031444263e-05  -1.465194604034e+02   1.977519137332e+01
 -1.418082873897e+00   -3.340313456697e-03  -1.224609346185e+02   3.000969099541e+00
 -1.207303814272e+00   -2.370445201054e-02  -1.220881039559e+02   3.000969099541e+00
 -1.509431659371e+00   -1.518151553591e-02  -1.109373244698e+02   3.000969099541e+00
 -1.316984081108e+00   -1.314451543317e-01  -1.713735943286e+02  -1.097438901510e+01
 -1.148498362279e+00   -1.455621325463e-01  -1.708899534811e+02  -1.097438901510e+01
 -1.192636581989e+00    2.402317090114e-04  -1.843296516033e+02  -1.097438901510e+01
 -1.314135060284e+00   -1.308286107962e-01  -1.714442256558e+02   1.134253464727e+01
 -7.705726817880e-01   -3.786440538444e-02  -1.753591959496e+02   1.134253464727e+01
 -7.048293361336e-01   -8.649978264095e-02  -1.595781754701e+02   1.134253464727e+01
 -6.153122023731e-01   -9.243360788035e-02  -1.698098779979e+02  -5.041590683318e+01
 -6.228637223492e-03   -3.558332481991e-03  -1.698161584322e+02  -5.041590683318e+01
 -6.592108535351e-01   -3.182497170149e-05  -1.845979969149e+02  -5.041590683318e+01
 -6.601091245076e-01    2.198693145746e-03  -1.844165715773e+02  -2.992927129494e+01
 -1.151040139453e+00   -1.464453636792e-01  -1.707220656877e+02  -2.992927129494e+01
 -6.159687617091e-01   -9.388546005014e-02  -1.699159536262e+02  -2.992927129494e+01
 -6.189236533820e-01   -9.402948978560e-02  -1.697902470608e+02  -2.907788887485e+01
 -1.147809829621e+00   -1.468665527578e-01  -1.708334304229e+02  -2.907788887485e+01
 -1.041792815679e+00   -2.612173864478e-01  -1.578722397120e+02  -2.907788887485e+01
 -8.565666879423e-03    5.333458446358e-07  -1.695403868764e+02  -4.784691655770e+01
 -6.139402966031e-01   -9.420216024969e-02  -1.698993586941e+02  -4.784691655770e+01
 -5.569724149708e-01   -1.639176587621e-01  -1.559643459468e+02  -4.784691655770e+01
 -1.315451704575e+00   -1.297522706848e-01  -1.714951418685e+02  -7.796999885188e+00
 -1.286946817924e+00   -2.487128598486e-01  -1.595899646012e+02  -7.796999885188e+00
 -1.149387064354e+00   -1.472926242679e-01  -1.707658430422e+02  -7.796999885188e+00
 -1.900099275779e-03   -2.316629430399e-04  -2.178420173211e+02   1.940514132708e+01
 -7.052780093489e-01    9.826295264205e-02  -2.090402086860e+02   1.940514132708e+01
 -5.542724666682e-01    1.074010351322e-01  -2.197997717443e+02   1.940514132708e+01
 -7.297893975497e-01   -2.758150116431e-01  -1.378166317671e+02  -1.104410132826e+01
 -8.857394855608e-01   -3.108124104172e-01  -1.466999503995e+02  -1.104410132826e+01
 -1.036920645113e+00   -3.251085787660e-01  -1.406919842954e+02  -1.104410132826e+01
 -1.289902560523e+00   -2.485852412175e-01  -1.596752950951e+02  -1.213543698054e+01
 -1.043263906593e+00   -2.608342773198e-01  -1.580651636770e+02  -1.213543698054e+01
 -1.146153796650e+00   -1.479879394713e-01  -1.706866558933e+02  -1.213543698054e+01
 -5.577458243183e-01   -1.655817570813e-01  -1.560140927044e+02  -2.570303283385e+01
 -1.041144724203e+00   -2.616413792978e-01  -1.580008817912e+02  -2.570303283385e+01
 -8.878429000082e-01   -3.106240185471e-01  -1.466867978189e+02  -2.570303283385e+01
 -5.553114633399e-01   -1.651139849834e-01  -1.561157872903e+02  -2.776265936420e+01
 -6.157532812268e-01   -9.375040470905e-02  -1.697619743463e+02  -2.776265936420e+01
 -1.044417932679e+00   -2.618078715069e-01  -1.578991720910e+02  -2.776265936420e+01
 -1.187069088305e+00   -3.311643041399e-01  -1.493727013067e+02  -1.239146060972e+01
 -8.892862631403e-01   -3.104828554320e-01  -1.468530735485e+02  -1.239146060972e+01
 -1.039627153171e+00   -2.621067454518e-01  -1.578835869238e+02  -1.239146060972e+01
 -4.442534773859e-03    8.525180160223e-04  -1.695081941712e+02  -4.208009980640e+01
 -5.605504132723e-01   -1.649242444256e-01  -1.559734282564e+02  -4.208009980640e+01
 -5.784613486505e-04   -1.385079938626e-03  -1.560909752076e+02  -4.208009980640e+01
 -1.289203633442e+00   -2.472751285058e-01  -1.597792519038e+02  -8.694702019813e+00
 -1.183904587313e+00   -3.309544299903e-01  -1.492890005656e+02  -8.694702019813e+00
 -1.043266862296e+00   -2.618969816518e-01  -1.579636666591e+02  -8.694702019813e+00
 -1.309373879068e+00   -1.320892871097e-01  -1.713999696017e+02   6.608310224742e+00
 -7.115010630475e-01   -8.572928139417e-02  -1.596541911775e+02   6.608310224742e+00
 -1.293448565849e+00   -2.453047418506e-01  -1.598031052082e+02   6.608310224742e+00
 -1.755067182883e-03    3.121515038351e-04  -1.961468132087e+02   2.544999185185e+01
 -3.221075204577e-03   -8.966921127155e-04  -1.815135680158e+02   2.544999185185e+01
 -7.665954301395e-01    3.796736623293e-02  -1.932282255051e+02   2.544999185185e+01
 -4.623987033828e-01   -1.853310956125e-01  -1.445223494247e+02  -2.450700749101e+01
 -5.551294524501e-01   -1.652255128578e-01  -1.559833494194e+02  -2.450700749101e+01
 -8.900449809579e-01   -3.111650665879e-01  -1.467129855118e+02  -2.450700749101e+01
 -5.570490280008e-01   -1.670547685135e-01  -1.561187591103e+02  -3.924106676065e+01
  2.778075873120e-04   -1.945631268067e-03  -1.439862412191e+02  -3.924106676065e+01
 -2.500204510252e-03   -1.768841012963e-04  -1.559468712267e+02  -3.924106676065e+01
 -2.724918918121e-03   -3.470817462195e-03  -1.439831913974e+02  -3.891577034407e+01
 -5.537051327684e-01   -1.660130110147e-01  -1.561113779497e+02  -3.891577034407e+01
 -4.626854149035e-01   -1.846329188305e-01  -1.444413719106e+02  -3.891577034407e+01
 -4.458172156490e-01    8.012668984969e-02  -2.258192512319e+02   1.484221085778e+01
  1.065453084220e-04    6.968719269561e-05  -2.264494368990e+02   1.484221085778e+01
 -1.466514296000e-03    1.356980182880e-04  -2.239029994885e+02   1.484221085778e+01
 -3.832367977822e-01   -1.658447647909e-01  -1.352209550759e+02  -2.647963424169e+01
  2.348187055822e-04   -2.496456321796e-04  -1.351322618261e+02  -2.647963424169e+01
 -3.686669830562e-03   -1.959638952022e-03  -1.437415405949e+02  -2.647963424169e+01
 -3.798103774136e-01   -1.638116905641e-01  -1.353045667355e+02  -2.132673669861e+01
  9.119665988423e-04    8.745627596657e-04  -1.289272111642e+02  -2.132673669861e+01
 -1.636906464633e-03   -1.329735634411e-03  -1.350484434415e+02  -2.132673669861e+01
 -4.891188210686e-01   -6.416133981382e-02  -1.394578662140e+02   1.628443764524e+01
 -1.144198336149e-03   -2.741820708162e-04  -1.399190494519e+02   1.628443764524e+01
  3.289307256626e-04    6.988715254470e-04  -1.321506016936e+02   1.628443764524e+01
 -3.808794951965e-01   -1.646743989905e-01  -1.352096283145e+02  -3.282315508488e+01
 -6.448507385968e-03   -3.463066833786e-03  -1.437760514909e+02  -3.282315508488e+01
 -4.605880045779e-01   -1.846089468823e-01  -1.445100016714e+02  -3.282315508488e+01
 -8.636331386093e-01    6.959948124640e-02  -1.322417611729e+02  -1.285171242078e+01
 -8.534024767608e-01    3.175881103755e-02  -1.269619915307e+02  -1.285171242078e+01
 -7.622586205090e-03    3.538181254331e-04  -1.322872426995e+02  -1.285171242078e+01
 -3.175772363640e-01   -9.058295360066e-02  -1.299594921878e+02  -1.173263212855e+01
 -3.785811759471e-01   -1.643524526330e-01  -1.352382059406e+02  -1.173263212855e+01
 -6.138942955499e-01   -1.605001245202e-01  -1.319551447120e+02  -1.173263212855e+01
 -7.308298642486e-01   -2.767689711326e-01  -1.377006227351e+02  -1.890497549866e+01
 -3.790640162376e-01   -1.637008807953e-01  -1.353319996953e+02  -1.890497549866e+01
 -4.620281715128e-01   -1.856424263483e-01  -1.444053727398e+02  -1.890497549866e+01
 -8.625455362809e-04   -2.837699116616e-03  -1.288246665623e+02  -2.993643176298e+00
 -3.000325618827e-01   -9.531373417138e-04  -1.279624240895e+02  -2.993643176298e+00
 -5.438919250831e-04    1.184770333116e-03  -1.272234623485e+02  -2.993643176298e+00
 -2.362952029716e-03   -3.497609992748e-03  -1.288537953220e+02  -8.773515541430e+00
 -3.168490440590e-01   -8.937624689831e-02  -1.299415323397e+02  -8.773515541430e+00
 -2.985299483302e-01   -6.549868333023e-04  -1.279451819067e+02  -8.773515541430e+00
 -5.759430115774e-01    2.790133698531e-03  -1.299012576759e+02  -3.041568596933e+00
 -2.986519129081e-01    1.504842921535e-03  -1.280127349415e+02  -3.041568596933e+00
 -3.166219679464e-01   -9.113100241277e-02  -1.298910654723e+02  -3.041568596933e+00
 -9.012607936166e-04   -1.645366230619e-03  -1.271891177882e+02   4.417461672377e+00
 -2.993911212569e-01    2.022465110452e-03  -1.280024811410e+02   4.417461672377e+00
 -3.217289861585e-01    9.484718632132e-02  -1.294403625537e+02   4.417461672377e+00
 -6.121616073437e-01   -1.603253545504e-01  -1.319314977752e+02  -1.343569719032e+01
 -3.805610142089e-01   -1.646902290084e-01  -1.352705745823e+02  -1.343569719032e+01
 -7.283367099148e-01   -2.754883238939e-01  -1.377651047178e+02  -1.343569719032e+01
 -3.179485716100e-01   -9.130372029956e-02  -1.299202688181e+02  -1.718419516002e+01
 -7.240777392468e-04    9.646308161568e-06  -1.289403918159e+02  -1.718419516002e+01
 -3.776183506702e-01   -1.629356269250e-01  -1.352911431449e+02  -1.718419516002e+01
 -4.645618808335e-01   -1.862501962177e-01  -1.444318770329e+02  -2.085730374957e+01
 -8.870919922217e-01   -3.104737921638e-01  -1.467952558194e+02  -2.085730374957e+01
 -7.287743794278e-01   -2.763002837499e-01  -1.376767102326e+02  -2.085730374957e+01
 -9.836739185199e-01    4.795343963100e-02  -1.752009571217e+02  -2.447268226636e+01
 -2.127492663440e-03    1.467005775328e-03  -1.560806772637e+02  -2.447268226636e+01
 -3.699498592361e-03   -9.639966275194e-04  -1.811355320054e+02  -2.447268226636e+01
 -1.291576688957e+00   -2.461434818421e-01  -1.597729926626e+02   9.164364274545e+00
 -7.126139859289e-01   -8.444014632484e-02  -1.596518507189e+02   9.164364274545e+00
 -1.047528177329e+00   -2.089368731220e-01  -1.508232565106e+02   9.164364274545e+00
 -8.661318802593e-01    7.114162225350e-02  -1.322602482856e+02  -1.327599559124e+01
 -4.481368312986e-03   -1.865490147652e-03  -1.323330424113e+02  -1.327599559124e+01
 -6.473112642716e-01    8.829417698043e-02  -1.403262793183e+02  -1.327599559124e+01
 -5.863905580011e-01   -8.582415154890e-02  -1.473145785213e+02   1.178023622882e+01
 -4.897815277270e-01   -6.507987272111e-02  -1.394642694471e+02   1.178023622882e+01
 -9.482665470118e-01   -1.796460414319e-01  -1.441235866089e+02   1.178023622882e+01
 -5.894875778025e-01   -8.554213415974e-02  -1.473033755723e+02   2.207715634308e+01
 -6.989729241286e-01   -8.475562680945e-02  -1.595477849774e+02   2.207715634308e+01
 -8.736344671874e-03    1.875527147305e-04  -1.557421234890e+02   2.207715634308e+01
 -1.051021140547e+00   -2.090231056864e-01  -1.509111683643e+02   5.260338526120e+00
 -9.463317707129e-01   -1.798746278292e-01  -1.441066670110e+02   5.260338526120e+00
 -1.121463285183e+00   -2.781690041036e-01  -1.429234522872e+02   5.260338526120e+00
 -9.466120709793e-01   -1.800908836311e-01  -1.440934651459e+02   1.248003355623e+01
 -1.050614186372e+00   -2.079580130524e-01  -1.509160995914e+02   1.248003355623e+01
 -5.885771687434e-01   -8.548609840622e-02  -1.473616177542e+02   1.248003355623e+01
 -9.779297309012e-01   -1.704787648790e-01  -1.390853296873e+02   6.306019528628e+00
 -1.121304393163e+00   -2.771931203058e-01  -1.429448337548e+02   6.306019528628e+00
 -9.463235955026e-01   -1.802788385394e-01  -1.440925750095e+02   6.306019528628e+00
 -1.054897208231e+00   -2.090136962518e-01  -1.509734940983e+02   3.520774191985e+00
 -1.118269578675e+00   -2.784180874363e-01  -1.428573042363e+02   3.520774191985e+00
 -1.187148147306e+00   -3.291922335524e-01  -1.494563467805e+02   3.520774191985e+00
 -9.451533649405e-01   -1.795418611703e-01  -1.441005895788e+02   1.139062810361e+01
 -4.934761711224e-01   -6.536964094390e-02  -1.395060210454e+02   1.139062810361e+01
 -9.799564973244e-01   -1.703898864220e-01  -1.391012814633e+02   1.139062810361e+01
 -5.863222264453e-01   -8.565609498343e-02  -1.473281486725e+02   1.198297805440e+01
 -1.052957727293e+00   -2.079419067781e-01  -1.509186922118e+02   1.198297805440e+01
 -7.030076734200e-01   -8.497397462462e-02  -1.595392037226e+02   1.198297805440e+01
 -7.552413565459e-01   -5.409145391565e-02  -1.318396590102e+02   1.335536020441e+01
 -4.884353375077e-01   -6.497896153985e-02  -1.394561158795e+02   1.335536020441e+01
 -1.381744572020e-03    1.414589834353e-03  -1.321789436980e+02   1.335536020441e+01
 -7.059504703715e-01   -2.658654691241e-02  -1.232662109471e+02   1.173302418682e+01
 -7.382463528993e-01   -2.661401251211e-02  -1.272756201427e+02   1.173302418682e+01
 -1.993404872291e-03    6.454587756343e-04  -1.224940158310e+02   1.173302418682e+01
 -1.206444881042e+00   -2.427159911116e-02  -1.221447456628e+02   7.154473104961e+00
 -7.403197494256e-01   -2.746669148763e-02  -1.273149159051e+02   7.154473104961e+00
 -7.059982104361e-01   -2.711333008720e-02  -1.232699479258e+02   7.154473104961e+00
 -7.519674150837e-01   -5.167569689558e-02  -1.318690677404e+02   8.459324840731e+00
 -1.076074556523e+00   -8.300890194249e-02  -1.319281682650e+02   8.459324840731e+00
 -9.763035650751e-01   -1.701371073527e-01  -1.390415824522e+02   8.459324840731e+00
 -1.386847196092e+00    5.948735495929e-03  -3.939382591304e+01   8.931259082878e+00
 -3.373756622064e-02    9.718809535062e-04  -2.946376555355e+01   8.931259082878e+00
 -1.663227047882e+00   -1.114032355626e-02  -3.018627357304e+01   8.931259082878e+00
 -1.131840399393e+00   -2.119553270343e-01  -1.367645321206e+02   5.633249605683e+00
 -1.118782908884e+00   -2.769811263188e-01  -1.429201687075e+02   5.633249605683e+00
 -9.801401033392e-01   -1.711113401214e-01  -1.391177603438e+02   5.633249605683e+00
 -1.279590265301e+00    8.142221480787e-03  -1.227082156508e+02  -6.986882145032e+00
 -8.559102445861e-01    3.192811435732e-02  -1.270381814186e+02  -6.986882145032e+00
 -1.161424830719e+00    9.427164849427e-02  -1.318209012249e+02  -6.986882145032e+00
 -7.504691041252e-01   -5.275682551077e-02  -1.318039554079e+02   1.111749711581e+01
 -9.795550780140e-01   -1.692826695630e-01  -1.390888735075e+02   1.111749711581e+01
 -4.931377454229e-01   -6.645957018852e-02  -1.394748886601e+02   1.111749711581e+01
 -4.943190806984e-04    3.837181321195e-04  -1.224965956233e+02   1.230332539197e+01
 -7.398353279409e-01   -2.648481367525e-02  -1.272692314458e+02   1.230332539197e+01
 -1.849026240426e-03    1.675907006787e-04  -1.265424878414e+02   1.230332539197e+01
 -1.261763857822e-02   -1.125957762342e-03  -1.147445912702e+02   9.471094226943e+00
 -1.527360762186e+00   -1.663438540712e-02  -1.110917625506e+02   9.471094226943e+00
 -7.048954676769e-01   -2.736735453936e-02  -1.233354258562e+02   9.471094226943e+00
 -9.107011722864e-01   -2.057392486972e-01  -1.348517089077e+02  -5.418822151498e+00
 -7.295968619897e-01   -2.756588154314e-01  -1.377515179291e+02  -5.418822151498e+00
 -1.036434036408e+00   -3.246443526757e-01  -1.407556972993e+02  -5.418822151498e+00
 -1.182637793741e+00   -3.299014078076e-01  -1.493779713391e+02  -2.529145879939e+00
 -1.121304519252e+00   -2.782247986319e-01  -1.429468735235e+02  -2.529145879939e+00
 -1.037648751213e+00   -3.247852306553e-01  -1.407685745879e+02  -2.529145879939e+00
 -5.747146950937e-01    3.514496989510e-03  -1.299559498493e+02  -2.745452075642e+00
 -6.113618203877e-01   -1.591997880786e-01  -1.319539028508e+02  -2.745452075642e+00
 -8.585889176828e-01    7.437161293792e-03  -1.324949999506e+02  -2.745452075642e+00
 -6.132009639862e-01   -1.598448531317e-01  -1.320273487483e+02  -7.897387495663e+00
 -7.269824693453e-01   -2.755926199542e-01  -1.376987812230e+02  -7.897387495663e+00
 -9.126588199251e-01   -2.055724043044e-01  -1.348974451256e+02  -7.897387495663e+00
 -8.564067740046e-01    7.194006507655e-03  -1.324526176138e+02  -1.896209024608e+00
 -6.135095823561e-01   -1.592858717506e-01  -1.319950089666e+02  -1.896209024608e+00
 -9.119767120382e-01   -2.052856003216e-01  -1.349322645040e+02  -1.896209024608e+00
 -6.122705305320e-01   -1.590990200743e-01  -1.319935792584e+02  -5.006280632196e+00
 -5.740668410198e-01    2.860106881559e-03  -1.298837582436e+02  -5.006280632196e+00
 -3.184371863021e-01   -9.150147989682e-02  -1.299147796239e+02  -5.006280632196e+00
 -1.033106688541e+00   -3.232415400345e-01  -1.406872571725e+02  -1.747048860372e+00
 -1.133822203073e+00   -2.121162917595e-01  -1.368365049634e+02  -1.747048860372e+00
 -9.154397738309e-01   -2.068857694613e-01  -1.350091008557e+02  -1.747048860372e+00
 -1.034046771599e+00   -3.250468760003e-01  -1.406181593109e+02  -8.064909547878e+00
 -8.891593411662e-01   -3.108337225872e-01  -1.467706861201e+02  -8.064909547878e+00
 -1.186665744764e+00   -3.305898701931e-01  -1.494571925294e+02  -8.064909547878e+00
 -1.129779146145e+00   -2.092670876067e-01  -1.367630216885e+02   5.368505402641e+00
 -1.079129138249e+00   -8.242607732850e-02  -1.319726627972e+02   5.368505402641e+00
 -1.239449976225e+00   -6.311542615806e-02  -1.311887025910e+02   5.368505402641e+00
 -1.037280752817e+00   -3.236821605385e-01  -1.407596444350e+02   4.651214131509e-01
 -1.121036942779e+00   -2.785752639497e-01  -1.429394992436e+02   4.651214131509e-01
 -1.129412925615e+00   -2.111246842629e-01  -1.367267512182e+02   4.651214131509e-01
 -1.122845240908e+00    1.128102682839e-01  -1.340314222039e+02   5.054329668274e-01
 -8.603664778103e-01    7.543132549967e-03  -1.325706931490e+02   5.054329668274e-01
 -1.102325570865e+00   -9.108645947246e-02  -1.340552397935e+02   5.054329668274e-01
 -8.582026660997e-01    5.793730377360e-03  -1.325297555933e+02  -8.215309935696e-01
 -9.110831405367e-01   -2.038590800604e-01  -1.349215315348e+02  -8.215309935696e-01
 -1.103883297126e+00   -9.038083049008e-02  -1.340971924664e+02  -8.215309935696e-01
 -1.241695559836e+00   -6.337508956224e-02  -1.312274042876e+02   7.526057338466e-01
 -1.106352177950e+00   -9.210723014449e-02  -1.341204775979e+02   7.526057338466e-01
 -1.127547808807e+00   -2.103770957296e-01  -1.367332873486e+02   7.526057338466e-01
 -1.243981963713e+00   -6.557171068773e-02  -1.312135560908e+02   2.097087296158e+00
 -1.300974391647e+00    1.337719759388e-02  -1.309394585317e+02   2.097087296158e+00
 -1.105151047719e+00   -8.901593579739e-02  -1.341298885055e+02   2.097087296158e+00
 -1.399772864005e+00   -1.131475402495e-02  -1.271488819897e+02   1.507143643168e+00
 -1.301714200435e+00    1.137648621784e-02  -1.309445341409e+02   1.507143643168e+00
 -1.241960491585e+00   -6.347792040171e-02  -1.311744447959e+02   1.507143643168e+00
 -1.101146106915e+00   -8.986966163561e-02  -1.340104276448e+02   1.421914421643e+00
 -9.155906923134e-01   -2.050215761861e-01  -1.350080719148e+02   1.421914421643e+00
 -1.133496765861e+00   -2.134025155139e-01  -1.368234459428e+02   1.421914421643e+00
 -9.775662146968e-01   -1.720542605842e-01  -1.390441125653e+02   4.831277370280e+00
 -1.075650843418e+00   -8.199948251163e-02  -1.319115679183e+02   4.831277370280e+00
 -1.134217201269e+00   -2.107330771501e-01  -1.368076690462e+02   4.831277370280e+00
 -5.746302795789e-01    4.158712916525e-03  -1.299523514186e+02   3.519846247898e+00
 -8.586836461199e-01    7.513294366612e-03  -1.324994483774e+02   3.519846247898e+00
 -6.228445820267e-01    1.691434540450e-01  -1.317644740571e+02   3.519846247898e+00
 -1.523755474656e+00   -3.092235665386e-03  -4.686559086964e+01  -7.813355959676e+00
 -4.395546741596e-02   -1.752508732928e-03  -4.772518649036e+01  -7.813355959676e+00
 -1.534449041200e+00   -3.582407390236e-03  -5.929393501487e+01  -7.813355959676e+00
 -1.053150003596e+00   -2.088676988602e-01  -1.509506095145e+02   7.014334456396e-01
 -1.188653117408e+00   -3.295081544675e-01  -1.494864431617e+02   7.014334456396e-01
 -1.284187338146e+00   -2.471728537470e-01  -1.596822952662e+02   7.014334456396e-01
 -1.097335535718e+00   -1.059271639208e-02   1.590793689550e-02  -1.068751986332e+01
 -1.535342903543e-03    1.454357326508e-04  -2.764047301266e-02  -1.068751986332e+01
 -5.690984108631e-03   -2.563894220355e-04  -8.006677502581e+00  -1.068751986332e+01
 -2.989775245104e-01    9.786268280665e-04  -1.280233807633e+02   3.621922943835e+00
 -5.758528146352e-01    4.683670723438e-03  -1.299046618190e+02   3.621922943835e+00
 -3.220187916532e-01    9.701354825674e-02  -1.294367880137e+02   3.621922943835e+00
 -4.875409082165e-01    1.959617348716e-01  -1.437581712124e+02   3.661924841433e+01
 -3.698114368664e-03    3.620481524080e-04  -1.552291239759e+02   3.661924841433e+01
 -3.162417548028e-04    1.053101027251e-03  -1.438127148240e+02   3.661924841433e+01
 -7.096222386529e-01   -2.799622824008e-02  -1.233261511002e+02   7.090746654575e+00
 -1.516915959402e+00   -1.596154271303e-02  -1.110280593654e+02   7.090746654575e+00
 -1.203386414175e+00   -2.399809300432e-02  -1.220640523027e+02   7.090746654575e+00
 -3.371202290475e-03   -1.016122794361e-03  -1.689326543848e+02   4.303388705948e+01
 -1.712223296636e-03    1.834842873467e-03  -1.554600159193e+02   4.303388705948e+01
 -5.766901852703e-01    1.653436238266e-01  -1.554404240071e+02   4.303388705948e+01
  5.610251051551e-04    5.541853690921e-04  -1.399277302964e+02   1.954779495164e+01
 -5.873773922052e-01   -8.470869110179e-02  -1.473112523840e+02   1.954779495164e+01
 -1.473274557962e-03   -2.041832301805e-04  -1.465251959948e+02   1.954779495164e+01
 -4.848161977858e-01    1.947913349829e-01  -1.437463157621e+02   4.368328751655e+01
 -5.721009804151e-01    1.662011039779e-01  -1.555691874760e+02   4.368328751655e+01
 -6.468193371333e-03    1.490303364095e-03  -1.552687437105e+02   4.368328751655e+01
 -6.513419286459e-03   -2.624371608640e-04  -1.689702032581e+02   4.987190451764e+01
 -5.738233839531e-01    1.645858995461e-01  -1.554271502916e+02   4.987190451764e+01
 -6.399836707224e-01    9.533753612572e-02  -1.692082782914e+02   4.987190451764e+01
 -2.391565503914e-03    9.114355583890e-04  -1.436923853375e+02   3.242823164858e+01
  1.096239688974e-03    5.934883586984e-04  -1.344492027418e+02   3.242823164858e+01
 -4.834764719842e-01    1.960842452400e-01  -1.438812130187e+02   3.242823164858e+01
 -1.499576051622e+00    3.383672630067e-02  -8.358633994728e+01   1.641290565751e+00
 -1.296671929177e+00    3.274350030123e-02  -8.441190327090e+01   1.641290565751e+00
 -1.174379226332e+00    1.983148248891e-02  -7.471198087895e+01   1.641290565751e+00
 -3.238969844952e-01    9.813445727633e-02  -1.294171706294e+02   2.243007549927e+01
 -3.864990637026e-01    1.631312829487e-01  -1.352238897298e+02   2.243007549927e+01
 -4.601564207891e-03    4.028979107930e-03  -1.343120234246e+02   2.243007549927e+01
 -1.033700749943e-03    1.333333999791e-03  -1.292371973721e+02   9.787603093884e+00
  3.932506549598e-04   -1.955273863206e-03  -1.271610916283e+02   9.787603093884e+00
 -3.235495833962e-01    9.532942469625e-02  -1.294581125407e+02   9.787603093884e+00
 -4.824148829102e-01    1.953780029244e-01  -1.437823276257e+02   1.999770726517e+01
 -3.878092911454e-01    1.642067674320e-01  -1.352391441466e+02   1.999770726517e+01
 -7.538610499520e-01    2.873061575388e-01  -1.375224432074e+02   1.999770726517e+01
 -4.807044767608e-01    1.949910631311e-01  -1.438716627650e+02   3.015613678764e+01
 -1.183363506724e-03    1.962934086899e-03  -1.344553578204e+02   3.015613678764e+01
 -3.884644088911e-01    1.642527994732e-01  -1.351797580333e+02   3.015613678764e+01
 -6.236966284930e-01    1.704470257979e-01  -1.317330738928e+02   1.462830473054e+01
 -7.514160058896e-01    2.861555193525e-01  -1.375822626748e+02   1.462830473054e+01
 -3.894089227020e-01    1.652457112219e-01  -1.351697198414e+02   1.462830473054e+01
 -5.732247539826e-01    1.663161472225e-01  -1.554491507911e+02   2.551796206282e+01
 -4.828596634788e-01    1.950112655345e-01  -1.438918465431e+02   2.551796206282e+01
 -9.257613295434e-01    3.244843868461e-01  -1.463538639305e+02   2.551796206282e+01
 -3.873050301990e-01    1.646963864347e-01  -1.351458072618e+02   1.240126298509e+01
 -3.227249360328e-01    9.632272455162e-02  -1.295105975340e+02   1.240126298509e+01
 -6.254855080836e-01    1.707359564499e-01  -1.317541564583e+02   1.240126298509e+01
 -2.551557056038e-03    2.791161055517e-03  -1.342808273302e+02   1.574317937071e+01
  1.706534902022e-04   -5.523690158483e-04  -1.292739296792e+02   1.574317937071e+01
 -3.257598376602e-01    9.891796389158e-02  -1.294269138429e+02   1.574317937071e+01
 -7.695049395469e-01    1.144024764737e-01  -1.483350377328e+02  -2.103852328129e+01
 -1.067828726470e-02   -3.516632570989e-04  -1.561253044226e+02  -2.103852328129e+01
 -8.890747786414e-01    1.069417801715e-01  -1.601221430885e+02  -2.103852328129e+01
 -9.226981853424e-01    3.237403857126e-01  -1.464356007950e+02   2.172548266238e+01
 -4.848796505535e-01    1.958016957880e-01  -1.438130474003e+02   2.172548266238e+01
 -7.518042965123e-01    2.869146619272e-01  -1.374978583609e+02   2.172548266238e+01
 -1.201005946089e+00    1.506229867152e-01  -1.701362244855e+02   3.212296479807e+01
 -1.243712804370e+00   -6.522431551182e-03  -1.838477477752e+02   3.212296479807e+01
 -6.748720424690e-01   -4.270300729782e-03  -1.837580033854e+02   3.212296479807e+01
 -1.200441076141e+00    1.515760530370e-01  -1.702699463371e+02   3.063051716777e+01
 -6.433912579705e-01    9.499963612842e-02  -1.691028896835e+02   3.063051716777e+01
 -1.086933019952e+00    2.713581241246e-01  -1.574567825323e+02   3.063051716777e+01
 -1.250335652261e+00   -5.622923515004e-03  -1.837136103324e+02   9.358299154540e+00
 -1.428159863240e+00    1.422066189315e-01  -1.710228097111e+02   9.358299154540e+00
 -1.425335243188e+00   -8.672815343404e-03  -1.837453333704e+02   9.358299154540e+00
 -9.811274617751e-01    4.645503686623e-02  -1.752132281880e+02  -5.384867747473e+00
 -1.425567380550e+00   -6.173927878649e-03  -1.836650115132e+02  -5.384867747473e+00
 -1.427227380324e+00    1.391323739937e-01  -1.711814488998e+02  -5.384867747473e+00
 -1.428776261213e+00   -7.888537714842e-03  -1.836988101476e+02  -8.878995653660e+00
 -9.778185744400e-01    4.802467775140e-02  -1.751749320693e+02  -8.878995653660e+00
 -9.769350352967e-01   -5.508912560711e-02  -1.919570521292e+02  -8.878995653660e+00
 -1.250448075570e+00   -8.757596563248e-03  -1.839337102713e+02   9.559829344964e+00
 -1.425280410894e+00   -7.090687389092e-03  -1.836434909409e+02   9.559829344964e+00
 -1.427134327802e+00   -1.636760046483e-01  -1.963713416058e+02   9.559829344964e+00
 -1.431716526887e+00    1.417039350975e-01  -1.710934222652e+02   1.288674947850e+01
 -1.246302709977e+00   -4.766990195129e-03  -1.836583848062e+02   1.288674947850e+01
 -1.201062913922e+00    1.502553678200e-01  -1.703324926343e+02   1.288674947850e+01
 -6.710147454405e-01   -4.103300393086e-03  -1.837451018679e+02   3.123312084350e+01
 -6.400897929561e-01    9.504347253758e-02  -1.692254553563e+02   3.123312084350e+01
 -1.204091432291e+00    1.509881430133e-01  -1.701553269367e+02   3.123312084350e+01
 -1.384140761609e+00    2.676991491252e-01  -1.597078633020e+02   1.027812192858e+01
 -1.088396667448e+00    2.721720034858e-01  -1.575446892134e+02   1.027812192858e+01
 -1.255650994715e+00    3.549303984065e-01  -1.492650308299e+02   1.027812192858e+01
 -1.089452569526e+00    2.719844906248e-01  -1.574831598019e+02   2.926156803526e+01
 -6.405749073444e-01    9.467758268831e-02  -1.690756648333e+02   2.926156803526e+01
 -5.730168740435e-01    1.661937284011e-01  -1.555784808145e+02   2.926156803526e+01
 -1.424374934249e+00    1.425026917503e-01  -1.711256613722e+02  -4.580936626881e+00
 -1.388090826003e+00    2.657654772800e-01  -1.597307620053e+02  -4.580936626881e+00
 -9.017634591877e-01    1.084986054340e-01  -1.602052622564e+02  -4.580936626881e+00
 -1.430102405995e+00    1.400788192687e-01  -1.712195717987e+02   9.703283595213e+00
 -1.202026603474e+00    1.519428692500e-01  -1.702068990835e+02   9.703283595213e+00
 -1.382009545640e+00    2.691310067126e-01  -1.595191515673e+02   9.703283595213e+00
 -9.247854934387e-01    3.236473313206e-01  -1.464993219493e+02   1.371151012324e+01
 -1.258812599662e+00    3.551146870884e-01  -1.493481183351e+02   1.371151012324e+01
 -1.084748176687e+00    2.723826610498e-01  -1.574649607223e+02   1.371151012324e+01
 -1.428793805034e+00    1.411790517983e-01  -1.711734507023e+02  -8.921867727669e+00
 -8.954097148893e-01    1.093307928985e-01  -1.601279395793e+02  -8.921867727669e+00
 -9.791760811292e-01    4.471583285107e-02  -1.752194499702e+02  -8.921867727669e+00
 -1.386483788287e+00    2.666601491173e-01  -1.596988368748e+02  -7.208164818602e+00
 -1.176489684557e+00    2.392801196516e-01  -1.512832804826e+02  -7.208164818602e+00
 -9.024939635834e-01    1.071019119130e-01  -1.602087002136e+02  -7.208164818602e+00
 -1.384934634543e+00    2.689951000245e-01  -1.596037262674e+02   1.375831007001e+01
 -1.198860708892e+00    1.526420919466e-01  -1.701269705666e+02   1.375831007001e+01
 -1.088314292819e+00    2.710953670374e-01  -1.576464426595e+02   1.375831007001e+01
 -5.758358105132e-01    1.667761783313e-01  -1.554759789927e+02   2.726956144114e+01
 -9.235921743897e-01    3.239332635243e-01  -1.463286726141e+02   2.726956144114e+01
 -1.086069236849e+00    2.718263740189e-01  -1.575841190647e+02   2.726956144114e+01
 -6.497508016098e-01    8.872941191232e-02  -1.403449516105e+02  -1.720320483909e+01
 -2.484408195771e-03   -8.220100266747e-04  -1.403424124834e+02  -1.720320483909e+01
 -7.679186839266e-01    1.140459637470e-01  -1.483508498546e+02  -1.720320483909e+01
 -1.084539962665e+00    3.468208944949e-01  -1.406657398017e+02   1.211565056866e+01
 -9.213377544920e-01    3.239791890496e-01  -1.463489786156e+02   1.211565056866e+01
 -7.528878511434e-01    2.866214683721e-01  -1.376263195963e+02   1.211565056866e+01
 -3.666169744045e-03   -2.253346812324e-03  -1.836731667768e+02   4.704088426060e+01
 -2.106964287983e-03    1.752419850264e-03  -1.691730599889e+02   4.704088426060e+01
 -6.440465662777e-01    9.297875364254e-02  -1.690780386046e+02   4.704088426060e+01
 -8.564804736318e-01    7.721117755228e-03  -1.324555186690e+02   2.844666978389e+00
 -9.352399058145e-01    2.230790452678e-01  -1.348577138118e+02   2.844666978389e+00
 -6.250054643506e-01    1.692507258322e-01  -1.318081547190e+02   2.844666978389e+00
 -3.237705192167e-01    9.727878189719e-02  -1.294695845692e+02   5.734086763193e+00
 -5.740139409540e-01    4.680072475473e-03  -1.298844555952e+02   5.734086763193e+00
 -6.236567452483e-01    1.691476332824e-01  -1.317985752172e+02   5.734086763193e+00
 -1.081656038784e+00    3.467621742747e-01  -1.405925701704e+02   9.312877352446e+00
 -1.258296515998e+00    3.545217295785e-01  -1.494309955066e+02   9.312877352446e+00
 -9.247352540037e-01    3.239912087197e-01  -1.464200999191e+02   9.312877352446e+00
 -7.527950166822e-01    2.865090773062e-01  -1.375625490222e+02   6.534043836148e+00
 -9.340657781448e-01    2.235570488869e-01  -1.347789327728e+02   6.534043836148e+00
 -1.084000460639e+00    3.463461142372e-01  -1.407265121263e+02   6.534043836148e+00
 -1.198554552243e+00    2.381486793980e-01  -1.369829732009e+02   2.651561517490e+00
 -1.080811269931e+00    3.449998039000e-01  -1.406618243188e+02   2.651561517490e+00
 -9.386586895887e-01    2.247023142157e-01  -1.349332083286e+02   2.651561517490e+00
 -1.085198007484e+00    3.465162174690e-01  -1.407385243870e+02   3.675022467366e+00
 -1.207925877644e+00    3.084105178925e-01  -1.432184587977e+02   3.675022467366e+00
 -1.254346573998e+00    3.538461995972e-01  -1.493549909042e+02   3.675022467366e+00
 -1.198124963495e+00    2.392778294941e-01  -1.369636839961e+02  -4.087986002582e-01
 -9.389142992065e-01    2.229256333379e-01  -1.349364618126e+02  -4.087986002582e-01
 -1.121756620709e+00    1.116623160732e-01  -1.339859124065e+02  -4.087986002582e-01
 -7.501711547997e-01    2.863805624486e-01  -1.375117427415e+02   8.768193612234e+00
 -6.245936193135e-01    1.698067979120e-01  -1.318374338687e+02   8.768193612234e+00
 -9.360329165613e-01    2.234253176266e-01  -1.348246336916e+02   8.768193612234e+00
 -8.625185193997e-01    7.020230365005e-02  -1.322271447710e+02  -7.095624666576e+00
 -1.164496160826e+00    9.560637152794e-02  -1.318542489724e+02  -7.095624666576e+00
 -8.530489804067e-01    3.116003685725e-02  -1.269972601090e+02  -7.095624666576e+00
 -1.538921255818e+00   -1.453392531909e-02  -1.110984930307e+02   9.295316318449e+00
 -8.860238164437e-03   -2.224715215590e-03  -1.146068797086e+02   9.295316318449e+00
 -1.462435761064e-02    1.731592339979e-03  -1.021778843468e+02   9.295316318449e+00
 -1.194575894653e+00    2.350888090565e-01  -1.369088394317e+02  -4.788462695324e+00
 -1.291007023128e+00    7.634806453382e-02  -1.314809829299e+02  -4.788462695324e+00
 -1.165848129652e+00    9.645900983070e-02  -1.318901921370e+02  -4.788462695324e+00
 -1.192283399786e+00    2.359476366905e-01  -1.368704990545e+02   1.695634466995e-02
 -1.126784942413e+00    1.142120926163e-01  -1.340911947208e+02   1.695634466995e-02
 -1.292919402220e+00    7.709802758998e-02  -1.315195123733e+02   1.695634466995e-02
 -1.294757327100e+00    7.597866854239e-02  -1.315389459309e+02  -7.980662719940e-03
 -1.300724955668e+00    1.203768378829e-02  -1.309463900251e+02  -7.980662719940e-03
 -1.401360729745e+00   -1.213949858237e-02  -1.271481802783e+02  -7.980662719940e-03
 -1.207598374853e+00    3.087142698409e-01  -1.432097348066e+02   5.982791641951e-01
 -1.084950391478e+00    3.454939939658e-01  -1.407319903254e+02   5.982791641951e-01
 -1.194205145170e+00    2.371339015094e-01  -1.368777050488e+02   5.982791641951e-01
 -1.282847058028e+00    9.420912411742e-03  -1.227434036595e+02  -2.026407158775e+00
 -1.294469541652e+00    7.527554131417e-02  -1.315640352843e+02  -2.026407158775e+00
 -1.403115110476e+00   -1.148791664367e-02  -1.271418952387e+02  -2.026407158775e+00
 -1.295126788482e+00    7.949384041478e-02  -1.315205483714e+02  -1.052847626591e+00
 -1.125775493834e+00    1.109624478227e-01  -1.340935926299e+02  -1.052847626591e+00
 -1.300860910869e+00    9.372664793959e-03  -1.309511039635e+02  -1.052847626591e+00
 -9.344721968349e-01    2.216362102566e-01  -1.348498014406e+02   1.641955898357e+00
 -8.581218000526e-01    9.182403849515e-03  -1.325287562786e+02   1.641955898357e+00
 -1.124457816095e+00    1.122125561837e-01  -1.340746411531e+02   1.641955898357e+00
 -1.089309986746e+00    2.029839070855e-01  -1.395822377908e+02  -4.062212006510e+00
 -1.199195136944e+00    2.365662892953e-01  -1.369597523917e+02  -4.062212006510e+00
 -1.162323907028e+00    9.641798684517e-02  -1.318339040164e+02  -4.062212006510e+00
 -1.207978658774e+00    3.074611678959e-01  -1.432170466699e+02  -5.129032952207e+00
 -1.089962017779e+00    2.012780942158e-01  -1.396221905731e+02  -5.129032952207e+00
 -1.074766838667e+00    2.123081974368e-01  -1.447252154939e+02  -5.129032952207e+00
 -1.205475020724e+00    3.072067940919e-01  -1.431930103025e+02  -4.705352026418e+00
 -1.196564537397e+00    2.378325704048e-01  -1.369131014334e+02  -4.705352026418e+00
 -1.092106783101e+00    2.019676923261e-01  -1.396536506438e+02  -4.705352026418e+00
 -1.179498029100e+00    2.383791483179e-01  -1.513707282535e+02  -1.094908341955e+01
 -1.075037141460e+00    2.121674021809e-01  -1.447281440876e+02  -1.094908341955e+01
 -7.689879138715e-01    1.145169849482e-01  -1.483875406612e+02  -1.094908341955e+01
 -1.074893253956e+00    2.119525080920e-01  -1.447406253679e+02  -4.004105868823e+00
 -1.179737629489e+00    2.394053495319e-01  -1.513669813671e+02  -4.004105868823e+00
 -1.207945130682e+00    3.083951947533e-01  -1.431945627869e+02  -4.004105868823e+00
 -6.496052463539e-01    8.864667776231e-02  -1.403472684613e+02  -1.060797783860e+01
 -7.675538809501e-01    1.148903286268e-01  -1.483474206557e+02  -1.060797783860e+01
 -1.076511958715e+00    2.117283572918e-01  -1.447592678208e+02  -1.060797783860e+01
 -1.181943887112e+00    2.383612026854e-01  -1.513737203395e+02  -1.026185928744e+01
 -7.662569237820e-01    1.146745914678e-01  -1.483559582698e+02  -1.026185928744e+01
 -8.928503617571e-01    1.074691037663e-01  -1.601051702990e+02  -1.026185928744e+01
 -1.073765787249e+00    2.116016234830e-01  -1.447372047536e+02  -1.053621310980e+01
 -1.091968411147e+00    2.011567038152e-01  -1.396360452950e+02  -1.053621310980e+01
 -6.527111200352e-01    8.895657143266e-02  -1.403848056855e+02  -1.053621310980e+01
 -1.204812472199e+00    3.086380781396e-01  -1.431307305522e+02  -2.088314588982e+00
 -1.183554335289e+00    2.393937179598e-01  -1.514266247881e+02  -2.088314588982e+00
 -1.258880117568e+00    3.531609677529e-01  -1.494314281483e+02  -2.088314588982e+00
 -8.645062362509e-01    6.891903601160e-02  -1.322701823985e+02  -8.113434291001e+00
 -1.088255030128e+00    2.009430142672e-01  -1.395901543370e+02  -8.113434291001e+00
 -1.162737057769e+00    9.763999439611e-02  -1.318344497130e+02  -8.113434291001e+00
 -8.162307308105e-01    1.169537579477e-02  -1.224759289503e+02  -1.189785598243e+01
 -3.498273090374e-03   -5.786040286274e-04  -1.220095288030e+02  -1.189785598243e+01
 -8.533193851168e-01    3.109427410395e-02  -1.270252504266e+02  -1.189785598243e+01
 -8.159405260498e-01    1.169069494413e-02  -1.224289867874e+02  -6.592392675143e+00
 -1.280434314393e+00    9.039418103213e-03  -1.226750427470e+02  -6.592392675143e+00
 -1.126709091373e+00    1.487797559700e-02  -1.150073175187e+02  -6.592392675143e+00
 -3.419141594205e-03    6.083189118338e-04  -1.322430111444e+02  -1.222055403406e+01
 -8.568860273967e-01    3.159688959214e-02  -1.269987119767e+02  -1.222055403406e+01
 -7.492645870932e-04   -5.949995929315e-04  -1.219903901417e+02  -1.222055403406e+01
 -1.090405101504e+00   -1.032036542912e-02  -6.387722913835e-03  -3.584613350803e+00
 -1.294062120896e+00   -1.221564879008e-02  -8.718601991932e+00  -3.584613350803e+00
 -1.460939644695e+00   -3.186629766787e-03  -9.315940885235e-02  -3.584613350803e+00
  1.503778140238e-03    1.768643241089e-03  -2.253129985412e+02  -1.458123171601e+01
 -5.829491303534e-01   -1.021334251998e-01  -2.233339203263e+02  -1.458123171601e+01
 -2.358464786695e-03   -9.901939218295e-04  -2.224114858466e+02  -1.458123171601e+01
 -1.290942999000e+00    1.736133984971e-02  -1.025334198491e+02   9.862692011318e+00
 -1.526993029443e+00   -1.326285183583e-02  -1.110677003111e+02   9.862692011318e+00
 -2.203131273491e-02    1.980580625475e-03  -1.021789373225e+02   9.862692011318e+00
 -8.619893116971e-01    6.985750231806e-02  -1.322121527102e+02  -1.033004733535e+01
 -6.515729711547e-01    8.997285304141e-02  -1.403474900431e+02  -1.033004733535e+01
 -1.092160231709e+00    2.001062198359e-01  -1.396299928441e+02  -1.033004733535e+01
 -1.516475253110e+00   -2.478080996285e-03  -4.683684284932e+01  -2.130476781738e-01
 -1.399342292832e+00    5.907061567207e-03  -3.930996518637e+01  -2.130476781738e-01
 -1.338483397399e+00   -7.097121375951e-03  -3.776287778978e+01  -2.130476781738e-01
  9.714072713205e-04   -3.726757479710e-04  -1.402670869996e+02  -1.927240736566e+01
 -5.359217850960e-03    1.274034663023e-04  -1.560330307571e+02  -1.927240736566e+01
 -7.730046184648e-01    1.137603006339e-01  -1.483731236727e+02  -1.927240736566e+01
 -1.453742348042e+00    7.464012381439e-03  -1.040463574770e+02  -1.033123592167e+01
 -2.537996781656e-02    1.996835766466e-03  -1.138988463697e+02  -1.033123592167e+01
 -1.117102557642e+00    1.525605235539e-02  -1.149383249190e+02  -1.033123592167e+01
 -1.260228391069e+00    3.534767446225e-01  -1.494599940206e+02   8.181267404850e-01
 -1.182009829241e+00    2.392329906316e-01  -1.514053060046e+02   8.181267404850e-01
 -1.379252219557e+00    2.676453389573e-01  -1.596117521599e+02   8.181267404850e-01
 -1.302111912482e+00    1.134244746142e-02  -1.309994471541e+02   4.334669370129e-01
 -1.123372670594e+00    1.090525987030e-01  -1.340594794220e+02   4.334669370129e-01
 -1.102655399357e+00   -8.733860285305e-02  -1.340833995045e+02   4.334669370129e-01
 -6.150754024982e-03    1.573686048621e-03  -1.561134717535e+02  -2.024992198181e+01
 -9.798077853412e-01    4.795061830991e-02  -1.751834150144e+02  -2.024992198181e+01
 -8.922059166293e-01    1.059770550312e-01  -1.601346606775e+02  -2.024992198181e+01
 -1.511854886891e+00   -1.450612090201e-02  -1.108762053203e+02  -2.655398096949e+00
 -1.143024119126e+00    1.484903698979e-02  -1.149782137435e+02  -2.655398096949e+00
 -1.419114283192e+00   -3.839124928201e-03  -1.225486729804e+02  -2.655398096949e+00
 -1.312741707200e+00   -1.288719259691e-01  -1.714509859870e+02   8.046442192120e+00
 -1.303270902897e+00    1.333942610500e-03  -1.843625210171e+02   8.046442192120e+00
 -7.724239580797e-01   -3.950157650893e-02  -1.753597727819e+02   8.046442192120e+00
 -1.363933191373e-02   -5.933503211966e-04  -7.992588106084e+00  -9.813881491901e+00
 -1.297504037547e+00   -1.212799256627e-02  -8.658387935784e+00  -9.813881491901e+00
 -1.090043401961e+00   -1.048513216127e-02   3.590177255251e-02  -9.813881491901e+00
 -1.415596202222e+00   -3.941828568453e-03  -1.225118103008e+02  -1.847846727358e+00
 -1.283274245503e+00    9.805073909216e-03  -1.227272684091e+02  -1.847846727358e+00
 -1.401976972626e+00   -1.128448023557e-02  -1.271359227269e+02  -1.847846727358e+00
 -1.684144570320e+00   -1.364939805718e-02  -3.017272261107e+01  -7.481536656915e+00
 -1.386084553364e+00   -2.123152975507e-02  -1.803861800157e+01  -7.481536656915e+00
 -5.421644777821e-02    1.057548116826e-03  -2.787221832505e+01  -7.481536656915e+00
 -1.423242910066e+00   -3.738317495416e-03  -1.225615419099e+02  -2.123187497696e+00
 -1.136611035517e+00    1.475024926735e-02  -1.150000926184e+02  -2.123187497696e+00
 -1.275307614337e+00    9.271204077702e-03  -1.227240559964e+02  -2.123187497696e+00
 -1.127488986147e+00    1.441167705233e-02  -1.148179732968e+02  -2.228340219883e+00
 -1.521880869637e+00   -1.296473452255e-02  -1.108488738073e+02  -2.228340219883e+00
 -1.442894373648e+00    7.681382240729e-03  -1.039807798666e+02  -2.228340219883e+00
 -1.400594401430e+00   -1.158302015147e-02  -1.271348191320e+02   4.220925470446e+00
 -1.241486094058e+00   -6.343569759253e-02  -1.311773506012e+02   4.220925470446e+00
 -1.075235257381e+00   -8.154817837503e-02  -1.319734753967e+02   4.220925470446e+00
 -1.207992083611e+00   -2.351743209146e-02  -1.221312728125e+02   3.023501639451e+00
 -1.417382720779e+00   -3.401606509859e-03  -1.225127221286e+02   3.023501639451e+00
 -1.399176823233e+00   -1.220032647538e-02  -1.271715298965e+02   3.023501639451e+00
 -1.073803722749e+00   -8.038904890357e-02  -1.319938049049e+02   6.570432327030e+00
 -7.468621457857e-01   -2.817812662466e-02  -1.273536481109e+02   6.570432327030e+00
 -1.403707738838e+00   -1.286795627837e-02  -1.271431342999e+02   6.570432327030e+00
 -1.405159633768e-03    8.821076400543e-04  -1.264895013014e+02   1.258780021799e+01
 -7.559487175245e-01   -5.217590587796e-02  -1.318329934529e+02   1.258780021799e+01
 -1.747931894155e-03   -2.979451164658e-04  -1.321573392180e+02   1.258780021799e+01
 -7.522793793013e-01   -5.200196204437e-02  -1.318194469796e+02   1.264312007309e+01
 -4.027820883951e-03    1.081825670368e-03  -1.265138722027e+02   1.264312007309e+01
 -7.384858958071e-01   -2.715478553738e-02  -1.272939592928e+02   1.264312007309e+01
 -1.279789863877e+00    7.992682415472e-03  -1.227237031916e+02  -3.492245537110e+00
 -1.160834334646e+00    9.467008204807e-02  -1.318122141012e+02  -3.492245537110e+00
 -1.295952863349e+00    7.649570683084e-02  -1.315681388637e+02  -3.492245537110e+00
 -8.153216915953e-01    1.155152025892e-02  -1.224595403596e+02  -6.970103867560e+00
 -8.531424439265e-01    3.158691548187e-02  -1.270578565777e+02  -6.970103867560e+00
 -1.282451515951e+00    9.011292780536e-03  -1.227044801903e+02  -6.970103867560e+00
 -1.293778655434e+00   -1.068575765442e-02  -8.750301868299e+00  -1.145690304180e+00
 -1.392710130808e+00   -2.239769405985e-02  -1.853785153391e+01  -1.145690304180e+00
 -1.467566879504e+00   -1.865137685181e-02  -1.150304210490e+01  -1.145690304180e+00
 -2.138011899181e-02   -1.006571294426e-03  -9.174798040702e+01  -9.742914996536e+00
 -1.490553339294e+00    2.760343174555e-02  -8.314770395183e+01  -9.742914996536e+00
 -9.906259175119e-04   -8.404880388200e-04  -8.151991312323e+01  -9.742914996536e+00
 -4.013752332556e-02    6.339376132987e-04  -9.276668315638e+01   7.897935217527e+00
 -1.687968566195e+00    1.927961110861e-02  -9.331365632066e+01   7.897935217527e+00
 -1.294202227345e+00    1.634750698303e-02  -1.028666696968e+02   7.897935217527e+00
 -1.674529508419e+00    1.963478748254e-02  -9.335006539669e+01  -7.794408033791e+00
 -4.255198811059e-02   -8.013049230527e-04  -9.237292490425e+01  -7.794408033791e+00
 -1.449499931410e+00    6.432907759113e-03  -1.045100356061e+02  -7.794408033791e+00
 -1.329716797175e+00    3.714702383901e-05  -5.338622944278e+01   2.040603088279e+00
 -1.546257771547e+00   -4.321160639698e-03  -5.889061027224e+01   2.040603088279e+00
 -1.325301746566e+00   -1.534770416075e-02  -6.448178879237e+01   2.040603088279e+00
 -1.339360441801e+00   -7.421871019240e-03  -3.778644935249e+01  -9.735056681158e+00
  4.711202242979e-04    1.621814946642e-04  -3.771829920928e+01  -9.735056681158e+00
 -1.602905510070e-02   -6.156461443780e-04  -4.726324179476e+01  -9.735056681158e+00
 -1.182768041800e+00    1.993090030003e-02  -7.457593471741e+01   2.638383696869e+00
 -1.544772332562e+00    2.020961608706e-02  -7.101063782123e+01   2.638383696869e+00
 -1.489788164732e+00    3.352073013143e-02  -8.362352852596e+01   2.638383696869e+00
 -1.533893012186e+00   -3.531033488730e-03  -5.831636270390e+01  -7.564988469981e+00
 -5.006362617976e-02    2.369182390350e-03  -7.080314784484e+01  -7.564988469981e+00
 -1.558242286745e+00    1.912270591499e-02  -7.095917180420e+01  -7.564988469981e+00
 -1.320337808937e+00    4.083392158599e-05  -5.326127006868e+01   2.079999799963e+00
 -1.380016062899e+00    5.318180179575e-03  -3.926249686226e+01   2.079999799963e+00
 -1.530161796550e+00   -1.502535064703e-03  -4.680565815916e+01   2.079999799963e+00
 -1.561605387982e+00    2.149159966228e-02  -7.123448969326e+01  -7.369104384898e+00
 -4.516357560313e-02    2.888158629033e-04  -7.129472388248e+01  -7.369104384898e+00
 -1.476016608848e+00    3.028968463278e-02  -8.385261047688e+01  -7.369104384898e+00
 -1.481523149043e+00   -1.660303542440e-02  -1.150715149396e+01   9.583787577728e+00
 -1.502422394794e-02   -1.103303545102e-03  -1.906390174969e+01   9.583787577728e+00
 -9.245980011227e-03    1.476239723561e-03  -7.329441973535e+00   9.583787577728e+00
 -1.737663253192e-02    1.342752457480e-03  -1.759644538832e+01  -9.388932652840e+00
 -1.392410647526e+00   -2.000116368730e-02  -1.844674669043e+01  -9.388932652840e+00
 -1.295857108863e+00   -1.147660262598e-02  -8.681099136741e+00  -9.388932652840e+00
 -8.259620812509e-03    6.965961921498e-04  -1.760572143877e+01  -9.918354631277e+00
 -1.305441630458e+00   -1.176109937934e-02  -8.662223331569e+00  -9.918354631277e+00
 -6.705782320311e-03   -6.832847126724e-04  -8.057829034656e+00  -9.918354631277e+00
 -1.452406526242e+00   -2.776757942675e-03  -9.716385856633e-02  -1.277642552818e+00
 -1.302850221775e+00   -1.243777107207e-02  -8.675093267980e+00  -1.277642552818e+00
 -1.457492024385e+00   -1.607439868918e-02  -1.149517275542e+01  -1.277642552818e+00
  9.649552317905e-04   -3.150042995047e-04  -3.745373018968e+01  -9.731192532603e+00
 -1.337280345745e+00   -7.166782799871e-03  -3.825148165900e+01  -9.731192532603e+00
 -2.283249395978e-02   -7.230140963470e-05  -2.849391905697e+01  -9.731192532603e+00
 -1.404265487332e+00   -2.384271753624e-02  -1.854395022519e+01   9.766547780583e-01
 -1.653430852242e+00   -1.315966234418e-02  -3.035365777114e+01   9.766547780583e-01
 -1.279152859095e+00   -3.388602237115e-02  -2.201074526704e+01   9.766547780583e-01
 -1.402630185865e+00   -1.953816726482e-02  -1.825830995369e+01  -9.491944371478e+00
 -5.318950430833e-03    1.167397793264e-03  -1.776499731346e+01  -9.491944371478e+00
 -2.376076744412e-02    6.937082987667e-04  -2.783718778255e+01  -9.491944371478e+00
 -1.409234518198e+00   -2.401865342546e-02  -1.851689957389e+01   9.174385485638e-01
 -1.277752422708e+00   -3.398730176532e-02  -2.173737368954e+01   9.174385485638e-01
 -1.456832101115e+00   -1.878121492680e-02  -1.136211950377e+01   9.174385485638e-01
 -4.774593119315e-03   -6.061958509684e-04  -1.902651155228e+01   1.056713339864e+01
 -1.277919646311e+00   -3.133711064335e-02  -2.161303991201e+01   1.056713339864e+01
 -1.043311985565e-02    1.046307789255e-03  -2.904871568486e+01   1.056713339864e+01
 -3.171080827126e-02    1.929945973932e-03  -2.911241200692e+01   8.842993133927e+00
 -1.266061116366e+00   -3.169873516785e-02  -2.154486662698e+01   8.842993133927e+00
 -1.664797635909e+00   -1.201053674908e-02  -3.020811943550e+01   8.842993133927e+00
 -1.468159415668e+00    7.211046282063e-03  -1.041322630618e+02  -1.012896672908e+01
 -2.776029690186e-03   -9.813037707818e-04  -1.031384673424e+02  -1.012896672908e+01
 -1.403673041859e-02    1.200234952438e-03  -1.138364243225e+02  -1.012896672908e+01
 -1.304660074584e+00    1.585151881593e-02  -1.026238379110e+02   1.129358287432e+00
 -1.458064312050e+00    7.187827606158e-03  -1.040672582228e+02   1.129358287432e+00
 -1.508171132290e+00   -1.241811802786e-02  -1.110723675630e+02   1.129358287432e+00
 -5.305699344939e-03   -2.499065509107e-04  -8.089890841804e+01   1.020970355832e+01
 -1.311915999405e+00    3.131250190734e-02  -8.401338062920e+01   1.020970355832e+01
 -1.443144673108e-02   -2.260545634834e-04  -9.244195932588e+01   1.020970355832e+01
 -1.455154880976e+00    6.592611564546e-03  -1.040611011247e+02   1.528657639822e+00
 -1.310294387228e+00    1.575295210369e-02  -1.024052759394e+02   1.528657639822e+00
 -1.663399661475e+00    1.919490413920e-02  -9.324337274525e+01   1.528657639822e+00
 -1.305101408682e+00    1.762333253051e-02  -1.026940142387e+02   9.913688997192e+00
 -4.074417898859e-03    1.147629241456e-03  -1.021706761018e+02   9.913688997192e+00
 -1.636388764062e-02    3.632412707985e-04  -9.285017236123e+01   9.913688997192e+00
 -1.372629296502e-02    4.075710718156e-04  -2.949108129649e+01   1.061190424313e+01
 -1.401615679190e+00    5.849971570756e-03  -3.934507573546e+01   1.061190424313e+01
 -1.544436377547e-03   -3.385702403018e-05  -4.104273940469e+01   1.061190424313e+01
 -2.196591053054e-03   -4.906599857731e-04  -1.029965108542e+02  -1.011091861507e+01
 -1.465814365989e+00    6.180408298453e-03  -1.043624008696e+02  -1.011091861507e+01
 -1.941744356362e-02   -5.206405949104e-04  -9.240960915246e+01  -1.011091861507e+01
 -1.342080015461e+00   -6.823197096254e-03  -3.791222417471e+01  -8.726816028618e-01
 -1.394562411834e+00    6.093728529427e-03  -3.898540792689e+01  -8.726816028618e-01
 -1.655114041939e+00   -1.124910966032e-02  -3.011561676677e+01  -8.726816028618e-01
 -4.985913444789e-02   -3.491243400926e-06  -2.838433511047e+01  -6.849543435729e+00
 -1.322004117003e+00   -6.674375402575e-03  -3.853846535221e+01  -6.849543435729e+00
 -1.687340595359e+00   -1.244349156722e-02  -3.026581746101e+01  -6.849543435729e+00
 -1.327514732679e+00   -7.172236103424e-03  -3.751840855395e+01  -7.600560694436e+00
 -3.654017161654e-02   -1.508082377591e-03  -4.734416139866e+01  -7.600560694436e+00
 -1.529698094487e+00   -3.383594631241e-03  -4.668747240649e+01  -7.600560694436e+00
 -1.330557666727e+00   -7.312093161277e-04  -5.338756495911e+01   1.045902951887e+01
 -1.326350876207e+00   -1.424217100640e-02  -6.446576863283e+01   1.045902951887e+01
 -1.997674965353e-02    1.078998229828e-04  -6.138962711580e+01   1.045902951887e+01
 -1.553644931471e+00   -3.517472130521e-03  -5.903499149499e+01  -9.140107291720e+00
 -2.177045659095e-02   -1.038008043241e-03  -4.783497226107e+01  -9.140107291720e+00
 -3.373904604985e-03    4.495056109316e-04  -5.926913863237e+01  -9.140107291720e+00
 -2.597040103489e-03    2.042519598641e-04  -4.109481242674e+01   1.060306112353e+01
 -1.397520249270e+00    5.248748429812e-03  -3.928049563437e+01   1.060306112353e+01
 -1.203008930717e-02   -4.583170719941e-04  -5.085272579788e+01   1.060306112353e+01
 -1.305470927980e+00    3.329163126978e-02  -8.448866188636e+01   1.962022759502e+00
 -1.481588886050e+00    3.184116932990e-02  -8.343131358574e+01   1.962022759502e+00
 -1.657854945552e+00    1.964806907865e-02  -9.319861781719e+01   1.962022759502e+00
 -4.226670560451e-02   -4.408269803943e-06  -9.243024245139e+01   8.326410788501e+00
 -1.293621047968e+00    3.144367341024e-02  -8.389072548170e+01   8.326410788501e+00
 -1.684988136300e+00    1.996679790068e-02  -9.321041442026e+01   8.326410788501e+00
 -1.289101832556e-02   -8.608967504230e-04  -8.075762411372e+01   1.036297087621e+01
 -1.160939213229e+00    1.764258596714e-02  -7.483786008734e+01   1.036297087621e+01
 -1.304498016649e+00    3.238659805702e-02  -8.412668563444e+01   1.036297087621e+01
 -1.165197769747e+00    1.515827792885e-02  -7.495120566212e+01   1.131902127951e+01
 -3.655715111589e-03    2.797235922445e-05  -8.073336824437e+01   1.131902127951e+01
 -4.617198679853e-03   -1.057491290406e-03  -7.236420875551e+01   1.131902127951e+01
 -7.111489749963e-03    5.470495904918e-04  -6.135178241672e+01   1.058280689870e+01
 -1.338372030533e+00   -1.459501116929e-02  -6.449159790076e+01   1.058280689870e+01
 -8.031115306895e-03   -4.839729620466e-04  -7.234841720440e+01   1.058280689870e+01
 -1.332991715551e+00   -1.655810404429e-02  -6.467776967023e+01   1.866547016142e+00
 -1.535078711635e+00   -4.404801325897e-03  -5.860648921123e+01   1.866547016142e+00
 -1.547747436499e+00    1.813572100115e-02  -7.092240670780e+01   1.866547016142e+00
 -2.462696828215e-02    1.516246116422e-03  -7.070688294776e+01  -9.149363503307e+00
 -1.553531463926e+00   -2.593890030741e-03  -5.858324526846e+01  -9.149363503307e+00
 -2.691235309335e-03   -4.724967022966e-06  -5.953418693032e+01  -9.149363503307e+00
 -5.727803306942e-04   -1.555979936047e-03  -8.127622042239e+01  -9.749405386629e+00
 -1.490794484776e+00    2.830121659333e-02  -8.355785740973e+01  -9.749405386629e+00
 -2.061302249887e-02    1.550010014801e-05  -7.134798544024e+01  -9.749405386629e+00
 -1.325030810934e+00   -1.539868587314e-02  -6.456095708258e+01   1.058176772236e+01
 -1.152415222395e+00    1.508593105618e-02  -7.497140297300e+01   1.058176772236e+01
 -1.877057673532e-02   -1.386537910354e-03  -7.237396462861e+01   1.058176772236e+01
 -1.319436335378e+00   -1.663093386537e-02  -6.461698041268e+01   3.401723304975e+00
 -1.558092458895e+00    1.939946326380e-02  -7.088340148631e+01   3.401723304975e+00
 -1.157445615751e+00    1.710884912892e-02  -7.483792654516e+01   3.401723304975e+00
 -1.339314160028e+00   -1.013829117011e-03  -5.336863942170e+01   1.045492049872e+01
 -9.039057797141e-03   -1.119149993449e-04  -6.140669100118e+01   1.045492049872e+01
 -7.070168076871e-03   -2.791834472792e-04  -5.081805641927e+01   1.045492049872e+01
 -1.383960519514e+00    5.246905085186e-03  -3.925895891650e+01   1.022782486022e+01
 -1.319730272534e+00   -4.211017229320e-04  -5.328913143024e+01   1.022782486022e+01
 -2.434077567144e-02   -6.810932180161e-04  -5.085109621080e+01   1.022782486022e+01
 -1.533993485321e+00   -3.874239196521e-03  -5.913494209959e+01   1.825259687088e+00
 -1.338924156176e+00    5.896775680868e-04  -5.324665229424e+01   1.825259687088e+00
 -1.517019671686e+00   -1.846569428140e-03  -4.685972346333e+01   1.825259687088e+00
