
 -1.822034889530e-04    2.185270798396e-04  -2.287275724239e+01   1.242295106396e+00
 -5.615395570267e-02    2.003559457847e-04  -2.305505290046e+01   1.242295106396e+00
  3.161973285065e-05   -8.928678112107e-05  -2.294175941321e+01   1.242295106396e+00
 -6.815430715200e-02    9.517630093379e-03  -2.118121115962e+01   2.265623569050e+00
  4.704384970811e-05    3.641837299974e-06  -2.204021409040e+01   2.265623569050e+00
 -1.903824509180e-04   -5.007794638199e-06  -2.114803429839e+01   2.265623569050e+00
 -5.610731125916e-02   -1.182634511990e-04  -2.305692131453e+01   1.310051974271e+00
 -9.157339039571e-02    1.956827854294e-02  -2.301314244343e+01   1.310051974271e+00
 -9.810259066938e-02    2.630962728853e-04  -2.337124564745e+01   1.310051974271e+00
 -9.193916987762e-02    1.939253766310e-02  -2.300758618916e+01   1.237256263807e+00
 -5.580628207634e-02    5.728436144345e-05  -2.306549247955e+01   1.237256263807e+00
 -4.294285641179e-02    7.755908406222e-03  -2.281362263831e+01   1.237256263807e+00
 -1.139424140540e-01    2.418284465265e-02  -2.352676569809e+01   8.717515963572e-01
 -9.814496153825e-02    2.632031821814e-04  -2.338236224623e+01   8.717515963572e-01
 -9.162197727577e-02    1.972229599663e-02  -2.300648964313e+01   8.717515963572e-01
 -1.421318326909e-01   -1.443001464522e-03  -1.176686576513e+00   9.431403222709e-01
 -1.986162377862e-03    1.226962855928e-04  -7.464335376976e-01   9.431403222709e-01
 -1.042691203952e-01    1.498179423006e-03   6.428278112737e-03   9.431403222709e-01
 -4.304900436051e-02    7.636901946135e-03  -2.281216622365e+01   1.186458464186e+00
 -8.797415857450e-02    2.123378046192e-02  -2.257174333249e+01   1.186458464186e+00
 -9.193116246701e-02    1.950939579350e-02  -2.300509914696e+01   1.186458464186e+00
 -1.354748757873e-01   -1.300270367987e-03  -1.310510398531e+01   5.328868570004e-01
 -7.244895919435e-02   -2.825646762590e-03  -1.312625009503e+01   5.328868570004e-01
 -1.162790075224e-01   -2.265668156061e-03  -1.259000116654e+01   5.328868570004e-01
 -5.317104056007e-02    1.035126359708e-02  -2.222708244781e+01   1.135705372031e+00
 -6.820252155985e-02    9.564753067818e-03  -2.118044967851e+01   1.135705372031e+00
 -9.957564200765e-02    2.354191169885e-02  -2.196900209363e+01   1.135705372031e+00
 -1.964941807274e-04   -4.248293907925e-05  -2.262297228503e+01   1.631678988594e+00
 -5.300160863840e-02    1.029845755084e-02  -2.223061502613e+01   1.631678988594e+00
 -4.290748318453e-02    7.693894638519e-03  -2.281780327282e+01   1.631678988594e+00
 -8.809870518904e-02    2.124852703296e-02  -2.256986362600e+01   5.750360106709e-01
 -9.940130632916e-02    2.366909086701e-02  -2.196988450860e+01   5.750360106709e-01
 -1.080499195569e-01    3.194467210176e-02  -2.280331065932e+01   5.750360106709e-01
 -9.938597407426e-02    2.355881201089e-02  -2.197034005755e+01   1.213297338477e+00
 -8.809417071054e-02    2.126925341556e-02  -2.257062116883e+01   1.213297338477e+00
 -5.337558055357e-02    1.033600910168e-02  -2.222377307589e+01   1.213297338477e+00
 -1.150843714559e-01    3.568058425125e-02  -2.220122256316e+01   3.609361606226e-01
 -1.077516558197e-01    3.196522930064e-02  -2.280999872229e+01   3.609361606226e-01
 -9.977942996824e-02    2.366622566757e-02  -2.196370708075e+01   3.609361606226e-01
 -8.807909735600e-02    2.127736113564e-02  -2.257023113698e+01   7.342272411131e-01
 -1.080653883460e-01    3.187720554541e-02  -2.280334502926e+01   7.342272411131e-01
 -9.174936139120e-02    1.955931866522e-02  -2.300906372604e+01   7.342272411131e-01
 -1.152034148608e-01    3.570966976527e-02  -2.219760512209e+01   8.061866144321e-02
 -9.965809545364e-02    2.364427123131e-02  -2.196691512537e+01   8.061866144321e-02
 -1.235677088245e-01    2.638311962872e-02  -2.118036367654e+01   8.061866144321e-02
 -5.316392766424e-02    1.038262383134e-02  -2.222910277665e+01   1.168447919420e+00
 -8.822492148507e-02    2.122110080034e-02  -2.256782256761e+01   1.168447919420e+00
 -4.279327742036e-02    7.640347154734e-03  -2.281886725576e+01   1.168447919420e+00
 -2.041506662544e-04    5.574014792518e-05  -1.849930575413e+01   2.481989551000e+00
 -1.134779815968e-04   -9.932077091206e-05  -1.597714602729e+01   2.481989551000e+00
 -7.471148447891e-02   -3.745521103857e-03  -1.790502717169e+01   2.481989551000e+00
 -1.136440015433e-01    2.423630984544e-02  -2.352532771900e+01   7.393149551203e-01
 -9.193727891085e-02    1.960948667168e-02  -2.300470079022e+01   7.393149551203e-01
 -1.078379579713e-01    3.188515929055e-02  -2.280618018458e+01   7.393149551203e-01
 -1.263845872751e-01    5.211879651908e-04  -2.392284143036e+01   4.902163469170e-01
 -1.132966280527e-01    2.400854077669e-02  -2.352469567377e+01   4.902163469170e-01
 -1.168309114792e-01    1.067321388992e-02  -2.403667570549e+01   4.902163469170e-01
 -1.260770557134e-01    1.453086451216e-04  -2.391681451104e+01   1.087988459254e+00
 -9.842619799224e-02    1.442760506114e-04  -2.338005892202e+01   1.087988459254e+00
 -1.136018688299e-01    2.419602104426e-02  -2.353003563644e+01   1.087988459254e+00
 -1.265404080863e-01    5.067560586086e-04  -2.392830920798e+01   5.106538118714e-01
 -1.167320837752e-01    1.056086644864e-02  -2.403588572070e+01   5.106538118714e-01
 -1.401135561667e-01   -1.713350782615e-04  -2.432960192511e+01   5.106538118714e-01
 -1.162927764665e-01    1.021209465609e-02  -2.403647814976e+01   2.653356499213e-01
 -1.139359312540e-01    2.435738481938e-02  -2.352314101746e+01   2.653356499213e-01
 -9.405323589948e-02    2.242333997786e-02  -2.375062792625e+01   2.653356499213e-01
 -8.983337304560e-02   -1.684409396052e-03  -2.400951132331e+01  -4.898840411538e-02
 -1.165789501150e-01    1.024514773568e-02  -2.402701411443e+01  -4.898840411538e-02
 -9.358986196501e-02    2.225984951330e-02  -2.375784016613e+01  -4.898840411538e-02
 -1.164467210294e-01    9.880770450754e-03  -2.403285314654e+01   1.653296047361e-01
 -1.182333508673e-01   -1.254617567554e-02  -2.402153232567e+01   1.653296047361e-01
 -1.402414720390e-01    4.485491767466e-04  -2.432859769711e+01   1.653296047361e-01
 -1.139336345216e-01    2.427238180752e-02  -2.352125878905e+01  -7.339236873999e-02
 -1.023435626861e-01    3.538502603145e-02  -2.311177919615e+01  -7.339236873999e-02
 -9.405058358660e-02    2.258346823598e-02  -2.375171931232e+01  -7.339236873999e-02
 -7.918795964218e-02    1.155017746734e-03  -1.261989433029e+01  -1.008388986659e+00
 -1.088440927206e-01    1.562373792679e-03  -1.185238268534e+01  -1.008388986659e+00
 -1.248992422195e-03    1.193800851911e-04  -1.171793766606e+01  -1.008388986659e+00
 -7.280162344089e-02    2.883906331690e-02  -2.340214828198e+01  -1.078895906022e+00
 -1.027434752946e-01    3.554421798004e-02  -2.311261560774e+01  -1.078895906022e+00
 -8.680336625307e-02    3.241358436079e-02  -2.250252641983e+01  -1.078895906022e+00
 -1.027931420830e-01    3.542788168494e-02  -2.310642902006e+01   1.638077200354e-01
 -1.134330991535e-01    2.418032441603e-02  -2.352932820214e+01   1.638077200354e-01
 -1.080597193914e-01    3.199538950310e-02  -2.280310656032e+01   1.638077200354e-01
 -3.228976595151e-02    9.052876153162e-03  -2.418139919408e+01  -1.170529150813e+00
 -6.258503160777e-02    1.645461541936e-02  -2.400379111795e+01  -1.170529150813e+00
 -3.787921855887e-02    1.685412935665e-02  -2.364806090513e+01  -1.170529150813e+00
 -6.253506241154e-02    1.638249788781e-02  -2.399693246295e+01  -7.789854394081e-01
 -9.371772558280e-02    2.241070068758e-02  -2.376001075309e+01  -7.789854394081e-01
 -7.250277801109e-02    2.882059230808e-02  -2.341336626952e+01  -7.789854394081e-01
 -7.265340641430e-02    2.879975229937e-02  -2.340715443636e+01  -1.307116903690e+00
 -3.808053382820e-02    1.688700455846e-02  -2.364484477683e+01  -1.307116903690e+00
 -6.241333400405e-02    1.644126072921e-02  -2.400618679035e+01  -1.307116903690e+00
 -6.254423954342e-02    1.633593442697e-02  -2.399944420519e+01  -1.684167739808e-01
 -8.962992240356e-02   -1.809324431118e-03  -2.401694578567e+01  -1.684167739808e-01
 -9.368040050307e-02    2.237456763423e-02  -2.375730764019e+01  -1.684167739808e-01
 -1.150315700073e-01    3.581022661591e-02  -2.220048814716e+01  -7.701045748565e-01
 -8.715077651123e-02    3.241440603122e-02  -2.249585375154e+01  -7.701045748565e-01
 -1.024444067852e-01    3.554106897808e-02  -2.311948306171e+01  -7.701045748565e-01
 -7.276528352526e-02    2.882008166268e-02  -2.340817175649e+01  -4.823266411859e-01
 -9.352339632379e-02    2.244463747475e-02  -2.376475139665e+01  -4.823266411859e-01
 -1.027096497179e-01    3.551000230716e-02  -2.310659309749e+01  -4.823266411859e-01
 -1.146211510039e-01    3.574626442932e-02  -2.220779391416e+01  -1.934618368566e-01
 -1.028199324383e-01    3.552560005054e-02  -2.310534139565e+01  -1.934618368566e-01
 -1.080969236554e-01    3.194981638448e-02  -2.280268034962e+01  -1.934618368566e-01
 -6.243841973151e-02    1.630861265226e-02  -2.400002948157e+01  -4.816101690007e-01
 -3.236604246606e-02    9.152670388302e-03  -2.418591099927e+01  -4.816101690007e-01
 -5.918885635476e-02   -1.346023279778e-03  -2.421067587500e+01  -4.816101690007e-01
 -1.242415734055e-01    2.629310729162e-02  -2.117099952862e+01   8.199377460452e-01
 -9.911953664270e-02    2.362422530554e-02  -2.197876315047e+01   8.199377460452e-01
 -6.901685288200e-02    9.530268567740e-03  -2.116878103246e+01   8.199377460452e-01
 -1.409493113980e-01   -1.480098410902e-03  -1.182071498888e+00   3.689518216281e-01
 -1.047727357662e-01    1.480955222188e-03  -9.072531652908e-04   3.689518216281e-01
 -1.413239992382e-01   -3.142602921426e-04  -1.388219641935e-02   3.689518216281e-01
 -1.264400776117e-01    1.383018529621e-02  -2.004262140896e+01   7.782557752780e-01
 -7.391856756609e-02    3.984918523818e-03  -1.964544297665e+01   7.782557752780e-01
 -1.257900525502e-01    9.069745518032e-04  -1.878147443507e+01   7.782557752780e-01
 -1.261644109438e-01    1.414069727478e-02  -2.004875644974e+01   5.946369982834e-01
 -1.244021265530e-01    2.619574848498e-02  -2.116682970752e+01   5.946369982834e-01
 -6.893650499176e-02    9.677502382886e-03  -2.117098617223e+01   5.946369982834e-01
 -1.150795243643e-01    3.585545892045e-02  -2.220920075481e+01  -1.205731500536e+00
 -1.008092666744e-01    2.710898269872e-02  -2.138033740114e+01  -1.205731500536e+00
 -8.716353858913e-02    3.238472732594e-02  -2.248752433551e+01  -1.205731500536e+00
 -1.011721015069e-01    2.709859401708e-02  -2.137279937524e+01  -8.682258791485e-01
 -1.147583712668e-01    3.582605045334e-02  -2.221713473746e+01  -8.682258791485e-01
 -1.240462256231e-01    2.640183459503e-02  -2.117065656698e+01  -8.682258791485e-01
 -1.108304152126e-01    1.556544512599e-02  -2.012326196644e+01  -1.178409592274e+00
 -1.011597518197e-01    2.700080846080e-02  -2.136231956845e+01  -1.178409592274e+00
 -1.241269383546e-01    2.651788792300e-02  -2.118129573574e+01  -1.178409592274e+00
 -5.352579524274e-02    1.645828739711e-02  -2.155692867005e+01  -2.557764500160e+00
 -8.703491299750e-02    3.239619233991e-02  -2.250437374186e+01  -2.557764500160e+00
 -1.009513089991e-01    2.706643033810e-02  -2.136823814700e+01  -2.557764500160e+00
 -1.238368711029e-01    2.651304238772e-02  -2.118946701567e+01  -7.829921955870e-01
 -1.267154410942e-01    1.392182504045e-02  -2.003751690335e+01  -7.829921955870e-01
 -1.111377520672e-01    1.551000708207e-02  -2.011555757707e+01  -7.829921955870e-01
 -1.265987309350e-01    1.402371859490e-02  -2.004321258818e+01   1.072794779957e+00
 -6.837097637658e-02    9.759675255787e-03  -2.118155764399e+01   1.072794779957e+00
 -7.364953074982e-02    3.824791281272e-03  -1.964612585764e+01   1.072794779957e+00
 -1.151138997757e-01    1.028593856457e-03  -1.879338032778e+01  -1.059078939935e+00
 -1.110444714382e-01    1.534657193535e-02  -2.010336564068e+01  -1.059078939935e+00
 -1.268712285667e-01    1.408208423988e-02  -2.004932826488e+01  -1.059078939935e+00
 -2.147894254473e-04    1.219186443782e-04  -1.876910033563e+01  -4.588121916081e+00
 -6.403476581567e-02    2.777260780722e-04  -1.878400778839e+01  -4.588121916081e+00
 -2.004038676467e-04   -2.794831408525e-04  -1.735213311829e+01  -4.588121916081e+00
 -1.112971255651e-01    1.542841285869e-02  -2.011989493071e+01  -2.882352227925e+00
 -6.378527172806e-02    4.894370230473e-04  -1.878603181625e+01  -2.882352227925e+00
 -5.999841867723e-02    9.974374846561e-03  -2.019934785119e+01  -2.882352227925e+00
 -6.411127538792e-02    4.755689501952e-04  -1.878516153754e+01  -2.893666635593e+00
 -1.110191016039e-01    1.538949378714e-02  -2.012150333534e+01  -2.893666635593e+00
 -1.148591267773e-01    8.527490884009e-04  -1.877587350672e+01  -2.893666635593e+00
 -6.001095087476e-02    9.866487066218e-03  -2.020958881289e+01  -4.935546633505e+00
 -6.368372083569e-02    6.968641095599e-04  -1.876815660145e+01  -4.935546633505e+00
 -4.645404507791e-04    2.816481721794e-04  -2.021127633770e+01  -4.935546633505e+00
 -1.110019064190e-01    1.547782296229e-02  -2.010900467078e+01  -2.822978802539e+00
 -6.023496191374e-02    9.967240253928e-03  -2.021155781046e+01  -2.822978802539e+00
 -1.009912164466e-01    2.700496921960e-02  -2.138066748847e+01  -2.822978802539e+00
 -1.108204758718e-01   -1.357633991095e-02  -1.743871510830e+01  -2.881231069264e+00
 -6.408992416912e-02    5.228607279426e-04  -1.876743465051e+01  -2.881231069264e+00
 -1.148660438506e-01    7.480321770902e-04  -1.878050058196e+01  -2.881231069264e+00
 -1.155019528466e-01    9.601768418240e-04  -1.878819793663e+01  -7.091912381241e-01
 -1.265254077474e-01    1.411808300345e-02  -2.005615134054e+01  -7.091912381241e-01
 -1.257461091961e-01    6.812110185778e-04  -1.877434775420e+01  -7.091912381241e-01
 -7.361165003108e-02    4.104993390629e-03  -1.964802604398e+01   1.120051013455e+00
 -7.432445545579e-02   -3.756886690052e-03  -1.790279212039e+01   1.120051013455e+00
 -1.261078566430e-01    7.668819039616e-04  -1.877916325518e+01   1.120051013455e+00
 -5.327266106687e-02    1.641182141012e-02  -2.154624114105e+01  -2.733137176276e+00
 -1.012605705087e-01    2.706960846360e-02  -2.137812588154e+01  -2.733137176276e+00
 -5.991713581856e-02    9.939232755405e-03  -2.021431500941e+01  -2.733137176276e+00
 -1.019356253616e-05    3.922190087770e-05  -2.364351454140e+01  -2.662115012772e+00
 -3.832049403493e-02    1.698384466192e-02  -2.365010195915e+01  -2.662115012772e+00
 -2.792704645907e-04    1.586879507848e-04  -2.276865035062e+01  -2.662115012772e+00
 -3.796373755357e-02    1.679121305777e-02  -2.363900489400e+01  -1.881116874887e+00
 -7.287122180509e-02    2.891896747342e-02  -2.341319102626e+01  -1.881116874887e+00
 -4.571582186430e-02    1.921963335868e-02  -2.273538244327e+01  -1.881116874887e+00
 -6.321359629238e-02    8.462880554168e-03  -1.445083687829e+01  -1.577980429925e+00
 -3.323683581287e-05   -1.010020119231e-04  -1.363823625456e+01  -1.577980429925e+00
 -1.859698013739e-04    3.253222030304e-05  -1.445766378585e+01  -1.577980429925e+00
 -2.472680168135e-04    3.569378620926e-04  -2.426994677458e+01  -8.553271638506e-01
 -3.063564106829e-02   -6.461768281248e-04  -2.438695529935e+01  -8.553271638506e-01
 -3.221161597795e-02    8.931949959116e-03  -2.418336298235e+01  -8.553271638506e-01
 -1.646102641859e-04    1.422587007308e-04  -2.365191286105e+01  -2.157579790850e+00
  7.707119215063e-05   -1.005480543877e-04  -2.426378362445e+01  -2.157579790850e+00
 -3.801363975486e-02    1.677778183863e-02  -2.364161570696e+01  -2.157579790850e+00
 -7.041766936320e-02   -1.367462950924e-02  -2.202988403768e+01  -1.639351092504e+00
 -3.133098307802e-04    5.554013855737e-05  -2.248160112139e+01  -1.639351092504e+00
 -5.613997016072e-02   -9.923703908844e-03  -2.258236839332e+01  -1.639351092504e+00
 -3.811388785485e-02    1.688224946001e-02  -2.365131161265e+01  -3.285659514592e+00
 -4.565918259697e-02    1.914651825471e-02  -2.272558346184e+01  -3.285659514592e+00
 -4.828816378015e-04    2.709233713365e-04  -2.276470908059e+01  -3.285659514592e+00
 -9.102584685975e-05   -1.750172023162e-05  -2.426227464842e+01  -1.698894523580e+00
 -3.232047193982e-02    9.134688208677e-03  -2.418514725576e+01  -1.698894523580e+00
 -3.779560929163e-02    1.669533593652e-02  -2.364302589071e+01  -1.698894523580e+00
 -3.370770645449e-04   -4.087028427963e-05  -2.022937305130e+01  -4.286133961208e+00
 -6.064094157293e-05    2.657242203049e-04  -2.157783671284e+01  -4.286133961208e+00
 -6.007633313966e-02    1.016667892869e-02  -2.019856251003e+01  -4.286133961208e+00
 -1.354857147650e-04    2.477316100359e-04  -2.020929048066e+01  -4.591839444740e+00
 -6.402922640807e-02    6.960513382473e-04  -1.876816733895e+01  -4.591839444740e+00
 -2.307728850821e-04   -1.052080017584e-04  -1.878494145803e+01  -4.591839444740e+00
 -9.432432298713e-02   -5.447194717669e-03  -1.952225379614e+01  -1.920584924184e+00
 -7.357025408387e-04   -1.034290055479e-04  -2.099331596126e+01  -1.920584924184e+00
 -8.367321637595e-02   -1.247355052076e-02  -2.096762495212e+01  -1.920584924184e+00
 -6.586050207128e-05    1.373214161723e-04  -2.274837725314e+01  -3.490069754055e+00
 -4.608413287868e-02    1.922629475741e-02  -2.273680621094e+01  -3.490069754055e+00
 -3.945440259842e-04    5.248066829392e-05  -2.160776629228e+01  -3.490069754055e+00
 -4.071901109271e-04    3.885322292465e-04  -2.157922454677e+01  -4.476675171087e+00
 -5.327720107402e-02    1.629196653571e-02  -2.155569854852e+01  -4.476675171087e+00
 -5.975515467955e-02    1.010248462818e-02  -2.019895546627e+01  -4.476675171087e+00
 -7.361720430572e-02    3.883134352392e-03  -1.964757715871e+01   2.269174539183e+00
 -7.216889758077e-04   -9.511253119925e-05  -1.850648634378e+01   2.269174539183e+00
 -7.424658489049e-02   -3.583652616648e-03  -1.790303198566e+01   2.269174539183e+00
 -5.327783939312e-02    1.027250103441e-02  -2.222694145464e+01   1.772507132867e+00
  4.027355972251e-05   -2.717659233270e-05  -2.262773362950e+01   1.772507132867e+00
 -2.068789699194e-04    7.691743297815e-06  -2.204037617878e+01   1.772507132867e+00
 -7.208995178800e-04    1.812016302957e-04  -2.160414673948e+01  -4.066976492795e+00
 -4.582569290401e-02    1.912467554374e-02  -2.273839342463e+01  -4.066976492795e+00
 -5.309720327232e-02    1.639668087151e-02  -2.154746014490e+01  -4.066976492795e+00
 -4.569126369268e-02    1.917403643149e-02  -2.272490264629e+01  -2.397810945399e+00
 -8.726421073417e-02    3.245687109153e-02  -2.250195964061e+01  -2.397810945399e+00
 -5.324195189701e-02    1.640374315911e-02  -2.155957135380e+01  -2.397810945399e+00
 -6.843817972147e-02    9.488851685217e-03  -2.118416464531e+01   2.269782202484e+00
 -7.177113683793e-04   -1.511417187210e-04  -1.993314434325e+01   2.269782202484e+00
 -7.344770393253e-02    3.983443226212e-03  -1.964604003133e+01   2.269782202484e+00
 -1.154912409259e-01    6.500619511628e-04  -1.876824234424e+01  -6.972121532261e-01
 -1.257493771521e-01    8.409758041089e-04  -1.878345819103e+01  -6.972121532261e-01
 -1.268932682570e-01   -1.223652288506e-02  -1.750330710121e+01  -6.972121532261e-01
 -4.593086578722e-02    1.926609140450e-02  -2.273299797598e+01  -2.029289070876e+00
 -7.268343241876e-02    2.888228213564e-02  -2.341540239915e+01  -2.029289070876e+00
 -8.694756081727e-02    3.238234027128e-02  -2.249361205028e+01  -2.029289070876e+00
  2.083188359923e-05    4.648982117593e-05  -2.114691378239e+01   2.286287714556e+00
 -4.240734698920e-04   -1.075809984015e-04  -1.993587176883e+01   2.286287714556e+00
 -6.867915209254e-02    9.414275198833e-03  -2.118250792016e+01   2.286287714556e+00
 -3.079990368360e-02   -6.250342739358e-04  -2.438595065197e+01  -2.573762047377e-01
 -9.138105128038e-05    2.941998124201e-04  -2.427277145177e+01  -2.573762047377e-01
 -3.967639821474e-05   -1.227186283793e-04  -2.440439914530e+01  -2.573762047377e-01
 -1.193757979175e-01   -2.886119537163e-02  -2.345185746323e+01  -2.071440603681e-01
 -1.180231179264e-01   -1.303229007993e-02  -2.401788955960e+01  -2.071440603681e-01
 -9.642823665758e-02   -2.636340277938e-02  -2.370633811926e+01  -2.071440603681e-01
 -1.182361003760e-01   -1.265462759985e-02  -2.401956227362e+01  -2.481462812251e-01
 -1.402333524362e-01   -4.036497830208e-04  -2.421602246091e+01  -2.481462812251e-01
 -1.403109497382e-01    5.247670031769e-04  -2.433446854183e+01  -2.481462812251e-01
 -1.400125312195e-01    1.123838293885e-04  -2.421251171544e+01  -8.663301714224e-01
 -1.185129662144e-01   -2.855303709881e-02  -2.346076474328e+01  -8.663301714224e-01
 -1.263442877408e-01   -2.419665048868e-04  -2.366164256271e+01  -8.663301714224e-01
 -1.186433566598e-01   -2.850534624247e-02  -2.345900065379e+01  -2.830722676527e-01
 -1.398944372356e-01   -7.767724854464e-06  -2.421359354748e+01  -2.830722676527e-01
 -1.184245201987e-01   -1.329295279138e-02  -2.401629957262e+01  -2.830722676527e-01
 -1.260356771279e-01   -1.357445509468e-04  -2.366293839227e+01  -1.176313318134e+00
 -1.191646507030e-01   -2.875715488188e-02  -2.345744913703e+01  -1.176313318134e+00
 -9.852529814246e-02   -1.304385253148e-04  -2.309698328322e+01  -1.176313318134e+00
 -8.444342322734e-04    4.283896337644e-05  -7.490188760686e-01   1.024979052973e+00
  7.085778492512e-06   -2.345233814357e-05  -4.320821709809e-03   1.024979052973e+00
 -1.051076327664e-01    1.493006412355e-03   2.648500149350e-03   1.024979052973e+00
 -1.183298893756e-01   -1.309332275585e-02  -2.400951100812e+01   9.530574192319e-02
 -8.983804765121e-02   -2.025838362450e-03  -2.401000722535e+01   9.530574192319e-02
 -9.595507701338e-02   -2.619284089857e-02  -2.371369482064e+01   9.530574192319e-02
 -1.182353448429e-01   -1.311839763373e-02  -2.401810623607e+01   2.506013596450e-02
 -1.164735115270e-01    1.029018383477e-02  -2.403394931611e+01   2.506013596450e-02
 -9.002550359084e-02   -1.862632331079e-03  -2.400339910935e+01   2.506013596450e-02
 -6.380063965841e-02   -1.933052796343e-02  -2.397393631576e+01   2.700233012543e-01
 -9.604001602639e-02   -2.630142094422e-02  -2.371375695804e+01   2.700233012543e-01
 -8.963919627342e-02   -1.904678162412e-03  -2.401711858157e+01   2.700233012543e-01
 -7.506046445138e-02   -3.159874270773e-02  -2.334678167706e+01   1.475564350754e+00
 -6.368323125004e-02   -1.943526441758e-02  -2.398136554626e+01   1.475564350754e+00
 -3.883666168574e-02   -1.790014096732e-02  -2.357734662863e+01   1.475564350754e+00
 -9.589530964823e-02   -2.638581453476e-02  -2.372153431525e+01   6.004507883531e-01
 -7.518301522673e-02   -3.164224322552e-02  -2.334851989927e+01   6.004507883531e-01
 -1.073625464195e-01   -3.973105900968e-02  -2.302546462179e+01   6.004507883531e-01
 -7.491982988880e-02   -3.163416725137e-02  -2.335355263507e+01   8.745711591581e-01
 -9.608876680544e-02   -2.635871585194e-02  -2.371682658412e+01   8.745711591581e-01
 -6.378410155663e-02   -1.936110445020e-02  -2.397127622138e+01   8.745711591581e-01
 -1.218912653019e-01   -3.984860938447e-02  -2.209539707081e+01   9.024948018272e-01
 -1.071002219492e-01   -3.976475526859e-02  -2.303846110470e+01   9.024948018272e-01
 -9.076654996376e-02   -3.515412688200e-02  -2.242114795126e+01   9.024948018272e-01
 -9.641763362699e-02   -2.650980280742e-02  -2.370838090728e+01   1.512153192116e-01
 -1.070050684318e-01   -3.962021844513e-02  -2.303030871954e+01   1.512153192116e-01
 -1.193819703072e-01   -2.877761727110e-02  -2.344822203238e+01   1.512153192116e-01
 -6.367899793854e-02   -1.929189759394e-02  -2.397513545412e+01   6.053942055844e-01
 -5.919790642007e-02   -1.556676657828e-03  -2.421036450249e+01   6.053942055844e-01
 -3.295139347935e-02   -1.090324098122e-02  -2.417707132752e+01   6.053942055844e-01
 -6.359420660577e-02   -1.931961869238e-02  -2.397867486834e+01   3.424244026711e-01
 -8.984091623949e-02   -1.883899441140e-03  -2.401221728221e+01   3.424244026711e-01
 -5.926162915643e-02   -1.477996935322e-03  -2.420325371191e+01   3.424244026711e-01
 -8.983222795833e-02   -1.842768501837e-03  -2.401223920667e+01  -2.570009103858e-01
 -6.233930096835e-02    1.633451162720e-02  -2.400396510326e+01  -2.570009103858e-01
 -5.926579560724e-02   -1.424040938136e-03  -2.420324837508e+01  -2.570009103858e-01
 -1.188772147538e-01   -2.868417699589e-02  -2.345488071176e+01  -7.685444318695e-02
 -1.074578761095e-01   -3.966725681217e-02  -2.302568932490e+01  -7.685444318695e-02
 -1.156938456523e-01   -3.665597030734e-02  -2.267700261710e+01  -7.685444318695e-02
 -9.809214469232e-02   -3.120226414030e-04  -2.309215568666e+01  -1.374232389927e+00
 -1.005299384244e-01   -2.298192480519e-02  -2.283245294708e+01  -1.374232389927e+00
 -5.616966221431e-02    2.114125676251e-04  -2.276979026527e+01  -1.374232389927e+00
 -9.830708919221e-02   -2.583280976474e-04  -2.310020586424e+01  -8.572715561510e-01
 -1.194473669478e-01   -2.870683753479e-02  -2.345182673390e+01  -8.572715561510e-01
 -1.004053847820e-01   -2.323369745884e-02  -2.282727298097e+01  -8.572715561510e-01
 -5.604389399502e-02   -1.907832542033e-04  -2.276831373477e+01  -1.425006011725e+00
 -5.597810335118e-02   -9.820864049206e-03  -2.258355468152e+01  -1.425006011725e+00
  4.912840785969e-05    2.582077423451e-04  -2.277367057583e+01  -1.425006011725e+00
 -5.624971531615e-02   -1.017377158029e-02  -2.257824423365e+01  -1.152725403830e+00
 -5.590867823237e-02    9.380819477775e-05  -2.277691637065e+01  -1.152725403830e+00
 -1.008559272663e-01   -2.285520981396e-02  -2.282713334835e+01  -1.152725403830e+00
 -7.115090593240e-02   -1.364568370858e-02  -2.202725073690e+01  -1.775848452501e+00
 -6.383795653152e-04    9.390404085267e-06  -2.100906232942e+01  -1.775848452501e+00
  1.578996413031e-04    1.683572209135e-05  -2.249270492936e+01  -1.775848452501e+00
 -4.360554193838e-04    4.121560201899e-05  -1.171598630607e+01  -1.136630757566e+00
 -3.685819247126e-05   -3.427522901480e-05  -1.257901028754e+01  -1.136630757566e+00
 -7.963943472518e-02    1.169358919750e-03  -1.261916281000e+01  -1.136630757566e+00
 -1.008029915444e-01   -2.302524563302e-02  -2.282523791719e+01  -1.123602758805e+00
 -9.904395377440e-02   -2.524135460525e-02  -2.238954418049e+01  -1.123602758805e+00
 -5.638122719198e-02   -1.000890669766e-02  -2.257657009151e+01  -1.123602758805e+00
 -6.867046877144e-02   -2.607640747866e-03  -1.270291561188e+01   1.144176392652e+00
  1.690922501770e-05    4.954131464031e-05  -1.262528741866e+01   1.144176392652e+00
 -3.934838215411e-04   -3.477298549231e-05  -1.180314288029e+01   1.144176392652e+00
 -1.153776474754e-01   -3.662035995449e-02  -2.268367373442e+01  -2.330516129511e-01
 -1.219520124020e-01   -3.972648532041e-02  -2.209619977372e+01  -2.330516129511e-01
 -1.113840328092e-01   -2.781996481696e-02  -2.180835430161e+01  -2.330516129511e-01
 -1.214838759262e-01   -3.978395796341e-02  -2.210249377828e+01   2.934169850304e-01
 -1.157374434941e-01   -3.661308529732e-02  -2.267674318494e+01   2.934169850304e-01
 -1.074714115824e-01   -3.975324968440e-02  -2.302463454815e+01   2.934169850304e-01
 -9.916271941762e-02   -2.528494907749e-02  -2.238807139510e+01  -1.052131747536e+00
 -1.110289393465e-01   -2.771697559817e-02  -2.181588395558e+01  -1.052131747536e+00
 -7.050744127851e-02   -1.371885689062e-02  -2.202473023520e+01  -1.052131747536e+00
 -1.110284474507e-01   -2.782305914039e-02  -2.181466232844e+01  -4.765052845009e-01
 -9.918350017094e-02   -2.526579093783e-02  -2.238802192645e+01  -4.765052845009e-01
 -1.156552565229e-01   -3.659977782446e-02  -2.267702928077e+01  -4.765052845009e-01
 -7.033128784237e-02   -1.375376597470e-02  -2.202961055124e+01  -9.883379363775e-01
 -1.112242076556e-01   -2.769283313652e-02  -2.181451200424e+01  -9.883379363775e-01
 -8.374300341665e-02   -1.260715071539e-02  -2.096803349595e+01  -9.883379363775e-01
 -9.928010254622e-02   -2.524660149298e-02  -2.238508725133e+01  -1.056057676767e+00
 -7.035835292325e-02   -1.375500615865e-02  -2.202922768081e+01  -1.056057676767e+00
 -5.611253041129e-02   -9.956980367596e-03  -2.258349107894e+01  -1.056057676767e+00
 -1.220607832066e-01   -3.974864519069e-02  -2.209251110771e+01   5.134343896941e-02
 -1.326118835328e-01   -2.983624914689e-02  -2.106480924720e+01   5.134343896941e-02
 -1.112710882827e-01   -2.780496056849e-02  -2.181169563621e+01   5.134343896941e-02
 -1.156954242783e-01   -3.655162941075e-02  -2.267773743544e+01  -6.539406846831e-01
 -9.914314948546e-02   -2.528041989992e-02  -2.238787539204e+01  -6.539406846831e-01
 -1.005997431693e-01   -2.309869925470e-02  -2.283019783936e+01  -6.539406846831e-01
 -1.190764749916e-01   -2.873361401646e-02  -2.345027980970e+01  -6.900348208429e-01
 -1.154854167767e-01   -3.656199564520e-02  -2.268049347888e+01  -6.900348208429e-01
 -1.007559951944e-01   -2.314808271424e-02  -2.282608924706e+01  -6.900348208429e-01
 -7.080412994370e-02   -1.371144960988e-02  -2.203213563924e+01  -2.040488256587e+00
 -8.332367430276e-02   -1.256645783259e-02  -2.096626140246e+01  -2.040488256587e+00
 -1.157151686994e-03    7.301596717248e-05  -2.099901421623e+01  -2.040488256587e+00
 -1.074043147633e-01   -3.977309797700e-02  -2.303171446992e+01   1.198697291022e+00
 -7.520615193268e-02   -3.164617597091e-02  -2.334223751563e+01   1.198697291022e+00
 -9.041629236320e-02   -3.514691166576e-02  -2.242756029384e+01   1.198697291022e+00
 -2.266524252638e-03   -5.934615653045e-05  -1.955364645590e+00   9.879963151579e-01
 -1.428356395698e-01   -1.749721209577e-03  -1.181947819021e+00   9.879963151579e-01
 -1.230555776964e-01   -3.156309488813e-03  -2.226173003224e+00   9.879963151579e-01
 -3.065156390052e-02   -1.031965622256e-03  -2.438775407757e+01   1.027145361236e+00
 -2.024797905532e-04   -2.974479144421e-04  -2.423186518252e+01   1.027145361236e+00
 -3.283671442688e-02   -1.071543051820e-02  -2.417491025710e+01   1.027145361236e+00
 -3.080554653324e-02   -1.048587475217e-03  -2.438660168306e+01   3.738730478656e-01
 -4.189429367891e-05    1.002703697837e-04  -2.440398539311e+01   3.738730478656e-01
 -7.448484408234e-05   -2.609874675093e-04  -2.423524954721e+01   3.738730478656e-01
 -3.290442769216e-02   -1.096269836612e-02  -2.418309790735e+01   2.295284440211e+00
 -4.195632781916e-04   -4.111886042087e-04  -2.366652503185e+01   2.295284440211e+00
 -3.857495919313e-02   -1.768528546670e-02  -2.357203233053e+01   2.295284440211e+00
 -4.692438579735e-02   -2.060016990568e-02  -2.266285989657e+01   3.044112998243e+00
 -3.876195460107e-02   -1.780324541036e-02  -2.357680260048e+01   3.044112998243e+00
 -1.035790661442e-04   -1.973451555770e-04  -2.365122024054e+01   3.044112998243e+00
 -4.739790223416e-02   -2.071514026389e-02  -2.266896723614e+01   2.182446140057e+00
 -9.056502671182e-02   -3.512178149453e-02  -2.241856498523e+01   2.182446140057e+00
 -7.508402837516e-02   -3.167225262235e-02  -2.335526661582e+01   2.182446140057e+00
 -4.712983618253e-02   -2.066083895343e-02  -2.267221944477e+01   2.026273762089e+00
 -7.529986202228e-02   -3.171728178372e-02  -2.335280609443e+01   2.026273762089e+00
 -3.868345813822e-02   -1.778894678520e-02  -2.357061461122e+01   2.026273762089e+00
 -2.265274543262e-04   -2.851109461698e-04  -2.367000566872e+01   1.658044007095e+00
 -3.307192854844e-02   -1.103892778689e-02  -2.418123157988e+01   1.658044007095e+00
 -1.382576860374e-05    3.618231433028e-05  -2.422331099009e+01   1.658044007095e+00
 -6.385935100599e-02   -1.946449444085e-02  -2.397918484418e+01   1.276768327820e+00
 -3.282814640306e-02   -1.078366064666e-02  -2.417379532319e+01   1.276768327820e+00
 -3.863022550144e-02   -1.784413955790e-02  -2.357987015392e+01   1.276768327820e+00
  1.113828929387e-04   -5.814324639253e-05  -2.365160117068e+01   3.248821109198e+00
 -2.943720799828e-04   -1.330904888486e-04  -2.270862354058e+01   3.248821109198e+00
 -4.716034605716e-02   -2.069554949490e-02  -2.266145577731e+01   3.248821109198e+00
 -7.446212985419e-02   -3.705332090624e-03  -1.790325798688e+01   2.104247643498e+00
 -3.752494610017e-04   -1.426652440434e-04  -1.598030582225e+01   2.104247643498e+00
 -6.808449145014e-02   -7.973047885007e-03  -1.636144678914e+01   2.104247643498e+00
 -1.428317257443e-01    2.732022506580e-03  -8.532469022625e+00  -7.663844486547e-01
 -4.426004858661e-03   -1.729437055230e-04  -9.447442530162e+00  -7.663844486547e-01
 -1.616169951565e-01    1.922947103781e-03  -9.582308034414e+00  -7.663844486547e-01
 -5.602080330720e-02    2.864353556929e-04  -2.305920874730e+01   1.529074254598e+00
 -2.594373731680e-04    1.621758725779e-04  -2.287081107771e+01   1.529074254598e+00
 -4.270119991435e-02    7.598878506353e-03  -2.281770820600e+01   1.529074254598e+00
 -5.672286510559e-02   -1.799049447051e-02  -2.150733843949e+01   4.286651319981e+00
 -1.007808752744e-04   -1.514330318004e-04  -2.149128712147e+01   4.286651319981e+00
 -3.366799110881e-04    1.010322089996e-04  -2.016154269332e+01   4.286651319981e+00
 -5.639211979036e-02   -1.821582437305e-02  -2.149283617312e+01   4.027421875067e+00
  6.440218868161e-05   -1.668809516611e-04  -2.269608562049e+01   4.027421875067e+00
 -2.720900140784e-04   -2.993408246029e-05  -2.150557458077e+01   4.027421875067e+00
 -5.689014943577e-02   -8.175974758606e-03  -1.515068675977e+01   1.673506326784e+00
 -1.015645401503e-04    8.081548423610e-05  -1.441922616457e+01   1.673506326784e+00
 -4.768117199113e-02   -6.343683240666e-03  -1.436833425346e+01   1.673506326784e+00
 -4.729147416823e-02   -2.060008185140e-02  -2.266803669546e+01   4.063170942338e+00
 -2.012101832779e-04   -2.875248809764e-04  -2.269638709156e+01   4.063170942338e+00
 -5.607427531665e-02   -1.812080753874e-02  -2.149337398273e+01   4.063170942338e+00
 -1.041676545499e-01   -8.019370302157e-03  -1.360707083555e+01   7.115856976048e-01
 -7.283854896347e-02   -5.195947030439e-03  -1.358942465679e+01   7.115856976048e-01
 -7.200966790703e-02   -2.680457602181e-03  -1.312587533076e+01   7.115856976048e-01
 -6.258359279736e-02   -1.028279917650e-02  -2.015297390162e+01   4.582232550685e+00
 -2.206221939167e-04   -1.808036429389e-04  -2.013874821131e+01   4.582232550685e+00
 -3.420495006357e-04    2.252896619243e-04  -1.872234035593e+01   4.582232550685e+00
 -9.062172093955e-02   -3.512470613155e-02  -2.242928628312e+01   2.682003386939e+00
 -5.650373516825e-02   -1.808070995019e-02  -2.150357971485e+01   2.682003386939e+00
 -1.056784710170e-01   -2.942998823324e-02  -2.129331554278e+01   2.682003386939e+00
 -5.623578422632e-02   -1.804310860066e-02  -2.150627204797e+01   2.559785296641e+00
 -9.084502513225e-02   -3.517956406334e-02  -2.242695616561e+01   2.559785296641e+00
 -4.721721778621e-02   -2.064051050190e-02  -2.265966525128e+01   2.559785296641e+00
 -1.371122770664e-01   -1.636445618917e-02  -1.993511281734e+01  -4.366621274029e-01
 -8.460556072783e-02   -1.271935563931e-02  -2.095872418240e+01  -4.366621274029e-01
 -1.334256667530e-01   -2.965492324624e-02  -2.105197577497e+01  -4.366621274029e-01
 -8.465023563475e-02   -1.257134476645e-02  -2.095716342858e+01  -6.778044265723e-01
 -1.107421381049e-01   -2.778224791673e-02  -2.182368848824e+01  -6.778044265723e-01
 -1.332870348732e-01   -2.975517898576e-02  -2.105582839205e+01  -6.778044265723e-01
 -1.330814412169e-01   -2.984956064931e-02  -2.105507854667e+01   1.020259365714e+00
 -1.216283086800e-01   -3.986481625957e-02  -2.211176880098e+01   1.020259365714e+00
 -1.058955870528e-01   -2.946202468724e-02  -2.129753468507e+01   1.020259365714e+00
 -1.058762857892e-01   -2.936162769039e-02  -2.128726841319e+01   1.334312411678e+00
 -1.160446593884e-01   -1.707591724301e-02  -2.005034153304e+01   1.334312411678e+00
 -1.331757268061e-01   -2.996889788547e-02  -2.106561932798e+01   1.334312411678e+00
 -1.059910350172e-01   -2.944181686213e-02  -2.130343480774e+01   2.863967103982e+00
 -5.627149193025e-02   -1.803020887390e-02  -2.149332898341e+01   2.863967103982e+00
 -6.226899783407e-02   -1.045176554591e-02  -2.015354688311e+01   2.863967103982e+00
 -9.076728902060e-02   -3.512225729816e-02  -2.241292158647e+01   1.341312337577e+00
 -1.055354585994e-01   -2.947119573340e-02  -2.130499344532e+01   1.341312337577e+00
 -1.219498343829e-01   -3.989589100549e-02  -2.210397279123e+01   1.341312337577e+00
 -6.220980427426e-02   -1.048735878704e-02  -2.013884041989e+01   3.025848909409e+00
 -6.478046967472e-02   -6.669455981262e-04  -1.871895173037e+01   3.025848909409e+00
 -1.165465749689e-01   -1.692884803534e-02  -2.004739594171e+01   3.025848909409e+00
 -6.218853532543e-02   -1.051165621362e-02  -2.014045057132e+01   4.906584495505e+00
 -5.640292143861e-02   -1.788812292313e-02  -2.150819189160e+01   4.906584495505e+00
 -6.542524654667e-04    1.653076246005e-05  -2.015821340019e+01   4.906584495505e+00
 -1.377954123014e-01   -1.628838578897e-02  -1.993752497963e+01   1.241661094422e+00
 -1.162345818182e-01   -1.685981679663e-02  -2.003011425761e+01   1.241661094422e+00
 -1.202572930356e-01   -1.543701497504e-03  -1.872707579716e+01   1.241661094422e+00
 -1.163449208510e-01   -1.702272518166e-02  -2.004262968895e+01   9.712469452046e-01
 -1.376208416633e-01   -1.613435772521e-02  -1.992495237976e+01   9.712469452046e-01
 -1.328909084023e-01   -2.996501435024e-02  -2.107366122990e+01   9.712469452046e-01
 -9.444717475264e-02   -5.411201290930e-03  -1.952058277421e+01  -5.062811982486e-01
 -1.373388134599e-01   -1.602571388555e-02  -1.992869422979e+01  -5.062811982486e-01
 -1.375133215251e-01   -1.513661827174e-03  -1.871392831138e+01  -5.062811982486e-01
 -1.375153322277e-01   -1.624795257071e-02  -1.992956812990e+01  -8.350854731101e-01
 -9.423168697654e-02   -5.208608449746e-03  -1.951979558003e+01  -8.350854731101e-01
 -8.401189435877e-02   -1.279068281619e-02  -2.096754996705e+01  -8.350854731101e-01
 -1.199865599154e-01   -1.379168064886e-03  -1.870858097050e+01   3.118908166070e+00
 -1.162454866807e-01   -1.688259304141e-02  -2.004906670412e+01   3.118908166070e+00
 -6.515328923735e-02   -6.617983785151e-04  -1.871788472115e+01   3.118908166070e+00
 -6.254032295628e-02   -1.048983739794e-02  -2.015104233456e+01   3.003722889796e+00
 -1.161874538172e-01   -1.698111877263e-02  -2.003608822557e+01   3.003722889796e+00
 -1.057469455269e-01   -2.937447955073e-02  -2.130584296531e+01   3.003722889796e+00
 -7.543052506895e-04    2.165326055211e-04  -1.871966213485e+01   5.139744521217e+00
 -6.459626364681e-02   -8.089605420992e-04  -1.870428346198e+01   5.139744521217e+00
 -6.224602847555e-02   -1.025004559377e-02  -2.015355278246e+01   5.139744521217e+00
 -9.429109452026e-02   -5.327691638441e-03  -1.952301841927e+01  -2.115766973753e+00
 -9.452750362276e-02    4.148073375637e-03  -1.788923980464e+01  -2.115766973753e+00
 -9.690682069103e-04    7.782431733850e-05  -1.848166649052e+01  -2.115766973753e+00
 -7.661270155957e-04   -2.161822252182e-04  -1.869225877560e+01   5.111933208959e+00
 -6.179038570478e-02    8.635449997220e-03  -1.727450862824e+01   5.111933208959e+00
 -6.458898944299e-02   -5.846922328185e-04  -1.871260387039e+01   5.111933208959e+00
 -3.279505545462e-02   -1.087463743603e-02  -2.417942776598e+01   3.823405295479e-01
 -5.936831706826e-02   -1.561099290239e-03  -2.420851240671e+01   3.823405295479e-01
 -3.063222870363e-02   -8.124236520410e-04  -2.438048275369e+01   3.823405295479e-01
 -5.936639629172e-02   -1.344178281566e-03  -2.420879603879e+01  -2.784044334154e-01
 -3.219139122277e-02    9.119911058549e-03  -2.418838162086e+01  -2.784044334154e-01
 -3.062723151015e-02   -8.721586613940e-04  -2.438026079393e+01  -2.784044334154e-01
 -3.876810343573e-04    1.279793242586e-04  -1.848777832765e+01  -2.358913364791e+00
 -2.111912832258e-04   -1.354659191136e-04  -2.099633442007e+01  -2.358913364791e+00
 -9.482641869897e-02   -5.405824212835e-03  -1.952083380738e+01  -2.358913364791e+00
 -5.761387128257e-02   -8.190200887313e-03  -1.515222562379e+01   1.922161262857e+00
 -4.808943281641e-04    3.894342873906e-06  -1.598493888045e+01   1.922161262857e+00
  8.929209718865e-05    2.406076675133e-06  -1.507513776340e+01   1.922161262857e+00
 -1.368709946167e-01   -2.704452757128e-04  -1.262131672031e+01   2.887531254751e-01
 -1.165886666441e-01   -2.304869676088e-03  -1.258614888825e+01   2.887531254751e-01
 -1.459340034624e-01   -1.450041070857e-03  -1.142051926986e+01   2.887531254751e-01
 -1.272433819963e-01   -1.218678162769e-02  -1.751000149100e+01  -1.062796546876e+00
 -1.108650222405e-01   -1.352470288605e-02  -1.745671385252e+01  -1.062796546876e+00
 -1.150986832698e-01    5.688291644537e-04  -1.876314296432e+01  -1.062796546876e+00
 -1.269767689244e-01   -1.213343747325e-02  -1.751693671366e+01   1.092856931964e+00
 -7.451115429907e-02   -3.456924155582e-03  -1.790619787839e+01   1.092856931964e+00
 -6.832515557662e-02   -8.209342869551e-03  -1.636102035701e+01   1.092856931964e+00
 -5.938453788427e-02   -8.647784228464e-03  -1.734990396835e+01  -4.864672343351e+00
 -6.010339106660e-04   -3.415292525470e-04  -1.735035144291e+01  -4.864672343351e+00
 -6.366402778164e-02    2.845332675613e-04  -1.878393711858e+01  -4.864672343351e+00
 -6.374991999082e-02    5.010729564453e-04  -1.876641616833e+01  -2.889309954093e+00
 -1.111066800399e-01   -1.360906148836e-02  -1.744046195577e+01  -2.889309954093e+00
 -5.944791948799e-02   -8.787924773584e-03  -1.736015628277e+01  -2.889309954093e+00
 -5.973035362879e-02   -8.799317988113e-03  -1.734805375615e+01  -2.806295991574e+00
 -1.107967025972e-01   -1.365140847498e-02  -1.745121359089e+01  -2.806295991574e+00
 -1.005379109321e-01   -2.475724278837e-02  -1.619215938167e+01  -2.806295991574e+00
 -8.282965307189e-04    2.907059046964e-06  -1.732371792530e+01  -4.612156700902e+00
 -5.925018407121e-02   -8.818779059923e-03  -1.735856038055e+01  -4.612156700902e+00
 -5.369717329485e-02   -1.556789659255e-02  -1.600921162154e+01  -4.612156700902e+00
 -1.270997540432e-01   -1.202496491606e-02  -1.752170129847e+01  -7.569889674376e-01
 -1.244609299655e-01   -2.356561414151e-02  -1.635819978346e+01  -7.569889674376e-01
 -1.109462692399e-01   -1.369043651638e-02  -1.744477887769e+01  -7.569889674376e-01
 -1.837771156033e-04   -2.461614277685e-05  -2.203745199644e+01   1.869602987514e+00
 -6.789206410833e-02    9.559960171070e-03  -2.118266994397e+01   1.869602987514e+00
 -5.331425532797e-02    1.032424590234e-02  -2.222728231292e+01   1.869602987514e+00
 -7.016704628526e-02   -2.640979883673e-02  -1.424807972878e+01  -1.080929733099e+00
 -8.538021299411e-02   -2.965814347398e-02  -1.510828217437e+01  -1.080929733099e+00
 -9.999627246841e-02   -3.125784370691e-02  -1.451298840319e+01  -1.080929733099e+00
 -1.247470198078e-01   -2.355260092197e-02  -1.636641710254e+01  -1.180767231461e+00
 -1.006836847548e-01   -2.472089046691e-02  -1.621072717456e+01  -1.180767231461e+00
 -1.106341599171e-01   -1.375858981420e-02  -1.743713906372e+01  -1.180767231461e+00
 -5.376983083609e-02   -1.572603805800e-02  -1.601408296977e+01  -2.483392263767e+00
 -1.004761982553e-01   -2.479987315433e-02  -1.620452577504e+01  -2.483392263767e+00
 -8.558227703930e-02   -2.963844347438e-02  -1.510699852730e+01  -2.483392263767e+00
 -5.353621970845e-02   -1.568393392905e-02  -1.602381783519e+01  -2.680568828359e+00
 -5.942454130983e-02   -8.773768687643e-03  -1.734531989360e+01  -2.680568828359e+00
 -1.007904277175e-01   -2.481326318577e-02  -1.619475900045e+01  -2.680568828359e+00
 -1.147608841431e-01   -3.166606221835e-02  -1.535928798137e+01  -1.209957496795e+00
 -8.572255790476e-02   -2.962650345840e-02  -1.512294180371e+01  -1.209957496795e+00
 -1.003303379561e-01   -2.484348635565e-02  -1.619330402470e+01  -1.209957496795e+00
 -4.303487517847e-04    8.356486941395e-05  -1.732057766630e+01  -4.050643874825e+00
 -5.404208497551e-02   -1.566352784308e-02  -1.601010158496e+01  -4.050643874825e+00
 -5.476646508090e-05   -1.333539730019e-04  -1.602341176669e+01  -4.050643874825e+00
 -1.246832189234e-01   -2.342778014643e-02  -1.637637458837e+01  -8.502411756878e-01
 -1.144566893327e-01   -3.164630673119e-02  -1.535124198226e+01  -8.502411756878e-01
 -1.006805190365e-01   -2.482222869567e-02  -1.620101627826e+01  -8.502411756878e-01
 -1.265170769492e-01   -1.225448818395e-02  -1.751263387294e+01   6.335012258691e-01
 -6.897382752349e-02   -8.134365571977e-03  -1.636835756387e+01   6.335012258691e-01
 -1.250987804782e-01   -2.323690876470e-02  -1.637871815983e+01   6.335012258691e-01
 -1.691972886714e-04    2.996888772463e-05  -1.993162620799e+01   2.455262965420e+00
 -3.152450012405e-04   -8.644004314514e-05  -1.850882896278e+01   2.455262965420e+00
 -7.395713330825e-02    3.843097685968e-03  -1.964656032944e+01   2.455262965420e+00
 -4.451223335833e-02   -1.767711631156e-02  -1.490367102106e+01  -2.365791128263e+00
 -5.351862889827e-02   -1.569273975338e-02  -1.601110431856e+01  -2.365791128263e+00
 -8.579296650579e-02   -2.968957749848e-02  -1.510953018711e+01  -2.365791128263e+00
 -5.370164295186e-02   -1.586985614853e-02  -1.602404864636e+01  -3.772843605249e+00
  2.884937965908e-05   -1.873965655814e-04  -1.485585448504e+01  -3.772843605249e+00
 -2.413466247435e-04   -1.620857068592e-05  -1.600960945328e+01  -3.772843605249e+00
 -2.602301759286e-04   -3.330383801760e-04  -1.485557544169e+01  -3.744492070302e+00
 -5.337988614864e-02   -1.577058042889e-02  -1.602334003151e+01  -3.744492070302e+00
 -4.454177493806e-02   -1.760937982070e-02  -1.489592325373e+01  -3.744492070302e+00
 -4.295512821385e-02    7.640619340491e-03  -2.281458914065e+01   1.430027479931e+00
  7.954048808819e-06    6.910667588944e-06  -2.287729912483e+01   1.430027479931e+00
 -1.410621137693e-04    1.318805674564e-05  -2.262643481716e+01   1.430027479931e+00
 -3.680469282877e-02   -1.584956682169e-02  -1.400669959963e+01  -2.538971378232e+00
  2.392117236171e-05   -2.408067538490e-05  -1.400387449235e+01  -2.538971378232e+00
 -3.567068558202e-04   -1.864268538648e-04  -1.483240774261e+01  -2.538971378232e+00
 -3.647212446149e-02   -1.565617198178e-02  -1.401465600155e+01  -2.043278621705e+00
  8.941669266654e-05    8.332325722821e-05  -1.340820928041e+01  -2.043278621705e+00
 -1.576528810683e-04   -1.267022640033e-04  -1.399592271866e+01  -2.043278621705e+00
 -4.760962738484e-02   -6.226390508212e-03  -1.436753344250e+01   1.585020545760e+00
 -1.127602635388e-04   -2.640026356208e-05  -1.441653977439e+01   1.585020545760e+00
  2.958276186429e-05    6.712463598877e-05  -1.362668188008e+01   1.585020545760e+00
 -3.657801039999e-02   -1.573812934041e-02  -1.400559247961e+01  -3.156247952580e+00
 -6.224158228296e-04   -3.298684387360e-04  -1.483574091388e+01  -3.156247952580e+00
 -4.433747837453e-02   -1.760799656607e-02  -1.490249171302e+01  -3.156247952580e+00
 -8.383414751666e-02    6.842792139227e-03  -1.362895357920e+01  -1.247266863069e+00
 -8.290984352851e-02    3.160209353011e-03  -1.308682239955e+01  -1.247266863069e+00
 -7.608847505667e-04    3.594012192753e-05  -1.363715466993e+01  -1.247266863069e+00
 -3.042070420580e-02   -8.676319285656e-03  -1.349972997660e+01  -1.132124917291e+00
 -3.635636021365e-02   -1.570801064440e-02  -1.400835763597e+01  -1.132124917291e+00
 -5.883523462431e-02   -1.540792277355e-02  -1.368150174312e+01  -1.132124917291e+00
 -7.026692907027e-02   -2.649909677312e-02  -1.423699555958e+01  -1.824901578662e+00
 -3.640095557655e-02   -1.564613755499e-02  -1.401730469766e+01  -1.824901578662e+00
 -4.447724852431e-02   -1.770541622525e-02  -1.489248447553e+01  -1.824901578662e+00
 -8.350616862796e-05   -2.710482762315e-04  -1.339846242807e+01  -2.879304695505e-01
 -2.870836589847e-02   -1.108442740060e-04  -1.330719287720e+01  -2.879304695505e-01
 -5.167568992047e-05    1.130283809055e-04  -1.324432766528e+01  -2.879304695505e-01
 -2.275928224671e-04   -3.340938015725e-04  -1.340123699980e+01  -8.426754167860e-01
 -3.035144066372e-02   -8.561143592412e-03  -1.349801424375e+01  -8.426754167860e-01
 -2.856395956787e-02   -8.228404507457e-05  -1.330554721879e+01  -8.426754167860e-01
 -5.510977710396e-02    2.314110710691e-04  -1.348278742478e+01  -2.940641034235e-01
 -2.857458481133e-02    1.242398685726e-04  -1.331199163856e+01  -2.940641034235e-01
 -3.032940147576e-02   -8.729342694000e-03  -1.349319627080e+01  -2.940641034235e-01
 -8.602667412924e-05   -1.575279967839e-04  -1.324104308783e+01   4.225481117614e-01
 -2.864646388804e-02    1.735801980995e-04  -1.331102072182e+01   4.225481117614e-01
 -3.080516991984e-02    9.040928481493e-03  -1.344908283563e+01   4.225481117614e-01
 -5.866914294357e-02   -1.539177573795e-02  -1.367923007672e+01  -1.301149148816e+00
 -3.654608388408e-02   -1.573984888531e-02  -1.401146293349e+01  -1.301149148816e+00
 -7.002563512065e-02   -2.637819376902e-02  -1.424314298559e+01  -1.301149148816e+00
 -3.045857337332e-02   -8.745254549945e-03  -1.349600399150e+01  -1.651752922080e+00
 -6.764917370048e-05    7.626534460549e-07  -1.340947041640e+01  -1.651752922080e+00
 -3.626172965231e-02   -1.557281251437e-02  -1.401337886943e+01  -1.651752922080e+00
 -4.472023917841e-02   -1.776288046920e-02  -1.489503672705e+01  -2.017375842863e+00
 -8.550861638574e-02   -2.962593454562e-02  -1.511739176920e+01  -2.017375842863e+00
 -7.007028004672e-02   -2.645505892393e-02  -1.423469080911e+01  -2.017375842863e+00
 -9.509835433371e-02    4.349037245914e-03  -1.789113607001e+01  -2.365910425373e+00
 -2.168127318299e-04    1.438834166458e-04  -1.602142657102e+01  -2.365910425373e+00
 -3.540394922889e-04   -9.367283807063e-05  -1.847467200983e+01  -2.365910425373e+00
 -1.249184870906e-01   -2.332082355115e-02  -1.637588154792e+01   8.795880909411e-01
 -6.907873818352e-02   -8.007794255633e-03  -1.636807054888e+01   8.795880909411e-01
 -1.015477682164e-01   -2.000460991873e-02  -1.549756361577e+01   8.795880909411e-01
 -8.407959933129e-02    6.992238170943e-03  -1.363069082020e+01  -1.287739289949e+00
 -4.531751301634e-04   -1.790107032709e-04  -1.364184466922e+01  -1.287739289949e+00
 -6.298151432401e-02    8.555510730036e-03  -1.445135638515e+01  -1.287739289949e+00
 -5.700004062143e-02   -8.248860470076e-03  -1.515192886429e+01   1.137903113852e+00
 -4.767122661520e-02   -6.315627279413e-03  -1.436813504021e+01   1.137903113852e+00
 -9.201385490163e-02   -1.733008635929e-02  -1.483287854838e+01   1.137903113852e+00
 -5.729962706766e-02   -8.221656363565e-03  -1.515087397849e+01   2.138772994246e+00
 -6.775643558551e-02   -8.041238675712e-03  -1.635802566676e+01   2.138772994246e+00
 -8.527515251798e-04    1.913836463173e-05  -1.598690865751e+01   2.138772994246e+00
 -1.018906491785e-01   -2.001176956193e-02  -1.550596243605e+01   4.975034695836e-01
 -9.182450997584e-02   -1.735303813404e-02  -1.483123460395e+01   4.975034695836e-01
 -1.085311132105e-01   -2.681786022532e-02  -1.471904609655e+01   4.975034695836e-01
 -9.185315079520e-02   -1.737219528185e-02  -1.482994210929e+01   1.201692576037e+00
 -1.018493174786e-01   -1.991207310140e-02  -1.550650831700e+01   1.201692576037e+00
 -5.721297007728e-02   -8.217470654715e-03  -1.515650060306e+01   1.201692576037e+00
 -9.481813404478e-02   -1.655543031171e-02  -1.432987524571e+01   5.992934219671e-01
 -1.085141887127e-01   -2.672601678408e-02  -1.472116692907e+01   5.992934219671e-01
 -9.182322035089e-02   -1.739075129641e-02  -1.482985686202e+01   5.992934219671e-01
 -1.022659282433e-01   -2.000973211727e-02  -1.551198250272e+01   3.273811540633e-01
 -1.082206367297e-01   -2.684287742466e-02  -1.471268730537e+01   3.273811540633e-01
 -1.147739658499e-01   -3.147963945328e-02  -1.536737980447e+01   3.273811540633e-01
 -9.171039597832e-02   -1.732130188112e-02  -1.483066594834e+01   1.096855922976e+00
 -4.803295825839e-02   -6.342835733606e-03  -1.437216344785e+01   1.096855922976e+00
 -9.501714593375e-02   -1.654493709581e-02  -1.433137724914e+01   1.096855922976e+00
 -5.699348563073e-02   -8.235283371754e-03  -1.515328748179e+01   1.156491253904e+00
 -1.020751683417e-01   -1.990861333912e-02  -1.550675128670e+01   1.156491253904e+00
 -6.814577295490e-02   -8.059481381641e-03  -1.635717026162e+01   1.156491253904e+00
 -7.335871493426e-02   -5.328441630211e-03  -1.359206794496e+01   1.296608596331e+00
 -4.753913229919e-02   -6.305272697361e-03  -1.436733952210e+01   1.296608596331e+00
 -1.427148079151e-04    1.361058947774e-04  -1.362944188410e+01   1.296608596331e+00
 -6.844499232268e-02   -2.591254837924e-03  -1.270181717371e+01   1.137993082564e+00
 -7.171741382355e-02   -2.636727408147e-03  -1.312196291059e+01   1.137993082564e+00
 -2.058247045985e-04    6.487652569994e-05  -1.262626953396e+01   1.137993082564e+00
 -1.165169764378e-01   -2.358989390134e-03  -1.259178772864e+01   6.879607447240e-01
 -7.191798675191e-02   -2.722519065088e-03  -1.312589694537e+01   6.879607447240e-01
 -6.844319206483e-02   -2.642032105744e-03  -1.270211618934e+01   6.879607447240e-01
 -7.303657493461e-02   -5.097094955965e-03  -1.359493143389e+01   8.104576700223e-01
 -1.040629327394e-01   -8.195912415898e-03  -1.360069565501e+01   8.104576700223e-01
 -9.466002210981e-02   -1.652280244857e-02  -1.432557354457e+01   8.104576700223e-01
 -1.343752640234e-01    6.256732327631e-04  -4.044910757381e+00   8.657123282658e-01
 -3.381729748155e-03    1.010194002826e-04  -3.018592630860e+00   8.657123282658e-01
 -1.612989062135e-01   -9.865705921931e-04  -3.089150908814e+00   8.657123282658e-01
 -1.092351064728e-01   -2.061041244130e-02  -1.410580737140e+01   5.303260628247e-01
 -1.082697038821e-01   -2.670662496500e-02  -1.471879887213e+01   5.303260628247e-01
 -9.503395594769e-02   -1.661625991096e-02  -1.433297853070e+01   5.303260628247e-01
 -1.237078062971e-01    8.836779697783e-04  -1.264588251846e+01  -6.693559693791e-01
 -8.314650093333e-02    3.176992399553e-03  -1.309428465778e+01  -6.693559693791e-01
 -1.123097591173e-01    9.266723054997e-03  -1.358801975009e+01  -6.693559693791e-01
 -7.288900538007e-02   -5.201629280134e-03  -1.358860823342e+01   1.073159774957e+00
 -9.497749236418e-02   -1.643920505911e-02  -1.433017411558e+01   1.073159774957e+00
 -4.799915486080e-02   -6.447101911812e-03  -1.436912870843e+01   1.073159774957e+00
 -5.350557118899e-05    3.898458659875e-05  -1.262655586606e+01   1.195204181184e+00
 -7.187648929057e-02   -2.623755544229e-03  -1.312123101076e+01   1.195204181184e+00
 -1.867361985013e-04    1.597823325732e-05  -1.304956582772e+01   1.195204181184e+00
 -1.262862880510e-03   -1.093059690189e-04  -1.180346996474e+01   9.158987766589e-01
 -1.476961418062e-01   -1.594823001861e-03  -1.143549973515e+01   9.158987766589e-01
 -6.832027611899e-02   -2.665634199016e-03  -1.270847603830e+01   9.158987766589e-01
 -8.746879631643e-02   -1.985538047240e-02  -1.394515752132e+01  -5.388627402737e-01
 -7.014770294589e-02   -2.639472875697e-02  -1.424187441653e+01  -5.388627402737e-01
 -9.994874337428e-02   -3.121442557620e-02  -1.451907453305e+01  -5.388627402737e-01
 -1.143381968599e-01   -3.154850142216e-02  -1.535976767741e+01  -2.618914591440e-01
 -1.085145697109e-01   -2.682469480269e-02  -1.472134689976e+01  -2.618914591440e-01
 -1.000716421286e-01   -3.122833657968e-02  -1.452031095185e+01  -2.618914591440e-01
 -5.499259812878e-02    3.022137807387e-04  -1.348800481527e+01  -2.674716874921e-01
 -5.859012064631e-02   -1.528619463159e-02  -1.368136627041e+01  -2.674716874921e-01
 -8.225448915362e-02    6.693252702069e-04  -1.371627107905e+01  -2.674716874921e-01
 -5.876735665088e-02   -1.534558246219e-02  -1.368837986332e+01  -7.727965996929e-01
 -6.989689393305e-02   -2.638942763441e-02  -1.423680890197e+01  -7.727965996929e-01
 -8.765634835828e-02   -1.983793722405e-02  -1.394954420447e+01  -7.727965996929e-01
 -8.204432128467e-02    6.454653495635e-04  -1.371221812538e+01  -1.913981300641e-01
 -5.879663720276e-02   -1.529391169955e-02  -1.368530314316e+01  -1.913981300641e-01
 -8.758919239672e-02   -1.980880260873e-02  -1.395287056697e+01  -1.913981300641e-01
 -5.867804018825e-02   -1.527405206347e-02  -1.368516499450e+01  -4.854374085617e-01
 -5.492997837232e-02    2.382022192495e-04  -1.348111269065e+01  -4.854374085617e-01
 -3.050340200289e-02   -8.764555913787e-03  -1.349546474893e+01  -4.854374085617e-01
 -9.963143659046e-02   -3.108304687488e-02  -1.451252841901e+01  -1.847872339793e-01
 -1.094216110172e-01   -2.062757150248e-02  -1.411280727190e+01  -1.847872339793e-01
 -8.792686314144e-02   -1.996487541276e-02  -1.396024185230e+01  -1.847872339793e-01
 -9.972099629975e-02   -3.125272555171e-02  -1.450588753928e+01  -7.945697230998e-01
 -8.570846467077e-02   -2.965926258599e-02  -1.511508870369e+01  -7.945697230998e-01
 -1.147232726735e-01   -3.161249913208e-02  -1.536734763200e+01  -7.945697230998e-01
 -1.090326679418e-01   -2.035204017652e-02  -1.410568588478e+01   5.095858631659e-01
 -1.043565206030e-01   -8.139352134220e-03  -1.360501191628e+01   5.095858631659e-01
 -1.194405265152e-01   -6.242466680673e-03  -1.353022348358e+01   5.095858631659e-01
 -1.000341946431e-01   -3.112404132459e-02  -1.451951369362e+01   2.915768108366e-02
 -1.084874477110e-01   -2.685764491121e-02  -1.472061134229e+01   2.915768108366e-02
 -1.089959588500e-01   -2.053296257670e-02  -1.410223750807e+01   2.915768108366e-02
 -1.078764890986e-01    1.091395099133e-02  -1.384238668179e+01   4.867162937731e-02
 -8.242809912220e-02    6.818728029907e-04  -1.372354101896e+01   4.867162937731e-02
 -1.059129170039e-01   -8.890592821652e-03  -1.384506101906e+01   4.867162937731e-02
 -8.221874912480e-02    5.141193955566e-04  -1.371960938197e+01  -8.678524999538e-02
 -8.750419234720e-02   -1.967524991639e-02  -1.395183632803e+01  -8.678524999538e-02
 -1.060661294507e-01   -8.824488752364e-03  -1.384907507733e+01  -8.678524999538e-02
 -1.196599387457e-01   -6.267173612500e-03  -1.353396225079e+01   6.287163952961e-02
 -1.063094149896e-01   -8.991818669254e-03  -1.385135134537e+01   6.287163952961e-02
 -1.088128112909e-01   -2.045966791372e-02  -1.410281841664e+01   6.287163952961e-02
 -1.198779537093e-01   -6.478004162228e-03  -1.353265254217e+01   1.990759713457e-01
 -1.252136013756e-01    1.271167433706e-03  -1.350629778497e+01   1.990759713457e-01
 -1.061941242156e-01   -8.693412000279e-03  -1.385224974724e+01   1.990759713457e-01
 -1.349567417772e-01   -1.121532583874e-03  -1.310696025814e+01   1.429245232107e-01
 -1.252886641896e-01    1.078499373521e-03  -1.350677985339e+01   1.429245232107e-01
 -1.196785921146e-01   -6.273695838776e-03  -1.352888123073e+01   1.429245232107e-01
 -1.058008141985e-01   -8.777313762779e-03  -1.384074494152e+01   1.250468110050e-01
 -8.794008321671e-02   -1.978619703243e-02  -1.396016759538e+01   1.250468110050e-01
 -1.093879348287e-01   -2.074996573135e-02  -1.411153520615e+01   1.250468110050e-01
 -9.478315136393e-02   -1.670718970785e-02  -1.432581255860e+01   4.565124828801e-01
 -1.040188559675e-01   -8.098807368132e-03  -1.359909463931e+01   4.565124828801e-01
 -1.094644628407e-01   -2.049180786050e-02  -1.410998544972e+01   4.565124828801e-01
 -5.498449034370e-02    3.620432021293e-04  -1.348765612919e+01   3.404108465526e-01
 -8.226360932471e-02    6.811244301181e-04  -1.371670491929e+01   3.404108465526e-01
 -5.967086457541e-02    1.616824029481e-02  -1.366235199537e+01   3.404108465526e-01
 -1.478189959889e-01   -3.499870043219e-04  -4.818260101007e+00  -7.572253375570e-01
 -4.411697990119e-03   -1.727840582767e-04  -4.909446095545e+00  -7.572253375570e-01
 -1.488777555289e-01   -3.888816474347e-04  -6.095499864223e+00  -7.572253375570e-01
 -1.020961406845e-01   -1.999750099338e-02  -1.550984274258e+01   5.530642563555e-02
 -1.149222081510e-01   -3.150775788041e-02  -1.537022098922e+01   5.530642563555e-02
 -1.242031936217e-01   -2.342062944833e-02  -1.636710102927e+01   5.530642563555e-02
 -1.069389492231e-01   -1.056372627866e-03   1.686448920706e-03  -1.041463968828e+00
 -1.560507194578e-04    1.459361514066e-05  -2.772139931930e-03  -1.041463968828e+00
 -5.745071556292e-04   -2.546790893544e-05  -8.224249707916e-01  -1.041463968828e+00
 -2.860594769406e-02    7.344469650700e-05  -1.331300351809e+01   3.471192643389e-01
 -5.510103756493e-02    4.135338669682e-04  -1.348312055601e+01   3.471192643389e-01
 -3.083285530021e-02    9.248687313302e-03  -1.344876398313e+01   3.471192643389e-01
 -4.689869906810e-02    1.865059790284e-02  -1.482737967031e+01   3.514119963093e+00
 -3.576502886183e-04    3.333573474354e-05  -1.593655444743e+01   3.514119963093e+00
 -2.921556555033e-05    1.010122640225e-04  -1.483657637231e+01   3.514119963093e+00
 -6.878378188251e-02   -2.728266505116e-03  -1.270752775463e+01   6.812523535709e-01
 -1.466653444487e-01   -1.527572085736e-03  -1.142929232532e+01   6.812523535709e-01
 -1.162112115129e-01   -2.332520238464e-03  -1.258380674319e+01   6.812523535709e-01
 -3.266333330441e-04   -9.879659251879e-05  -1.726093980423e+01   4.139235988572e+00
 -1.639754440348e-04    1.759881537667e-04  -1.595876718598e+01   4.139235988572e+00
 -5.556545481248e-02    1.566344338050e-02  -1.595534419729e+01   4.139235988572e+00
  4.971406483162e-05    5.193961200143e-05  -1.441747311389e+01   1.900284978856e+00
 -5.710159355804e-02   -8.143764973409e-03  -1.515165937163e+01   1.900284978856e+00
 -1.425002135410e-04   -1.903271514182e-05  -1.507569828266e+01   1.900284978856e+00
 -4.663683864148e-02    1.853940632759e-02  -1.482622008575e+01   4.201445826529e+00
 -5.512115137485e-02    1.574745917981e-02  -1.596774268252e+01   4.201445826529e+00
 -6.240759433854e-04    1.407052487283e-04  -1.594039578184e+01   4.201445826529e+00
 -6.294955738199e-04   -2.737945273678e-05  -1.726459802330e+01   4.804315297185e+00
 -5.528934260800e-02    1.559163755070e-02  -1.595404435520e+01   4.804315297185e+00
 -6.173112886891e-02    8.888852852029e-03  -1.728781075695e+01   4.804315297185e+00
 -2.304284973267e-04    8.647753320634e-05  -1.482512825673e+01   3.108202033877e+00
  1.077414505197e-04    5.723200562518e-05  -1.393677176851e+01   3.108202033877e+00
 -4.650437841777e-02    1.866387527427e-02  -1.483911862752e+01   3.108202033877e+00
 -1.453674623427e-01    3.199326286908e-03  -8.596364779854e+00   1.582815797744e-01
 -1.259551950660e-01    3.149194838531e-03  -8.685432914157e+00   1.582815797744e-01
 -1.137541338972e-01    1.946842997308e-03  -7.704926455437e+00   1.582815797744e-01
 -3.101481023993e-02    9.354589839471e-03  -1.344688760244e+01   2.151192294060e+00
 -3.709778476178e-02    1.555344787606e-02  -1.400519895478e+01   2.151192294060e+00
 -4.434382597162e-04    3.838616640819e-04  -1.392371124220e+01   2.151192294060e+00
 -9.904841006643e-05    1.271093992082e-04  -1.343687170517e+01   9.343151569058e-01
  3.818120610213e-05   -1.869104920171e-04  -1.323837760480e+01   9.343151569058e-01
 -3.097999961200e-02    9.086490069332e-03  -1.345076881670e+01   9.343151569058e-01
 -4.640538829010e-02    1.859555736101e-02  -1.482972082956e+01   1.927651051448e+00
 -3.722346129121e-02    1.565612317217e-02  -1.400665436801e+01   1.927651051448e+00
 -7.244430216345e-02    2.744118671965e-02  -1.421813142338e+01   1.927651051448e+00
 -4.623838279244e-02    1.855999599120e-02  -1.483821035494e+01   2.895277924827e+00
 -1.111658035096e-04    1.876828872171e-04  -1.393736674101e+01   2.895277924827e+00
 -3.728896213468e-02    1.566018134020e-02  -1.400100268828e+01   2.895277924827e+00
 -5.975458415582e-02    1.629085297903e-02  -1.365935194670e+01   1.413300846822e+00
 -7.220783484212e-02    2.733288258199e-02  -1.422382542467e+01   1.413300846822e+00
 -3.737779173320e-02    1.575431681951e-02  -1.400004664771e+01   1.413300846822e+00
 -5.522979958658e-02    1.575644159702e-02  -1.595624195855e+01   2.461684452884e+00
 -4.644671755662e-02    1.856202288638e-02  -1.484018152429e+01   2.461684452884e+00
 -8.918395350014e-02    3.089567357751e-02  -1.507240510053e+01   2.461684452884e+00
 -3.717615761770e-02    1.570257504283e-02  -1.399775447430e+01   1.194487089175e+00
 -3.090003399409e-02    9.181889830073e-03  -1.345580082097e+01   1.194487089175e+00
 -5.992611672040e-02    1.631766669913e-02  -1.366137699195e+01   1.194487089175e+00
 -2.465611373575e-04    2.660307421020e-04  -1.392072478746e+01   1.504950746217e+00
  1.743864712258e-05   -5.281375516005e-05  -1.344032901381e+01   1.504950746217e+00
 -3.119385013145e-02    9.428960404495e-03  -1.344782633854e+01   1.504950746217e+00
 -7.477336216953e-02    1.097984683937e-02  -1.525063498756e+01  -2.036570204763e+00
 -1.045047291853e-03   -3.439318595028e-05  -1.602555321333e+01  -2.036570204763e+00
 -8.616325291768e-02    1.011419063772e-02  -1.641339925777e+01  -2.036570204763e+00
 -8.888901130778e-02    3.082735644724e-02  -1.508020998347e+01   2.099325817289e+00
 -4.664144641542e-02    1.863522716609e-02  -1.483268067121e+01   2.099325817289e+00
 -7.224775967870e-02    2.740482237824e-02  -1.421576284409e+01   2.099325817289e+00
 -1.158758911585e-01    1.392616558027e-02  -1.738051676347e+01   3.096594971263e+00
 -1.199853530406e-01   -1.259296238040e-03  -1.871331674644e+01   3.096594971263e+00
 -6.514798998544e-02   -7.402273591481e-04  -1.869913574577e+01   3.096594971263e+00
 -1.158233914352e-01    1.401872337165e-02  -1.739343058192e+01   2.954653748911e+00
 -6.205890068477e-02    8.853568220634e-03  -1.727768456894e+01   2.954653748911e+00
 -1.048393591434e-01    2.565259394098e-02  -1.614900789259e+01   2.954653748911e+00
 -1.206195047803e-01   -1.176530787394e-03  -1.870037800393e+01   9.018267294773e-01
 -1.379317336640e-01    1.311122880756e-02  -1.747422459944e+01   9.018267294773e-01
 -1.374744981466e-01   -1.430403821958e-03  -1.871506255278e+01   9.018267294773e-01
 -9.483869508938e-02    4.199156949966e-03  -1.789220165346e+01  -5.170406675679e-01
 -1.374962023286e-01   -1.189382108406e-03  -1.870739521453e+01  -5.170406675679e-01
 -1.378495403257e-01    1.281762383614e-02  -1.748959975921e+01  -5.170406675679e-01
 -1.378054627783e-01   -1.353675450289e-03  -1.871069456519e+01  -8.550486619811e-01
 -9.451898382237e-02    4.351112973875e-03  -1.788850427051e+01  -8.550486619811e-01
 -9.417129311515e-02   -5.568569210136e-03  -1.952440496279e+01  -8.550486619811e-01
 -1.206375538360e-01   -1.479435433695e-03  -1.872166912791e+01   9.188912059545e-01
 -1.374664650655e-01   -1.277618538759e-03  -1.870520276058e+01   9.188912059545e-01
 -1.374598509579e-01   -1.631698734054e-02  -1.994439814050e+01   9.188912059545e-01
 -1.382767693634e-01    1.306137669212e-02  -1.748103907021e+01   1.247552886871e+00
 -1.202298018102e-01   -1.092023026495e-03  -1.869504411896e+01   1.247552886871e+00
 -1.158857814745e-01    1.389031804358e-02  -1.739952736114e+01   1.247552886871e+00
 -6.477536034797e-02   -7.217320930949e-04  -1.869788663980e+01   3.013935105158e+00
 -6.174298857262e-02    8.860773333790e-03  -1.728947174602e+01   3.013935105158e+00
 -1.161737343938e-01    1.396001356667e-02  -1.738236139920e+01   3.013935105158e+00
 -1.338068247500e-01    2.529485431539e-02  -1.636754106711e+01   1.003643565804e+00
 -1.049807976075e-01    2.573021735822e-02  -1.615752228643e+01   1.003643565804e+00
 -1.213364903784e-01    3.387323397232e-02  -1.534707764063e+01   1.003643565804e+00
 -1.050813945893e-01    2.571190699715e-02  -1.615155584003e+01   2.823555456501e+00
 -6.178760755658e-02    8.823975325621e-03  -1.727504845996e+01   2.823555456501e+00
 -5.521041645747e-02    1.574694273877e-02  -1.596863234863e+01   2.823555456501e+00
 -1.375787315296e-01    1.314477210326e-02  -1.748425800030e+01  -4.356099797925e-01
 -1.341933686576e-01    2.510708342661e-02  -1.636980277810e+01  -4.356099797925e-01
 -8.739455706365e-02    1.026286519378e-02  -1.642152858227e+01  -4.356099797925e-01
 -1.381262491691e-01    1.290647540370e-02  -1.749318736118e+01   9.413569149748e-01
 -1.159736690374e-01    1.405150705699e-02  -1.738744886602e+01   9.413569149748e-01
 -1.335966524701e-01    2.543167310334e-02  -1.634942971111e+01   9.413569149748e-01
 -8.909271226745e-02    3.081814996978e-02  -1.508632781234e+01   1.337648353896e+00
 -1.216401319539e-01    3.389033882024e-02  -1.535506190206e+01   1.337648353896e+00
 -1.046299308262e-01    2.575174365262e-02  -1.614984758618e+01   1.337648353896e+00
 -1.380046434682e-01    1.301758268286e-02  -1.748889990819e+01  -8.576454056189e-01
 -8.677784643019e-02    1.034405450993e-02  -1.641406542718e+01  -8.576454056189e-01
 -9.464886733087e-02    4.031504566891e-03  -1.789278048459e+01  -8.576454056189e-01
 -1.340382284201e-01    2.519648515475e-02  -1.636680575360e+01  -6.882932862706e-01
 -1.139996140439e-01    2.286868553328e-02  -1.554115532138e+01  -6.882932862706e-01
 -8.746209590742e-02    1.012582062805e-02  -1.642178555244e+01  -6.882932862706e-01
 -1.338795944084e-01    2.541781112970e-02  -1.635757303289e+01   1.337770139184e+00
 -1.156681530443e-01    1.412022154627e-02  -1.737973525185e+01   1.337770139184e+00
 -1.049764745069e-01    2.562799599091e-02  -1.616724955640e+01   1.337770139184e+00
 -5.548049057923e-02    1.579954054673e-02  -1.595883392618e+01   2.632806924851e+00
 -8.897646940652e-02    3.084376457191e-02  -1.506997185560e+01   2.632806924851e+00
 -1.047568877522e-01    2.569970106464e-02  -1.616123853702e+01   2.632806924851e+00
 -6.322151841936e-02    8.596409983178e-03  -1.445308670168e+01  -1.670668586344e+00
 -2.517295612898e-04   -7.719970846208e-05  -1.445818946300e+01  -1.670668586344e+00
 -7.462295095151e-02    1.094736656139e-02  -1.525217533428e+01  -1.670668586344e+00
 -1.045438566785e-01    3.327407461789e-02  -1.450906679934e+01   1.183961277099e+00
 -8.876014586450e-02    3.085002038222e-02  -1.507194620818e+01   1.183961277099e+00
 -7.235080939775e-02    2.737781414078e-02  -1.422803983466e+01   1.183961277099e+00
 -3.560602657297e-04   -2.184364802909e-04  -1.868946387793e+01   4.534879002881e+00
 -2.025437715501e-04    1.684932765421e-04  -1.728419704333e+01   4.534879002881e+00
 -6.212554700717e-02    8.660369286657e-03  -1.727518739576e+01   4.534879002881e+00
 -8.205132810733e-02    7.018081743172e-04  -1.371250389967e+01   2.814733141487e-01
 -8.979746932691e-02    2.143929339282e-02  -1.394496469010e+01   2.814733141487e-01
 -5.987859986255e-02    1.617779971091e-02  -1.366653511406e+01   2.814733141487e-01
 -3.100066896432e-02    9.273642002909e-03  -1.345190219997e+01   5.528479858838e-01
 -5.492484362153e-02    4.133510905450e-04  -1.348118596527e+01   5.528479858838e-01
 -5.974942631784e-02    1.616610269593e-02  -1.366560564955e+01   5.528479858838e-01
 -1.042678127180e-01    3.326964161827e-02  -1.450202932649e+01   9.152884068798e-01
 -1.215916565826e-01    3.383546992730e-02  -1.536295608634e+01   9.152884068798e-01
 -8.908607219519e-02    3.084992911785e-02  -1.507878905422e+01   9.152884068798e-01
 -7.234118376138e-02    2.736669987413e-02  -1.422197746357e+01   6.458962909185e-01
 -8.968687532361e-02    2.148832503473e-02  -1.393743439512e+01   6.458962909185e-01
 -1.044910569618e-01    3.322990826340e-02  -1.451486083148e+01   6.458962909185e-01
 -1.156475449074e-01    2.310115773491e-02  -1.412608276792e+01   2.725783528167e-01
 -1.041875545902e-01    3.310432720736e-02  -1.450869503211e+01   2.725783528167e-01
 -9.013044522777e-02    2.159746813078e-02  -1.395220175731e+01   2.725783528167e-01
 -1.046125128669e-01    3.324686877699e-02  -1.451601168902e+01   3.738917609516e-01
 -1.168544954346e-01    2.968790138906e-02  -1.474648554839e+01   3.738917609516e-01
 -1.212145254436e-01    3.377290177463e-02  -1.535569911696e+01   3.738917609516e-01
 -1.156033498232e-01    2.320833328068e-02  -1.412419081561e+01  -2.689347118325e-02
 -9.015419123415e-02    2.142717594637e-02  -1.395255525136e+01  -2.689347118325e-02
 -1.077729044118e-01    1.080794164916e-02  -1.383801897881e+01  -2.689347118325e-02
 -7.208959686990e-02    2.735570678617e-02  -1.421710081516e+01   8.556560666229e-01
 -5.983926856019e-02    1.622934724394e-02  -1.366930765527e+01   8.556560666229e-01
 -8.987537635545e-02    2.147397707560e-02  -1.394181581563e+01   8.556560666229e-01
 -8.372602247366e-02    6.902065602004e-03  -1.362750164611e+01  -6.797694826916e-01
 -1.126110221723e-01    9.397394083881e-03  -1.359129748484e+01  -6.797694826916e-01
 -8.286784835037e-02    3.101734042935e-03  -1.309027230833e+01  -6.797694826916e-01
 -1.489095801788e-01   -1.393297175923e-03  -1.143621501506e+01   8.992775711365e-01
 -8.698586029247e-04   -2.151622409234e-04  -1.178980451913e+01   8.992775711365e-01
 -1.498688254453e-03    1.673800362096e-04  -1.051240830214e+01   8.992775711365e-01
 -1.152653373835e-01    2.280645802354e-02  -1.411888846702e+01  -4.538285311166e-01
 -1.244599743250e-01    7.498587566036e-03  -1.355685748721e+01  -4.538285311166e-01
 -1.127441782676e-01    9.482772045229e-03  -1.359485989857e+01  -4.538285311166e-01
 -1.150392063234e-01    2.288918621131e-02  -1.411517038740e+01   1.184953484326e-02
 -1.082632225376e-01    1.105264242723e-02  -1.384817326737e+01   1.184953484326e-02
 -1.246465599595e-01    7.570814808185e-03  -1.356059737433e+01   1.184953484326e-02
 -1.248227055894e-01    7.458479068790e-03  -1.356243364663e+01   4.553726664227e-03
 -1.251963391449e-01    1.142158377698e-03  -1.350692780912e+01   4.553726664227e-03
 -1.351062523090e-01   -1.199591642735e-03  -1.310689421132e+01   4.553726664227e-03
 -1.168214468813e-01    2.971667712072e-02  -1.474561295182e+01   7.471725251164e-02
 -1.045867455246e-01    3.315014684524e-02  -1.451546020991e+01   7.471725251164e-02
 -1.152281397687e-01    2.300492516680e-02  -1.411595513273e+01   7.471725251164e-02
 -1.240292947624e-01    1.011761539044e-03  -1.264923867530e+01  -1.937377839713e-01
 -1.248009943138e-01    7.390242584054e-03  -1.356480837115e+01  -1.937377839713e-01
 -1.352724790288e-01   -1.134145491190e-03  -1.310630440866e+01  -1.937377839713e-01
 -1.248578908116e-01    7.800777358242e-03  -1.356071958829e+01  -9.681094871270e-02
 -1.081663520714e-01    1.073863543243e-02  -1.384839403958e+01  -9.681094871270e-02
 -1.252061942187e-01    8.856194810340e-04  -1.350738310665e+01  -9.681094871270e-02
 -8.972485070125e-02    2.130435006169e-02  -1.394421367618e+01   1.652665305596e-01
 -8.221065153211e-02    8.390004032255e-04  -1.371950700285e+01   1.652665305596e-01
 -1.080349532088e-01    1.085854604360e-02  -1.384653258806e+01   1.652665305596e-01
 -1.055889546939e-01    1.968506425384e-02  -1.437722102062e+01  -3.812243695166e-01
 -1.157153194223e-01    2.294742053064e-02  -1.412379417835e+01  -3.812243695166e-01
 -1.124017130214e-01    9.480279282785e-03  -1.358941181540e+01  -3.812243695166e-01
 -1.168590009042e-01    2.959740646482e-02  -1.474636901663e+01  -4.832948545971e-01
 -1.056528401615e-01    1.952033076687e-02  -1.438116165462e+01  -4.832948545971e-01
 -1.042527381973e-01    2.045393443985e-02  -1.489034926435e+01  -4.832948545971e-01
 -1.166165786957e-01    2.957402986595e-02  -1.474406723109e+01  -4.390675650798e-01
 -1.154607734284e-01    2.307011108416e-02  -1.411927320687e+01  -4.390675650798e-01
 -1.058618371132e-01    1.958677194713e-02  -1.438416199841e+01  -4.390675650798e-01
 -1.142941940269e-01    2.278422965934e-02  -1.554957732646e+01  -1.050594816375e+00
 -1.042807520708e-01    2.043982852848e-02  -1.489062292090e+01  -1.050594816375e+00
 -7.472321041513e-02    1.099176852173e-02  -1.525568811042e+01  -1.050594816375e+00
 -1.042654361596e-01    2.042087999893e-02  -1.489185602316e+01  -3.737829144723e-01
 -1.143197063710e-01    2.288004792870e-02  -1.554912932017e+01  -3.737829144723e-01
 -1.168574957563e-01    2.968517715407e-02  -1.474413177348e+01  -3.737829144723e-01
 -6.320650929447e-02    8.590675655663e-03  -1.445335887595e+01  -1.022094289583e+00
 -7.458372719915e-02    1.102621015251e-02  -1.525178414970e+01  -1.022094289583e+00
 -1.044239080850e-01    2.039858583593e-02  -1.489366039891e+01  -1.022094289583e+00
 -1.145295264333e-01    2.278019373750e-02  -1.554986115835e+01  -9.872017919092e-01
 -7.445820918780e-02    1.100886539866e-02  -1.525266332875e+01  -9.872017919092e-01
 -8.652653527455e-02    1.016161486455e-02  -1.641174802082e+01  -9.872017919092e-01
 -1.041569610886e-01    2.038778199170e-02  -1.489154211617e+01  -1.011830109507e+00
 -1.058499024656e-01    1.950653329789e-02  -1.438246352645e+01  -1.011830109507e+00
 -6.350937737876e-02    8.619671738659e-03  -1.445697708420e+01  -1.011830109507e+00
 -1.165531141531e-01    2.970961392601e-02  -1.473800171261e+01  -1.871461619983e-01
 -1.146886802641e-01    2.287756311642e-02  -1.555488750923e+01  -1.871461619983e-01
 -1.216522859055e-01    3.370605619120e-02  -1.536312529401e+01  -1.871461619983e-01
 -8.392169445393e-02    6.779688290437e-03  -1.363169208141e+01  -7.767252053892e-01
 -1.054873566676e-01    1.948884459943e-02  -1.437802551201e+01  -7.767252053892e-01
 -1.124437188603e-01    9.597627215343e-03  -1.358942576981e+01  -7.767252053892e-01
 -7.924438833832e-02    1.165448187490e-03  -1.262399235202e+01  -1.155530250707e+00
 -3.583973575625e-04   -5.789083577953e-05  -1.257644259191e+01  -1.155530250707e+00
 -8.290542002773e-02    3.095097988753e-03  -1.309310078442e+01  -1.155530250707e+00
 -7.920543703260e-02    1.165033703313e-03  -1.261958915582e+01  -6.328863331983e-01
 -1.237967242212e-01    9.690858427025e-04  -1.264289949206e+01  -6.328863331983e-01
 -1.088869149308e-01    1.498389678234e-03  -1.184915172854e+01  -6.328863331983e-01
 -3.405570767568e-04    6.032455225948e-05  -1.363269843676e+01  -1.187330660953e+00
 -8.326100029342e-02    3.144061034494e-03  -1.309049924842e+01  -1.187330660953e+00
 -8.121543485448e-05   -5.884086783314e-05  -1.257452207913e+01  -1.187330660953e+00
 -1.062525286953e-01   -1.029990353148e-03  -4.172629018033e-04  -3.439217673967e-01
 -1.257558525691e-01   -1.226607917119e-03  -8.939169245290e-01  -3.439217673967e-01
 -1.418164942525e-01   -3.383802210353e-04  -8.867506113195e-03  -3.439217673967e-01
  1.413098201734e-04    1.681415849387e-04  -2.278207622882e+01  -1.404334293163e+00
 -5.614738017746e-02   -9.713447322646e-03  -2.258086462825e+01  -1.404334293163e+00
 -2.274539720095e-04   -9.458960332043e-05  -2.248731145287e+01  -1.404334293163e+00
 -1.250847811351e-01    1.668668997556e-03  -1.054249294076e+01   9.545102732159e-01
 -1.477584018140e-01   -1.270679565871e-03  -1.143322299898e+01   9.545102732159e-01
 -2.230095144384e-03    1.920572028786e-04  -1.051258984720e+01   9.545102732159e-01
 -8.367344505368e-02    6.870385024465e-03  -1.362606020890e+01  -9.951224599173e-01
 -6.339665843454e-02    8.716563398614e-03  -1.445334668300e+01  -9.951224599173e-01
 -1.058687132141e-01    1.940653148887e-02  -1.438189484387e+01  -9.951224599173e-01
 -1.471432162239e-01   -2.889761590435e-04  -4.815284055759e+00  -1.807105394172e-02
 -1.355777105582e-01    6.190309135716e-04  -4.036917302531e+00  -1.807105394172e-02
 -1.299496059654e-01   -6.845623795653e-04  -3.875292669908e+00  -1.807105394172e-02
  8.916759205033e-05   -3.382292797688e-05  -1.445093770288e+01  -1.872725162222e+00
 -5.206145555268e-04    1.056894016473e-05  -1.601659638045e+01  -1.872725162222e+00
 -7.511868396434e-02    1.091888051189e-02  -1.525434536351e+01  -1.872725162222e+00
 -1.405762351024e-01    7.065677382024e-04  -1.070062519085e+01  -9.983419626947e-01
 -2.511403455567e-03    1.935390389491e-04  -1.172352858710e+01  -9.983419626947e-01
 -1.079203409294e-01    1.534463398206e-03  -1.184223466834e+01  -9.983419626947e-01
 -1.217857811429e-01    3.373431643500e-02  -1.536580508452e+01   9.330272105756e-02
 -1.145382636039e-01    2.286364406389e-02  -1.555291393565e+01   9.330272105756e-02
 -1.333391253562e-01    2.529238841030e-02  -1.635836961763e+01   9.330272105756e-02
 -1.253295821671e-01    1.075401074678e-03  -1.351205588010e+01   4.175957469319e-02
 -1.079309299297e-01    1.055356759877e-02  -1.384509205984e+01   4.175957469319e-02
 -1.059471111874e-01   -8.531041607623e-03  -1.384778445714e+01   4.175957469319e-02
 -6.128329358252e-04    1.554535135294e-04  -1.602454995426e+01  -1.962296102397e+00
 -9.472102791580e-02    4.347200089311e-03  -1.788941744402e+01  -1.962296102397e+00
 -8.646205681077e-02    1.001790247478e-02  -1.641455078804e+01  -1.962296102397e+00
 -1.461643383460e-01   -1.383890723244e-03  -1.141453981470e+01  -2.565842851331e-01
 -1.104666024991e-01    1.501511615805e-03  -1.184601000425e+01  -2.565842851331e-01
 -1.369831793453e-01   -3.167393483534e-04  -1.262979264699e+01  -2.565842851331e-01
 -1.268381336829e-01   -1.194228783645e-02  -1.751752522017e+01   7.750163739289e-01
 -1.257611213029e-01    6.111294145653e-04  -1.877642168689e+01   7.750163739289e-01
 -7.469231420774e-02   -3.614901512506e-03  -1.790628059661e+01   7.750163739289e-01
 -1.371454020431e-03   -5.883248769316e-05  -8.210851760980e-01  -9.535671866845e-01
 -1.261171648121e-01   -1.218609775909e-03  -8.880669335695e-01  -9.535671866845e-01
 -1.062130539353e-01   -1.045890385010e-03   3.767037001652e-03  -9.535671866845e-01
 -1.366391247676e-01   -3.317557401946e-04  -1.262637949428e+01  -1.746641223532e-01
 -1.240650758205e-01    1.048053033108e-03  -1.264779869019e+01  -1.746641223532e-01
 -1.351677293208e-01   -1.114426613609e-03  -1.310570009837e+01  -1.746641223532e-01
 -1.633813511514e-01   -1.234844765610e-03  -3.087800363199e+00  -7.262288282729e-01
 -1.347306132288e-01   -2.065487258808e-03  -1.859124761367e+00  -7.262288282729e-01
 -5.337266743417e-03    1.026909481310e-04  -2.852583409601e+00  -7.262288282729e-01
 -1.373836781554e-01   -3.065187612614e-04  -1.263105444946e+01  -2.026134604355e-01
 -1.098511318019e-01    1.489822093787e-03  -1.184827076003e+01  -2.026134604355e-01
 -1.233002590447e-01    9.899834023167e-04  -1.264777175175e+01  -2.026134604355e-01
 -1.089186978262e-01    1.456807058583e-03  -1.183050352110e+01  -2.165770703845e-01
 -1.471655851176e-01   -1.234255729045e-03  -1.141204884249e+01  -2.165770703845e-01
 -1.395011231176e-01    7.252547967052e-04  -1.069449911325e+01  -2.165770703845e-01
 -1.350326778731e-01   -1.151005798716e-03  -1.310565571816e+01   4.006312179662e-01
 -1.196363196340e-01   -6.268435335767e-03  -1.352908819165e+01   4.006312179662e-01
 -1.039727824881e-01   -8.055385271713e-03  -1.360509250089e+01   4.006312179662e-01
 -1.166677458160e-01   -2.286305215841e-03  -1.259036031226e+01   2.917047386811e-01
 -1.368065933083e-01   -2.779724154395e-04  -1.262629509914e+01   2.917047386811e-01
 -1.349146492847e-01   -1.207866434882e-03  -1.310920874798e+01   2.917047386811e-01
 -1.038361925108e-01   -7.941974397820e-03  -1.360703405297e+01   6.308223418265e-01
 -7.255368507957e-02   -2.794989154181e-03  -1.312941668221e+01   6.308223418265e-01
 -1.353355423529e-01   -1.278099572426e-03  -1.310649081869e+01   6.308223418265e-01
 -1.454327859965e-04    8.644912256607e-05  -1.304443842387e+01   1.222772289050e+00
 -7.343593135513e-02   -5.141637536303e-03  -1.359148766399e+01   1.222772289050e+00
 -1.738937515082e-04   -2.950672577514e-05  -1.362721957860e+01   1.222772289050e+00
 -7.307068200820e-02   -5.125280640779e-03  -1.359014795239e+01   1.228149008889e+00
 -4.086908199709e-04    1.064498521559e-04  -1.304683401592e+01   1.228149008889e+00
 -7.173519435429e-02   -2.692228426518e-03  -1.312353370812e+01   1.228149008889e+00
 -1.237313017338e-01    8.702951965166e-04  -1.264731826743e+01  -3.300798544460e-01
 -1.122491635982e-01    9.304815228584e-03  -1.358724119007e+01  -3.300798544460e-01
 -1.249472079477e-01    7.510272890109e-03  -1.356521688277e+01  -3.300798544460e-01
 -7.915234439150e-02    1.152393245409e-03  -1.262244323299e+01  -6.699770639879e-01
 -8.287933586117e-02    3.143769907366e-03  -1.309618795054e+01  -6.699770639879e-01
 -1.239856075628e-01    9.677295442154e-04  -1.264561666022e+01  -6.699770639879e-01
 -1.257403456864e-01   -1.077260730380e-03  -8.971268258266e-01  -1.094188678634e-01
 -1.353639810773e-01   -2.183637243107e-03  -1.908503743435e+00  -1.094188678634e-01
 -1.423762689417e-01   -1.815006271966e-03  -1.180702762729e+00  -1.094188678634e-01
 -2.104868216158e-03   -9.814088793377e-05  -9.437482093675e+00  -9.446609742521e-01
 -1.445404739094e-01    2.591859221292e-03  -8.553221948581e+00  -9.446609742521e-01
 -1.154959928864e-04   -8.360301434436e-05  -8.391477446914e+00  -9.446609742521e-01
 -3.993796744750e-03    6.527945141159e-05  -9.529755074991e+00   7.631573583714e-01
 -1.632599912746e-01    1.829040604444e-03  -9.592709651315e+00   7.631573583714e-01
 -1.253494618758e-01    1.572625166413e-03  -1.057504063385e+01   7.631573583714e-01
 -1.619364707361e-01    1.860890307530e-03  -9.596394606534e+00  -7.532311953730e-01
 -4.238108635124e-03   -7.987992946727e-05  -9.497882903040e+00  -7.532311953730e-01
 -1.401908899139e-01    6.026631893139e-04  -1.074566333319e+01  -7.532311953730e-01
 -1.288849802507e-01   -6.047207207906e-05  -5.495462263397e+00   1.975877065855e-01
 -1.499543066388e-01   -4.593571723729e-04  -6.056057997858e+00   1.975877065855e-01
 -1.285612279453e-01   -1.494992330268e-03  -6.627784345987e+00   1.975877065855e-01
 -1.301063683329e-01   -7.206620479631e-04  -3.877440592634e+00  -9.455539454202e-01
  3.265799902524e-05    1.543830980044e-05  -3.867734013978e+00  -9.455539454202e-01
 -1.614378599734e-03   -6.256908873482e-05  -4.864720951943e+00  -9.455539454202e-01
 -1.145472941392e-01    1.955248904564e-03  -7.691319418756e+00   2.556206786404e-01
 -1.494497268260e-01    1.949510515782e-03  -7.312505938100e+00   2.556206786404e-01
 -1.444278330374e-01    3.165915898646e-03  -8.600494630365e+00   2.556206786404e-01
 -1.487517284065e-01   -3.735465336783e-04  -5.999832551021e+00  -7.317434437062e-01
 -4.956956791377e-03    2.317283441405e-04  -7.285047808690e+00  -7.317434437062e-01
 -1.507729945094e-01    1.851007219943e-03  -7.306698050305e+00  -7.317434437062e-01
 -1.279719113115e-01   -5.351029222418e-05  -5.483083695699e+00   2.034882387327e-01
 -1.337375319689e-01    5.604860015998e-04  -4.032370181525e+00   2.034882387327e-01
 -1.484201117849e-01   -1.937046908993e-04  -4.812273462627e+00   2.034882387327e-01
 -1.511084221564e-01    2.077198938408e-03  -7.333969373337e+00  -7.117386914522e-01
 -4.511303865348e-03    3.031433042476e-05  -7.332849112613e+00  -7.117386914522e-01
 -1.431388696476e-01    2.852165988744e-03  -8.622792694952e+00  -7.117386914522e-01
 -1.438260540319e-01   -1.607369161509e-03  -1.180370540627e+00   9.301465605206e-01
 -1.486213749839e-03   -1.079641194648e-04  -1.952849055815e+00   9.301465605206e-01
 -9.521509995732e-04    1.486900623565e-04  -7.501611707555e-01   9.301465605206e-01
 -1.748139743708e-03    1.285518904427e-04  -1.804967411050e+00  -9.124415459148e-01
 -1.353446897779e-01   -1.950023765175e-03  -1.899360129865e+00  -9.124415459148e-01
 -1.259575950602e-01   -1.155058727677e-03  -8.906257651161e-01  -9.124415459148e-01
 -8.348692353171e-04    6.682043694301e-05  -1.805947976753e+00  -9.640643630282e-01
 -1.269132837613e-01   -1.183297040444e-03  -8.886660058086e-01  -9.640643630282e-01
 -6.756567355209e-04   -6.704632369984e-05  -8.274549992745e-01  -9.640643630282e-01
 -1.409981977021e-01   -2.984726260128e-04  -9.006440112954e-03  -1.227788980051e-01
 -1.265850486045e-01   -1.248837225160e-03  -8.900528910614e-01  -1.227788980051e-01
 -1.414330026078e-01   -1.560650242082e-03  -1.178893861840e+00  -1.227788980051e-01
  7.847702571341e-05   -3.262500307487e-05  -3.842063699071e+00  -9.451126146372e-01
 -1.298966120920e-01   -6.920439687560e-04  -3.922522603928e+00  -9.451126146372e-01
 -2.275174929576e-03   -6.551170556334e-06  -2.912828679878e+00  -9.451126146372e-01
 -1.364988321226e-01   -2.321882032905e-03  -1.908468871148e+00   9.321338108737e-02
 -1.604545439344e-01   -1.185345802791e-03  -3.104744096901e+00   9.321338108737e-02
 -1.244511088049e-01   -3.264808656537e-03  -2.253139574670e+00   9.321338108737e-02
 -1.363603277352e-01   -1.902706798343e-03  -1.880686342206e+00  -9.225936956779e-01
 -5.487018346611e-04    1.111173158368e-04  -1.821280766770e+00  -9.225936956779e-01
 -2.343239810678e-03    6.850357461526e-05  -2.848932228482e+00  -9.225936956779e-01
 -1.369575435782e-01   -2.340599269526e-03  -1.906254727814e+00   8.864315748740e-02
 -1.242612017543e-01   -3.276766824976e-03  -2.227252590203e+00   8.864315748740e-02
 -1.413190587144e-01   -1.829104228044e-03  -1.167576879898e+00   8.864315748740e-02
 -4.711394444477e-04   -6.108668038686e-05  -1.949446159106e+00   1.027919365250e+00
 -1.243276248763e-01   -3.015133920597e-03  -2.214859485766e+00   1.027919365250e+00
 -1.046550084131e-03    1.054743058367e-04  -2.978222957624e+00   1.027919365250e+00
 -3.152184840206e-03    1.945776582068e-04  -2.984605156681e+00   8.571459696879e-01
 -1.231812825641e-01   -3.049646652743e-03  -2.207750477031e+00   8.571459696879e-01
 -1.615135893281e-01   -1.071378075969e-03  -3.090940404966e+00   8.571459696879e-01
 -1.420162488072e-01    6.814569462440e-04  -1.070898995025e+01  -9.795637731198e-01
 -3.025121627204e-04   -9.587006123861e-05  -1.060886931989e+01  -9.795637731198e-01
 -1.388885180662e-03    1.171125718665e-04  -1.171741728828e+01  -9.795637731198e-01
 -1.263966586415e-01    1.517770908087e-03  -1.055132141792e+01   1.069852959857e-01
 -1.409510574845e-01    6.756860129448e-04  -1.070297465839e+01   1.069852959857e-01
 -1.459149729190e-01   -1.184953864950e-03  -1.143353091286e+01   1.069852959857e-01
 -5.291845506605e-04   -2.507475528313e-05  -8.333074608016e+00   9.916311167371e-01
 -1.274412329753e-01    3.004270128514e-03  -8.646359215094e+00   9.916311167371e-01
 -1.432245119587e-03   -2.183631366013e-05  -9.497837603114e+00   9.916311167371e-01
 -1.406756646980e-01    6.160957542862e-04  -1.070248314947e+01   1.460339379597e-01
 -1.268732598670e-01    1.510754783675e-03  -1.053045654260e+01   1.460339379597e-01
 -1.608344840240e-01    1.819654183836e-03  -9.586211266637e+00   1.460339379597e-01
 -1.264704576982e-01    1.697900711071e-03  -1.055811936095e+01   9.603818364514e-01
 -4.359352001031e-04    1.119010679119e-04  -1.051173862428e+01   9.603818364514e-01
 -1.628895537047e-03    3.786167285848e-05  -9.537924659249e+00   9.603818364514e-01
 -1.382895459513e-03    4.319083298956e-05  -3.021269745395e+00   1.028591154422e+00
 -1.358730130424e-01    6.166517069883e-04  -4.040182112665e+00   1.028591154422e+00
 -1.647723087702e-04   -4.309206249607e-06  -4.216012086392e+00   1.028591154422e+00
 -2.294682342586e-04   -4.705684762639e-05  -1.059512941219e+01  -9.781241997663e-01
 -1.418141141922e-01    5.785077564233e-04  -1.073132769335e+01  -9.781241997663e-01
 -1.947640649146e-03   -5.210138367293e-05  -9.501390155180e+00  -9.781241997663e-01
 -1.302632994385e-01   -6.565874804409e-04  -3.889905482399e+00  -8.221534987730e-02
 -1.350805593883e-01    6.385508845550e-04  -4.005466389144e+00  -8.221534987730e-02
 -1.604657137752e-01   -9.979162070634e-04  -3.082549535138e+00  -8.221534987730e-02
 -4.951456844411e-03   -1.164679447745e-06  -2.902209630710e+00  -6.632696712471e-01
 -1.283613419573e-01   -6.414336837262e-04  -3.950426039266e+00  -6.632696712471e-01
 -1.636454777775e-01   -1.116777677329e-03  -3.097096067110e+00  -6.632696712471e-01
 -1.289102449171e-01   -6.948828732722e-04  -3.851524860139e+00  -7.364342560636e-01
 -3.661837874511e-03   -1.507187037630e-04  -4.872521314449e+00  -7.364342560636e-01
 -1.484078889002e-01   -3.762421688164e-04  -4.800890789715e+00  -7.364342560636e-01
 -1.289865346429e-01   -1.303064430065e-04  -5.495408236842e+00   1.013657484844e+00
 -1.286733568357e-01   -1.389849606132e-03  -6.626505335343e+00   1.013657484844e+00
 -1.992314580127e-03    1.019771300805e-05  -6.314181863923e+00   1.013657484844e+00
 -1.507735710896e-01   -3.800558875992e-04  -6.070207894977e+00  -8.869568296412e-01
 -2.201114652468e-03   -1.031491880280e-04  -4.920112016206e+00  -8.869568296412e-01
 -3.374423237638e-04    4.489852607846e-05  -6.094150726961e+00  -8.869568296412e-01
 -2.688957954541e-04    2.087044088405e-05  -4.221002349963e+00   1.027761608867e+00
 -1.354736075393e-01    5.533477103828e-04  -4.034064821156e+00   1.027761608867e+00
 -1.205125699613e-03   -4.558002765741e-05  -5.230740207238e+00   1.027761608867e+00
 -1.268215090200e-01    3.200875276882e-03  -8.692188505757e+00   1.871951244568e-01
 -1.436381100971e-01    3.007437649390e-03  -8.580734473677e+00   1.871951244568e-01
 -1.603921495254e-01    1.864309567773e-03  -9.580502206094e+00   1.871951244568e-01
 -4.178030518565e-03    1.527021487348e-06  -9.497121829740e+00   8.053305787361e-01
 -1.256555495149e-01    3.017709347345e-03  -8.633800688990e+00   8.053305787361e-01
 -1.630106403114e-01    1.896548744824e-03  -9.582229713089e+00   8.053305787361e-01
 -1.291502210758e-03   -8.381186830888e-05  -8.319408732822e+00   1.005908687900e+00
 -1.124933078362e-01    1.738768048752e-03  -7.716947291355e+00   1.005908687900e+00
 -1.266997296874e-01    3.109134256866e-03  -8.657932120979e+00   1.005908687900e+00
 -1.129442342084e-01    1.502791881724e-03  -7.727183961263e+00   1.096999549354e+00
 -3.712201913842e-04    2.549583508333e-06  -8.317400341374e+00   1.096999549354e+00
 -4.703998271144e-04   -9.880957778778e-05  -7.443074983666e+00   1.096999549354e+00
 -7.146275306578e-04    4.974938839369e-05  -6.310531422053e+00   1.026651929204e+00
 -1.298689558791e-01   -1.419081808243e-03  -6.628784593135e+00   1.026651929204e+00
 -8.070246594033e-04   -4.347841764435e-05  -7.441340385380e+00   1.026651929204e+00
 -1.293137846618e-01   -1.609108237357e-03  -6.646482387544e+00   1.791732131183e-01
 -1.488693139957e-01   -4.611956790364e-04  -6.028096355447e+00   1.791732131183e-01
 -1.497595296662e-01    1.757920654478e-03  -7.302874068756e+00   1.791732131183e-01
 -2.440525313390e-03    1.490692644306e-04  -7.275533690063e+00  -8.874497026178e-01
 -1.507163513176e-01   -2.845376334753e-04  -6.025992739571e+00  -8.874497026178e-01
 -2.952683701649e-04   -1.518956581799e-06  -6.120067761647e+00  -8.874497026178e-01
 -5.936643123863e-05   -1.535528722329e-04  -8.367546379185e+00  -9.456069047934e-01
 -1.445990034626e-01    2.658673052296e-03  -8.593711194156e+00  -9.456069047934e-01
 -2.073999474231e-03    2.912332264059e-06  -7.338324065309e+00  -9.456069047934e-01
 -1.285470003803e-01   -1.493925800874e-03  -6.635169824661e+00   1.025079272606e+00
 -1.116645490841e-01    1.493978542508e-03  -7.728927361846e+00   1.025079272606e+00
 -1.880239790401e-03   -1.282968161150e-04  -7.443996917476e+00   1.025079272606e+00
 -1.280061605372e-01   -1.611715083870e-03  -6.640306640522e+00   3.265363065612e-01
 -1.507410481824e-01    1.874082618229e-03  -7.299574338787e+00   3.265363065612e-01
 -1.121285660726e-01    1.685584604871e-03  -7.716216188003e+00   3.265363065612e-01
 -1.298651250915e-01   -1.544372340556e-04  -5.493453816657e+00   1.013542169347e+00
 -9.038793289162e-04   -1.079835728158e-05  -6.315693442982e+00   1.013542169347e+00
 -7.132862902872e-04   -2.572903182839e-05  -5.227027834254e+00   1.013542169347e+00
 -1.341308755686e-01    5.521791596189e-04  -4.032069234322e+00   9.913723593753e-01
 -1.279257075372e-01   -9.654664860488e-05  -5.485755200680e+00   9.913723593753e-01
 -2.425230741460e-03   -6.630626086769e-05  -5.230485605877e+00   9.913723593753e-01
 -1.487997938485e-01   -4.190670425698e-04  -6.080066848967e+00   1.782595780542e-01
 -1.297520023188e-01   -3.955195723506e-06  -5.481692539140e+00   1.782595780542e-01
 -1.471548591278e-01   -2.284586135085e-04  -4.817654260175e+00   1.782595780542e-01
