
 -6.508656044667e-04    7.882831356724e-04  -8.015218095817e+01   4.497450186392e+00
 -2.032970965002e-01    7.236197000493e-04  -8.078152616388e+01   4.497450186392e+00
  1.131994237706e-04   -3.237866139461e-04  -8.038654396408e+01   4.497450186392e+00
 -2.467982979474e-01    3.439982141565e-02  -7.409638151201e+01   8.204235382069e+00
  1.739376962573e-04    1.467192490665e-05  -7.718198658698e+01   8.204235382069e+00
 -6.865705151614e-04   -1.896738249985e-05  -7.397791259204e+01   8.204235382069e+00
 -2.031261254920e-01   -4.345249952600e-04  -8.078697705010e+01   4.747695977664e+00
 -3.317410711397e-01    7.107363494906e-02  -8.065535745549e+01   4.747695977664e+00
 -3.551780087072e-01    9.588083253731e-04  -8.190582744904e+01   4.747695977664e+00
 -3.330657862625e-01    7.043329419150e-02  -8.063510942606e+01   4.486354762278e+00
 -2.020343424081e-01    2.027549758657e-04  -8.081843121208e+01   4.486354762278e+00
 -1.554411412846e-01    2.812017311385e-02  -7.994428999876e+01   4.486354762278e+00
 -4.126632230588e-01    8.797315347015e-02  -8.250427729759e+01   3.160254650972e+00
 -3.553299949143e-01    9.593762787278e-04  -8.194640154956e+01   3.160254650972e+00
 -3.319196019845e-01    7.163594559767e-02  -8.063124787442e+01   3.160254650972e+00
 -5.139723636859e-01   -5.243808587907e-03  -4.063072182027e+00   3.409724855930e+00
 -7.002639879345e-03    4.322336984873e-04  -2.567550001718e+00   3.409724855930e+00
 -3.760803739092e-01    5.341199037828e-03   2.145612324910e-02   3.409724855930e+00
 -1.558239452260e-01    2.768822249572e-02  -7.993885880670e+01   4.299847282714e+00
 -3.187540660537e-01    7.703224968060e-02  -7.908225306749e+01   4.299847282714e+00
 -3.330395814122e-01    7.085843426947e-02  -8.062623083050e+01   4.299847282714e+00
 -4.912006064149e-01   -4.639179512099e-03  -4.527674461371e+01   1.943792696466e+00
 -2.613401896846e-01   -1.013832314605e-02  -4.534543410932e+01   1.943792696466e+00
 -4.210688847100e-01   -8.116432799600e-03  -4.349129432327e+01   1.943792696466e+00
 -1.925560539477e-01    3.751321767569e-02  -7.785013368027e+01   4.117485991973e+00
 -2.469835081776e-01    3.456635674182e-02  -7.409366715437e+01   4.117485991973e+00
 -3.608456631735e-01    8.526936133451e-02  -7.692621771401e+01   4.117485991973e+00
 -7.037528259122e-04   -1.543044897664e-04  -7.926835022264e+01   5.907657347980e+00
 -1.919392433161e-01    3.732102621668e-02  -7.786297024935e+01   5.907657347980e+00
 -1.553114208486e-01    2.789623240104e-02  -7.995918303877e+01   5.907657347980e+00
 -3.192084116959e-01    7.708567338827e-02  -7.907547055435e+01   2.079247869327e+00
 -3.602201175265e-01    8.572933170746e-02  -7.692945515311e+01   2.079247869327e+00
 -3.914994026118e-01    1.159159195154e-01  -7.992080111809e+01   2.079247869327e+00
 -3.601612674377e-01    8.533318001012e-02  -7.693099248463e+01   4.395954377118e+00
 -3.191917034873e-01    7.715875893397e-02  -7.907829100732e+01   4.395954377118e+00
 -1.932956166232e-01    3.745608998765e-02  -7.783821605348e+01   4.395954377118e+00
 -4.169225995504e-01    1.291480490314e-01  -7.777355060578e+01   1.297012427062e+00
 -3.904159247692e-01    1.159913154498e-01  -7.994498454033e+01   1.297012427062e+00
 -3.615927802631e-01    8.571824194798e-02  -7.690712894745e+01   1.297012427062e+00
 -3.191358858910e-01    7.718784096733e-02  -7.907685915475e+01   2.658401305113e+00
 -3.915553066614e-01    1.156754304871e-01  -7.992085997334e+01   2.658401305113e+00
 -3.323807106167e-01    7.104518068238e-02  -8.064054929226e+01   2.658401305113e+00
 -4.173554366765e-01    1.292500915105e-01  -7.776051303873e+01   2.809879291963e-01
 -3.611536126530e-01    8.564131532463e-02  -7.691861554781e+01   2.809879291963e-01
 -4.477076291902e-01    9.526880321761e-02  -7.410241092222e+01   2.809879291963e-01
 -1.925296700114e-01    3.762449478368e-02  -7.785754043642e+01   4.236618863667e+00
 -3.196624702972e-01    7.698401069348e-02  -7.906815024328e+01   4.236618863667e+00
 -1.548967784747e-01    2.770270402163e-02  -7.996300361477e+01   4.236618863667e+00
 -7.395967314960e-04    2.015985772855e-04  -6.444836628105e+01   8.976736474772e+00
 -3.996006248726e-04   -3.587839767702e-04  -5.539622797153e+01   8.976736474772e+00
 -2.702111682498e-01   -1.378712965160e-02  -6.231555679891e+01   8.976736474772e+00
 -4.115796478493e-01    8.816450410132e-02  -8.249901595376e+01   2.673769021139e+00
 -3.330645831823e-01    7.122789355843e-02  -8.062474092022e+01   2.673769021139e+00
 -3.907293874167e-01    1.157048572030e-01  -7.993110811438e+01   2.673769021139e+00
 -4.575767162967e-01    1.906936970655e-03  -8.390030731381e+01   1.775262699041e+00
 -4.103160894238e-01    8.734163438514e-02  -8.249622526669e+01   1.775262699041e+00
 -4.227979687673e-01    3.878677041285e-02  -8.434331381065e+01   1.775262699041e+00
 -4.564534503356e-01    5.351039446942e-04  -8.387780233977e+01   3.947308872570e+00
 -3.563474739509e-01    5.245709378150e-04  -8.193805297926e+01   3.947308872570e+00
 -4.114290582321e-01    8.802596024975e-02  -8.251603681934e+01   3.947308872570e+00
 -4.581369754746e-01    1.850618775014e-03  -8.392063497929e+01   1.851433155244e+00
 -4.224408759054e-01    3.837894216635e-02  -8.434026751366e+01   1.851433155244e+00
 -5.072646945945e-01   -6.258194302556e-04  -8.537427346190e+01   1.851433155244e+00
 -4.208381028115e-01    3.710766181399e-02  -8.434245687660e+01   9.517289121227e-01
 -4.126356899684e-01    8.860595717020e-02  -8.249092612265e+01   9.517289121227e-01
 -3.401433579452e-01    8.128099318432e-02  -8.334303080820e+01   9.517289121227e-01
 -3.246931451410e-01   -6.265550158534e-03  -8.427253038223e+01  -1.854072303671e-01
 -4.218777604541e-01    3.722200454303e-02  -8.430819357186e+01  -1.854072303671e-01
 -3.384609989584e-01    8.068980362055e-02  -8.336904761071e+01  -1.854072303671e-01
 -4.214003851655e-01    3.589937141099e-02  -8.432923119622e+01   5.987693115234e-01
 -4.278377813696e-01   -4.586029078330e-02  -8.428485074697e+01   5.987693115234e-01
 -5.077343488893e-01    1.632906904533e-03  -8.537031999562e+01   5.987693115234e-01
 -4.126295174186e-01    8.829840535829e-02  -8.248416605713e+01  -2.817003212744e-01
 -3.704944527221e-01    1.282480328428e-01  -8.104730599384e+01  -2.817003212744e-01
 -3.401350531020e-01    8.186095838199e-02  -8.334693046767e+01  -2.817003212744e-01
 -2.857783716920e-01    4.117675382971e-03  -4.359579008063e+01  -3.652594793995e+00
 -3.939041011813e-01    5.529995006044e-03  -4.095303743734e+01  -3.652594793995e+00
 -4.416022626811e-03    4.328077640170e-04  -4.050852802292e+01  -3.652594793995e+00
 -2.631895229984e-01    1.042708602938e-01  -8.211316260282e+01  -3.928218218409e+00
 -3.719400650162e-01    1.288185147583e-01  -8.105042131973e+01  -3.928218218409e+00
 -3.140588062562e-01    1.171119998646e-01  -7.887777661724e+01  -3.928218218409e+00
 -3.721263249663e-01    1.284030492973e-01  -8.102798000915e+01   5.792905867468e-01
 -4.108118407133e-01    8.796390703022e-02  -8.251341120946e+01   5.792905867468e-01
 -3.915333831323e-01    1.161015204883e-01  -7.992007148490e+01   5.792905867468e-01
 -1.165686140284e-01    3.266631204943e-02  -8.492342152923e+01  -4.237125231134e+00
 -2.260587264065e-01    5.947549858934e-02  -8.427579617348e+01  -4.237125231134e+00
 -1.368274491610e-01    6.083633672506e-02  -8.300724699852e+01  -4.237125231134e+00
 -2.258772296486e-01    5.921443626243e-02  -8.425104557803e+01  -2.834864759693e+00
 -3.389233686927e-01    8.123287054902e-02  -8.337694731583e+01  -2.834864759693e+00
 -2.621078141505e-01    1.042061760757e-01  -8.215362769246e+01  -2.834864759693e+00
 -2.626511935623e-01    1.041275694347e-01  -8.213125093078e+01  -4.739458428156e+00
 -1.375538420601e-01    6.095424892081e-02  -8.299569005932e+01  -4.739458428156e+00
 -2.254391559539e-01    5.942842152766e-02  -8.428438707195e+01  -4.739458428156e+00
 -2.259090259130e-01    5.905042643893e-02  -8.426013318784e+01  -6.187732846753e-01
 -3.239534670701e-01   -6.711212526206e-03  -8.429944765603e+01  -6.187732846753e-01
 -3.387876944053e-01    8.109897585783e-02  -8.336716277029e+01  -6.187732846753e-01
 -4.167239189721e-01    1.296145956642e-01  -7.777108087854e+01  -2.811256047165e+00
 -3.153155519953e-01    1.171146243821e-01  -7.885371530106e+01  -2.811256047165e+00
 -3.708588312072e-01    1.288079079049e-01  -8.107520794132e+01  -2.811256047165e+00
 -2.630566597506e-01    1.042029287035e-01  -8.213491997331e+01  -1.766104277844e+00
 -3.382215994261e-01    8.135834685531e-02  -8.339401637225e+01  -1.766104277844e+00
 -3.718171648146e-01    1.286961279444e-01  -8.102867934121e+01  -1.766104277844e+00
 -4.152409261052e-01    1.293849293908e-01  -7.779735417993e+01  -7.188471994558e-01
 -3.722243899368e-01    1.287541748858e-01  -8.102409628535e+01  -7.188471994558e-01
 -3.916706652255e-01    1.159374238799e-01  -7.991844561873e+01  -7.188471994558e-01
 -2.255281518343e-01    5.894713983972e-02  -8.426219413080e+01  -1.744608688127e+00
 -1.168435422688e-01    3.302912737098e-02  -8.493974164493e+01  -1.744608688127e+00
 -2.137220750457e-01   -4.974146084954e-03  -8.501886212658e+01  -1.744608688127e+00
 -4.501522609945e-01    9.494335685219e-02  -7.406853940517e+01   2.967121519862e+00
 -3.591950818170e-01    8.556822055289e-02  -7.696153223185e+01   2.967121519862e+00
 -2.499343374748e-01    3.444140359208e-02  -7.405141216764e+01   2.967121519862e+00
 -5.097437496663e-01   -5.371486599920e-03  -4.082528191448e+00   1.347003831030e+00
 -3.779058917024e-01    5.278630703467e-03  -4.866831712442e-03   1.347003831030e+00
 -5.113936638232e-01   -1.094897930120e-03  -5.010614462669e-02   1.347003831030e+00
 -4.579711036664e-01    4.965812429394e-02  -7.000978843609e+01   2.818237600816e+00
 -2.675634240974e-01    1.425030305941e-02  -6.857339052993e+01   2.818237600816e+00
 -4.554472236889e-01    2.773428931727e-03  -6.547385786251e+01   2.818237600816e+00
 -4.569771324370e-01    5.078607991577e-02  -7.003181008662e+01   2.151098445524e+00
 -4.507326595732e-01    9.458659426761e-02  -7.405356980256e+01   2.151098445524e+00
 -2.496457143280e-01    3.497822959581e-02  -7.405919716124e+01   2.151098445524e+00
 -4.168963641140e-01    1.297760222284e-01  -7.780247702555e+01  -4.387075015489e+00
 -3.648924116480e-01    9.777452236459e-02  -7.483997326729e+01  -4.387075015489e+00
 -3.153633953100e-01    1.170080993679e-01  -7.882366566952e+01  -4.387075015489e+00
 -3.662063343899e-01    9.773702371083e-02  -7.481278418814e+01  -3.161875407055e+00
 -4.157338331522e-01    1.296691877857e-01  -7.783111337579e+01  -3.161875407055e+00
 -4.494375484561e-01    9.533455006899e-02  -7.406750290469e+01  -3.161875407055e+00
 -4.012173656645e-01    5.586310591688e-02  -7.031508221137e+01  -4.282890157972e+00
 -3.661645249590e-01    9.738439299871e-02  -7.477497852794e+01  -4.282890157972e+00
 -4.497264821154e-01    9.575274612594e-02  -7.410585477261e+01  -4.282890157972e+00
 -1.935836357724e-01    5.932277285976e-02  -7.548397102198e+01  -9.269402372788e+00
 -3.148956746119e-01    1.170460127593e-01  -7.888445264172e+01  -9.269402372788e+00
 -3.654050143989e-01    9.762207230109e-02  -7.479638157918e+01  -9.269402372788e+00
 -4.486740883115e-01    9.573513112108e-02  -7.413536451033e+01  -2.845778028244e+00
 -4.589720133144e-01    4.998953666474e-02  -6.999142908709e+01  -2.845778028244e+00
 -4.023321664684e-01    5.566227703870e-02  -7.028727122500e+01  -2.845778028244e+00
 -4.585490189447e-01    5.036250237535e-02  -7.001179279047e+01   3.886634051122e+00
 -2.475945735108e-01    3.527722419694e-02  -7.409739104611e+01   3.886634051122e+00
 -2.665873415089e-01    1.366938292725e-02  -6.857597003510e+01   3.886634051122e+00
 -4.167265213217e-01    3.147344669352e-03  -6.552707271137e+01  -3.844064917195e+00
 -4.019980399756e-01    5.507221707673e-02  -7.024326526911e+01  -3.844064917195e+00
 -4.595320814565e-01    5.056766150778e-02  -7.003403803010e+01  -3.844064917195e+00
 -7.760687474549e-04    4.405960112579e-04  -6.544462594588e+01  -1.660379778241e+01
 -2.316920570983e-01    7.004743214750e-04  -6.549840977814e+01  -1.660379778241e+01
 -7.245670668372e-04   -1.011956358468e-03  -6.033638937155e+01  -1.660379778241e+01
 -4.029058944938e-01    5.536562077090e-02  -7.030299572391e+01  -1.044104845551e+01
 -2.307903183327e-01    1.464270414998e-03  -6.550568363433e+01  -1.044104845551e+01
 -2.170561341460e-01    3.582123763074e-02  -7.059613910755e+01  -1.044104845551e+01
 -2.319697579544e-01    1.412346187183e-03  -6.550254330805e+01  -1.048329527058e+01
 -4.019004949197e-01    5.522587872682e-02  -7.030879473475e+01  -1.048329527058e+01
 -4.158067569868e-01    2.514141590773e-03  -6.546391008121e+01  -1.048329527058e+01
 -2.171012896437e-01    3.542927111067e-02  -7.063306968126e+01  -1.785592079419e+01
 -2.304218432354e-01    2.217853998456e-03  -6.544123872970e+01  -1.785592079419e+01
 -1.676017833172e-03    1.017489497817e-03  -7.064071418639e+01  -1.785592079419e+01
 -4.018391816179e-01    5.554771820939e-02  -7.026370338807e+01  -1.022809996121e+01
 -2.179098537542e-01    3.579160798791e-02  -7.064021237546e+01  -1.022809996121e+01
 -3.655493589759e-01    9.739686361447e-02  -7.484119648448e+01  -1.022809996121e+01
 -4.011578150731e-01   -4.973984895673e-02  -6.064926872132e+01  -1.043810841137e+01
 -2.318953555688e-01    1.586129243377e-03  -6.543853480919e+01  -1.043810841137e+01
 -4.158316267708e-01    2.133875505704e-03  -6.548059525609e+01  -1.043810841137e+01
 -4.181344536038e-01    2.898314618309e-03  -6.550836157737e+01  -2.572760757094e+00
 -4.582763073547e-01    5.069889955412e-02  -7.005868393579e+01  -2.572760757094e+00
 -4.552894415958e-01    1.955137162739e-03  -6.544826541362e+01  -2.572760757094e+00
 -2.664531379551e-01    1.468660135982e-02  -6.858268271329e+01   4.058460402916e+00
 -2.688304716003e-01   -1.383123735309e-02  -6.230754088038e+01   4.058460402916e+00
 -4.565969017196e-01    2.266161539625e-03  -6.546551679363e+01   4.058460402916e+00
 -1.926698679751e-01    5.915870271121e-02  -7.544540673082e+01  -9.900713538715e+00
 -3.665221634632e-01    9.762972445508e-02  -7.483203569310e+01  -9.900713538715e+00
 -2.167608967785e-01    3.569137520084e-02  -7.065016187040e+01  -9.900713538715e+00
 -3.522985358028e-05    1.410819832759e-04  -8.299003852291e+01  -9.613625540312e+00
 -1.384210329355e-01    6.130026117956e-02  -8.301467746824e+01  -9.613625540312e+00
 -1.009728868740e-03    5.710797801068e-04  -7.984544577332e+01  -9.613625540312e+00
 -1.371304278730e-01    6.060830323344e-02  -8.297463387628e+01  -6.813974517878e+00
 -2.634401956727e-01    1.045563706927e-01  -8.215300663000e+01  -6.813974517878e+00
 -1.652476691224e-01    6.935507231809e-02  -7.972487486759e+01  -6.813974517878e+00
 -2.280461117898e-01    3.069206558311e-02  -4.996955272915e+01  -5.692799613196e+00
 -1.011587302093e-04   -3.678675382532e-04  -4.711161145236e+01  -5.692799613196e+00
 -6.687246301546e-04    1.184573763990e-04  -4.998272448260e+01  -5.692799613196e+00
 -8.920243267111e-04    1.287711150592e-03  -8.524149382095e+01  -3.087366897392e+00
 -1.105780605479e-01   -2.389013395327e-03  -8.566215042828e+01  -3.087366897392e+00
 -1.162878406731e-01    3.223031868103e-02  -8.493048844947e+01  -3.087366897392e+00
 -5.946373118661e-04    5.129482818787e-04  -8.302014751999e+01  -7.790555415051e+00
  2.810254056351e-04   -3.643355071852e-04  -8.521933153134e+01  -7.790555415051e+00
 -1.373095188323e-01    6.055674943400e-02  -8.298425184332e+01  -7.790555415051e+00
 -2.551263066056e-01   -4.961325608573e-02  -7.713004990171e+01  -5.938171462505e+00
 -1.122411812429e-03    2.023777041341e-04  -7.874962682506e+01  -5.938171462505e+00
 -2.032911515519e-01   -3.602738762936e-02  -7.909771895652e+01  -5.938171462505e+00
 -1.376755108330e-01    6.093524986912e-02  -8.301894855232e+01  -1.187524701942e+01
 -1.650410734531e-01    6.909201946515e-02  -7.968962553825e+01  -1.187524701942e+01
 -1.744336559764e-03    9.750251570040e-04  -7.983133016097e+01  -1.187524701942e+01
 -3.253243156270e-04   -6.578287036984e-05  -8.521398782916e+01  -6.136847592627e+00
 -1.166825262918e-01    3.296272281557e-02  -8.493685270626e+01  -6.136847592627e+00
 -1.365229432777e-01    6.026082266394e-02  -8.298922435567e+01  -6.136847592627e+00
 -1.218486634218e-03   -1.491013929922e-04  -7.070585498196e+01  -1.549850526276e+01
 -2.150023176449e-04    9.604946564749e-04  -7.556151949897e+01  -1.549850526276e+01
 -2.173331243943e-01    3.651501752619e-02  -7.059345300910e+01  -1.549850526276e+01
 -4.870527030607e-04    8.961380290584e-04  -7.063358313677e+01  -1.661137004339e+01
 -2.316699915130e-01    2.214080671597e-03  -6.544128886754e+01  -1.661137004339e+01
 -8.344830032981e-04   -3.813397708155e-04  -6.550178057447e+01  -1.661137004339e+01
 -3.416365782742e-01   -1.948858834575e-02  -6.812545930821e+01  -6.957008711250e+00
 -2.654415473066e-03   -3.779121258158e-04  -7.341302295022e+01  -6.957008711250e+00
 -3.032449326972e-01   -4.510632754349e-02  -7.331901408381e+01  -6.957008711250e+00
 -2.359018965444e-04    4.953170730565e-04  -7.977257522783e+01  -1.261055210293e+01
 -1.665780098576e-01    6.937723277056e-02  -7.973001993118e+01  -1.261055210293e+01
 -1.426296922111e-03    1.868465487124e-04  -7.566920269555e+01  -1.261055210293e+01
 -1.466360215878e-03    1.402518461695e-03  -7.556651329985e+01  -1.619036034752e+01
 -1.926879675953e-01    5.872409625557e-02  -7.547945892631e+01  -1.619036034752e+01
 -2.161732524973e-01    3.628433573282e-02  -7.059485509459e+01  -1.619036034752e+01
 -2.664686219112e-01    1.388188602854e-02  -6.858113507385e+01   8.208462607814e+00
 -2.598415050154e-03   -3.445510036197e-04  -6.447450250252e+01   8.208462607814e+00
 -2.685477922696e-01   -1.320256316092e-02  -6.230834338657e+01   8.208462607814e+00
 -1.929353677745e-01    3.722616992006e-02  -7.784974540301e+01   6.418893820198e+00
  1.501080949585e-04   -9.849089304689e-05  -7.928553188074e+01   6.418893820198e+00
 -7.464733299629e-04    2.768428523864e-05  -7.718262179388e+01   6.418893820198e+00
 -2.604408672425e-03    6.500954526247e-04  -7.565620156401e+01  -1.470554044828e+01
 -1.656450730307e-01    6.901191279737e-02  -7.973571005821e+01  -1.470554044828e+01
 -1.920345538719e-01    5.910376649450e-02  -7.544986728035e+01  -1.470554044828e+01
 -1.651572387068e-01    6.919241581386e-02  -7.968711174693e+01  -8.686722353665e+00
 -3.157228414175e-01    1.172640965016e-01  -7.887576196406e+01  -8.686722353665e+00
 -1.925586145360e-01    5.912675705909e-02  -7.549348977977e+01  -8.686722353665e+00
 -2.478290826501e-01    3.429216794601e-02  -7.410696349705e+01   8.214140234380e+00
 -2.586307126174e-03   -5.496026272466e-04  -6.960792047928e+01   8.214140234380e+00
 -2.658594489895e-01    1.424690883976e-02  -6.857557156773e+01   8.214140234380e+00
 -4.181013820866e-01    1.776276391273e-03  -6.543627087515e+01  -2.528054061340e+00
 -4.552992966891e-01    2.533157574899e-03  -6.548115692437e+01  -2.528054061340e+00
 -4.592737566995e-01   -4.489018460896e-02  -6.087937077645e+01  -2.528054061340e+00
 -1.660236635993e-01    6.952195458238e-02  -7.971630341176e+01  -7.356763922841e+00
 -2.627629694212e-01    1.044252573465e-01  -8.216094879011e+01  -7.356763922841e+00
 -3.145779204838e-01    1.169986807389e-01  -7.884567009123e+01  -7.356763922841e+00
  7.665597847399e-05    1.693183663689e-04  -7.397388631785e+01   8.278847045618e+00
 -1.528285502144e-03   -3.916186098033e-04  -6.961777325180e+01   8.278847045618e+00
 -2.486949365806e-01    3.402173397911e-02  -7.410104179010e+01   8.278847045618e+00
 -1.111709898663e-01   -2.312950796783e-03  -8.565867222798e+01  -9.249672839605e-01
 -3.296160203405e-04    1.061931827328e-03  -8.525152311350e+01  -9.249672839605e-01
 -1.428429602086e-04   -4.433533259316e-04  -8.572286873759e+01  -9.249672839605e-01
 -4.323487026368e-01   -1.052489287793e-01  -8.222527545714e+01  -7.399369419329e-01
 -4.270747363079e-01   -4.763318714815e-02  -8.427200049307e+01  -7.399369419329e-01
 -3.487773965707e-01   -9.585816286527e-02  -8.318015922667e+01  -7.399369419329e-01
 -4.278493145392e-01   -4.626028090977e-02  -8.427777189943e+01  -9.070082103091e-01
 -5.077012120285e-01   -1.479487333986e-03  -8.495295016520e+01  -9.070082103091e-01
 -5.079833716290e-01    1.911381734170e-03  -8.539176902294e+01  -9.070082103091e-01
 -5.068958420560e-01    3.994467498746e-04  -8.493863934416e+01  -3.151425436609e+00
 -4.292144845575e-01   -1.041454216009e-01  -8.225739829187e+01  -3.151425436609e+00
 -4.574252220903e-01   -8.846058987386e-04  -8.293888992968e+01  -3.151425436609e+00
 -4.296842200093e-01   -1.039644153552e-01  -8.225072001578e+01  -1.026707321602e+00
 -5.064683585384e-01   -4.398060790372e-05  -8.494305243058e+01  -1.026707321602e+00
 -4.285360925907e-01   -4.857930804899e-02  -8.426652605118e+01  -1.026707321602e+00
 -4.563002071118e-01   -5.014530556050e-04  -8.294356869104e+01  -4.273698291937e+00
 -4.315894014416e-01   -1.048780232788e-01  -8.224558532457e+01  -4.273698291937e+00
 -3.567078549231e-01   -4.719626356993e-04  -8.090226387625e+01  -4.273698291937e+00
 -2.971365652052e-03    1.500736692462e-04  -2.577063020335e+00   3.696525634248e+00
  3.820801604531e-05   -8.145662329123e-05  -1.509881512619e-02   3.696525634248e+00
 -3.790455486696e-01    5.321985701972e-03   8.689310880262e-03   3.696525634248e+00
 -4.281907463989e-01   -4.785072725180e-02  -8.424164857598e+01   3.539595823744e-01
 -3.247101886370e-01   -7.499977333931e-03  -8.427431885103e+01   3.539595823744e-01
 -3.470579440657e-01   -9.524036380422e-02  -8.320669820428e+01   3.539595823744e-01
 -4.278454550538e-01   -4.793683092683e-02  -8.427266786052e+01   8.993630571780e-02
 -4.214933652910e-01    3.738235945651e-02  -8.433324209934e+01   8.993630571780e-02
 -3.253910587224e-01   -6.910950221669e-03  -8.425048335959e+01   8.993630571780e-02
 -2.304819011232e-01   -7.008644368546e-02  -8.416670179484e+01   9.920066514490e-01
 -3.473643842392e-01   -9.562634829599e-02  -8.320699720828e+01   9.920066514490e-01
 -3.239866240194e-01   -7.067299687014e-03  -8.430003964150e+01   9.920066514490e-01
 -2.714285968809e-01   -1.144181522138e-01  -8.191128484610e+01   5.355516718879e+00
 -2.300604925699e-01   -7.046090142451e-02  -8.419344603023e+01   5.355516718879e+00
 -1.403349123141e-01   -6.471085463731e-02  -8.275027840218e+01   5.355516718879e+00
 -3.468428404425e-01   -9.593762698072e-02  -8.323503514469e+01   2.200037658157e+00
 -2.718727575776e-01   -1.145772794760e-01  -8.191757347259e+01   2.200037658157e+00
 -3.887645514985e-01   -1.442234663257e-01  -8.073172218683e+01   2.200037658157e+00
 -2.709213249375e-01   -1.145492564160e-01  -8.193567865328e+01   3.186993195725e+00
 -3.475416738374e-01   -9.583705440125e-02  -8.321810348377e+01   3.186993195725e+00
 -2.304232701107e-01   -7.019208115894e-02  -8.415708634059e+01   3.186993195725e+00
 -4.417461710707e-01   -1.443800931161e-01  -7.738782174750e+01   3.297655563874e+00
 -3.878171571158e-01   -1.443440420262e-01  -8.077863780899e+01   3.297655563874e+00
 -3.285088305060e-01   -1.271280976031e-01  -7.858231936961e+01   3.297655563874e+00
 -3.487389589457e-01   -9.638709921209e-02  -8.318751449850e+01   5.668905487553e-01
 -3.874733528598e-01   -1.438272762960e-01  -8.074909672525e+01   5.668905487553e-01
 -4.323752952856e-01   -1.049464571526e-01  -8.221217695763e+01   5.668905487553e-01
 -2.300435414624e-01   -6.994149993449e-02  -8.417098458474e+01   2.199857592113e+00
 -2.137550038524e-01   -5.738865270012e-03  -8.501773587464e+01   2.199857592113e+00
 -1.189713565536e-01   -3.945492193366e-02  -8.490711265244e+01   2.199857592113e+00
 -2.297356930286e-01   -7.004758557283e-02  -8.418373954488e+01   1.245188093032e+00
 -3.247159437047e-01   -6.991292299386e-03  -8.428243078418e+01   1.245188093032e+00
 -2.139860156662e-01   -5.450635386044e-03  -8.499208486828e+01   1.245188093032e+00
 -3.246846456009e-01   -6.833505090580e-03  -8.428253142389e+01  -9.302607278068e-01
 -2.251683835565e-01    5.904637726718e-02  -8.427639497857e+01  -9.302607278068e-01
 -2.140010077139e-01   -5.259946302688e-03  -8.499205632876e+01  -9.302607278068e-01
 -4.305428319062e-01   -1.046059029172e-01  -8.223628223869e+01  -2.603578459544e-01
 -3.891170186463e-01   -1.439977612975e-01  -8.073243205802e+01  -2.603578459544e-01
 -4.193188973184e-01   -1.332101593920e-01  -7.945787201164e+01  -2.603578459544e-01
 -3.551408982325e-01   -1.139543179578e-03  -8.088448434968e+01  -4.983729627377e+00
 -3.642596358052e-01   -8.361853496273e-02  -7.999201849160e+01  -4.983729627377e+00
 -2.033492778142e-01    7.749186358647e-04  -7.973587640995e+01  -4.983729627377e+00
 -3.559181406157e-01   -9.416620151298e-04  -8.091389956932e+01  -3.109542150080e+00
 -4.326163146481e-01   -1.046864019080e-01  -8.222527069759e+01  -3.109542150080e+00
 -3.638130997452e-01   -8.453847776975e-02  -7.997332883050e+01  -3.109542150080e+00
 -2.029013891555e-01   -6.903559504030e-04  -7.973153208528e+01  -5.161120503337e+00
 -2.026962341152e-01   -3.564954800662e-02  -7.910183124355e+01  -5.161120503337e+00
  1.837522016104e-04    9.388164778843e-04  -7.976531348505e+01  -5.161120503337e+00
 -2.036899357193e-01   -3.693309910010e-02  -7.908312771802e+01  -4.181529387445e+00
 -2.024015076394e-01    3.473597164986e-04  -7.976200459646e+01  -4.181529387445e+00
 -3.654416145486e-01   -8.315470521377e-02  -7.997268284524e+01  -4.181529387445e+00
 -2.577726082459e-01   -4.950420434959e-02  -7.712065047530e+01  -6.433825039572e+00
 -2.307318165362e-03    3.687235343355e-05  -7.347020116325e+01  -6.433825039572e+00
  5.788010177162e-04    6.016487035338e-05  -7.878977266680e+01  -6.433825039572e+00
 -1.540365412681e-03    1.495319835473e-04  -4.050135481323e+01  -4.101631694455e+00
 -1.148359444349e-04   -1.227824396095e-04  -4.345157717202e+01  -4.101631694455e+00
 -2.873676577895e-01    4.171412389620e-03  -4.359344753902e+01  -4.101631694455e+00
 -3.652541155257e-01   -8.377390279411e-02  -7.996596438404e+01  -4.073073867453e+00
 -3.590067409276e-01   -9.170208133942e-02  -7.841573225598e+01  -4.073073867453e+00
 -2.041654837096e-01   -3.633496497227e-02  -7.907686241241e+01  -4.073073867453e+00
 -2.478113626484e-01   -9.353209059243e-03  -4.389464975393e+01   4.129141822815e+00
  6.867443404567e-05    1.772921807232e-04  -4.361604090651e+01   4.129141822815e+00
 -1.380885864489e-03   -1.241028130644e-04  -4.081460834550e+01   4.129141822815e+00
 -4.181724248322e-01   -1.330804765281e-01  -7.948201667014e+01  -8.299058030718e-01
 -4.419745932840e-01   -1.439411166178e-01  -7.739051947947e+01  -8.299058030718e-01
 -4.038348675498e-01   -1.008660305655e-01  -7.633989368443e+01  -8.299058030718e-01
 -4.402745127710e-01   -1.441480450014e-01  -7.741333181318e+01   1.085747437582e+00
 -4.194798341050e-01   -1.330564262827e-01  -7.945686331078e+01   1.085747437582e+00
 -3.891667552915e-01   -1.443051726255e-01  -8.072865990879e+01   1.085747437582e+00
 -3.594404685233e-01   -9.185685377911e-02  -7.841053255931e+01  -3.812767268175e+00
 -4.025411412771e-01   -1.004979134966e-01  -7.636699439206e+01  -3.812767268175e+00
 -2.554557548554e-01   -4.977262799489e-02  -7.711136888880e+01  -3.812767268175e+00
 -4.025433522594e-01   -1.008782990103e-01  -7.636270512175e+01  -1.719848178960e+00
 -3.595149541471e-01   -9.178981315155e-02  -7.841025774428e+01  -1.719848178960e+00
 -4.191815757122e-01   -1.330047854433e-01  -7.945798659576e+01  -1.719848178960e+00
 -2.548158605591e-01   -4.990196935512e-02  -7.712896100000e+01  -3.583927883143e+00
 -4.032466199452e-01   -1.004067568880e-01  -7.636209599902e+01  -3.583927883143e+00
 -3.034972472348e-01   -4.559088759450e-02  -7.332046014342e+01  -3.583927883143e+00
 -3.598632133351e-01   -9.171794066216e-02  -7.839970287183e+01  -3.831715632659e+00
 -2.549167147013e-01   -4.990288183462e-02  -7.712771203338e+01  -3.831715632659e+00
 -2.031906620220e-01   -3.614957886644e-02  -7.910178621779e+01  -3.831715632659e+00
 -4.423707560965e-01   -1.440174681636e-01  -7.737722813455e+01   2.012095747903e-01
 -4.807068525132e-01   -1.078110759870e-01  -7.368202964092e+01   2.012095747903e-01
 -4.034254461689e-01   -1.008147603082e-01  -7.635184865051e+01   2.012095747903e-01
 -4.193263895131e-01   -1.328357157642e-01  -7.946049013459e+01  -2.366475623853e+00
 -3.593673818811e-01   -9.183975017661e-02  -7.840976989921e+01  -2.366475623853e+00
 -3.645172950537e-01   -8.404869915681e-02  -7.998390474178e+01  -2.366475623853e+00
 -4.312692563184e-01   -1.047804501273e-01  -8.221965546119e+01  -2.493391630662e+00
 -4.185629699779e-01   -1.328741750957e-01  -7.947045984687e+01  -2.493391630662e+00
 -3.650869138292e-01   -8.422869184330e-02  -7.996901293928e+01  -2.493391630662e+00
 -2.565246892495e-01   -4.974407107198e-02  -7.713822557871e+01  -7.392080791354e+00
 -3.019786118344e-01   -4.544831562684e-02  -7.331391408867e+01  -7.392080791354e+00
 -4.179990721449e-03    2.684177283167e-04  -7.343382510419e+01  -7.392080791354e+00
 -3.889166966367e-01   -1.443738676916e-01  -8.075429649525e+01   4.368123152766e+00
 -2.719574933625e-01   -1.145907375686e-01  -8.189487295771e+01   4.368123152766e+00
 -3.272416892240e-01   -1.271019350933e-01  -7.860542782536e+01   4.368123152766e+00
 -8.040180575002e-03   -2.129743361478e-04  -6.770606493193e+00   3.571914381438e+00
 -5.165445857236e-01   -6.341645122667e-03  -4.079866736657e+00   3.571914381438e+00
 -4.445644323373e-01   -1.143598897515e-02  -7.706956174406e+00   3.571914381438e+00
 -1.106358251350e-01   -3.782254994730e-03  -8.566502853669e+01   3.716145293155e+00
 -7.309090711220e-04   -1.073882344586e-03  -8.510335276179e+01   3.716145293155e+00
 -1.185585337302e-01   -3.877406526665e-02  -8.489930199680e+01   3.716145293155e+00
 -1.111916779678e-01   -3.842461765900e-03  -8.566102030566e+01   1.353676893379e+00
 -1.506680353555e-04    3.621146266429e-04  -8.572137494057e+01   1.353676893379e+00
 -2.690685425251e-04   -9.423134011850e-04  -8.511540238627e+01   1.353676893379e+00
 -1.188047464290e-01   -3.966656389589e-02  -8.492871699815e+01   8.301810146012e+00
 -1.516078699018e-03   -1.481937182503e-03  -8.307191032130e+01   8.301810146012e+00
 -1.393889416733e-01   -6.393576321416e-02  -8.273111998104e+01   8.301810146012e+00
 -1.696733456086e-01   -7.439498533958e-02  -7.946175093743e+01   1.100991808458e+01
 -1.400676533608e-01   -6.436078491486e-02  -8.274820361865e+01   1.100991808458e+01
 -3.689480154627e-04   -7.113289655314e-04  -8.301695808926e+01   1.100991808458e+01
 -1.713872329358e-01   -7.480800973715e-02  -7.948369634304e+01   7.918366535984e+00
 -3.277766982039e-01   -1.270109002225e-01  -7.857303759561e+01   7.918366535984e+00
 -2.715172712818e-01   -1.146827431291e-01  -8.194183996168e+01   7.918366535984e+00
 -1.704196585548e-01   -7.461267330528e-02  -7.949537865975e+01   7.345004961836e+00
 -2.722957895537e-01   -1.148440923963e-01  -8.193301579478e+01   7.345004961836e+00
 -1.397804478886e-01   -6.430988697059e-02  -8.272597026441e+01   7.345004961836e+00
 -8.193859514659e-04   -1.027685747762e-03  -8.308433150074e+01   5.992414995184e+00
 -1.194096785579e-01   -3.994095764396e-02  -8.492208487230e+01   5.992414995184e+00
 -4.843837388822e-05    1.306698897565e-04  -8.507255606553e+01   5.992414995184e+00
 -2.306962676812e-01   -7.056540831673e-02  -8.418563697858e+01   4.629330494963e+00
 -1.185261001303e-01   -3.902066452551e-02  -8.489524354940e+01   4.629330494963e+00
 -1.395897956075e-01   -6.450954212594e-02  -8.275932494612e+01   4.629330494963e+00
  4.067830858713e-04   -2.098965446423e-04  -8.301828185031e+01   1.174233946488e+01
 -1.063713585960e-03   -4.790205118499e-04  -7.962707436923e+01   1.174233946488e+01
 -1.705249430101e-01   -7.473819783599e-02  -7.945675494365e+01   1.174233946488e+01
 -2.693173031669e-01   -1.364247681476e-02  -6.230915106834e+01   7.603773567495e+00
 -1.336011407623e-03   -5.148828865331e-04  -5.540771529548e+01   7.603773567495e+00
 -2.460608411638e-01   -2.906747669300e-02  -5.677801496499e+01   7.603773567495e+00
 -5.165433818248e-01    9.975745160566e-03  -2.950035518471e+01  -2.775395357189e+00
 -1.576260885441e-02   -6.233397761863e-04  -3.265323057766e+01  -2.775395357189e+00
 -5.851796101183e-01    6.968393278921e-03  -3.313040876333e+01  -2.775395357189e+00
 -2.028137516850e-01    1.034876252960e-03  -8.079627904346e+01   5.536610597241e+00
 -9.281623431328e-04    5.844930262347e-04  -8.014533164420e+01   5.536610597241e+00
 -1.545629123551e-01    2.755107705926e-02  -7.995875172385e+01   5.536610597241e+00
 -2.051889309177e-01   -6.486951709104e-02  -7.530501045151e+01   1.550107066024e+01
 -3.626230463124e-04   -5.472472591944e-04  -7.524787984342e+01   1.550107066024e+01
 -1.217442986886e-03    3.679810158354e-04  -7.046191785361e+01   1.550107066024e+01
 -2.039896084557e-01   -6.568636498359e-02  -7.525288387096e+01   1.455982687588e+01
  2.369164060711e-04   -6.033086623900e-04  -7.958209971628e+01   1.455982687588e+01
 -9.835719972589e-04   -1.066687250647e-04  -7.529925169002e+01   1.455982687588e+01
 -2.053030417520e-01   -2.969880436497e-02  -5.244907136958e+01   6.037333255019e+00
 -3.469856036316e-04    2.953266588438e-04  -4.984692535762e+01   6.037333255019e+00
 -1.718949488328e-01   -2.298450146192e-02  -4.967294679472e+01   6.037333255019e+00
 -1.710042058545e-01   -7.439303957672e-02  -7.948026606332e+01   1.469544248970e+01
 -7.220850377643e-04   -1.037727703653e-03  -7.958319910421e+01   1.469544248970e+01
 -2.028424987342e-01   -6.534450201463e-02  -7.525476158160e+01   1.469544248970e+01
 -3.768478753817e-01   -2.891066935094e-02  -4.701181400672e+01   2.590050907267e+00
 -2.627894989096e-01   -1.873675347638e-02  -4.694597889807e+01   2.590050907267e+00
 -2.597564641021e-01   -9.615300923926e-03  -4.534436459849e+01   2.590050907267e+00
 -2.264769108280e-01   -3.692773918188e-02  -7.042953363761e+01   1.657975674270e+01
 -7.958912027546e-04   -6.532482556135e-04  -7.037978182196e+01   1.657975674270e+01
 -1.237077980544e-03    8.171266456784e-04  -6.527778614695e+01   1.657975674270e+01
 -3.279845682620e-01   -1.270181602153e-01  -7.861165890814e+01   9.727250132051e+00
 -2.043982194030e-01   -6.519631912242e-02  -7.529143124962e+01   9.727250132051e+00
 -3.826547625774e-01   -1.062077225649e-01  -7.452501763577e+01   9.727250132051e+00
 -2.034303449391e-01   -6.506078119453e-02  -7.530112358410e+01   9.277989242866e+00
 -3.287901649102e-01   -1.272156589219e-01  -7.860328011922e+01   9.277989242866e+00
 -1.707330840413e-01   -7.454130106325e-02  -7.945014807793e+01   9.277989242866e+00
 -4.969067562569e-01   -5.879260617122e-02  -6.961942306783e+01  -1.576294013141e+00
 -3.066288923737e-01   -4.600079334439e-02  -7.328662020673e+01  -1.576294013141e+00
 -4.836585647459e-01   -1.071498186264e-01  -7.363571018499e+01  -1.576294013141e+00
 -3.067869197128e-01   -4.546042106497e-02  -7.328113844588e+01  -2.449852843504e+00
 -4.014997009103e-01   -1.007316579756e-01  -7.639528716943e+01  -2.449852843504e+00
 -4.831574697349e-01   -1.075178633459e-01  -7.364954294327e+01  -2.449852843504e+00
 -4.824046102098e-01   -1.078572172565e-01  -7.364704561369e+01   3.719136228491e+00
 -4.407939266554e-01   -1.444354103504e-01  -7.744685551237e+01   3.719136228491e+00
 -3.834439511018e-01   -1.063220044859e-01  -7.454017455511e+01   3.719136228491e+00
 -3.833763594252e-01   -1.059600708763e-01  -7.450313955762e+01   4.853268688910e+00
 -4.202634640800e-01   -6.130190778910e-02  -7.005171418072e+01   4.853268688910e+00
 -4.827431411205e-01   -1.082870015356e-01  -7.368504458971e+01   4.853268688910e+00
 -3.837843897637e-01   -1.062456472945e-01  -7.456149428268e+01   1.038054628893e+01
 -2.035584759508e-01   -6.501858119300e-02  -7.525447220426e+01   1.038054628893e+01
 -2.253388205784e-01   -3.753827334666e-02  -7.043157465751e+01   1.038054628893e+01
 -3.285125555393e-01   -1.270136809617e-01  -7.855264131371e+01   4.884079204578e+00
 -3.821395541575e-01   -1.063547200455e-01  -7.456707460097e+01   4.884079204578e+00
 -4.419577814256e-01   -1.445487437679e-01  -7.741872263335e+01   4.884079204578e+00
 -2.251266632577e-01   -3.767149254616e-02  -7.037851121293e+01   1.096681244783e+01
 -2.344943588088e-01   -2.076275515192e-03  -6.526427749425e+01   1.096681244783e+01
 -4.220790091012e-01   -6.076806742695e-02  -7.004115430029e+01   1.096681244783e+01
 -2.250475186090e-01   -3.775820488343e-02  -7.038439198861e+01   1.775258191923e+01
 -2.040338482028e-01   -6.450158335864e-02  -7.530805417745e+01   1.775258191923e+01
 -2.364352417466e-03    6.410813933329e-05  -7.044993779580e+01   1.775258191923e+01
 -4.993735606493e-01   -5.850974741286e-02  -6.962832519972e+01   4.510264980754e+00
 -4.209574882329e-01   -6.052156059371e-02  -6.997868387712e+01   4.510264980754e+00
 -4.355375503475e-01   -4.935407698600e-03  -6.528820982951e+01   4.510264980754e+00
 -4.213530934685e-01   -6.110937146666e-02  -7.002387110417e+01   3.533079117905e+00
 -4.987463718146e-01   -5.795450256211e-02  -6.958294839024e+01   3.533079117905e+00
 -4.817096081248e-01   -1.082724476703e-01  -7.371408708764e+01   3.533079117905e+00
 -3.420865124530e-01   -1.935431278528e-02  -6.811939075422e+01  -1.833533186788e+00
 -4.977229185234e-01   -5.756098224235e-02  -6.959637981017e+01  -1.833533186788e+00
 -4.981587794131e-01   -4.865955376666e-03  -6.522917245723e+01  -1.833533186788e+00
 -4.983666385896e-01   -5.837065793333e-02  -6.959938133475e+01  -3.026305962756e+00
 -3.413036280728e-01   -1.861846565660e-02  -6.811668629151e+01  -3.026305962756e+00
 -3.044763309339e-01   -4.626051219813e-02  -7.331853995707e+01  -3.026305962756e+00
 -4.345608490019e-01   -4.343719031946e-03  -6.522145170631e+01   1.130457867212e+01
 -4.209899272898e-01   -6.060181947995e-02  -7.004718459221e+01   1.130457867212e+01
 -2.358433306444e-01   -2.055591849630e-03  -6.526042480180e+01   1.130457867212e+01
 -2.263200555899e-01   -3.767518341907e-02  -7.042254133882e+01   1.088932910086e+01
 -4.207815186324e-01   -6.096143718091e-02  -7.000035144456e+01   1.088932910086e+01
 -3.829025292497e-01   -1.060026975552e-01  -7.457017429965e+01   1.088932910086e+01
 -2.726893433478e-03    7.872779956343e-04  -6.526812704173e+01   1.860477878750e+01
 -2.338285871159e-01   -2.593513886696e-03  -6.521133729606e+01   1.860477878750e+01
 -2.252572699699e-01   -3.681104734267e-02  -7.043161975066e+01   1.860477878750e+01
 -3.415127338359e-01   -1.905335931531e-02  -6.812822817496e+01  -7.657341234899e+00
 -3.420970307949e-01    1.534445467001e-02  -6.225657529796e+01  -7.657341234899e+00
 -3.491885660789e-03    2.820616359035e-04  -6.438071655933e+01  -7.657341234899e+00
 -2.767630024645e-03   -7.802843468052e-04  -6.516929521674e+01   1.850839631579e+01
 -2.237169611635e-01    3.159884097468e-02  -6.005782175399e+01   1.850839631579e+01
 -2.338043934928e-01   -1.781588883401e-03  -6.524129867224e+01   1.850839631579e+01
 -1.184073956204e-01   -3.935176872026e-02  -8.491554928186e+01   1.386407279028e+00
 -2.143697169235e-01   -5.755056733016e-03  -8.501113606306e+01   1.386407279028e+00
 -1.105648963999e-01   -2.988087796465e-03  -8.563880848059e+01   1.386407279028e+00
 -2.143624743070e-01   -4.967647249613e-03  -8.501216832537e+01  -1.003548568373e+00
 -1.162135231693e-01    3.291144223189e-02  -8.494857988540e+01  -1.003548568373e+00
 -1.105469991488e-01   -3.206345202105e-03  -8.563800289173e+01  -1.003548568373e+00
 -1.393630927062e-03    4.651852230956e-04  -6.440286588190e+01  -8.543675087406e+00
 -7.627118378269e-04   -4.935881551127e-04  -7.342387376192e+01  -8.543675087406e+00
 -3.434443879468e-01   -1.934004840159e-02  -6.812029215276e+01  -8.543675087406e+00
 -2.079189021399e-01   -2.975285467944e-02  -5.245461683311e+01   6.936930745222e+00
 -1.734169163930e-03    1.307624430684e-05  -5.542467744320e+01   6.936930745222e+00
  3.259364967087e-04    9.481087961457e-06  -5.217590459715e+01   6.936930745222e+00
 -4.961210550789e-01   -1.025964799511e-03  -4.360773131246e+01   1.052301211905e+00
 -4.222068821257e-01   -8.254486317583e-03  -4.347753762700e+01   1.052301211905e+00
 -5.283841084944e-01   -5.230626897317e-03  -3.947250966832e+01   1.052301211905e+00
 -4.605404041391e-01   -4.471180632732e-02  -6.090358804562e+01  -3.847019283292e+00
 -4.013160070296e-01   -4.955451380268e-02  -6.071427921945e+01  -3.847019283292e+00
 -4.166793794321e-01    1.484220318078e-03  -6.541783676523e+01  -3.847019283292e+00
 -4.595645616290e-01   -4.451256592463e-02  -6.092855698444e+01   3.960398726184e+00
 -2.695078393884e-01   -1.274418608825e-02  -6.231983283973e+01   3.960398726184e+00
 -2.469238319583e-01   -2.992229081503e-02  -5.677639356802e+01   3.960398726184e+00
 -2.149168098545e-01   -3.160041900631e-02  -6.032899793948e+01  -1.760781085130e+01
 -2.172614490377e-03   -1.237932769164e-03  -6.032994653295e+01  -1.760781085130e+01
 -2.303522443051e-01    7.265853774199e-04  -6.549816126375e+01  -1.760781085130e+01
 -2.306649374203e-01    1.509920143989e-03  -6.543487294456e+01  -1.046176914395e+01
 -4.021934166348e-01   -4.985985178577e-02  -6.065557487548e+01  -1.046176914395e+01
 -2.151457745396e-01   -3.210821723215e-02  -6.036601783341e+01  -1.046176914395e+01
 -2.161708310736e-01   -3.215124027862e-02  -6.032222150069e+01  -1.016399093362e+01
 -4.010695700019e-01   -5.001225999903e-02  -6.069443038717e+01  -1.016399093362e+01
 -3.639495940084e-01   -9.018092009788e-02  -5.616035610170e+01  -1.016399093362e+01
 -2.993402732921e-03    8.479407273456e-06  -6.023377731289e+01  -1.669914985094e+01
 -2.144325740389e-01   -3.221932963563e-02  -6.036021736494e+01  -1.669914985094e+01
 -1.943862407811e-01   -5.663610047301e-02  -5.549399854884e+01  -1.669914985094e+01
 -4.600156346324e-01   -4.412461289603e-02  -6.094591946738e+01  -2.739689319456e+00
 -4.503409137378e-01   -8.591172642442e-02  -5.676761266844e+01  -2.739689319456e+00
 -4.016154781287e-01   -5.015576066581e-02  -6.067106879894e+01  -2.739689319456e+00
 -6.573637389966e-04   -8.756082179379e-05  -7.717203217103e+01   6.768706136805e+00
 -2.458559136480e-01    3.455299171724e-02  -7.410163490912e+01   6.768706136805e+00
 -1.930752644077e-01    3.741316571547e-02  -7.785092473614e+01   6.768706136805e+00
 -2.542673682851e-01   -9.592630758865e-02  -4.915497574133e+01  -3.901081017800e+00
 -3.091713518619e-01   -1.078276765790e-01  -5.225577250138e+01  -3.901081017800e+00
 -3.621265383507e-01   -1.134874642267e-01  -5.014007829663e+01  -3.901081017800e+00
 -4.513764991927e-01   -8.586591151991e-02  -5.679735503276e+01  -4.268410855960e+00
 -3.644741512025e-01   -9.005001458168e-02  -5.622755736328e+01  -4.268410855960e+00
 -4.004847176289e-01   -5.040079755093e-02  -6.064344094383e+01  -4.268410855960e+00
 -1.946521443702e-01   -5.721147100560e-02  -5.551149548317e+01  -8.992120095239e+00
 -3.637250649997e-01   -9.033433125488e-02  -5.620511208255e+01  -8.992120095239e+00
 -3.099039460887e-01   -1.077570984942e-01  -5.225115756480e+01  -8.992120095239e+00
 -1.938050107707e-01   -5.705644196784e-02  -5.554679186089e+01  -9.706280827492e+00
 -2.150641197589e-01   -3.205709603929e-02  -6.031234937994e+01  -9.706280827492e+00
 -3.648641246764e-01   -9.038481467817e-02  -5.616974648649e+01  -9.706280827492e+00
 -4.152857382148e-01   -1.151453501714e-01  -5.318154586125e+01  -4.369649102125e+00
 -3.104109781489e-01   -1.077130183200e-01  -5.230893278940e+01  -4.369649102125e+00
 -3.631971020809e-01   -9.049350171801e-02  -5.616442722210e+01  -4.369649102125e+00
 -1.554406472032e-03    3.017607636237e-04  -6.022249336954e+01  -1.467093449134e+01
 -1.956339171202e-01   -5.698335882308e-02  -5.549717601035e+01  -1.467093449134e+01
 -1.990517701981e-04   -4.829548677333e-04  -5.554198268759e+01  -1.467093449134e+01
 -4.511412539162e-01   -8.541248875892e-02  -5.683345032770e+01  -3.070601409164e+00
 -4.141825777121e-01   -1.150728327950e-01  -5.315241042598e+01  -3.070601409164e+00
 -3.644668075414e-01   -9.041824469626e-02  -5.619233013044e+01  -3.070601409164e+00
 -4.579010789442e-01   -4.495165067815e-02  -6.091302330134e+01   2.298473527126e+00
 -2.492659820880e-01   -2.965156935305e-02  -5.680295377089e+01   2.298473527126e+00
 -4.526392648238e-01   -8.472158865941e-02  -5.684191011204e+01   2.298473527126e+00
 -6.106479563813e-04    1.087898366462e-04  -6.960240773131e+01   8.887063985273e+00
 -1.133428560580e-03   -3.134558606188e-04  -6.448301114516e+01   8.887063985273e+00
 -2.676929239240e-01    1.373759718712e-02  -6.857747016879e+01   8.887063985273e+00
 -1.612105036320e-01   -6.423852883429e-02  -5.150476551428e+01  -8.567183646110e+00
 -1.937417669078e-01   -5.708958676130e-02  -5.550075331585e+01  -8.567183646110e+00
 -3.106681643784e-01   -1.079433108788e-01  -5.226028922379e+01  -8.567183646110e+00
 -1.944046797400e-01   -5.772966643432e-02  -5.554762601310e+01  -1.367015498382e+01
  1.031677731240e-04   -6.782923824382e-04  -5.132568703483e+01  -1.367015498382e+01
 -8.730251410294e-04   -5.941233191869e-05  -5.549201554424e+01  -1.367015498382e+01
 -9.429497785562e-04   -1.206633870479e-03  -5.132464074199e+01  -1.356573544510e+01
 -1.932401413966e-01   -5.736936407869e-02  -5.554508696145e+01  -1.356573544510e+01
 -1.613159562752e-01   -6.399352231166e-02  -5.147670504202e+01  -1.356573544510e+01
 -1.554785868818e-01    2.770153070500e-02  -7.994760104894e+01   5.176223048872e+00
  3.317161273021e-05    2.359227109144e-05  -8.016860643227e+01   5.176223048872e+00
 -5.086763628350e-04    4.792248137040e-05  -7.928084243868e+01   5.176223048872e+00
 -1.333859213731e-01   -5.756435123528e-02  -4.826557209060e+01  -9.208211256597e+00
  8.529252033257e-05   -8.709233655615e-05  -4.824718774376e+01  -9.208211256597e+00
 -1.289103775799e-03   -6.769937988021e-04  -5.124083326621e+01  -9.208211256597e+00
 -1.321846373173e-01   -5.686133805720e-02  -4.829442532489e+01  -7.413010577473e+00
  3.223812407576e-04    3.032573946276e-04  -4.609234359197e+01  -7.413010577473e+00
 -5.706839926469e-04   -4.603296250523e-04  -4.821831770084e+01  -7.413010577473e+00
 -1.716214572938e-01   -2.255736719994e-02  -4.966991957535e+01   5.713748545305e+00
 -4.047346310070e-04   -9.593730495380e-05  -4.983732719126e+01   5.713748545305e+00
  1.156398556942e-04    2.442233330679e-04  -4.706804626941e+01   5.713748545305e+00
 -1.325651567805e-01   -5.715987122546e-02  -4.826163380575e+01  -1.143724174213e+01
 -2.250919342357e-03   -1.197486299245e-03  -5.125282950089e+01  -1.143724174213e+01
 -1.605785094046e-01   -6.398775635690e-02  -5.150047414926e+01  -1.143724174213e+01
 -3.027310804943e-01    2.472144881153e-02  -4.709119572843e+01  -4.506168538478e+00
 -2.991457893268e-01    1.136003159784e-02  -4.520804343011e+01  -4.506168538478e+00
 -2.694335512499e-03    1.276480972632e-04  -4.710820236628e+01  -4.506168538478e+00
 -1.103391176115e-01   -3.149585970265e-02  -4.643471250272e+01  -4.100181909173e+00
 -1.317630749759e-01   -5.705080433340e-02  -4.827160852697e+01  -4.100181909173e+00
 -2.134084044287e-01   -5.592508546746e-02  -4.711116110239e+01  -4.100181909173e+00
 -2.546290134322e-01   -9.625205754457e-02  -4.911473481005e+01  -6.609175891978e+00
 -1.319264407178e-01   -5.682525583521e-02  -4.830408451093e+01  -6.609175891978e+00
 -1.610834347449e-01   -6.434279510671e-02  -5.146419642350e+01  -6.609175891978e+00
 -3.013941005176e-04   -9.842942413640e-04  -4.605695094384e+01  -1.043157191965e+00
 -1.041703431501e-01   -3.812927525076e-04  -4.573887894973e+01  -1.043157191965e+00
 -1.878773493059e-04    4.105728716905e-04  -4.549988226607e+01  -1.043157191965e+00
 -8.233332866274e-04   -1.213097697182e-03  -4.606697078864e+01  -3.054997981373e+00
 -1.100877591303e-01   -3.107770531624e-02  -4.642849323870e+01  -3.054997981373e+00
 -1.036472673901e-01   -2.776786229435e-04  -4.573295627137e+01  -3.054997981373e+00
 -2.000038726327e-01    8.814482896012e-04  -4.639411476577e+01  -1.063320047651e+00
 -1.036871179046e-01    4.725908006447e-04  -4.575635449956e+01  -1.063320047651e+00
 -1.100076183383e-01   -3.168871706561e-02  -4.641100443439e+01  -1.063320047651e+00
 -3.119075182465e-04   -5.722409833520e-04  -4.548792969726e+01   1.533675683315e+00
 -1.039467682625e-01    6.516133122016e-04  -4.575280605957e+01   1.533675683315e+00
 -1.117601977023e-01    3.286445849750e-02  -4.625092833804e+01   1.533675683315e+00
 -2.128062657442e-01   -5.586598007897e-02  -4.710295956390e+01  -4.708257103579e+00
 -1.324509441543e-01   -5.716684488858e-02  -4.828283741548e+01  -4.708257103579e+00
 -2.537564576183e-01   -9.581154696740e-02  -4.913706724920e+01  -4.708257103579e+00
 -1.104743281085e-01   -3.174642139669e-02  -4.642118838095e+01  -5.986196702555e+00
 -2.465918525154e-04    3.739327371346e-06  -4.609686652082e+01  -5.986196702555e+00
 -1.314223601624e-01   -5.655876115077e-02  -4.828983674246e+01  -5.986196702555e+00
 -1.619641829267e-01   -6.455195708817e-02  -5.147340972130e+01  -7.302329485335e+00
 -3.096381791760e-01   -1.077101147196e-01  -5.228881375002e+01  -7.302329485335e+00
 -2.539156970485e-01   -9.609156555356e-02  -4.910642081316e+01  -7.302329485335e+00
 -3.441407772051e-01    1.606986761972e-02  -6.226337445154e+01  -8.561810436731e+00
 -7.665635536282e-04    5.196110759089e-04  -5.555234623917e+01  -8.561810436731e+00
 -1.282701452801e-03   -3.392187989666e-04  -6.435531027596e+01  -8.561810436731e+00
 -4.519865035194e-01   -8.502308410278e-02  -5.683158237179e+01   3.190175344663e+00
 -2.496480325833e-01   -2.919467182053e-02  -5.680195300935e+01   3.190175344663e+00
 -3.670703466998e-01   -7.274398855335e-02  -5.368887345764e+01   3.190175344663e+00
 -3.036139861036e-01    2.526350237248e-02  -4.709751305188e+01  -4.652424912497e+00
 -1.585773804237e-03   -6.519451946802e-04  -4.712470402994e+01  -4.652424912497e+00
 -2.272265642860e-01    3.102852737276e-02  -4.997142959813e+01  -4.652424912497e+00
 -2.057078444461e-01   -2.996538546892e-02  -5.245362476927e+01   4.120974342360e+00
 -1.718564162160e-01   -2.288090025820e-02  -4.967218365159e+01   4.120974342360e+00
 -3.324211262625e-01   -6.289988814099e-02  -5.132269781010e+01   4.120974342360e+00
 -2.067909773697e-01   -2.986675095976e-02  -5.244976938141e+01   7.729776051255e+00
 -2.448695731355e-01   -2.931264209747e-02  -5.676562296527e+01   7.729776051255e+00
 -3.068767467477e-03    6.866350398821e-05  -5.543176114409e+01   7.729776051255e+00
 -3.683050030137e-01   -7.277144827202e-02  -5.371937291095e+01   1.815782068463e+00
 -3.317417051518e-01   -6.298249501143e-02  -5.131677766389e+01   1.815782068463e+00
 -3.925856362307e-01   -9.734115734768e-02  -5.090630567814e+01   1.815782068463e+00
 -3.318423748282e-01   -6.305349848515e-02  -5.131210414747e+01   4.355933487945e+00
 -3.681571843139e-01   -7.240697810953e-02  -5.372128059733e+01   4.355933487945e+00
 -2.064754844869e-01   -2.985029547884e-02  -5.247015511995e+01   4.355933487945e+00
 -3.426355711396e-01   -5.998866695701e-02  -4.953905536128e+01   2.184102608019e+00
 -3.925273309883e-01   -9.700624914022e-02  -5.091391767935e+01   2.184102608019e+00
 -3.317368661011e-01   -6.312026261119e-02  -5.131180326701e+01   2.184102608019e+00
 -3.696636722882e-01   -7.276562655658e-02  -5.374115618780e+01   1.199735822123e+00
 -3.914632921831e-01   -9.743062283587e-02  -5.088325036807e+01   1.199735822123e+00
 -4.153287187896e-01   -1.144669101668e-01  -5.321082809059e+01   1.199735822123e+00
 -3.313281980509e-01   -6.286696442758e-02  -5.131468253060e+01   3.977046703807e+00
 -1.731562985237e-01   -2.298007786599e-02  -4.968676834275e+01   3.977046703807e+00
 -3.433502946559e-01   -5.995189149220e-02  -4.954454274698e+01   3.977046703807e+00
 -2.056843060350e-01   -2.991363102360e-02  -5.245851000474e+01   4.189054144858e+00
 -3.689737635857e-01   -7.239601258788e-02  -5.372215471589e+01   4.189054144858e+00
 -2.462790905187e-01   -2.938141846461e-02  -5.676253118240e+01   4.189054144858e+00
 -2.646542990001e-01   -1.921586430313e-02  -4.695550331703e+01   4.679509160457e+00
 -1.713783389664e-01   -2.284384963769e-02  -4.966925424488e+01   4.679509160457e+00
 -4.884113386648e-04    4.950786305977e-04  -4.707800864325e+01   4.679509160457e+00
 -2.470218143146e-01   -9.294479758288e-03  -4.389080283022e+01   4.107738238731e+00
 -2.586881132283e-01   -9.461203889481e-03  -4.533004090339e+01   4.107738238731e+00
 -7.057093763421e-04    2.323892984607e-04  -4.361945487459e+01   4.107738238731e+00
 -4.219313594732e-01   -8.451167623107e-03  -4.349778896636e+01   2.502965250777e+00
 -2.594192077630e-01   -9.768599435611e-03  -4.534412950310e+01   2.502965250777e+00
 -2.470270187066e-01   -9.476201473910e-03  -4.389191962487e+01   2.502965250777e+00
 -2.635063187135e-01   -1.837462687966e-02  -4.696587391910e+01   2.949834198480e+00
 -3.764669118301e-01   -2.955123488827e-02  -4.698881158220e+01   2.949834198480e+00
 -3.420628452505e-01   -5.986998111154e-02  -4.952356933041e+01   2.949834198480e+00
 -4.859897121784e-01    2.230687145905e-03  -1.399185452446e+01   3.133204633007e+00
 -1.197376239672e-02    3.557037695158e-04  -1.044248618868e+01   3.133204633007e+00
 -5.835888034336e-01   -3.686992096067e-03  -1.069590643821e+01   3.133204633007e+00
 -3.955578109043e-01   -7.465231528952e-02  -4.873048501653e+01   1.940768711698e+00
 -3.916428619605e-01   -9.693469519115e-02  -5.090532915395e+01   1.940768711698e+00
 -3.434145557234e-01   -6.020993709768e-02  -4.955033401890e+01   1.940768711698e+00
 -4.479207804414e-01    3.066310191041e-03  -4.369381971122e+01  -2.440574559469e+00
 -3.000230101936e-01    1.142046547547e-02  -4.523488719979e+01  -2.440574559469e+00
 -4.064756236539e-01    3.351049592247e-02  -4.694564607505e+01  -2.440574559469e+00
 -2.629740480311e-01   -1.875379300722e-02  -4.694299563912e+01   3.888848689814e+00
 -3.432080434313e-01   -5.956715092460e-02  -4.954019142678e+01   3.888848689814e+00
 -1.730345204570e-01   -2.335928052053e-02  -4.967580397225e+01   3.888848689814e+00
 -1.748362660981e-04    1.397918681816e-04  -4.362044646407e+01   4.311155095879e+00
 -2.592451804691e-01   -9.414910895160e-03  -4.532749100557e+01   4.311155095879e+00
 -6.560383849832e-04    5.795085466230e-05  -4.506783537449e+01   4.311155095879e+00
 -4.446540727882e-03   -3.904431206806e-04  -4.081580354934e+01   3.315330480250e+00
 -5.346965868000e-01   -5.743065402737e-03  -3.952639643357e+01   3.315330480250e+00
 -2.465984747220e-01   -9.561025138650e-03  -4.391453873048e+01   3.315330480250e+00
 -3.171672463199e-01   -7.201006526065e-02  -4.809729885124e+01  -1.935845965247e+00
 -2.541978263917e-01   -9.587237598995e-02  -4.913241144822e+01  -1.935845965247e+00
 -3.619551224256e-01   -1.133285865485e-01  -5.016218425903e+01  -1.935845965247e+00
 -4.137491372435e-01   -1.147152217932e-01  -5.318333901497e+01  -9.293062315955e-01
 -3.925288605933e-01   -9.736472776199e-02  -5.091458456329e+01  -9.293062315955e-01
 -3.623952245276e-01   -1.133792432079e-01  -5.016668923569e+01  -9.293062315955e-01
 -1.995790864728e-01    1.138051559905e-03  -4.641311520834e+01  -9.649676275420e-01
 -2.125216378162e-01   -5.548121508390e-02  -4.711070678772e+01  -9.649676275420e-01
 -2.985117864505e-01    2.489113944821e-03  -4.727275792944e+01  -9.649676275420e-01
 -2.131639851502e-01   -5.569793930502e-02  -4.713616472551e+01  -2.788714878648e+00
 -2.532881582264e-01   -9.585203818363e-02  -4.911408243406e+01  -2.788714878648e+00
 -3.178475859489e-01   -7.194795816020e-02  -4.811317435901e+01  -2.788714878648e+00
 -2.977507611848e-01    2.402933169586e-03  -4.725808482692e+01  -6.843903586367e-01
 -2.132698596215e-01   -5.550972656418e-02  -4.712495754601e+01  -6.843903586367e-01
 -3.176063812237e-01   -7.184296911334e-02  -4.812527252568e+01  -6.843903586367e-01
 -2.128402146988e-01   -5.543838711384e-02  -4.712448960866e+01  -1.755703171126e+00
 -1.993521225996e-01    9.060373781144e-04  -4.638808218642e+01  -1.755703171126e+00
 -1.106383147215e-01   -3.181674083415e-02  -4.641919783600e+01  -1.755703171126e+00
 -3.608011078779e-01   -1.128491949798e-01  -5.013844792851e+01  -6.510384343100e-01
 -3.962402164035e-01   -7.471326781313e-02  -4.875573861479e+01  -6.510384343099e-01
 -3.188272272994e-01   -7.240786229354e-02  -4.815201766446e+01  -6.510384343100e-01
 -3.611273420527e-01   -1.134680107066e-01  -5.011437722941e+01  -2.862963192438e+00
 -3.103621194738e-01   -1.078330389797e-01  -5.228039823046e+01  -2.862963192438e+00
 -4.151478810252e-01   -1.149495813054e-01  -5.321081183925e+01  -2.862963192438e+00
 -3.948279247811e-01   -7.371437803345e-02  -4.873001930561e+01   1.863609531783e+00
 -3.775399792063e-01   -2.934635145797e-02  -4.700435727832e+01   1.863609531783e+00
 -4.329221664224e-01   -2.248330766964e-02  -4.673393436623e+01   1.863609531783e+00
 -3.622617854678e-01   -1.129996763276e-01  -5.016371155793e+01   1.243384436092e-01
 -3.924316461786e-01   -9.748481839086e-02  -5.091194390711e+01   1.243384436092e-01
 -3.946963067217e-01   -7.436893886983e-02  -4.871745143175e+01   1.243384436092e-01
 -3.913520134072e-01    3.962064519955e-02  -4.777755249473e+01   1.779093636263e-01
 -2.991393818392e-01    2.533208137393e-03  -4.729911780567e+01   1.779093636263e-01
 -3.841705732024e-01   -3.214973078827e-02  -4.778725514400e+01   1.779093636263e-01
 -2.983820799879e-01    1.924348104399e-03  -4.728490880004e+01  -3.054521795973e-01
 -3.172968176392e-01   -7.135588023686e-02  -4.812153022307e+01  -3.054521795973e-01
 -3.847215036081e-01   -3.190848435775e-02  -4.780178614538e+01  -3.054521795973e-01
 -4.337159260510e-01   -2.257334619406e-02  -4.674744216921e+01   2.421541920561e-01
 -3.856010067037e-01   -3.251499701345e-02  -4.781002049218e+01   2.421541920561e-01
 -3.940346637015e-01   -7.410393150590e-02  -4.871967021437e+01   2.421541920561e-01
 -4.345116868218e-01   -2.333950102610e-02  -4.674264928544e+01   7.288159058105e-01
 -4.541689342552e-01    4.680340506679e-03  -4.664781790247e+01   7.288159058105e-01
 -3.851808019104e-01   -3.143265888266e-02  -4.781327884102e+01   7.288159058105e-01
 -4.893348643383e-01   -3.995609403956e-03  -4.528346429048e+01   5.241752173117e-01
 -4.544374687188e-01    3.980454834936e-03  -4.664956533064e+01   5.241752173117e-01
 -4.337911242656e-01   -2.259963963963e-02  -4.672895495090e+01   5.241752173117e-01
 -3.837614222333e-01   -3.173569296516e-02  -4.777159469216e+01   4.691125180816e-01
 -3.188759436328e-01   -7.175938453217e-02  -4.815167903015e+01   4.691125180816e-01
 -3.961210903938e-01   -7.515843968608e-02  -4.875117122175e+01   4.691125180816e-01
 -3.425053568251e-01   -6.053972193727e-02  -4.952445807846e+01   1.670222541615e+00
 -3.763145880999e-01   -2.919851480269e-02  -4.698296582691e+01   1.670222541615e+00
 -3.963915879264e-01   -7.422301013198e-02  -4.874557050544e+01   1.670222541615e+00
 -1.995495352956e-01    1.356087201146e-03  -4.641185101903e+01   1.233189583229e+00
 -2.985451032603e-01    2.529070092495e-03  -4.727433152825e+01   1.233189583229e+00
 -2.164956617914e-01    5.876779415857e-02  -4.704178629414e+01   1.233189583229e+00
 -5.348142918656e-01   -1.181585674665e-03  -1.666217023646e+01  -2.741054261281e+00
 -1.560950233406e-02   -6.234092808940e-04  -1.696646529171e+01  -2.741054261281e+00
 -5.382719852718e-01   -1.367960771360e-03  -2.107412256653e+01  -2.741054261281e+00
 -3.690511782219e-01   -7.271955470209e-02  -5.373334827982e+01   2.139825261272e-01
 -4.158617105983e-01   -1.145708400178e-01  -5.322118867826e+01   2.139825261272e-01
 -4.493982512156e-01   -8.538334617816e-02  -5.679983600079e+01   2.139825261272e-01
 -3.857759144078e-01   -3.769061287763e-03   5.751674997542e-03  -3.757259027862e+00
 -5.402943963524e-04    5.155651878695e-05  -9.793850816493e-03  -3.757259027862e+00
 -2.014857416301e-03   -9.064009845320e-05  -2.836898161186e+00  -3.757259027862e+00
 -1.038005648770e-01    2.878524990365e-04  -4.576002045562e+01   1.259719850658e+00
 -1.999725340655e-01    1.542759323714e-03  -4.639532766033e+01   1.259719850658e+00
 -1.118607612308e-01    3.361925444243e-02  -4.624977371833e+01   1.259719850658e+00
 -1.699255808320e-01    6.782001567443e-02  -5.122902848456e+01   1.274292828933e+01
 -1.292980487137e-03    1.216769188655e-04  -5.522903908336e+01   1.274292828933e+01
 -1.068139642889e-04    3.661724886580e-04  -5.125636874137e+01   1.274292828933e+01
 -2.482659404607e-01   -9.784118473352e-03  -4.391127996232e+01   2.478452291527e+00
 -5.310093915619e-01   -5.504777463617e-03  -3.950406820152e+01   2.478452291527e+00
 -4.208409279266e-01   -8.356830815123e-03  -4.346924421365e+01   2.478452291527e+00
 -1.180046136416e-03   -3.574884011548e-04  -6.000826947975e+01   1.499919917125e+01
 -5.941376934370e-04    6.379428907268e-04  -5.530934065658e+01   1.499919917125e+01
 -2.012386300022e-01    5.703490698488e-02  -5.529995818054e+01   1.499919917125e+01
  1.909536012707e-04    1.900918734690e-04  -4.984058199524e+01   6.857497511025e+00
 -2.060594381792e-01   -2.958156825448e-02  -5.245254582347e+01   6.857497511025e+00
 -5.153370639115e-04   -6.966225217012e-05  -5.217793310858e+01   6.857497511025e+00
 -1.689772489634e-01    6.741622876791e-02  -5.122489117995e+01   1.522593509964e+01
 -1.996327643368e-01    5.733851672889e-02  -5.534478134707e+01   1.522593509964e+01
 -2.257630535165e-03    5.115703334911e-04  -5.524286709674e+01   1.522593509964e+01
 -2.275958649061e-03   -9.780993555061e-05  -6.002142952559e+01   1.740241715961e+01
 -2.002392882410e-01    5.677394355671e-02  -5.529529853588e+01   1.740241715961e+01
 -2.235049207716e-01    3.251707948580e-02  -6.010578398980e+01   1.740241715961e+01
 -8.342184862396e-04    3.144838985933e-04  -5.121484413441e+01   1.127555103105e+01
  3.887212559084e-04    2.065936479542e-04  -4.800367748670e+01   1.127555103105e+01
 -1.685004493418e-01    6.786664060044e-02  -5.127156236729e+01   1.127555103105e+01
 -5.258068432029e-01    1.166813988992e-02  -2.972976094518e+01   5.746726360418e-01
 -4.551708924041e-01    1.142419507891e-02  -3.002261537414e+01   5.746726360418e-01
 -4.113787669101e-01    7.040256644426e-03  -2.660042053853e+01   5.746726360418e-01
 -1.125186678208e-01    3.400411759675e-02  -4.624297609185e+01   7.803443823822e+00
 -1.345007098411e-01    5.653656323373e-02  -4.826039246274e+01   7.803443823822e+00
 -1.604828243722e-03    1.394075037374e-03  -4.795629251911e+01   7.803443823822e+00
 -3.591885435068e-04    4.618582917808e-04  -4.619662333521e+01   3.394162277896e+00
  1.382563549407e-04   -6.790018100863e-04  -4.547829924923e+01   3.394162277896e+00
 -1.123936926812e-01    3.303012679699e-02  -4.625699774836e+01   3.394162277896e+00
 -1.681399676339e-01    6.762064751255e-02  -5.123750417815e+01   6.985960844562e+00
 -1.349560522477e-01    5.690935485415e-02  -4.826568386055e+01   6.985960844562e+00
 -2.626241555431e-01    9.975933601862e-02  -4.904665624147e+01   6.985960844562e+00
 -1.675367391026e-01    6.748941734359e-02  -5.126830277023e+01   1.049847858427e+01
 -4.041923528225e-04    6.801100504809e-04  -4.800579511624e+01   1.049847858427e+01
 -1.351913382819e-01    5.692458591730e-02  -4.824518740789e+01   1.049847858427e+01
 -2.167974979395e-01    5.921443040249e-02  -4.703089963317e+01   5.119614552240e+00
 -2.617685439942e-01    9.936432480710e-02  -4.906734755368e+01   5.119614552240e+00
 -1.355147789317e-01    5.726738698347e-02  -4.824165915809e+01   5.119614552240e+00
 -2.000262346949e-01    5.737283850880e-02  -5.530312718632e+01   8.919264918991e+00
 -1.682905747575e-01    6.749747688607e-02  -5.127544675674e+01   8.919264918991e+00
 -3.230963593666e-01    1.124135923261e-01  -5.212648139462e+01   8.919264918991e+00
 -1.347837578138e-01    5.707888372893e-02  -4.823337719562e+01   4.330116250732e+00
 -1.121047515944e-01    3.337660253287e-02  -4.627531902570e+01   4.330116250732e+00
 -2.174193251387e-01    5.931245488851e-02  -4.703820864786e+01   4.330116250732e+00
 -8.916533296719e-04    9.662225350041e-04  -4.794552606240e+01   5.463908817600e+00
  6.218119512920e-05   -1.918910940871e-04  -4.620919408627e+01   5.463908817600e+00
 -1.131672054873e-01    3.427427483082e-02  -4.624631547363e+01   5.463908817600e+00
 -2.700332941685e-01    3.991943143600e-02  -5.280902831149e+01  -7.365657000443e+00
 -3.757011584993e-03   -1.247492490307e-04  -5.556742806345e+01  -7.365657000443e+00
 -3.115690612869e-01    3.691739149462e-02  -5.696447142316e+01  -7.365657000443e+00
 -3.220276991535e-01    1.121631378292e-01  -5.215480128484e+01   7.604060564207e+00
 -1.689961069225e-01    6.776558194272e-02  -5.124819388781e+01   7.604060564207e+00
 -2.619108940669e-01    9.962637687865e-02  -4.903810940937e+01   7.604060564207e+00
 -4.196497239495e-01    5.110407355877e-02  -6.043983446619e+01   1.122297447402e+01
 -4.345565464430e-01   -3.908541429504e-03  -6.523853495311e+01   1.122297447402e+01
 -2.358277347714e-01   -2.342098543597e-03  -6.519269890522e+01   1.122297447402e+01
 -4.194573464539e-01    5.143971119880e-02  -6.048649988051e+01   1.070658306100e+01
 -2.246929631449e-01    3.239162666584e-02  -6.006914381471e+01   1.070658306100e+01
 -3.796982075767e-01    9.352796170555e-02  -5.600510289475e+01   1.070658306100e+01
 -4.368604489661e-01   -3.605296624372e-03  -6.519175483546e+01   3.271786883549e+00
 -4.994809099619e-01    4.819209293718e-02  -6.077423500506e+01   3.271786883549e+00
 -4.980174879465e-01   -4.562840552646e-03  -6.523340311744e+01   3.271786883549e+00
 -3.432266622341e-01    1.553121796602e-02  -6.226738609382e+01  -1.876062921425e+00
 -4.980965682554e-01   -3.689420496647e-03  -6.520561795554e+01  -1.876062921425e+00
 -4.991747899050e-01    4.712512995255e-02  -6.082976701960e+01  -1.876062921425e+00
 -4.992174970751e-01   -4.286244801027e-03  -6.521749851035e+01  -3.100796285898e+00
 -3.420690403677e-01    1.608176960687e-02  -6.225402739661e+01  -3.100796285898e+00
 -3.410865471686e-01   -1.992661288764e-02  -6.813315893796e+01  -3.100796285898e+00
 -4.369182827067e-01   -4.701287984780e-03  -6.526868458167e+01   3.335743615523e+00
 -4.979912914285e-01   -4.010039829985e-03  -6.519779868554e+01   3.335743615523e+00
 -4.981541408655e-01   -5.861404069688e-02  -6.965316281991e+01   3.335743615523e+00
 -5.007296087479e-01    4.801336496448e-02  -6.079888292521e+01   4.518314561764e+00
 -4.354483515460e-01   -3.301598382682e-03  -6.517247288157e+01   4.518314561764e+00
 -4.196821742790e-01    5.097592904708e-02  -6.050849489310e+01   4.518314561764e+00
 -2.344795088852e-01   -2.277771879933e-03  -6.518818894686e+01   1.091842298054e+01
 -2.235465144158e-01    3.241561538283e-02  -6.011181125165e+01   1.091842298054e+01
 -4.207275362506e-01    5.122815914861e-02  -6.044649916189e+01   1.091842298054e+01
 -4.844084717496e-01    9.231470845084e-02  -5.680166616905e+01   3.627842084169e+00
 -3.802115865213e-01    9.381138594507e-02  -5.603584645561e+01   3.627842084169e+00
 -4.393051506341e-01    1.232696411858e-01  -5.313761417942e+01   3.627842084169e+00
 -3.805753010215e-01    9.374392152976e-02  -5.601430467149e+01   1.022910785882e+01
 -2.237104767956e-01    3.228273518907e-02  -6.005962907514e+01   1.022910785882e+01
 -1.999548741459e-01    5.733682949379e-02  -5.534803035583e+01   1.022910785882e+01
 -4.981895821980e-01    4.830935934985e-02  -6.081043716057e+01  -1.584844940369e+00
 -4.858035860661e-01    9.163542704882e-02  -5.680982137560e+01  -1.584844940369e+00
 -3.160212479661e-01    3.745875834911e-02  -5.699377354728e+01  -1.584844940369e+00
 -5.001788283411e-01    4.745082214909e-02  -6.084283549733e+01   3.409084615194e+00
 -4.200063309292e-01    5.156113148008e-02  -6.046476263860e+01   3.409084615194e+00
 -4.836517654390e-01    9.281071646349e-02  -5.673604965061e+01   3.409084615194e+00
 -3.227636972665e-01    1.121307093896e-01  -5.217698138443e+01   4.834383904868e+00
 -4.404068488697e-01    1.233327706187e-01  -5.316653045866e+01   4.834383904868e+00
 -3.789388682712e-01    9.388740074535e-02  -5.600807430677e+01   4.834383904868e+00
 -4.997329077715e-01    4.784801484995e-02  -6.082720166983e+01  -3.111660983369e+00
 -3.137916598061e-01    3.775171932390e-02  -5.696675349737e+01  -3.111660983369e+00
 -3.425399795653e-01    1.492283252082e-02  -6.226944945131e+01  -3.111660983369e+00
 -4.852421890729e-01    9.195680124212e-02  -5.679889675691e+01  -2.501014221065e+00
 -4.123303732925e-01    8.322908841844e-02  -5.384591433756e+01  -2.501014221065e+00
 -3.162683848882e-01    3.696384299639e-02  -5.699474933093e+01  -2.501014221065e+00
 -4.846764651084e-01    9.276186741296e-02  -5.676552764488e+01   4.839141495218e+00
 -4.188988725154e-01    5.180803354473e-02  -6.043686895870e+01   4.839141495218e+00
 -3.801915932795e-01    9.343953098129e-02  -5.607114059336e+01   4.839141495218e+00
 -2.009348218472e-01    5.753030956272e-02  -5.531248317418e+01   9.538187641865e+00
 -3.223436098995e-01    1.122244164359e-01  -5.211770031380e+01   9.538187641865e+00
 -3.793983933953e-01    9.369744507777e-02  -5.604938071344e+01   9.538187641865e+00
 -2.280930415962e-01    3.117800350472e-02  -4.997790348348e+01  -6.032255215387e+00
 -8.858699782911e-04   -2.823880029599e-04  -4.998446412322e+01  -6.032255215387e+00
 -2.694833305367e-01    3.979966327934e-02  -5.281457462774e+01  -6.032255215387e+00
 -3.787657291835e-01    1.209127564967e-01  -5.012602269395e+01   4.277095363499e+00
 -3.215590703153e-01    1.122460421120e-01  -5.212481872260e+01   4.277095363499e+00
 -2.622854295466e-01    9.952747070621e-02  -4.908264287033e+01   4.277095363499e+00
 -1.285080245113e-03   -7.901548524920e-04  -6.515925429400e+01   1.642183553299e+01
 -7.332836984862e-04    6.104755499831e-04  -6.009221222548e+01   1.642183553299e+01
 -2.249290901190e-01    3.169024720339e-02  -6.006024920605e+01   1.642183553299e+01
 -2.977764974666e-01    2.603468352647e-03  -4.725912028080e+01   1.014863149963e+00
 -3.257059111614e-01    7.787406169618e-02  -4.809659905293e+01   1.014863149963e+00
 -2.172483685924e-01    5.880326030660e-02  -4.705693126098e+01   1.014863149963e+00
 -1.124692086979e-01    3.371029623139e-02  -4.626112839023e+01   2.004856725574e+00
 -1.993337558699e-01    1.541897463643e-03  -4.638834859993e+01   2.004856725574e+00
 -2.167800012607e-01    5.876137519789e-02  -4.705359136034e+01   2.004856725574e+00
 -3.777634431188e-01    1.208953341043e-01  -5.010054930146e+01   3.302335951918e+00
 -4.402296050980e-01    1.231318281960e-01  -5.319520336607e+01   3.302335951918e+00
 -3.227418309763e-01    1.122474363868e-01  -5.214957882690e+01   3.302335951918e+00
 -2.622511624225e-01    9.948806999305e-02  -4.906058940969e+01   2.326707801095e+00
 -3.253025785497e-01    7.804987517925e-02  -4.806928446042e+01   2.326707801095e+00
 -3.785752497759e-01    1.207509165512e-01  -5.014707386938e+01   2.326707801095e+00
 -4.189542416985e-01    8.377952348366e-02  -4.880382441346e+01   9.707436921833e-01
 -3.774708290582e-01    1.202920025201e-01  -5.012470594788e+01   9.707436921833e-01
 -3.269105870763e-01    7.844697514868e-02  -4.812286460636e+01   9.707436921833e-01
 -3.790103830064e-01    1.208124689768e-01  -5.015127635575e+01   1.335311153813e+00
 -4.229255935332e-01    1.078425159523e-01  -5.100539323690e+01   1.335311153813e+00
 -4.388589259899e-01    1.229023434887e-01  -5.316889093940e+01   1.335311153813e+00
 -4.187975796111e-01    8.416957382113e-02  -4.879702410282e+01  -1.114533703894e-01
 -3.269969868269e-01    7.782893230856e-02  -4.812406554823e+01  -1.114533703894e-01
 -3.909743141012e-01    3.923229077525e-02  -4.776168299253e+01  -1.114533703894e-01
 -2.613385247219e-01    9.944675192402e-02  -4.904294104808e+01   3.092386435612e+00
 -2.171058613239e-01    5.899096162645e-02  -4.706703554850e+01   3.092386435612e+00
 -3.259862817498e-01    7.799927610848e-02  -4.808514399134e+01   3.092386435612e+00
 -3.023415223598e-01    2.493575922726e-02  -4.708603169774e+01  -2.475341060190e+00
 -4.075628209201e-01    3.398249488423e-02  -4.695746237105e+01  -2.475341060190e+00
 -2.990143173495e-01    1.114830185479e-02  -4.522044779858e+01  -2.475341060190e+00
 -5.389381095095e-01   -5.016912001968e-03  -3.952920003395e+01   3.255185961858e+00
 -3.074556349393e-03   -7.717789931873e-04  -4.076704991570e+01   3.255185961858e+00
 -5.253527772113e-03    6.039893510812e-04  -3.633614131133e+01   3.255185961858e+00
 -4.175654310245e-01    8.270978938792e-02  -4.877783086410e+01  -1.660434943623e+00
 -4.511648803586e-01    2.714624324947e-02  -4.683266199213e+01  -1.660434943623e+00
 -4.080473508905e-01    3.429029120562e-02  -4.697021842351e+01  -1.660434943623e+00
 -4.167498059151e-01    8.300923620072e-02  -4.876443983323e+01   3.020995160215e-02
 -3.927490001941e-01    4.012171869664e-02  -4.779843957544e+01   3.020995160215e-02
 -4.518401608783e-01    2.740891296192e-02  -4.684612721131e+01   3.020995160215e-02
 -4.524860196200e-01    2.700510591862e-02  -4.685291492947e+01   1.014771668566e-02
 -4.540959642277e-01    4.212384050163e-03  -4.665010956336e+01   1.014771668566e-02
 -4.898880090331e-01   -4.281952751128e-03  -4.528330015675e+01   1.014771668566e-02
 -4.228071334043e-01    1.079471126420e-01  -5.100225932438e+01   2.523729680761e-01
 -3.789191684952e-01    1.204605726466e-01  -5.014917834425e+01   2.523729680761e-01
 -4.174321991060e-01    8.342840736701e-02  -4.876713063421e+01   2.523729680761e-01
 -4.490853111907e-01    3.527183589730e-03  -4.370607364841e+01  -7.076997310972e-01
 -4.523984341019e-01    2.675813695549e-02  -4.686155322802e+01  -7.076997310972e-01
 -4.904992392566e-01   -4.047063628241e-03  -4.528119550826e+01  -7.076997310972e-01
 -4.526115536466e-01    2.824509301688e-02  -4.684652778160e+01  -3.571390793914e-01
 -3.923953070322e-01    3.898296416220e-02  -4.779925224388e+01  -3.571390793914e-01
 -4.541375881505e-01    3.280504561921e-03  -4.665181354780e+01  -3.571390793914e-01
 -3.254412701252e-01    7.738168491746e-02  -4.809387844877e+01   5.930903650411e-01
 -2.983529320124e-01    3.103438447461e-03  -4.728454221887e+01   5.930903650411e-01
 -3.919221625480e-01    3.941792745780e-02  -4.779255097365e+01   5.930903650411e-01
 -3.817850860620e-01    7.138932987875e-02  -4.970984153425e+01  -1.398131013246e+00
 -4.191949082284e-01    8.322298011722e-02  -4.879558782570e+01  -1.398131013246e+00
 -4.068051424392e-01    3.427924331586e-02  -4.695051832517e+01  -1.398131013246e+00
 -4.229424434387e-01    1.075135098856e-01  -5.100495245269e+01  -1.766742161351e+00
 -3.820179059537e-01    7.079192763674e-02  -4.972399575606e+01  -1.766742161351e+00
 -3.768766472898e-01    7.429440755475e-02  -5.152995876359e+01  -1.766742161351e+00
 -4.220643423360e-01    1.074272964577e-01  -5.099659774517e+01  -1.611399498968e+00
 -4.182706451626e-01    8.366689939328e-02  -4.877927370747e+01  -1.611399498968e+00
 -3.827735991310e-01    7.103347396130e-02  -4.973491780753e+01  -1.611399498968e+00
 -4.133927397820e-01    8.292088152807e-02  -5.387644338701e+01  -3.814857631156e+00
 -3.769756130551e-01    7.424384136387e-02  -5.153095171272e+01  -3.814857631156e+00
 -2.698540244146e-01    3.996180488833e-02  -5.282736758330e+01  -3.814857631156e+00
 -3.769228921485e-01    7.417361313518e-02  -5.153540240632e+01  -1.370404578126e+00
 -4.134826176697e-01    8.327135448968e-02  -5.387490231931e+01  -1.370404578126e+00
 -4.229338410372e-01    1.078335984002e-01  -5.099692493483e+01  -1.370404578126e+00
 -2.280405386865e-01    3.115477367912e-02  -4.997883070480e+01  -3.707375511971e+00
 -2.693504471327e-01    4.008823223323e-02  -5.281324873775e+01  -3.707375511971e+00
 -3.774921740779e-01    7.409309604105e-02  -5.154191654862e+01  -3.707375511971e+00
 -4.142447017565e-01    8.290820165144e-02  -5.387746063684e+01  -3.581709793915e+00
 -2.688966214841e-01    4.002210893082e-02  -5.281640326980e+01  -3.581709793915e+00
 -3.128861301347e-01    3.709261073205e-02  -5.695847076093e+01  -3.581709793915e+00
 -3.765287944312e-01    7.405267066883e-02  -5.153424329183e+01  -3.674424760544e+00
 -3.827261138710e-01    7.074328754168e-02  -4.972874409130e+01  -3.674424760544e+00
 -2.291318937592e-01    3.126061100245e-02  -4.999192621977e+01  -3.674424760544e+00
 -4.218325659425e-01    1.079208620976e-01  -5.097469143241e+01  -6.933389570308e-01
 -4.148198975571e-01    8.326424791238e-02  -5.389573877836e+01  -6.933389570308e-01
 -4.404467969747e-01    1.226617876399e-01  -5.319570957002e+01  -6.933389570308e-01
 -3.030490319113e-01    2.449035812356e-02  -4.710109089968e+01  -2.828223710817e+00
 -3.814178756690e-01    7.067676170334e-02  -4.971267210506e+01  -2.828223710817e+00
 -4.069519914766e-01    3.470539827247e-02  -4.695067483155e+01  -2.828223710817e+00
 -2.859729572557e-01    4.156052130994e-03  -4.361110879043e+01  -4.170778742569e+00
 -1.244925189159e-03   -2.080095132321e-04  -4.344215649767e+01  -4.170778742569e+00
 -2.991258180627e-01    1.112441474008e-02  -4.523049050107e+01  -4.170778742569e+00
 -2.858479640053e-01    4.152153171769e-03  -4.359475701902e+01  -2.305066415593e+00
 -4.482305583258e-01    3.375426002285e-03  -4.368282203999e+01  -2.305066415593e+00
 -3.940678077862e-01    5.296695082075e-03  -4.094149667589e+01  -2.305066415593e+00
 -1.207100120772e-03    2.169214720800e-04  -4.709236452755e+01  -4.283865671705e+00
 -3.003820869908e-01    1.130131135170e-02  -4.522111202121e+01  -4.283865671705e+00
 -2.702815944633e-04   -2.125765159330e-04  -4.343526545992e+01  -4.283865671705e+00
 -3.833668247851e-01   -3.674017362821e-03  -2.134449369275e-03  -1.255785043808e+00
 -4.544536290874e-01   -4.361772039704e-03  -3.088315782294e+00  -1.255785043808e+00
 -5.131921406659e-01   -1.182967488661e-03  -3.194969457722e-02  -1.255785043808e+00
  5.160480398445e-04    6.116841485654e-04  -7.979538417800e+01  -5.085157854051e+00
 -2.033063002190e-01   -3.525986232156e-02  -7.909230877188e+01  -5.085157854051e+00
 -8.198731412657e-04   -3.430853136415e-04  -7.877025354033e+01  -5.085157854051e+00
 -4.523762344416e-01    6.012989164189e-03  -3.645940381163e+01   3.453629568075e+00
 -5.348049449737e-01   -4.578108255558e-03  -3.951865878329e+01   3.453629568075e+00
 -7.857673063771e-03    6.935458596337e-04  -3.633659595596e+01   3.453629568075e+00
 -3.021561353556e-01    2.481942857994e-02  -4.708069945041e+01  -3.611078321888e+00
 -2.287265292612e-01    3.161335141411e-02  -4.997878109756e+01  -3.611078321888e+00
 -3.827936144029e-01    7.037910698445e-02  -4.972665876002e+01  -3.611078321888e+00
 -5.323350310166e-01   -9.595640012811e-04  -1.665288691287e+01  -6.865815906214e-02
 -4.904099667928e-01    2.215561779555e-03  -1.396379423925e+01  -6.865815906214e-02
 -4.696340955996e-01   -2.474923261342e-03  -1.341028894646e+01  -6.865815906214e-02
  3.342388103349e-04   -1.249889759420e-04  -4.995816878081e+01  -6.762965369441e+00
 -1.878543961745e-03    3.975517194630e-05  -5.553503330371e+01  -6.762965369441e+00
 -2.712667015453e-01    3.969700438557e-02  -5.282237369011e+01  -6.762965369441e+00
 -5.086724936151e-01    2.548813827349e-03  -3.700068621093e+01  -3.613966734621e+00
 -8.908333983259e-03    6.971682018739e-04  -4.052938626650e+01  -3.613966734621e+00
 -3.906208072640e-01    5.431132756166e-03  -4.091671628087e+01  -3.613966734621e+00
 -4.409262365147e-01    1.227660811598e-01  -5.320550116570e+01   3.229996078681e-01
 -4.142772955871e-01    8.321233025241e-02  -5.388851985336e+01   3.229996078681e-01
 -4.827095902616e-01    9.230244389050e-02  -5.676840245192e+01   3.229996078681e-01
 -4.545817122435e-01    3.969410058949e-03  -4.666870499452e+01   1.527027864370e-01
 -3.915457796236e-01    3.831185707266e-02  -4.778737785606e+01   1.527027864370e-01
 -3.842921835913e-01   -3.084400863724e-02  -4.779712530128e+01   1.527027864370e-01
 -2.186221036763e-03    5.602745675741e-04  -5.556369560956e+01  -7.094941514474e+00
 -3.427840410908e-01    1.606464842058e-02  -6.225717427539e+01  -7.094941514474e+00
 -3.126551743986e-01    3.657087329643e-02  -5.696863606443e+01  -7.094941514474e+00
 -5.292427356086e-01   -4.995731726186e-03  -3.945121924208e+01  -9.317129966026e-01
 -3.998087695548e-01    5.299988974800e-03  -4.093090890168e+01  -9.317129966026e-01
 -4.965067278625e-01   -1.195540750106e-03  -4.363841002080e+01  -9.317129966026e-01
 -4.590669833309e-01   -4.382171979293e-02  -6.093072060990e+01   2.808165462893e+00
 -4.553411663900e-01    1.700639327109e-03  -6.545564999342e+01   2.808165462893e+00
 -2.701616237316e-01   -1.331709944848e-02  -6.232015143579e+01   2.808165462893e+00
 -4.827274297606e-03   -2.096399185138e-04  -2.832000647604e+00  -3.446539354933e+00
 -4.557087867121e-01   -4.332785021042e-03  -3.067489333571e+00  -3.446539354933e+00
 -3.832112595921e-01   -3.731162947879e-03   1.293031809218e-02  -3.446539354933e+00
 -4.952589443595e-01   -1.245723861120e-03  -4.362572610305e+01  -6.408290798306e-01
 -4.492223135265e-01    3.658907836717e-03  -4.370072145006e+01  -6.408290798306e-01
 -4.901106162284e-01   -3.975010871141e-03  -4.527898979793e+01  -6.408290798306e-01
 -5.910625439458e-01   -4.580127682223e-03  -1.069166879797e+01  -2.627570745524e+00
 -4.868928242123e-01   -7.493680852978e-03  -6.403179612123e+00  -2.627570745524e+00
 -1.904319206959e-02    3.687787537164e-04  -9.873258206706e+00  -2.627570745524e+00
 -4.979602516762e-01   -1.159810695236e-03  -4.364298431113e+01  -7.409006915719e-01
 -3.975635284628e-01    5.260524695027e-03  -4.093878712381e+01  -7.409006915719e-01
 -4.464324261240e-01    3.453677032675e-03  -4.370021751353e+01  -7.409006915719e-01
 -3.942444933392e-01    5.145977189816e-03  -4.087447201796e+01  -7.849705219774e-01
 -5.328522914360e-01   -4.461987225166e-03  -3.944230110747e+01  -7.849705219774e-01
 -5.048515193774e-01    2.617327044853e-03  -3.697810490915e+01  -7.849705219774e-01
 -4.896114646708e-01   -4.097841212588e-03  -4.527867854038e+01   1.466397638400e+00
 -4.336342297506e-01   -2.258223806070e-02  -4.672978747149e+01   1.466397638400e+00
 -3.761549804047e-01   -2.904014152873e-02  -4.700466017629e+01   1.466397638400e+00
 -4.224825682226e-01   -8.188773093179e-03  -4.349282838218e+01   1.062050069902e+00
 -4.958793337028e-01   -1.050754788876e-03  -4.362571529659e+01   1.062050069902e+00
 -4.891631194750e-01   -4.309209842770e-03  -4.529158236054e+01   1.062050069902e+00
 -3.756573252020e-01   -2.863004756688e-02  -4.701170239692e+01   2.297753980970e+00
 -2.617139882468e-01   -1.002746916073e-02  -4.535709785145e+01   2.297753980970e+00
 -4.907065330407e-01   -4.556025225211e-03  -4.528169735115e+01   2.297753980970e+00
 -5.006079886265e-04    3.130386154800e-04  -4.504921748971e+01   4.411168384738e+00
 -2.649077713500e-01   -1.853920777767e-02  -4.695327689573e+01   4.411168384738e+00
 -6.160171847718e-04   -1.060721280395e-04  -4.707021351581e+01   4.411168384738e+00
 -2.636120524118e-01   -1.848007073719e-02  -4.694849607638e+01   4.431640688208e+00
 -1.428909885728e-03    3.850323946911e-04  -4.505783790091e+01   4.431640688208e+00
 -2.587639072584e-01   -9.660808854772e-03  -4.533597902843e+01   4.431640688208e+00
 -4.480034565314e-01    3.016959024496e-03  -4.369910427201e+01  -1.210795662084e+00
 -4.062593759831e-01    3.364910560502e-02  -4.694275284481e+01  -1.210795662084e+00
 -4.529260312343e-01    2.719168449070e-02  -4.686300771737e+01  -1.210795662084e+00
 -2.856504180966e-01    4.105621845814e-03  -4.360538938188e+01  -2.439071156858e+00
 -2.990561141814e-01    1.130086005107e-02  -4.524179385754e+01  -2.439071156858e+00
 -4.489236707366e-01    3.369996348088e-03  -4.369274297328e+01  -2.439071156858e+00
 -4.543832148986e-01   -3.823787177572e-03  -3.099921588799e+00  -3.989345812049e-01
 -4.892211798538e-01   -7.910686309465e-03  -6.580501708689e+00  -3.989345812049e-01
 -5.150102916727e-01   -6.567269710445e-03  -4.075016305807e+00  -3.989345812049e-01
 -7.480970186878e-03   -3.561121449353e-04  -3.261745342958e+01  -3.415959614191e+00
 -5.226180187525e-01    9.473612984765e-03  -2.957468890733e+01  -3.415959614191e+00
 -3.670359629394e-04   -3.000836560937e-04  -2.899667478621e+01  -3.415959614191e+00
 -1.418333099375e-02    2.312361171012e-04  -3.296202943907e+01   2.764964993897e+00
 -5.911110785562e-01    6.627296630326e-03  -3.316703488638e+01   2.764964993897e+00
 -4.533727872221e-01    5.664506906036e-03  -3.657588670724e+01   2.764964993897e+00
 -5.863653087524e-01    6.745112171137e-03  -3.317997877211e+01  -2.728958303274e+00
 -1.504253008239e-02   -2.865333247627e-04  -3.283628489727e+01  -2.728958303274e+00
 -5.072670620504e-01    2.179545534919e-03  -3.716263812544e+01  -2.728958303274e+00
 -4.661435793028e-01   -1.391627506272e-04  -1.898645665147e+01   7.156443465775e-01
 -5.423102545813e-01   -1.627101857703e-03  -2.093263169080e+01   7.156443465775e-01
 -4.648202783593e-01   -5.410386699180e-03  -2.292389935696e+01   7.156443465775e-01
 -4.700144743804e-01   -2.602301631375e-03  -1.341814804683e+01  -3.416118821126e+00
  1.523137216049e-04    5.619467452734e-05  -1.338698740462e+01  -3.416118821126e+00
 -5.687033999004e-03   -2.245980983861e-04  -1.680487630228e+01  -3.416118821126e+00
 -4.142830462845e-01    7.071584389491e-03  -2.655160346140e+01   9.272451964086e-01
 -5.411313498374e-01    7.099852264118e-03  -2.526357150569e+01   9.272451964086e-01
 -5.223738412958e-01    1.155368577667e-02  -2.974372784532e+01   9.272451964086e-01
 -5.378936857713e-01   -1.326623906288e-03  -2.073056472383e+01  -2.650804006858e+00
 -1.762453669362e-02    8.387192440900e-04  -2.518203236719e+01  -2.650804006858e+00
 -5.459132052309e-01    6.732833936852e-03  -2.524450209207e+01  -2.650804006858e+00
 -4.628471106062e-01   -1.190675653766e-04  -1.894238501556e+01   7.382439584689e-01
 -4.836715632681e-01    2.004397796906e-03  -1.394776156325e+01   7.382439584689e-01
 -5.370339015735e-01   -6.129316159977e-04  -1.664113445499e+01   7.382439584689e-01
 -5.471112824855e-01    7.557194388292e-03  -2.534185567028e+01  -2.579328467242e+00
 -1.599038820797e-02    1.092399185335e-04  -2.535482757908e+01  -2.579328467242e+00
 -5.176087269780e-01    1.042140718527e-02  -2.982410861905e+01  -2.579328467242e+00
 -5.200365697475e-01   -5.835389748072e-03  -4.075109161795e+00   3.363811539763e+00
 -5.275763333935e-03   -3.878280854616e-04  -6.761371258660e+00   3.363811539763e+00
 -3.319454698850e-03    5.281294260519e-04  -2.581212962562e+00   3.363811539763e+00
 -6.151839206549e-03    4.637140460419e-04  -6.238037104640e+00  -3.297856430511e+00
 -4.891121512959e-01   -7.070282898626e-03  -6.547697531179e+00  -3.297856430511e+00
 -4.551228776304e-01   -4.105150820956e-03  -3.076360182350e+00  -3.297856430511e+00
 -2.923389486991e-03    2.405103665611e-04  -6.241451223844e+00  -3.483444788942e+00
 -4.585109549889e-01   -4.206342335369e-03  -3.069431136412e+00  -3.483444788942e+00
 -2.374440632827e-03   -2.394737885290e-04  -2.854724435347e+00  -3.483444788942e+00
 -5.102097288083e-01   -1.039453772479e-03  -3.268925010220e-02  -4.475213361069e-01
 -4.574943964706e-01   -4.440001352195e-03  -3.073618681802e+00  -4.475213361069e-01
 -5.115433456867e-01   -5.656551070245e-03  -4.069891324066e+00  -4.475213361069e-01
  3.217913272589e-04   -1.156393878390e-04  -1.329463840262e+01  -3.414667230852e+00
 -4.692726568901e-01   -2.501822091236e-03  -1.358048181664e+01  -3.414667230852e+00
 -8.073409828754e-03   -2.499620963066e-05  -1.009118965569e+01  -3.414667230852e+00
 -4.933262479266e-01   -8.414646902278e-03  -6.581210249231e+00   3.395779145888e-01
 -5.804159760937e-01   -4.404005001012e-03  -1.075415903268e+01   3.395779145888e-01
 -4.495772076630e-01   -1.183550680504e-02  -7.806522433851e+00   3.395779145888e-01
 -4.927033789001e-01   -6.904277277602e-03  -6.480690466677e+00  -3.334153382900e+00
 -1.900293163708e-03    4.029290953395e-04  -6.296948688489e+00  -3.334153382900e+00
 -8.336805162432e-03    2.448000771637e-04  -9.860400119462e+00  -3.334153382900e+00
 -4.950264465217e-01   -8.478195928978e-03  -6.572560568926e+00   3.215922422589e-01
 -4.489366692775e-01   -1.187692711857e-02  -7.711618305085e+00   3.215922422589e-01
 -5.111680584447e-01   -6.617768030753e-03  -4.026746577164e+00   3.215922422589e-01
 -1.661990637590e-03   -2.166426481798e-04  -6.748735219223e+00   3.713066867628e+00
 -4.490390873863e-01   -1.093322934483e-02  -7.667330962107e+00   3.713066867628e+00
 -3.690282643906e-03    3.771571583274e-04  -1.029669707934e+01   3.713066867628e+00
 -1.118219024621e-02    6.950659036147e-04  -1.031938404473e+01   3.102541339326e+00
 -4.449448778117e-01   -1.106070556966e-02  -7.642651149412e+00   3.102541339326e+00
 -5.842946777245e-01   -3.994770410947e-03  -1.070347158348e+01   3.102541339326e+00
 -5.137835774750e-01    2.459522932356e-03  -3.703074195318e+01  -3.544280274444e+00
 -1.027089276462e-03   -3.437781849626e-04  -3.667893193137e+01  -3.544280274444e+00
 -4.920096441243e-03    4.207167824514e-04  -4.050743708225e+01  -3.544280274444e+00
 -4.571572828916e-01    5.475396284132e-03  -3.649100664740e+01   3.889897998519e-01
 -5.101600831570e-01    2.439062097874e-03  -3.700854409703e+01   3.889897998519e-01
 -5.282065290432e-01   -4.278905478440e-03  -3.952048095191e+01   3.889897998519e-01
 -1.864953921440e-03   -8.745355428975e-05  -2.878856621226e+01   3.583383464104e+00
 -4.604585810835e-01    1.091396253825e-02  -2.988150298415e+01   3.583383464104e+00
 -5.073156180324e-03   -7.872093978433e-05  -3.284711760169e+01   3.583383464104e+00
 -5.091391860141e-01    2.228625867892e-03  -3.700618429734e+01   5.309118764236e-01
 -4.589595522506e-01    5.446322916382e-03  -3.641467924612e+01   5.309118764236e-01
 -5.823855420006e-01    6.595165481106e-03  -3.314257151685e+01   5.309118764236e-01
 -4.573077214974e-01    6.114953926627e-03  -3.651532110959e+01   3.473311491573e+00
 -1.494611415254e-03    4.030442765858e-04  -3.633377309395e+01   3.473311491573e+00
 -5.769964007175e-03    1.333121750985e-04  -3.299125449295e+01   3.473311491573e+00
 -4.879565429860e-03    1.505744594318e-04  -1.045200862562e+01   3.719391016643e+00
 -4.912700867609e-01    2.196281771901e-03  -1.397517804390e+01   3.719391016643e+00
 -5.558442717479e-04   -1.435796013667e-05  -1.458206032859e+01   3.719391016643e+00
 -7.843561479709e-04   -1.693270106972e-04  -3.662952711919e+01  -3.538749717546e+00
 -5.130297347441e-01    2.092496165146e-03  -3.711109197193e+01  -3.538749717546e+00
 -6.883427670487e-03   -1.863418947594e-04  -3.284900722954e+01  -3.538749717546e+00
 -4.708135205730e-01   -2.373237344921e-03  -1.346223810690e+01  -3.014922193040e-01
 -4.886379870010e-01    2.282138830028e-03  -1.384940358508e+01  -3.014922193040e-01
 -5.806172585283e-01   -3.727070075286e-03  -1.067105014967e+01  -3.014922193040e-01
 -1.761689917572e-02   -5.376905979221e-06  -1.005290425361e+01  -2.402043527982e+00
 -4.638422521638e-01   -2.320251132777e-03  -1.368092073443e+01  -2.402043527982e+00
 -5.920673628865e-01   -4.153633350007e-03  -1.072442100167e+01  -2.402043527982e+00
 -4.658048206609e-01   -2.510045781591e-03  -1.332477479811e+01  -2.666745178595e+00
 -1.294629477419e-02   -5.429470467227e-04  -1.683299321438e+01  -2.666745178595e+00
 -5.369225670665e-01   -1.278609109853e-03  -1.660020139013e+01  -2.666745178595e+00
 -4.664585629919e-01   -3.986542744798e-04  -1.898679669903e+01   3.666651679527e+00
 -4.651900642802e-01   -5.024850035101e-03  -2.291863758732e+01   3.666651679527e+00
 -7.054092929671e-03    3.818816337742e-05  -2.182793165313e+01   3.666651679527e+00
 -5.450216215594e-01   -1.338833025933e-03  -2.098329029746e+01  -3.206500135189e+00
 -7.755381223794e-03   -3.705077003740e-04  -1.700492872608e+01  -3.206500135189e+00
 -1.169247485913e-03    1.614027874275e-04  -2.106692286287e+01  -3.206500135189e+00
 -9.287841051319e-04    7.434150693308e-05  -1.459979461114e+01   3.716319417528e+00
 -4.898325499673e-01    1.974710829810e-03  -1.395351145858e+01   3.716319417528e+00
 -4.249258449757e-03   -1.653958735028e-04  -1.808077583206e+01   3.716319417528e+00
 -4.583056777453e-01    1.161266061949e-02  -3.004781324263e+01   6.819640417832e-01
 -5.195100506100e-01    1.096902554628e-02  -2.967448088615e+01   6.819640417832e-01
 -5.806944156958e-01    6.753023059263e-03  -3.312496803911e+01   6.819640417832e-01
 -1.486960665025e-02    4.071963936286e-06  -3.284397005616e+01   2.916770654527e+00
 -4.540717061214e-01    1.095863065962e-02  -2.983711343837e+01   2.916770654527e+00
 -5.901703669514e-01    6.869078506568e-03  -3.313014611625e+01   2.916770654527e+00
 -4.551299029025e-03   -3.005240895578e-04  -2.873919277817e+01   3.636207283217e+00
 -4.067425521548e-01    6.280557781639e-03  -2.664444188277e+01   3.636207283217e+00
 -4.578483609291e-01    1.129100562771e-02  -2.992267033928e+01   3.636207283217e+00
 -4.082793851633e-01    5.421511289680e-03  -2.668234722070e+01   3.965995192655e+00
 -1.298103212258e-03    9.460620872703e-06  -2.873158893403e+01   3.965995192655e+00
 -1.640308994225e-03   -3.621222599073e-04  -2.573748146280e+01   3.965995192655e+00
 -2.518611077941e-03    1.842363819395e-04  -2.181467045667e+01   3.711543245097e+00
 -4.694252598556e-01   -5.134241129411e-03  -2.292711222858e+01   3.711543245097e+00
 -2.836057973848e-03   -1.603153262634e-04  -2.573144599767e+01   3.711543245097e+00
 -4.675568659672e-01   -5.826814067073e-03  -2.299192279141e+01   6.510723819054e-01
 -5.383556131469e-01   -1.641516224081e-03  -2.083259130135e+01   6.510723819054e-01
 -5.422384976852e-01    6.392540522839e-03  -2.523112634659e+01   6.510723819054e-01
 -8.656626721091e-03    5.382436450920e-04  -2.514790137591e+01  -3.208693360456e+00
 -5.448640157221e-01   -1.000841397003e-03  -2.082449956066e+01  -3.208693360456e+00
 -9.922283717903e-04   -4.463157025145e-06  -2.115992293954e+01  -3.208693360456e+00
 -1.818724752543e-04   -5.540382411742e-04  -2.891088273393e+01  -3.418974330425e+00
 -5.227904060344e-01    9.720910162910e-03  -2.971976133349e+01  -3.418974330425e+00
 -7.317714592629e-03    1.077834771099e-05  -2.537421109849e+01  -3.418974330425e+00
 -4.647212532282e-01   -5.409099405893e-03  -2.295068113157e+01   3.707650998300e+00
 -4.037459508481e-01    5.393033832720e-03  -2.668869274032e+01   3.707650998300e+00
 -6.633767929423e-03   -4.703107347161e-04  -2.574084890388e+01   3.707650998300e+00
 -4.627872677922e-01   -5.839231154809e-03  -2.296987814354e+01   1.188894415560e+00
 -5.458271905012e-01    6.820599430633e-03  -2.521814912100e+01   1.188894415560e+00
 -4.054613044399e-01    6.092590678157e-03  -2.664220396644e+01   1.188894415560e+00
 -4.695603596221e-01   -4.896651361646e-04  -1.898001726021e+01   3.665304153191e+00
 -3.192278283148e-03   -3.899217379322e-05  -2.183351947194e+01   3.665304153191e+00
 -2.501192491233e-03   -9.604348417269e-05  -1.806764496459e+01   3.665304153191e+00
 -4.850563125876e-01    1.973786355424e-03  -1.394645371412e+01   3.586311300160e+00
 -4.626564873794e-01   -2.778142515684e-04  -1.895227978065e+01   3.586311300160e+00
 -8.584660366786e-03   -2.434964409538e-04  -1.807987817935e+01   3.586311300160e+00
 -5.380622697489e-01   -1.477050269267e-03  -2.101843246745e+01   6.446546189932e-01
 -4.693355137733e-01    6.397582824980e-05  -1.893710182887e+01   6.446546189932e-01
 -5.324250422640e-01   -7.397991998909e-04  -1.665988706647e+01   6.446546189932e-01
