
 -1.552873815895e-03    1.892827432741e-03  -1.889048362544e+02   1.071422364723e+01
 -4.842789582692e-01    1.742690265258e-03  -1.903934295113e+02   1.071422364723e+01
  2.714570973047e-04   -7.802757846104e-04  -1.894572534993e+02   1.071422364723e+01
 -5.887077635604e-01    8.153561519902e-02  -1.744597424704e+02   1.957006242490e+01
  4.070695764584e-04    4.491207389633e-05  -1.818151281410e+02   1.957006242490e+01
 -1.628796460176e-03   -4.999770952434e-05  -1.741721583862e+02   1.957006242490e+01
 -4.838640640963e-01   -1.038475078205e-03  -1.904048514001e+02   1.134184673611e+01
 -7.911351964479e-01    1.709418924311e-01  -1.901120237320e+02   1.134184673611e+01
 -8.460865272592e-01    2.341797849129e-03  -1.930989029866e+02   1.134184673611e+01
 -7.942915404693e-01    1.693714994280e-01  -1.900634184560e+02   1.071378180450e+01
 -4.812557940972e-01    5.089838287600e-04  -1.904810658249e+02   1.071378180450e+01
 -3.706701338661e-01    6.748722928537e-02  -1.884118419234e+02   1.071378180450e+01
 -9.833132046457e-01    2.119168939761e-01  -1.945343811813e+02   7.550580136486e+00
 -8.464520157698e-01    2.370379611535e-03  -1.931987627499e+02   7.550580136486e+00
 -7.915583674576e-01    1.722688869403e-01  -1.900530296205e+02   7.550580136486e+00
 -1.219734354583e+00   -1.243671102625e-02  -9.573437354915e+00   8.089093159038e+00
 -1.648994127630e-02    1.003476459521e-03  -6.070672854352e+00   8.089093159038e+00
 -8.907257428033e-01    1.260418515338e-02   4.732312597551e-02   8.089093159038e+00
 -3.715860326485e-01    6.645810378222e-02  -1.883988092467e+02   1.023776282774e+01
 -7.605784587585e-01    1.843553558258e-01  -1.863582876670e+02   1.023776282774e+01
 -7.942347915536e-01    1.703795479287e-01  -1.900420490087e+02   1.023776282774e+01
 -1.169293512457e+00   -1.094010185695e-02  -1.062095481310e+02   4.632917848008e+00
 -6.209987107729e-01   -2.382203676802e-02  -1.063686884118e+02   4.632917848008e+00
 -1.002015564084e+00   -1.938336213895e-02  -1.020269600936e+02   4.632917848008e+00
 -4.595746595525e-01    8.954727444727e-02  -1.834146424985e+02   9.813135977065e+00
 -5.891568282491e-01    8.190785758290e-02  -1.744535406542e+02   9.813135977065e+00
 -8.611061777875e-01    2.030331843173e-01  -1.812172468958e+02   9.813135977065e+00
 -1.679043537950e-03   -3.669189911946e-04  -1.867976357125e+02   1.408548494557e+01
 -4.580949663575e-01    8.908705804838e-02  -1.834454235970e+02   1.408548494557e+01
 -3.703695040241e-01    6.695257254460e-02  -1.884473475120e+02   1.408548494557e+01
 -7.616685613209e-01    1.844769384653e-01  -1.863420628514e+02   4.916129879868e+00
 -8.596315832906e-01    2.041222659726e-01  -1.812251803093e+02   4.916129879868e+00
 -9.336754558428e-01    2.772321651357e-01  -1.883616537214e+02   4.916129879868e+00
 -8.594839233515e-01    2.031968618734e-01  -1.812285754092e+02   1.045784013857e+01
 -7.616291667486e-01    1.846389945074e-01  -1.863488809306e+02   1.045784013857e+01
 -4.613348992919e-01    8.940337173108e-02  -1.833862883458e+02   1.045784013857e+01
 -9.939827919684e-01    3.070481889475e-01  -1.832487204921e+02   3.027472123146e+00
 -9.310851815808e-01    2.774125872741e-01  -1.884191766895e+02   3.027472123146e+00
 -8.629087130251e-01    2.040934626142e-01  -1.811720807872e+02   3.027472123146e+00
 -7.614879955276e-01    1.847104485372e-01  -1.863454544746e+02   6.303713098514e+00
 -9.338092150184e-01    2.766792315222e-01  -1.883617378721e+02   6.303713098514e+00
 -7.926643179019e-01    1.708499512946e-01  -1.900761283466e+02   6.303713098514e+00
 -9.950209892170e-01    3.072786939778e-01  -1.832178594120e+02   6.117120338723e-01
 -8.618653611376e-01    2.039201370841e-01  -1.811990993946e+02   6.117120338723e-01
 -1.067550110346e+00    2.253782459621e-01  -1.745060561413e+02   6.117120338723e-01
 -4.595064734584e-01    8.979857044382e-02  -1.834325305544e+02   1.010027095417e+01
 -7.627441597887e-01    1.842285148302e-01  -1.863246750072e+02   1.010027095417e+01
 -3.693733328082e-01    6.650185139661e-02  -1.884564573067e+02   1.010027095417e+01
 -1.770845369724e-03    4.770112560160e-04  -1.514884207899e+02   2.135940553660e+01
 -9.273474060781e-04   -8.472633714474e-04  -1.300170518540e+02   2.135940553660e+01
 -6.429446755914e-01   -3.367213070540e-02  -1.464328895603e+02   2.135940553660e+01
 -9.807149462968e-01    2.123504052537e-01  -1.945206063434e+02   6.333541776125e+00
 -7.943046732173e-01    1.712904732267e-01  -1.900383238032e+02   6.333541776125e+00
 -9.318348918444e-01    2.767541703473e-01  -1.883860940204e+02   6.333541776125e+00
 -1.090038056925e+00    4.668737666731e-03  -1.979428202045e+02   4.241868475064e+00
 -9.776895517738e-01    2.104017100886e-01  -1.945112363690e+02   4.241868475064e+00
 -1.006129359450e+00    9.353095342465e-02  -1.989252292934e+02   4.241868475064e+00
 -1.087323223892e+00    1.332543304521e-03  -1.978852873795e+02   9.449528761355e+00
 -8.488765428328e-01    1.292878546550e-03  -1.931799628093e+02   9.449528761355e+00
 -9.803708319698e-01    2.120909832811e-01  -1.945612956453e+02   9.449528761355e+00
 -1.091360249870e+00    4.500786281882e-03  -1.979946517756e+02   4.432064429277e+00
 -1.005277471898e+00    9.256947859584e-02  -1.989162291508e+02   4.432064429277e+00
 -1.208332054215e+00   -1.508512774109e-03  -2.015158895264e+02   4.432064429277e+00
 -1.001413149609e+00    8.948939348567e-02  -1.989217368908e+02   2.221687054233e+00
 -9.832284514815e-01    2.133971334243e-01  -1.945006164093e+02   2.221687054233e+00
 -8.086278774020e-01    1.941849019531e-01  -1.964994207094e+02   2.221687054233e+00
 -7.710799942747e-01   -1.513406895054e-02  -1.987065194105e+02  -4.819085089967e-01
 -1.003901147157e+00    8.972807415148e-02  -1.988398711183e+02  -4.819085089967e-01
 -8.046068876323e-01    1.927874997235e-01  -1.965612187010e+02  -4.819085089967e-01
 -1.002775513535e+00    8.656867008253e-02  -1.988897293719e+02   1.434771656157e+00
 -1.017869454360e+00   -1.106554063965e-01  -1.987758984022e+02   1.434771656157e+00
 -1.209475152638e+00    3.942509035109e-03  -2.015051851475e+02   1.434771656157e+00
 -9.832194475319e-01    2.126670616705e-01  -1.944844957778e+02  -7.493653384161e-01
 -8.822593305903e-01    3.058887720925e-01  -1.910390252331e+02  -7.493653384161e-01
 -8.086167648245e-01    1.955636384087e-01  -1.965088744252e+02  -7.493653384161e-01
 -6.791581727353e-01    9.690833677416e-03  -1.022797097588e+02  -8.694658033665e+00
 -9.373786723537e-01    1.298990761282e-02  -9.609883634237e+01  -8.694658033665e+00
 -1.050613898768e-02    1.040418496667e-03  -9.508506273959e+01  -8.694658033665e+00
 -6.255191088075e-01    2.477361381053e-01  -1.935646856874e+02  -9.444063996355e+00
 -8.856910166622e-01    3.072171472835e-01  -1.910467970476e+02  -9.444063996355e+00
 -7.473793879824e-01    2.777271536256e-01  -1.858830239518e+02  -9.444063996355e+00
 -8.861587495264e-01    3.062514981797e-01  -1.909932530802e+02   1.308279279454e+00
 -9.788699808244e-01    2.118752260449e-01  -1.945540626621e+02   1.308279279454e+00
 -9.337509964147e-01    2.776858235273e-01  -1.883602572951e+02   1.308279279454e+00
 -2.764649697649e-01    7.749479328599e-02  -2.002112456527e+02  -1.009508358031e+01
 -5.364726992457e-01    1.414173935138e-01  -1.986952289406e+02  -1.009508358031e+01
 -3.248758953368e-01    1.442376828478e-01  -1.956727554636e+02  -1.009508358031e+01
 -5.360380414557e-01    1.407975959592e-01  -1.986367110068e+02  -6.814618424054e+00
 -8.057048817827e-01    1.940598410546e-01  -1.965800000574e+02  -6.814618424054e+00
 -6.229425546109e-01    2.475893952374e-01  -1.936604923345e+02  -6.814618424054e+00
 -6.242299818589e-01    2.473926571593e-01  -1.936076124686e+02  -1.131695426889e+01
 -3.265978240018e-01    1.445140162905e-01  -1.956454135466e+02  -1.131695426889e+01
 -5.350041092909e-01    1.413101934499e-01  -1.987155356599e+02  -1.131695426889e+01
 -5.361070452426e-01    1.404239332992e-01  -1.986581357234e+02  -1.515821657520e+00
 -7.693051532392e-01   -1.616269647544e-02  -1.987705848299e+02  -1.515821657520e+00
 -8.053806493183e-01    1.937309226322e-01  -1.965568996415e+02  -1.515821657520e+00
 -9.934836538035e-01    3.081485384908e-01  -1.832434385197e+02  -6.786667914371e+00
 -7.503667278558e-01    2.777300033280e-01  -1.858259861667e+02  -6.786667914371e+00
 -8.831228474076e-01    3.071961743368e-01  -1.911056201476e+02  -6.786667914371e+00
 -6.251957913136e-01    2.475743391890e-01  -1.936161776270e+02  -4.287995180419e+00
 -8.040408902941e-01    1.943701931328e-01  -1.966204307434e+02  -4.287995180419e+00
 -8.853976624688e-01    3.069356796901e-01  -1.909953208331e+02  -4.287995180419e+00
 -9.899667943556e-01    3.076093231292e-01  -1.833053750627e+02  -1.799597272268e+00
 -8.863973157412e-01    3.070791446928e-01  -1.909843517482e+02  -1.799597272268e+00
 -9.340892767063e-01    2.772932849524e-01  -1.883560647566e+02  -1.799597272268e+00
 -5.352088779339e-01    1.401623371046e-01  -1.986630165706e+02  -4.166326111132e+00
 -2.771160589550e-01    7.836202650887e-02  -2.002499166343e+02  -4.166326111132e+00
 -5.068531013050e-01   -1.191727312206e-02  -2.004576783794e+02  -4.166326111132e+00
 -1.073382921288e+00    2.246060853333e-01  -1.744253901963e+02   7.042403793078e+00
 -8.571737831574e-01    2.037424046781e-01  -1.813013456056e+02   7.042403793078e+00
 -5.961952712697e-01    8.161263465434e-02  -1.743527383204e+02   7.042403793078e+00
 -1.209773196919e+00   -1.273061402293e-02  -9.620310005432e+00   3.208442594800e+00
 -8.949891424433e-01    1.246112307663e-02  -1.451975338511e-02   3.208442594800e+00
 -1.212977584982e+00   -2.474236752827e-03  -1.201812591832e-01   3.208442594800e+00
 -1.091383843417e+00    1.162093368557e-01  -1.647604970438e+02   6.709344365781e+00
 -6.374530942300e-01    3.309612477134e-02  -1.613084219711e+02   6.709344365781e+00
 -1.084641570463e+00    4.422247202559e-03  -1.539708376225e+02   6.709344365781e+00
 -1.089035566621e+00    1.189053798456e-01  -1.648125636915e+02   5.104772546484e+00
 -1.074761017663e+00    2.237398606192e-01  -1.743901058839e+02   5.104772546484e+00
 -5.955181107030e-01    8.290536040793e-02  -1.743707585764e+02   5.104772546484e+00
 -9.938884646929e-01    3.085204346642e-01  -1.833177008771e+02  -1.052953590001e+01
 -8.689112042133e-01    2.310396023281e-01  -1.762887226525e+02  -1.052953590001e+01
 -7.504893741809e-01    2.774835317008e-01  -1.857548419454e+02  -1.052953590001e+01
 -8.720379289852e-01    2.309489790483e-01  -1.762242434495e+02  -7.598450824563e+00
 -9.911226161938e-01    3.082648503119e-01  -1.833856395008e+02  -7.598450824563e+00
 -1.071651298891e+00    2.255260206715e-01  -1.744236476680e+02  -7.598450824563e+00
 -9.555379019029e-01    1.307710538457e-01  -1.655306131465e+02  -1.025588546504e+01
 -8.719534409973e-01    2.301170521236e-01  -1.761346312992e+02  -1.025588546504e+01
 -1.072323368383e+00    2.265127473578e-01  -1.745145216413e+02  -1.025588546504e+01
 -4.605745486079e-01    1.401766384847e-01  -1.778268264844e+02  -2.210317520171e+01
 -7.493672852593e-01    2.775604969766e-01  -1.858989732911e+02  -2.210317520171e+01
 -8.701287906576e-01    2.306856049333e-01  -1.761855573345e+02  -2.210317520171e+01
 -1.069810928233e+00    2.264710546756e-01  -1.745846259814e+02  -6.810107997214e+00
 -1.093776724906e+00    1.169917270613e-01  -1.647171925132e+02  -6.810107997214e+00
 -9.581962213537e-01    1.302907364407e-01  -1.654645342976e+02  -6.810107997214e+00
 -1.092775839159e+00    1.178995622322e-01  -1.647649283791e+02   9.254083842231e+00
 -5.906177477037e-01    8.362077123486e-02  -1.744615571882e+02   9.254083842231e+00
 -6.351174176276e-01    3.171078198831e-02  -1.613148323176e+02   9.254083842231e+00
 -9.924013007168e-01    5.018567986129e-03  -1.541440151270e+02  -9.179847475419e+00
 -9.574190471992e-01    1.288929171315e-01  -1.653600329775e+02  -9.179847475419e+00
 -1.095092301377e+00    1.183602533899e-01  -1.648183503427e+02  -9.179847475419e+00
 -1.845787028070e-03    1.046666297043e-03  -1.539717016822e+02  -3.954901067064e+01
 -5.516993911188e-01    3.589404316750e-04  -1.540995601518e+02  -3.954901067064e+01
 -1.731290083056e-03   -2.412337409777e-03  -1.418141464996e+02  -3.954901067064e+01
 -9.595598622220e-01    1.295842203968e-01  -1.655023123260e+02  -2.487759954172e+01
 -5.495442413705e-01    2.173543394921e-03  -1.541165977780e+02  -2.487759954172e+01
 -5.166930907086e-01    8.407686881151e-02  -1.662170775230e+02  -2.487759954172e+01
 -5.523517052871e-01    2.041204450238e-03  -1.541091200981e+02  -2.497144832566e+01
 -9.571673939106e-01    1.292565747629e-01  -1.655160848920e+02  -2.497144832566e+01
 -9.902266423495e-01    3.521836720800e-03  -1.539939787296e+02  -2.497144832566e+01
 -5.167994834149e-01    8.314055330938e-02  -1.663048278695e+02  -4.250319170179e+01
 -5.486682316825e-01    3.976221553473e-03  -1.539635280241e+02  -4.250319170179e+01
 -3.982358806280e-03    2.416050788226e-03  -1.663249479357e+02  -4.250319170179e+01
 -9.570277477140e-01    1.300274988244e-01  -1.654089162784e+02  -2.437364491842e+01
 -5.187148390085e-01    8.399315765042e-02  -1.663217984191e+02  -2.437364491842e+01
 -8.704695185404e-01    2.301394259522e-01  -1.762918589665e+02  -2.437364491842e+01
 -9.552723461767e-01   -1.207593955111e-01  -1.425432477497e+02  -2.486005783331e+01
 -5.521862861150e-01    2.456696037062e-03  -1.539567649938e+02  -2.486005783331e+01
 -9.902852109167e-01    2.615940047492e-03  -1.540336558597e+02  -2.486005783331e+01
 -9.957598240218e-01    4.419440629289e-03  -1.540995244951e+02  -6.132848726700e+00
 -1.092090801992e+00    1.186769272797e-01  -1.648769565958e+02  -6.132848726700e+00
 -1.084265832631e+00    2.473043448765e-03  -1.539104826099e+02  -6.132848726700e+00
 -6.348111546982e-01    3.413817071290e-02  -1.613304421952e+02   9.668070137016e+00
 -6.396893366014e-01   -3.379250426152e-02  -1.464138059361e+02   9.668070137016e+00
 -1.087375089609e+00    3.218194027559e-03  -1.539509203034e+02   9.668070137016e+00
 -4.584089345297e-01    1.398024312240e-01  -1.777353749356e+02  -2.359357116057e+01
 -8.727797769345e-01    2.306895691393e-01  -1.762701070910e+02  -2.359357116057e+01
 -5.159824923378e-01    8.376032281603e-02  -1.663454642023e+02  -2.359357116057e+01
 -7.782217935452e-05    3.342494415738e-04  -1.956133519170e+02  -2.281491993780e+01
 -3.286618564956e-01    1.453256351953e-01  -1.956904746564e+02  -2.281491993780e+01
 -2.404586155361e-03    1.347795359764e-03  -1.881680364596e+02  -2.281491993780e+01
 -3.255872977028e-01    1.436964866678e-01  -1.955956815114e+02  -1.624209485969e+01
 -6.261113336346e-01    2.484006160186e-01  -1.936590080638e+02  -1.624209485969e+01
 -3.928112935382e-01    1.642700874904e-01  -1.878914770037e+02  -1.624209485969e+01
 -5.411571336365e-01    7.278357986606e-02  -1.172293377217e+02  -1.350938732727e+01
 -2.354872007007e-04   -8.771918521935e-04  -1.105221310933e+02  -1.350938732727e+01
 -1.578705313101e-03    2.826904659482e-04  -1.172475942844e+02  -1.350938732727e+01
 -2.117868307931e-03    3.051450896030e-03  -2.009394410655e+02  -7.330206520088e+00
 -2.621382938141e-01   -5.709056693641e-03  -2.019613952451e+02  -7.330206520088e+00
 -2.758029096231e-01    7.646250895781e-02  -2.002279492634e+02  -7.330206520088e+00
 -1.412997576234e-03    1.213732421790e-03  -1.956841542386e+02  -1.848386600427e+01
  6.763233591976e-04   -8.654285768812e-04  -2.008872693632e+02  -1.848386600427e+01
 -3.260089412247e-01    1.435667544987e-01  -1.956188766446e+02  -1.848386600427e+01
 -6.088452403275e-01   -1.184667874334e-01  -1.816843126178e+02  -1.415442970890e+01
 -2.675164849433e-03    4.794912109327e-04  -1.855431404769e+02  -1.415442970890e+01
 -4.848029582898e-01   -8.655892545537e-02  -1.863727174556e+02  -1.415442970890e+01
 -3.268929137567e-01    1.444648429894e-01  -1.957005012466e+02  -2.822019289927e+01
 -3.923141609132e-01    1.636528788017e-01  -1.878082067257e+02  -2.822019289927e+01
 -4.147468000064e-03    2.302535431190e-03  -1.881346892032e+02  -2.822019289927e+01
 -7.617946065595e-04   -1.602614551037e-04  -2.008747598025e+02  -1.457813008177e+01
 -2.767465894707e-01    7.819980629350e-02  -2.002428152128e+02  -1.457813008177e+01
 -3.241435219893e-01    1.428696200728e-01  -1.956304526538e+02  -1.457813008177e+01
 -2.901109835017e-03   -3.599509601269e-04  -1.664794096325e+02  -3.686019437191e+01
 -5.000160868728e-04    2.284963282318e-03  -1.780107445596e+02  -3.686019437191e+01
 -5.173382226385e-01    8.572483321150e-02  -1.662110922102e+02  -3.686019437191e+01
 -1.152880615378e-03    2.132651267169e-03  -1.663081070683e+02  -3.954176448662e+01
 -5.516382462523e-01    3.962962443635e-03  -1.539636848438e+02  -3.954176448662e+01
 -1.987611998778e-03   -9.108105387268e-04  -1.541077160497e+02  -3.954176448662e+01
 -8.140294088742e-01   -4.522452095553e-02  -1.602419643014e+02  -1.658435958324e+01
 -6.350848641048e-03   -9.130586059084e-04  -1.728127315401e+02  -1.658435958324e+01
 -7.234632220691e-01   -1.068442492138e-01  -1.726018817881e+02  -1.658435958324e+01
 -5.538691839812e-04    1.175081877736e-03  -1.879957915203e+02  -2.995213100149e+01
 -3.959753051325e-01    1.643193016425e-01  -1.879037986154e+02  -2.995213100149e+01
 -3.396695983947e-03    4.342183520209e-04  -1.782658828352e+02  -2.995213100149e+01
 -3.474661551297e-03    3.329474486561e-03  -1.780225293238e+02  -3.851362747950e+01
 -4.584572384351e-01    1.387650725076e-01  -1.778160739547e+02  -3.851362747950e+01
 -5.145809676740e-01    8.518126941867e-02  -1.662144028163e+02  -3.851362747950e+01
 -6.348342563521e-01    3.222058632589e-02  -1.613268372342e+02   1.954030796491e+01
 -6.170554892525e-03   -8.186264670620e-04  -1.515510177177e+02   1.954030796491e+01
 -6.390225447227e-01   -3.229280059971e-02  -1.464156958570e+02   1.954030796491e+01
 -4.604703978415e-01    8.885742843904e-02  -1.834139115452e+02   1.531954832019e+01
  3.622025760435e-04   -2.313250524742e-04  -1.868385810719e+02   1.531954832019e+01
 -1.782715926588e-03    6.440651160125e-05  -1.818169503977e+02   1.531954832019e+01
 -6.195497412442e-03    1.528823205504e-03  -1.782350280188e+02  -3.496847133428e+01
 -3.937595499642e-01    1.634571674114e-01  -1.879173247136e+02  -3.496847133428e+01
 -4.568925895830e-01    1.396719016392e-01  -1.777460831096e+02  -3.496847133428e+01
 -3.925914233764e-01    1.638937033164e-01  -1.878021371505e+02  -2.070538645280e+01
 -7.513275942083e-01    2.780742214717e-01  -1.858783464851e+02  -2.070538645280e+01
 -4.581408459717e-01    1.397155556915e-01  -1.778494190268e+02  -2.070538645280e+01
 -5.911465643717e-01    8.125881412251e-02  -1.744846172616e+02   1.956475105455e+01
 -6.143574251049e-03   -1.317204444790e-03  -1.637625334507e+02   1.956475105455e+01
 -6.334018930647e-01    3.309685508791e-02  -1.613137416307e+02   1.956475105455e+01
 -9.957046819626e-01    1.748362378754e-03  -1.539279053707e+02  -6.017840862664e+00
 -1.084281475735e+00    3.849492909796e-03  -1.539887706504e+02  -6.017840862664e+00
 -1.093034374029e+00   -1.090491703608e-01  -1.430553407848e+02  -6.017840862664e+00
 -3.946510197511e-01    1.646622674134e-01  -1.878711751524e+02  -1.755582944098e+01
 -6.245076975721e-01    2.480948443534e-01  -1.936778142979e+02  -1.755582944098e+01
 -7.486059003680e-01    2.774601321848e-01  -1.858071234029e+02  -1.755582944098e+01
  1.791470138896e-04    4.076703707108e-04  -1.741627099075e+02   1.974672108610e+01
 -3.625961639348e-03   -9.406966302761e-04  -1.637859535291e+02   1.974672108610e+01
 -5.932015975641e-01    8.061532128585e-02  -1.744706666475e+02   1.974672108610e+01
 -2.635453565473e-01   -5.528717771491e-03  -2.019534076539e+02  -2.189887058087e+00
 -7.837729694109e-04    2.517444634850e-03  -2.009628922509e+02  -2.189887058087e+00
 -3.366880781326e-04   -1.051506865713e-03  -2.020768711446e+02  -2.189887058087e+00
 -1.029939583103e+00   -2.537994854025e-01  -1.938547000027e+02  -1.715078490912e+00
 -1.016041299833e+00   -1.149472066783e-01  -1.987461024030e+02  -1.715078490912e+00
 -8.290829642665e-01   -2.292568352174e-01  -1.961070148079e+02  -1.715078490912e+00
 -1.017895859176e+00   -1.116402043178e-01  -1.987583456683e+02  -2.188152726679e+00
 -1.209381555114e+00   -3.611268327656e-03  -2.004723288866e+02  -2.188152726679e+00
 -1.210063316466e+00    4.612848141632e-03  -2.015581442896e+02  -2.188152726679e+00
 -1.207442677121e+00    9.196993755663e-04  -2.004312680023e+02  -7.568415295250e+00
 -1.022439827442e+00   -2.512745205690e-01  -1.939298582638e+02  -7.568415295250e+00
 -1.089657138514e+00   -2.162816808449e-03  -1.955961063799e+02  -7.568415295250e+00
 -1.023553071228e+00   -2.507830527901e-01  -1.939131431067e+02  -2.450072976177e+00
 -1.206420654746e+00   -1.844232636410e-04  -2.004432202383e+02  -2.450072976177e+00
 -1.019552506761e+00   -1.172024708729e-01  -1.987344895967e+02  -2.450072976177e+00
 -1.086945742490e+00   -1.246160699193e-03  -1.956059163404e+02  -1.024238348762e+01
 -1.028160260597e+00   -2.530228424009e-01  -1.939042827115e+02  -1.024238348762e+01
 -8.497439673482e-01   -1.164278720923e-03  -1.906819190288e+02  -1.024238348762e+01
 -7.000102501890e-03    3.467147567196e-04  -6.093735193513e+00   8.755123981773e+00
  7.121175638372e-05   -1.872706288184e-04  -3.504432558957e-02   8.755123981773e+00
 -8.977669220283e-01    1.255606279743e-02   1.885338686082e-02   8.755123981773e+00
 -1.018716165596e+00   -1.154361309437e-01  -1.986736254965e+02   8.802509268588e-01
 -7.711197453933e-01   -1.805403699304e-02  -1.987108010143e+02   8.802509268588e-01
 -8.249694835724e-01   -2.277977839118e-01  -1.961700753224e+02   8.802509268588e-01
 -1.017884446220e+00   -1.156141946410e-01  -1.987475973974e+02   2.093202684533e-01
 -1.002978921978e+00    9.009061513879e-02  -1.988996378022e+02   2.093202684533e-01
 -7.727460796545e-01   -1.666419860708e-02  -1.986538921524e+02   2.093202684533e-01
 -5.469245187930e-01   -1.668263738721e-01  -1.984355170044e+02   2.410236828406e+00
 -8.256936464514e-01   -2.286826462700e-01  -1.961711155677e+02   2.410236828406e+00
 -7.693824115016e-01   -1.705405978256e-02  -1.987718770124e+02   2.410236828406e+00
 -6.450455687942e-01   -2.719312930485e-01  -1.930861017431e+02   1.278498346746e+01
 -5.459352471009e-01   -1.677016176669e-01  -1.984988567944e+02   1.278498346746e+01
 -3.332095105848e-01   -1.534816625353e-01  -1.950641271077e+02   1.278498346746e+01
 -8.244600732744e-01   -2.294451109133e-01  -1.962373754357e+02   5.331000685516e+00
 -6.461025156371e-01   -2.723106242429e-01  -1.931009157867e+02   5.331000685516e+00
 -9.256745898110e-01   -3.441281558018e-01  -1.902855897175e+02   5.331000685516e+00
 -6.438434808783e-01   -2.722520091746e-01  -1.931437423782e+02   7.661063655418e+00
 -8.261173791534e-01   -2.291935235893e-01  -1.961973348819e+02   7.661063655418e+00
 -5.467912241115e-01   -1.670608817962e-01  -1.984128870465e+02   7.661063655418e+00
 -1.053079901142e+00   -3.432844503091e-01  -1.823317618428e+02   7.957324099488e+00
 -9.234269227609e-01   -3.444077348487e-01  -1.903967961532e+02   7.957324099488e+00
 -7.816994108092e-01   -3.014592067753e-01  -1.851863875841e+02   7.957324099488e+00
 -8.289940767275e-01   -2.305113733255e-01  -1.961247657027e+02   1.438759661805e+00
 -9.226145871762e-01   -3.432072676112e-01  -1.903262475220e+02   1.438759661805e+00
 -1.030017822733e+00   -2.530775539913e-01  -1.938234840416e+02   1.438759661805e+00
 -5.458894854756e-01   -1.664650994907e-01  -1.984457104200e+02   5.254046952027e+00
 -5.069313483732e-01   -1.374357438330e-02  -2.004549852103e+02   5.254046952027e+00
 -2.821339055741e-01   -9.366896022306e-02  -2.001732441015e+02   5.254046952027e+00
 -5.451526360147e-01   -1.667385918012e-01  -1.984758398745e+02   2.977755320578e+00
 -7.711145846011e-01   -1.686881776908e-02  -1.987302375872e+02   2.977755320578e+00
 -5.074833780348e-01   -1.304597917018e-02  -2.003943317623e+02   2.977755320578e+00
 -7.710407899730e-01   -1.645790504067e-02  -1.987305591620e+02  -2.221921299198e+00
 -5.343485870568e-01    1.404190525526e-01  -1.986966493574e+02  -2.221921299198e+00
 -5.075186346506e-01   -1.260939666183e-02  -2.003942255712e+02  -2.221921299198e+00
 -1.025638678836e+00   -2.522719003483e-01  -1.938808099860e+02  -5.339338882035e-01
 -9.265396994785e-01   -3.436057836670e-01  -1.902868277878e+02  -5.339338882035e-01
 -9.999346905922e-01   -3.187780458490e-01  -1.872521993988e+02  -5.339338882035e-01
 -8.460020525473e-01   -2.783247528573e-03  -1.906349131410e+02  -1.191260584313e+01
 -8.686142927358e-01   -2.012650735714e-01  -1.885176471596e+02  -1.191260584313e+01
 -4.843916996369e-01    1.854947983955e-03  -1.878646883535e+02  -1.191260584313e+01
 -8.478624712126e-01   -2.331834131963e-03  -1.907085311897e+02  -7.430879091671e+00
 -1.030616343767e+00   -2.525008010772e-01  -1.938567174719e+02  -7.430879091671e+00
 -8.675491430097e-01   -2.034477044092e-01  -1.884714393389e+02  -7.430879091671e+00
 -4.833376185908e-01   -1.670963506199e-03  -1.878553773789e+02  -1.230905434295e+01
 -4.833542938975e-01   -8.565672566272e-02  -1.863823612558e+02  -1.230905434295e+01
  4.518932451117e-04    2.255826587705e-03  -1.879403403076e+02  -1.230905434295e+01
 -4.857406958867e-01   -8.872681578866e-02  -1.863380199614e+02  -9.986266491340e+00
 -4.821241653874e-01    8.117710724779e-04  -1.879280198530e+02  -9.986266491340e+00
 -8.714304726674e-01   -2.001177965909e-01  -1.884712473545e+02  -9.986266491340e+00
 -6.151413153427e-01   -1.181873225328e-01  -1.816619413855e+02  -1.535322702341e+01
 -5.499372123008e-03    1.045024993579e-04  -1.729497357039e+02  -1.535322702341e+01
  1.385973058491e-03    1.320032111421e-04  -1.856388325616e+02  -1.535322702341e+01
 -3.671216356408e-03    3.617558492395e-04  -9.506762398148e+01  -9.747759551847e+00
 -2.408705059214e-04   -2.914383451250e-04  -1.019469964810e+02  -9.747759551847e+00
 -6.829165041001e-01    9.821607238259e-03  -1.022746240829e+02  -9.747759551847e+00
 -8.709912239664e-01   -2.015911240948e-01  -1.884548895571e+02  -9.692039783406e+00
 -8.566235876156e-01   -2.196063221338e-01  -1.847588471297e+02  -9.692039783406e+00
 -4.868819456951e-01   -8.730054147796e-02  -1.863230250496e+02  -9.692039783406e+00
 -5.894855713102e-01   -2.226982945027e-02  -1.029859957086e+02   9.822534102609e+00
  1.809034969121e-04    4.222722952572e-04  -1.023244154495e+02   9.822534102609e+00
 -3.265466179801e-03   -2.982394033986e-04  -9.583005609563e+01   9.822534102609e+00
 -9.972024429548e-01   -3.184568073598e-01  -1.873092906844e+02  -1.901420491637e+00
 -1.053651872110e+00   -3.422505203968e-01  -1.823374943954e+02  -1.901420491637e+00
 -9.636502885131e-01   -2.402011252096e-01  -1.798145004378e+02  -1.901420491637e+00
 -1.049592700966e+00   -3.427398265677e-01  -1.823918094423e+02   2.687000352578e+00
 -1.000330563735e+00   -3.184098646806e-01  -1.872494400250e+02   2.687000352578e+00
 -9.266620598118e-01   -3.443283721383e-01  -1.902782541456e+02   2.687000352578e+00
 -8.576639119722e-01   -2.199527563002e-01  -1.847465646274e+02  -9.057568153450e+00
 -9.605514480443e-01   -2.393484179364e-01  -1.798786538066e+02  -9.057568153450e+00
 -6.096321371984e-01   -1.188444330859e-01  -1.816396647354e+02  -9.057568153450e+00
 -9.605678260407e-01   -2.402340859244e-01  -1.798687531543e+02  -4.047099883578e+00
 -8.578385638748e-01   -2.198055094464e-01  -1.847457893654e+02  -4.047099883578e+00
 -9.996153414315e-01   -3.182752523331e-01  -1.872521692522e+02  -4.047099883578e+00
 -6.081048226505e-01   -1.191641674428e-01  -1.816814432691e+02  -8.531869320614e+00
 -9.622222590128e-01   -2.391156247187e-01  -1.798670175495e+02  -8.531869320614e+00
 -7.240637651351e-01   -1.079987732499e-01  -1.726050808096e+02  -8.531869320614e+00
 -8.586645442024e-01   -2.196309020678e-01  -1.847206829193e+02  -9.131141556086e+00
 -6.083486779085e-01   -1.191450386969e-01  -1.816788632722e+02  -9.131141556086e+00
 -4.845575173942e-01   -8.686766781038e-02  -1.863825277641e+02  -9.131141556086e+00
 -1.054604839924e+00   -3.424193441532e-01  -1.823060909272e+02   5.493806010105e-01
 -1.146210292842e+00   -2.549705881998e-01  -1.735086261097e+02   5.493806010105e-01
 -9.626752498347e-01   -2.400889499532e-01  -1.798425368685e+02   5.493806010105e-01
 -9.999588732283e-01   -3.178961136073e-01  -1.872580341882e+02  -5.598819945159e+00
 -8.574798223036e-01   -2.199133298633e-01  -1.847446974691e+02  -5.598819945159e+00
 -8.692356373506e-01   -2.022772399419e-01  -1.884974921886e+02  -5.598819945159e+00
 -1.027387835112e+00   -2.526875687852e-01  -1.938421120219e+02  -5.891750630674e+00
 -9.981329446051e-01   -3.179933255481e-01  -1.872817217538e+02  -5.891750630674e+00
 -8.706038415990e-01   -2.027095149188e-01  -1.884619084390e+02  -5.891750630674e+00
 -6.121727047866e-01   -1.187615646794e-01  -1.817036755030e+02  -1.761641344214e+01
 -7.204527939443e-01   -1.076836019714e-01  -1.725892418673e+02  -1.761641344214e+01
 -9.968659791015e-03    6.592746754983e-04  -1.728628809734e+02  -1.761641344214e+01
 -9.260380544735e-01   -3.444741491372e-01  -1.903390515820e+02   1.050091088891e+01
 -6.463110391911e-01   -2.723440175598e-01  -1.930471842667e+02   1.050091088891e+01
 -7.786883291920e-01   -3.014005481717e-01  -1.852411165331e+02   1.050091088891e+01
 -1.901156229632e-02   -5.069738771601e-04  -1.593173123476e+01   8.475547428126e+00
 -1.226065526547e+00   -1.501934790072e-02  -9.607559157892e+00   8.475547428126e+00
 -1.054382467874e+00   -2.722845841795e-02  -1.812944887917e+01   8.475547428126e+00
 -2.622749250128e-01   -9.013139066055e-03  -2.019681721768e+02   8.824540089293e+00
 -1.734215952951e-03   -2.544959829531e-03  -2.006133790387e+02   8.824540089293e+00
 -2.811597527983e-01   -9.204796175821e-02  -2.001548190831e+02   8.824540089293e+00
 -2.635938338892e-01   -9.155765245229e-03  -2.019589385760e+02   3.212664417423e+00
 -3.556504722316e-04    8.589629913423e-04  -2.020733582426e+02   3.212664417423e+00
 -6.391014778950e-04   -2.233838687058e-03  -2.006416102222e+02   3.212664417423e+00
 -2.817499859697e-01   -9.416284416414e-02  -2.002242070450e+02   1.972372630181e+01
 -3.604046515479e-03   -3.504906938423e-03  -1.958088063367e+02   1.972372630181e+01
 -3.309622753139e-01   -1.516497415163e-01  -1.950188841594e+02   1.972372630181e+01
 -4.033089415622e-01   -1.761846140994e-01  -1.872720440892e+02   2.616506223567e+01
 -3.325853143526e-01   -1.526539121766e-01  -1.950590449233e+02   2.616506223567e+01
 -8.610243360927e-04   -1.685354464416e-03  -1.956792723621e+02   2.616506223567e+01
 -4.073876610260e-01   -1.771509766203e-01  -1.873237232009e+02   1.889656336712e+01
 -7.799515482006e-01   -3.011870698436e-01  -1.851645892108e+02   1.889656336712e+01
 -6.452683038817e-01   -2.725538748592e-01  -1.931583358063e+02   1.889656336712e+01
 -4.050936269175e-01   -1.766921696594e-01  -1.873513481610e+02   1.750746029147e+01
 -6.471117550460e-01   -2.729305385147e-01  -1.931374878040e+02   1.750746029147e+01
 -3.318908531234e-01   -1.525362119716e-01  -1.950066019346e+02   1.750746029147e+01
 -1.950915495927e-03   -2.431029795278e-03  -1.958380115184e+02   1.421840619931e+01
 -2.831864213120e-01   -9.481040634207e-02  -2.002086402481e+02   1.421840619931e+01
 -1.099666047368e-04    3.098393054202e-04  -2.005407214958e+02   1.421840619931e+01
 -5.474427821861e-01   -1.679442602929e-01  -1.984804192748e+02   1.103595066175e+01
 -2.810775001676e-01   -9.263349499202e-02  -2.001451413293e+02   1.103595066175e+01
 -3.314427838044e-01   -1.530089109280e-01  -1.950854926860e+02   1.103595066175e+01
  9.796777613718e-04   -4.998609855985e-04  -1.956823806100e+02   2.787522013710e+01
 -2.528406492904e-03   -1.130500988556e-03  -1.876523988317e+02   2.787522013710e+01
 -4.053294354606e-01   -1.769946658424e-01  -1.872603102171e+02   2.787522013710e+01
 -6.408294194623e-01   -3.333355875194e-02  -1.464176757732e+02   1.807255353936e+01
 -3.137268932145e-03   -1.213713589947e-03  -1.300445978271e+02   1.807255353936e+01
 -5.848213251094e-01   -6.976985738108e-02  -1.333009479488e+02   1.807255353936e+01
 -1.226947836101e+00    2.404582554580e-02  -6.926680267424e+01  -6.596600798693e+00
 -3.742755974999e-02   -1.466459896027e-03  -7.669864231266e+01  -6.596600798693e+00
 -1.391146524369e+00    1.679251642121e-02  -7.783156861215e+01  -6.596600798693e+00
 -4.831257020915e-01    2.498924292338e-03  -1.904285256725e+02   1.320875579814e+01
 -2.209999845169e-03    1.401254403185e-03  -1.888885409955e+02   1.320875579814e+01
 -3.685667051834e-01    6.612910847580e-02  -1.884461687256e+02   1.320875579814e+01
 -4.880796643906e-01   -1.532110618722e-01  -1.774153198519e+02   3.684319760937e+01
 -8.569140925986e-04   -1.299920346889e-03  -1.772752721309e+02   3.684319760937e+01
 -2.899702866755e-03    8.829543276014e-04  -1.659203371475e+02   3.684319760937e+01
 -4.852145979938e-01   -1.551605791569e-01  -1.772920969669e+02   3.458602276541e+01
  5.752606569814e-04   -1.435341607437e-03  -1.875464831758e+02   3.458602276541e+01
 -2.338985370746e-03   -2.477233889245e-04  -1.773967000475e+02   3.458602276541e+01
 -4.874277341058e-01   -7.075804020072e-02  -1.230604568897e+02   1.433985967568e+01
 -8.049413714737e-04    7.110203913773e-04  -1.169223294986e+02   1.433985967568e+01
 -4.080395065381e-01   -5.449553444235e-02  -1.165199516587e+02   1.433985967568e+01
 -4.064854535419e-01   -1.761723408950e-01  -1.873154810073e+02   3.493084408252e+01
 -1.702119419149e-03   -2.461754628379e-03  -1.875490425959e+02   3.493084408252e+01
 -4.824920984664e-01   -1.543537056974e-01  -1.772964309174e+02   3.493084408252e+01
 -8.965572296510e-01   -6.789175627893e-02  -1.102753980415e+02   6.174966163982e+00
 -6.244311039039e-01   -4.406610922067e-02  -1.101226909495e+02   6.174966163982e+00
 -6.172307157442e-01   -2.258529689837e-02  -1.063672177890e+02   6.174966163982e+00
 -5.390364768972e-01   -8.654160097531e-02  -1.658403459339e+02   3.944957945288e+01
 -1.888296173429e-03   -1.551231333204e-03  -1.657252409738e+02   3.944957945288e+01
 -2.950072638235e-03    1.950913368132e-03  -1.536015717138e+02   3.944957945288e+01
 -7.804537885450e-01   -3.011911097360e-01  -1.852559910646e+02   2.319857318951e+01
 -4.861966549396e-01   -1.539848204786e-01  -1.773828910998e+02   2.319857318951e+01
 -9.111173675468e-01   -2.508761110792e-01  -1.755511937123e+02   2.319857318951e+01
 -4.838994507239e-01   -1.536664085563e-01  -1.774058763990e+02   2.211148043411e+01
 -7.823620143769e-01   -3.016561226096e-01  -1.852361395451e+02   2.211148043411e+01
 -4.058321959718e-01   -1.765316477256e-01  -1.872443173353e+02   2.211148043411e+01
 -1.184259883505e+00   -1.375212379889e-01  -1.638379980183e+02  -3.724430869990e+00
 -7.315536316598e-01   -1.089888597421e-01  -1.725240476448e+02  -3.724430869990e+00
 -1.153245038762e+00   -2.533802015262e-01  -1.733986777508e+02  -3.724430869990e+00
 -7.319126831810e-01   -1.076873536229e-01  -1.725114074893e+02  -5.797454411598e+00
 -9.580568564132e-01   -2.398866145731e-01  -1.799459572824e+02  -5.797454411598e+00
 -1.152056400050e+00   -2.542743384115e-01  -1.734312662614e+02  -5.797454411598e+00
 -1.150235135705e+00   -2.550719717687e-01  -1.734261445694e+02   8.937341370484e+00
 -1.050811384638e+00   -3.434001491332e-01  -1.824715043698e+02   8.937341370484e+00
 -9.129996334324e-01   -2.511359450288e-01  -1.755868541158e+02   8.937341370484e+00
 -9.128525797375e-01   -2.502838019581e-01  -1.754991167628e+02   1.162265642341e+01
 -1.000830092533e+00   -1.433645824444e-01  -1.649194142682e+02   1.162265642341e+01
 -1.151025904882e+00   -2.560838925405e-01  -1.735161433127e+02   1.162265642341e+01
 -9.137979873424e-01   -2.509489373032e-01  -1.756376209719e+02   2.473731492846e+01
 -4.842040263091e-01   -1.535812839002e-01  -1.772953818746e+02   2.473731492846e+01
 -5.363189412624e-01   -8.799125066799e-02  -1.658448828354e+02   2.473731492846e+01
 -7.817162531158e-01   -3.011955651865e-01  -1.851161710741e+02   1.172212994771e+01
 -9.098961833831e-01   -2.512150060639e-01  -1.756506208609e+02   1.172212994771e+01
 -1.053579103267e+00   -3.436714930734e-01  -1.824047913860e+02   1.172212994771e+01
 -5.358245066198e-01   -8.832116845342e-02  -1.657189036325e+02   2.613151106129e+01
 -5.583579499956e-01   -3.451186173258e-03  -1.535628975477e+02   2.613151106129e+01
 -1.005152487274e+00   -1.420918186265e-01  -1.648947932821e+02   2.613151106129e+01
 -5.356279754920e-01   -8.852488336015e-02  -1.657330400906e+02   4.222999298729e+01
 -4.853365027582e-01   -1.523436984583e-01  -1.774225393034e+02   4.222999298729e+01
 -5.624810232336e-03    1.666833292836e-04  -1.658918375878e+02   4.222999298729e+01
 -1.190090500524e+00   -1.368190216040e-01  -1.638597662603e+02   1.077330158159e+01
 -1.002507250567e+00   -1.415138719360e-01  -1.647459278973e+02   1.077330158159e+01
 -1.037167076308e+00   -8.860265776501e-03  -1.535941252596e+02   1.077330158159e+01
 -1.003428396845e+00   -1.429040083191e-01  -1.648532522308e+02   8.456345863622e+00
 -1.188620292930e+00   -1.355068987176e-01  -1.637519873085e+02   8.456345863622e+00
 -1.148559121611e+00   -2.560486782464e-01  -1.735851167235e+02   8.456345863622e+00
 -8.150912618570e-01   -4.488879432878e-02  -1.602275701570e+02  -4.359654941709e+00
 -1.186180185160e+00   -1.345763210380e-01  -1.637835245429e+02  -4.359654941709e+00
 -1.186323368793e+00   -8.880510664143e-03  -1.533991558875e+02  -4.359654941709e+00
 -1.187732224733e+00   -1.365200124388e-01  -1.637902221742e+02  -7.199234480323e+00
 -8.132174474654e-01   -4.313231766851e-02  -1.602214690650e+02  -7.199234480323e+00
 -7.264187754967e-01   -1.096100827473e-01  -1.726000795172e+02  -7.199234480323e+00
 -1.034862896052e+00   -7.464922990284e-03  -1.534354691214e+02   2.692771546782e+01
 -1.002560427233e+00   -1.417017147416e-01  -1.649091337837e+02   2.692771546782e+01
 -5.615698364275e-01   -3.391858017724e-03  -1.535537346718e+02   2.692771546782e+01
 -5.386524814657e-01   -8.831183116886e-02  -1.658234167123e+02   2.595070739739e+01
 -1.002073358324e+00   -1.425646231181e-01  -1.647978177862e+02   2.595070739739e+01
 -9.117039045150e-01   -2.503745551477e-01  -1.756582282391e+02   2.595070739739e+01
 -6.494837312945e-03    1.887803114498e-03  -1.535785209719e+02   4.429269035053e+01
 -5.567763678785e-01   -4.690816187086e-03  -1.534369085552e+02   4.429269035053e+01
 -5.361359015098e-01   -8.627071310918e-02  -1.658453513152e+02   4.429269035053e+01
 -8.137110667832e-01   -4.417955876208e-02  -1.602485212305e+02  -1.822670825076e+01
 -8.139311665779e-01    3.777405165773e-02  -1.462950183099e+02  -1.822670825076e+01
 -8.295012750788e-03    6.704164555187e-04  -1.513198351157e+02  -1.822670825076e+01
 -6.583224893806e-03   -1.845313507767e-03  -1.533433669202e+02   4.408140071093e+01
 -5.329326657154e-01    7.665095707799e-02  -1.411714889943e+02   4.408140071093e+01
 -5.567280830262e-01   -2.757606981728e-03  -1.535081222148e+02   4.408140071093e+01
 -2.807978952660e-01   -9.342600263840e-02  -2.001931487675e+02   3.299711798794e+00
 -5.083874163272e-01   -1.378179219669e-02  -2.004394570992e+02   3.299711798794e+00
 -2.621029582425e-01   -7.126146001675e-03  -2.019061737325e+02   3.299711798794e+00
 -5.083701176240e-01   -1.190176407770e-02  -2.004419407468e+02  -2.384137069616e+00
 -2.756230893538e-01    7.808479760912e-02  -2.002707521702e+02  -2.384137069616e+00
 -2.620604895948e-01   -7.650959605272e-03  -2.019042486272e+02  -2.384137069616e+00
 -3.292480545673e-03    1.111713440766e-03  -1.513724456125e+02  -2.035697350760e+01
 -1.839413080086e-03   -1.185773867860e-03  -1.728383014535e+02  -2.035697350760e+01
 -8.183229682957e-01   -4.487797981158e-02  -1.602294864898e+02  -2.035697350760e+01
 -4.936492300876e-01   -7.089901252206e-02  -1.230736753226e+02   1.647029729549e+01
 -4.118490689084e-03    2.510012798806e-05  -1.300858182561e+02   1.647029729549e+01
  7.769755505623e-04    2.580357824472e-05  -1.224098962666e+02   1.647029729549e+01
 -1.180361075526e+00   -2.691062862821e-03  -1.023054788014e+02   2.499678041662e+00
 -1.004787562430e+00   -1.969930578059e-02  -1.019951667996e+02   2.499678041662e+00
 -1.256561561847e+00   -1.258564398005e-02  -9.265914761892e+01   2.499678041662e+00
 -1.096041475392e+00   -1.086293765712e-01  -1.431130809076e+02  -9.139243708756e+00
 -9.556312631228e-01   -1.203179245044e-01  -1.426979889979e+02  -9.139243708756e+00
 -9.923218574567e-01    1.059597140236e-03  -1.538839770992e+02  -9.139243708756e+00
 -1.093682703009e+00   -1.081263228327e-01  -1.431720250268e+02   9.436121742383e+00
 -6.413153887472e-01   -3.120882192719e-02  -1.464433675695e+02   9.436121742383e+00
 -5.868493708401e-01   -7.179282445506e-02  -1.332965751606e+02   9.436121742383e+00
 -5.119234085827e-01   -7.648303320031e-02  -1.417943616578e+02  -4.194386510254e+01
 -5.180040985789e-03   -2.957406584709e-03  -1.417987393316e+02  -4.194386510254e+01
 -5.485087135474e-01    4.263829022610e-04  -1.540989703199e+02  -4.194386510254e+01
 -5.492555028766e-01    2.284808803937e-03  -1.539480878305e+02  -2.490575695281e+01
 -9.577395290156e-01   -1.210507311198e-01  -1.425582783527e+02  -2.490575695281e+01
 -5.124693960591e-01   -7.769141145249e-02  -1.418825894776e+02  -2.490575695281e+01
 -5.149234805894e-01   -7.780669027670e-02  -1.417780767004e+02  -2.419733176133e+01
 -9.550547074953e-01   -1.214044819451e-01  -1.426508999530e+02  -2.419733176133e+01
 -8.667935190647e-01   -2.166853385751e-01  -1.318644013475e+02  -2.419733176133e+01
 -7.127188672696e-03    5.608360577163e-06  -1.415694154359e+02  -3.979958091374e+01
 -5.107788990286e-01   -7.795517549314e-02  -1.418687788985e+02  -3.979958091374e+01
 -4.632906679508e-01   -1.359982645175e-01  -1.302768938081e+02  -3.979958091374e+01
 -1.094772975089e+00   -1.072234792891e-01  -1.432141239319e+02  -6.497302300913e+00
 -1.071229786704e+00   -2.063479960350e-01  -1.332983761238e+02  -6.497302300913e+00
 -9.563639918986e-01   -1.217556944647e-01  -1.425948219639e+02  -6.497302300913e+00
 -1.576413059205e-03   -1.968813809287e-04  -1.817915046339e+02   1.613884140000e+01
 -5.864709417826e-01    8.189781197306e-02  -1.744723157105e+02   1.613884140000e+01
 -4.608138047576e-01    8.929438948025e-02  -1.834167442181e+02   1.613884140000e+01
 -6.067767894734e-01   -2.292284813240e-01  -1.151802008845e+02  -9.215581336824e+00
 -7.367915045290e-01   -2.581484368103e-01  -1.225689234798e+02  -9.215581336824e+00
 -8.626678638511e-01   -2.704603064073e-01  -1.175615061417e+02  -9.215581336824e+00
 -1.073690921101e+00   -2.062411085802e-01  -1.333693291903e+02  -1.011502488494e+01
 -8.680240891330e-01   -2.163685089175e-01  -1.320247907994e+02  -1.011502488494e+01
 -9.536730086464e-01   -1.223354631236e-01  -1.425289619772e+02  -1.011502488494e+01
 -4.639315848143e-01   -1.373791716926e-01  -1.303183523865e+02  -2.139377065320e+01
 -8.662554254706e-01   -2.170414428809e-01  -1.319713149340e+02  -2.139377065320e+01
 -7.385402481859e-01   -2.579886773881e-01  -1.225579694332e+02  -2.139377065320e+01
 -4.619081669018e-01   -1.369951826312e-01  -1.304028194176e+02  -2.310400868719e+01
 -5.122862184476e-01   -7.757652672514e-02  -1.417545576448e+02  -2.310400868719e+01
 -8.689760718230e-01   -2.171751728104e-01  -1.318867969250e+02  -2.310400868719e+01
 -9.880278981488e-01   -2.752179781643e-01  -1.247884624589e+02  -1.033533044782e+01
 -7.397429003406e-01   -2.578745284474e-01  -1.226961168919e+02  -1.033533044782e+01
 -8.649941743684e-01   -2.174265396506e-01  -1.318739069469e+02  -1.033533044782e+01
 -3.697645005601e-03    7.117728738683e-04  -1.415426112398e+02  -3.499301330034e+01
 -4.662661233710e-01   -1.368330241916e-01  -1.302844510117e+02  -3.499301330034e+01
 -4.793955465405e-04   -1.151837594012e-03  -1.303844288826e+02  -3.499301330034e+01
 -1.073114843257e+00   -2.051537088359e-01  -1.334556834879e+02  -7.254876730087e+00
 -9.853963512101e-01   -2.750438137249e-01  -1.247188886803e+02  -7.254876730087e+00
 -8.680214506138e-01   -2.172508528819e-01  -1.319404871404e+02  -7.254876730087e+00
 -1.089721258942e+00   -1.091744482587e-01  -1.431351601139e+02   5.492065822574e+00
 -5.924072892762e-01   -7.115081192767e-02  -1.333598232337e+02   5.492065822574e+00
 -1.076655922844e+00   -2.035126913868e-01  -1.334756073608e+02   5.492065822574e+00
 -1.458569764363e-03    2.595694085530e-04  -1.637495078473e+02   2.117235934881e+01
 -2.684756801294e-03   -7.462271211168e-04  -1.515713377687e+02   2.117235934881e+01
 -6.377460293778e-01    3.188173502167e-02  -1.613181536213e+02   2.117235934881e+01
 -3.845197097498e-01   -1.538901578587e-01  -1.207627857123e+02  -2.039416014485e+01
 -4.617569749404e-01   -1.370843308664e-01  -1.302927742725e+02  -2.039416014485e+01
 -7.403692726971e-01   -2.584371124698e-01  -1.225797454392e+02  -2.039416014485e+01
 -4.633491972093e-01   -1.386069007087e-01  -1.304051619614e+02  -3.262543519964e+01
  2.349937807286e-04   -1.617889138760e-03  -1.203216303402e+02  -3.262543519964e+01
 -2.079928637690e-03   -1.456975813176e-04  -1.302647705558e+02  -3.262543519964e+01
 -2.261473261280e-03   -2.884077666377e-03  -1.203191040403e+02  -3.236053355180e+01
 -4.605693482599e-01   -1.377424046587e-01  -1.303990469108e+02  -3.236053355180e+01
 -3.847615579174e-01   -1.533085755947e-01  -1.206955567504e+02  -3.236053355180e+01
 -3.707580647145e-01    6.648424715255e-02  -1.884195967559e+02   1.234334374375e+01
  8.628971582496e-05    5.742576628754e-05  -1.889441705601e+02   1.234334374375e+01
 -1.217742676762e-03    1.132444630735e-04  -1.868277005781e+02   1.234334374375e+01
 -3.185510610912e-01   -1.377585222197e-01  -1.130308327011e+02  -2.200544470020e+01
  1.973893650722e-04   -2.076195627835e-04  -1.129646421448e+02  -2.200544470020e+01
 -3.068015593817e-03   -1.625732045288e-03  -1.201184438790e+02  -2.200544470020e+01
 -3.156976201938e-01   -1.360714052334e-01  -1.131001730498e+02  -1.772126040116e+01
  7.611255264261e-04    7.263088482990e-04  -1.078102622230e+02  -1.772126040116e+01
 -1.361190609546e-03   -1.103771105800e-03  -1.128951629650e+02  -1.772126040116e+01
 -4.073927577581e-01   -5.347541197269e-02  -1.165126571816e+02   1.356343058801e+01
 -9.549894824888e-04   -2.282466507049e-04  -1.168998317557e+02   1.356343058801e+01
  2.745775401377e-04    5.815978845889e-04  -1.104059369519e+02   1.356343058801e+01
 -3.165914915141e-01   -1.367874979417e-01  -1.130214244931e+02  -2.729137095771e+01
 -5.363979983215e-03   -2.873664193823e-03  -1.201471150314e+02  -2.729137095771e+01
 -3.830135613586e-01   -1.532902438029e-01  -1.207525244135e+02  -2.729137095771e+01
 -7.191682787926e-01    5.816380077202e-02  -1.104770060650e+02  -1.070283956045e+01
 -7.106360336349e-01    2.658749398242e-02  -1.060637852497e+02  -1.070283956045e+01
 -6.358915024005e-03    2.968118408471e-04  -1.105148757171e+02  -1.070283956045e+01
 -2.638550354650e-01   -7.527629417039e-02  -1.086580554577e+02  -9.762788563511e+00
 -3.146797780531e-01   -1.365218069376e-01  -1.130451935519e+02  -9.762788563511e+00
 -5.101218879298e-01   -1.334547144896e-01  -1.103061992961e+02  -9.762788563511e+00
 -6.076412810804e-01   -2.300175298927e-01  -1.150838566184e+02  -1.573254750164e+01
 -3.150782343706e-01   -1.359809162775e-01  -1.131230502876e+02  -1.573254750164e+01
 -3.842129057433e-01   -1.541464216661e-01  -1.206656446235e+02  -1.573254750164e+01
 -7.176401703583e-04   -2.356694287970e-03  -1.077252159806e+02  -2.489076672779e+00
 -2.492340543661e-01   -8.223042959600e-04  -1.069977003206e+02  -2.489076672779e+00
 -4.512135248651e-04    9.837112954324e-04  -1.063945228716e+02  -2.489076672779e+00
 -1.964602224380e-03   -2.904673879020e-03  -1.077493499523e+02  -7.293565280125e+00
 -2.632510720771e-01   -7.427440017729e-02  -1.086431469228e+02  -7.293565280125e+00
 -2.479850230615e-01   -5.745741824658e-04  -1.069834211094e+02  -7.293565280125e+00
 -4.784570848434e-01    2.265218261654e-03  -1.085977547579e+02  -2.531027949250e+00
 -2.480848184518e-01    1.219879582011e-03  -1.070395010474e+02  -2.531027949250e+00
 -2.630615892293e-01   -7.573323771626e-02  -1.086012459536e+02  -2.531027949250e+00
 -7.480062954032e-04   -1.367454449142e-03  -1.063659731953e+02   3.669574450614e+00
 -2.487007256204e-01    1.649420093234e-03  -1.070309896335e+02   3.669574450614e+00
 -2.672925326355e-01    7.875046056691e-02  -1.082245685805e+02   3.669574450614e+00
 -5.086822402630e-01   -1.333105129642e-01  -1.102865637578e+02  -1.118793445343e+01
 -3.163246834499e-01   -1.368016361965e-01  -1.130720738562e+02  -1.118793445343e+01
 -6.055659778299e-01   -2.289562358455e-01  -1.151373861814e+02  -1.118793445343e+01
 -2.641673971025e-01   -7.587526278011e-02  -1.086255336457e+02  -1.428704177878e+01
 -5.984688594176e-04    8.334500133982e-06  -1.078211746709e+02  -1.428704177878e+01
 -3.138760144291e-01   -1.353446808509e-01  -1.130890705621e+02  -1.428704177878e+01
 -3.863182606561e-01   -1.546501453886e-01  -1.206876661568e+02  -1.736380931220e+01
 -7.379133283138e-01   -2.578671015276e-01  -1.226480605346e+02  -1.736380931220e+01
 -6.059340371783e-01   -2.296295852927e-01  -1.150639879551e+02  -1.736380931220e+01
 -8.187460754073e-01    3.948219257431e-02  -1.463108438262e+02  -2.036945827641e+01
 -1.783951914920e-03    1.225066890149e-03  -1.303854165218e+02  -2.036945827641e+01
 -3.071931280129e-03   -8.036485257650e-04  -1.512593548827e+02  -2.036945827641e+01
 -1.075099190797e+00   -2.042158251280e-01  -1.334506727469e+02   7.618016695397e+00
 -5.933291482832e-01   -7.007412568850e-02  -1.333577607666e+02   7.618016695397e+00
 -8.722451298179e-01   -1.737015853120e-01  -1.259959492186e+02   7.618016695397e+00
 -7.212532952360e-01    5.944907870190e-02  -1.104923003234e+02  -1.105459852518e+01
 -3.738529271560e-03   -1.552516533157e-03  -1.105532733800e+02  -1.105459852518e+01
 -5.392261587222e-01    7.358286704232e-02  -1.172338574946e+02  -1.105459852518e+01
 -4.883961820795e-01   -7.140276166942e-02  -1.230714092860e+02   9.805004008300e+00
 -4.079469277277e-01   -5.424136588186e-02  -1.165180059735e+02   9.805004008300e+00
 -7.896671181703e-01   -1.495687074843e-01  -1.204074792397e+02   9.805004008300e+00
 -4.909736531136e-01   -7.116803344733e-02  -1.230621229295e+02   1.837883563421e+01
 -5.819717251428e-01   -7.034137821812e-02  -1.332711954518e+02   1.837883563421e+01
 -7.278481657110e-03    1.580024202955e-04  -1.301025367609e+02   1.837883563421e+01
 -8.751601064122e-01   -1.737717274440e-01  -1.260689636321e+02   4.363583331958e+00
 -7.880554406744e-01   -1.497606202851e-01  -1.203933975571e+02   4.363583331958e+00
 -9.335728661632e-01   -2.315618725189e-01  -1.194106156075e+02   4.363583331958e+00
 -7.882902444943e-01   -1.499377652220e-01  -1.203823752617e+02   1.038143640799e+01
 -8.748180087042e-01   -1.728901729138e-01  -1.260731794342e+02   1.038143640799e+01
 -4.902176902358e-01   -7.112332064867e-02  -1.231106071320e+02   1.038143640799e+01
 -8.142564527025e-01   -1.421199779951e-01  -1.162025620395e+02   5.235537146522e+00
 -9.334390387438e-01   -2.307535939853e-01  -1.194284913715e+02   5.235537146522e+00
 -7.880473765950e-01   -1.500948136701e-01  -1.203816411029e+02   5.235537146522e+00
 -8.783879951780e-01   -1.737623755732e-01  -1.261208250840e+02   2.910920533689e+00
 -9.309115098121e-01   -2.317706217617e-01  -1.193556118225e+02   2.910920533689e+00
 -9.881031687855e-01   -2.735836694316e-01  -1.248580934585e+02   2.910920533689e+00
 -7.870737816622e-01   -1.494841724545e-01  -1.203883569072e+02   9.476149772062e+00
 -4.110262538126e-01   -5.448120066105e-02  -1.165527436518e+02   9.476149772062e+00
 -8.159467079560e-01   -1.420424561920e-01  -1.162157829379e+02   9.476149772062e+00
 -4.883395374378e-01   -7.126720548004e-02  -1.230827894921e+02   9.971992861538e+00
 -8.767664893540e-01   -1.728734532979e-01  -1.260753158542e+02   9.971992861538e+00
 -5.853287284380e-01   -7.051842430720e-02  -1.332639958044e+02   9.971992861538e+00
 -6.288431323045e-01   -4.520296070630e-02  -1.101454172755e+02   1.111996266903e+01
 -4.068219526022e-01   -5.415629001253e-02  -1.165111686536e+02   1.111996266903e+01
 -1.151792874587e-03    1.177677578382e-03  -1.104295556163e+02   1.111996266903e+01
 -5.875798450588e-01   -2.211886124680e-02  -1.029761592863e+02   9.767100490091e+00
 -6.146831640795e-01   -2.224110605447e-02  -1.063323548794e+02   9.767100490091e+00
 -1.662454275682e-03    5.412487732458e-04  -1.023328306837e+02   9.767100490091e+00
 -1.004087511690e+00   -2.017028230890e-02  -1.020425812983e+02   5.955574334681e+00
 -6.164127461464e-01   -2.295636310554e-02  -1.063652701229e+02   5.955574334681e+00
 -5.876129355060e-01   -2.255557799968e-02  -1.029791497525e+02   5.955574334681e+00
 -6.261174394824e-01   -4.319446324319e-02  -1.101699461432e+02   7.035776572510e+00
 -8.956470593246e-01   -6.940736222076e-02  -1.102206700790e+02   7.035776572510e+00
 -8.129004990039e-01   -1.418360964568e-01  -1.161660394786e+02   7.035776572510e+00
 -1.154807686310e+00    5.044590805248e-03  -3.288786288288e+01   7.439249793754e+00
 -2.817545609523e-02    8.181953601868e-04  -2.458382852390e+01   7.439249793754e+00
 -1.385436793166e+00   -9.146449202825e-03  -2.518546229086e+01   7.439249793754e+00
 -9.418152406388e-01   -1.767386601942e-01  -1.142731860506e+02   4.670874596075e+00
 -9.313388452832e-01   -2.305787336329e-01  -1.194079869619e+02   4.670874596075e+00
 -8.160997117980e-01   -1.426465323664e-01  -1.162295152812e+02   4.670874596075e+00
 -1.065217165367e+00    6.908286545467e-03  -1.025109310115e+02  -5.813978876570e+00
 -7.127243098267e-01    2.672917414286e-02  -1.061273120323e+02  -5.813978876570e+00
 -9.667900984913e-01    7.880024482679e-02  -1.101279345456e+02  -5.813978876570e+00
 -6.248653083432e-01   -4.409498062577e-02  -1.101156889050e+02   9.253349277715e+00
 -8.156115223475e-01   -1.411224042901e-01  -1.162054480137e+02   9.253349277715e+00
 -4.107424582697e-01   -5.538716499962e-02  -1.165267866319e+02   9.253349277715e+00
 -4.116969011375e-04    3.228128960929e-04  -1.023350322594e+02   1.024404447124e+01
 -6.160055421436e-01   -2.213292786156e-02  -1.063268427696e+02   1.024404447124e+01
 -1.543790395951e-03    1.390698218096e-04  -1.057185273719e+02   1.024404447124e+01
 -1.051627186630e-02   -9.346822044085e-04  -9.583297119056e+01   7.884328132562e+00
 -1.271506757839e+00   -1.379680724381e-02  -9.278758363787e+01   7.884328132562e+00
 -5.866689724251e-01   -2.276439606726e-02  -1.030334417747e+02   7.884328132562e+00
 -7.571222036124e-01   -1.712730145939e-01  -1.127013820007e+02  -4.534989310802e+00
 -6.066151429679e-01   -2.290989765773e-01  -1.151261363760e+02  -4.534989310802e+00
 -8.622621460240e-01   -2.700760524431e-01  -1.176144230869e+02  -4.534989310802e+00
 -9.843478701802e-01   -2.741740220540e-01  -1.247928191380e+02  -2.132374283685e+00
 -9.334401015442e-01   -2.316108327557e-01  -1.194301613161e+02  -2.132374283685e+00
 -8.632825474523e-01   -2.701942067930e-01  -1.176251430835e+02  -2.132374283685e+00
 -4.774378666668e-01    2.870194627369e-03  -1.086431976980e+02  -2.287797842207e+00
 -5.080135438887e-01   -1.323792681664e-01  -1.103051543620e+02  -2.287797842207e+00
 -7.134899258185e-01    6.123302529993e-03  -1.107399852129e+02  -2.287797842207e+00
 -5.095437195894e-01   -1.329105627854e-01  -1.103661385308e+02  -6.589288057333e+00
 -6.044421446277e-01   -2.290456069346e-01  -1.150823192448e+02  -6.589288057333e+00
 -7.587488215319e-01   -1.711318218445e-01  -1.127393696447e+02  -6.589288057333e+00
 -7.116751698576e-01    5.920212987348e-03  -1.107048072448e+02  -1.591179892389e+00
 -5.097992197924e-01   -1.324499316841e-01  -1.103392854121e+02  -1.591179892389e+00
 -7.581795794647e-01   -1.708901463051e-01  -1.127683007334e+02  -1.591179892389e+00
 -5.087703514254e-01   -1.322906111379e-01  -1.103381177410e+02  -4.169539587313e+00
 -4.768983928627e-01    2.323529268558e-03  -1.085832481023e+02  -4.169539587313e+00
 -2.645697215754e-01   -7.604061693309e-02  -1.086209175028e+02  -4.169539587313e+00
 -8.594987353176e-01   -2.689154781838e-01  -1.175575877139e+02  -1.478454882610e+00
 -9.434582719245e-01   -1.768755592732e-01  -1.143331326482e+02  -1.478454882610e+00
 -7.610678764111e-01   -1.722252846894e-01  -1.128321711791e+02  -1.478454882610e+00
 -8.602796205286e-01   -2.704102542391e-01  -1.175001401058e+02  -6.738412477835e+00
 -7.396345313520e-01   -2.581649201331e-01  -1.226277212412e+02  -6.738412477835e+00
 -9.876941543598e-01   -2.747430573338e-01  -1.248586051724e+02  -6.738412477835e+00
 -9.400942017404e-01   -1.745025437090e-01  -1.142719658989e+02   4.460242813133e+00
 -8.981929237593e-01   -6.892160197020e-02  -1.102576847351e+02   4.460242813133e+00
 -1.031228696332e+00   -5.278045933297e-02  -1.096076103619e+02   4.460242813133e+00
 -8.629733811356e-01   -2.692800101532e-01  -1.176177976123e+02   3.637982134961e-01
 -9.332151429600e-01   -2.319009610155e-01  -1.194239861613e+02   3.637982134961e-01
 -9.397872128552e-01   -1.760517357108e-01  -1.142418498409e+02   3.637982134961e-01
 -9.336959213384e-01    9.400223562025e-02  -1.120004226423e+02   4.214909865924e-01
 -7.149731367427e-01    6.215920932544e-03  -1.108029117797e+02   4.214909865924e-01
 -9.166104225014e-01   -7.599192813493e-02  -1.120211229355e+02   4.214909865924e-01
 -7.131719404510e-01    4.761729395245e-03  -1.107689117683e+02  -6.947564516755e-01
 -7.574376642073e-01   -1.697102204398e-01  -1.127593753521e+02  -6.947564516755e-01
 -9.179105585385e-01   -7.540806723631e-02  -1.120559484846e+02  -6.947564516755e-01
 -1.033102926815e+00   -5.299611805047e-02  -1.096397999381e+02   6.138309530526e-01
 -9.199754266008e-01   -7.684666198790e-02  -1.120753849577e+02   6.138309530526e-01
 -9.382290919483e-01   -1.754272109044e-01  -1.142472543021e+02   6.138309530526e-01
 -1.035003717972e+00   -5.482316783392e-02  -1.096283034766e+02   1.742881976348e+00
 -1.082281224055e+00    1.114059121405e-02  -1.094008524435e+02   1.742881976348e+00
 -9.189755600035e-01   -7.427297352584e-02  -1.120831961494e+02   1.742881976348e+00
 -1.164890291082e+00   -9.435306423767e-03  -1.062258126141e+02   1.252876231265e+00
 -1.082902959422e+00    9.475204434984e-03  -1.094050600427e+02   1.252876231265e+00
 -1.033312795623e+00   -5.307571030699e-02  -1.095957419423e+02   1.252876231265e+00
 -9.156306921725e-01   -7.498630676850e-02  -1.119838332925e+02   1.166450897096e+00
 -7.611909449746e-01   -1.706759147842e-01  -1.128313236071e+02   1.166450897096e+00
 -9.431842022714e-01   -1.779431631810e-01  -1.143222666267e+02   1.166450897096e+00
 -8.139517506980e-01   -1.434313446010e-01  -1.161681501835e+02   4.009544108570e+00
 -8.952922206968e-01   -6.856737109625e-02  -1.102068243006e+02   4.009544108570e+00
 -9.437951951055e-01   -1.757202151447e-01  -1.143090827605e+02   4.009544108570e+00
 -4.773675809211e-01    3.401786944497e-03  -1.086401991711e+02   2.930925583528e+00
 -7.135689035208e-01    6.195032943290e-03  -1.107436989563e+02   2.930925583528e+00
 -5.175475094626e-01    1.405400352839e-01  -1.101458041183e+02   2.930925583528e+00
 -1.269356572046e+00   -2.630564155870e-03  -3.913608873779e+01  -6.508104224018e+00
 -3.671383701715e-02   -1.465011811352e-03  -3.985248562918e+01  -6.508104224018e+00
 -1.278061388299e+00   -3.052976840068e-03  -4.951020560897e+01  -6.508104224018e+00
 -8.769330515644e-01   -1.736439461878e-01  -1.261019000217e+02   5.645791044409e-01
 -9.893597393323e-01   -2.738425389315e-01  -1.248830408856e+02   5.645791044409e-01
 -1.068946847974e+00   -2.050726375715e-01  -1.333751753521e+02   5.645791044409e-01
 -9.144646341923e-01   -8.852543043549e-03   1.334165819553e-02  -8.906450447139e+00
 -1.278584254787e-03    1.214065330777e-04  -2.307103025866e-02  -8.906450447139e+00
 -4.748534927530e-03   -2.139031529945e-04  -6.679526662578e+00  -8.906450447139e+00
 -2.483555323140e-01    7.814223362357e-04  -1.070483247520e+02   3.010148564647e+00
 -4.783821699071e-01    3.840683614112e-03  -1.086006025438e+02   3.010148564647e+00
 -2.675332389028e-01    8.055179452892e-02  -1.082216549839e+02   3.010148564647e+00
 -4.053999926564e-01    1.626545209237e-01  -1.201214303230e+02   3.043736820976e+01
 -3.077502761073e-03    2.982271034849e-04  -1.296599036835e+02   3.043736820976e+01
 -2.608300558800e-04    8.751259358862e-04  -1.201717510481e+02   3.043736820976e+01
 -5.906114764737e-01   -2.328955719005e-02  -1.030257232019e+02   5.901097615938e+00
 -1.262794418722e+00   -1.323526301552e-02  -9.273454080853e+01   5.901097615938e+00
 -1.001529785375e+00   -1.994362326619e-02  -1.019752348020e+02   5.901097615938e+00
 -2.806281144146e-03   -8.470243412322e-04  -1.410554735911e+02   3.578393765217e+01
 -1.422063209221e-03    1.524727105378e-03  -1.298517738293e+02   3.578393765217e+01
 -4.796792919704e-01    1.371248119217e-01  -1.298340404271e+02   3.578393765217e+01
  4.641666009718e-04    4.589797257311e-04  -1.169071891109e+02   1.628109057917e+01
 -4.892207434006e-01   -7.047820653296e-02  -1.230686887877e+02   1.628109057917e+01
 -1.226184812821e-03   -1.688671520265e-04  -1.224146839494e+02   1.628109057917e+01
 -4.031352152191e-01    1.616839022249e-01  -1.201115724067e+02   3.632427439973e+01
 -4.758594110568e-01    1.378408043118e-01  -1.299410683213e+02   3.632427439973e+01
 -5.380317382460e-03    1.234309478032e-03  -1.296928554771e+02   3.632427439973e+01
 -5.419492883442e-03   -2.221850140485e-04  -1.410867374983e+02   4.148228689219e+01
 -4.772954454282e-01    1.364967007956e-01  -1.298229845969e+02   4.148228689219e+01
 -5.324372810361e-01    7.883954749588e-02  -1.412856053470e+02   4.148228689219e+01
 -1.989031608609e-03    7.559123674614e-04  -1.200719573937e+02   2.694840221083e+01
  9.157127862518e-04    4.932773401238e-04  -1.123931904261e+02   2.694840221083e+01
 -4.020150577193e-01    1.627588002539e-01  -1.202235172294e+02   2.694840221083e+01
 -1.248876389743e+00    2.806061643917e-02  -6.980867513103e+01   1.366483825072e+00
 -1.080194961064e+00    2.723606563025e-02  -7.049693169777e+01   1.366483825072e+00
 -9.777861190402e-01    1.657106330375e-02  -6.241147569323e+01   1.366483825072e+00
 -2.690970267080e-01    8.148019374680e-02  -1.082053689687e+02   1.864251467267e+01
 -3.212530187947e-01    1.354532238280e-01  -1.130293473790e+02   1.864251467267e+01
 -3.826835432527e-03    3.343864004115e-03  -1.122793972090e+02   1.864251467267e+01
 -8.588591137010e-04    1.106940801677e-03  -1.080656552135e+02   8.128150474707e+00
  3.277577644776e-04   -1.624366073347e-03  -1.063427586493e+02   8.128150474707e+00
 -2.688057234189e-01    7.914994385189e-02  -1.082392508534e+02   8.128150474707e+00
 -4.011383182986e-01    1.621717444591e-01  -1.201415526293e+02   1.663889234735e+01
 -3.223416607820e-01    1.363462425686e-01  -1.130420172994e+02   1.663889234735e+01
 -6.267786698548e-01    2.386807736287e-01  -1.149319246095e+02   1.663889234735e+01
 -3.997116444230e-01    1.618521708776e-01  -1.202156214080e+02   2.506825239829e+01
 -9.787766076985e-04    1.629629193910e-03  -1.123982896805e+02   2.506825239829e+01
 -3.228907379005e-01    1.363840365873e-01  -1.129927653051e+02   2.506825239829e+01
 -5.182590286020e-01    1.416191913364e-01  -1.101197307589e+02   1.217720864082e+01
 -6.247434467111e-01    2.377276936773e-01  -1.149815671035e+02   1.217720864082e+01
 -3.236725146666e-01    1.372076731121e-01  -1.129843957589e+02   1.217720864082e+01
 -4.767950015232e-01    1.379328759121e-01  -1.298413740676e+02   2.123493810511e+01
 -4.015053948321e-01    1.618696722667e-01  -1.202324750328e+02   2.123493810511e+01
 -7.700646144235e-01    2.694096959317e-01  -1.222756894562e+02   2.123493810511e+01
 -3.219245078960e-01    1.367527263496e-01  -1.129645465335e+02   1.031707545826e+01
 -2.681190891700e-01    7.997611636577e-02  -1.082829162249e+02   1.031707545826e+01
 -5.197454670775e-01    1.418577818034e-01  -1.101372348995e+02   1.031707545826e+01
 -2.123074583963e-03    2.316823593342e-03  -1.122535287865e+02   1.307661327671e+01
  1.435771691926e-04   -4.589383169892e-04  -1.080960523163e+02   1.307661327671e+01
 -2.706455437595e-01    8.212986621489e-02  -1.082134308444e+02   1.307661327671e+01
 -6.409762005320e-01    9.516613710508e-02  -1.239196188835e+02  -1.751421060614e+01
 -8.900067555198e-03   -2.937902480664e-04  -1.304222299174e+02  -1.751421060614e+01
 -7.403280684430e-01    8.871421939366e-02  -1.337478177433e+02  -1.751421060614e+01
 -7.675168702500e-01    2.687965376984e-01  -1.223435490600e+02   1.808550782780e+01
 -4.031860088174e-01    1.625223768949e-01  -1.201670838413e+02   1.808550782780e+01
 -6.250706675682e-01    2.383573991342e-01  -1.149114978317e+02   1.808550782780e+01
 -9.993255737563e-01    1.243954781284e-01  -1.420638744246e+02   2.672835645486e+01
 -1.034852791056e+00   -6.428531983305e-03  -1.534760995693e+02   2.672835645486e+01
 -5.615488461079e-01   -4.075627712223e-03  -1.533925027604e+02   2.672835645486e+01
 -9.988586162151e-01    1.251902067370e-01  -1.421750961840e+02   2.548964995009e+01
 -5.352710573170e-01    7.855381164936e-02  -1.411980345752e+02   2.548964995009e+01
 -9.043494758236e-01    2.250049536245e-01  -1.315123680365e+02   2.548964995009e+01
 -1.040357413742e+00   -5.686930095123e-03  -1.533645513650e+02   7.788293465707e+00
 -1.188622977692e+00    1.174136126877e-01  -1.428169067504e+02   7.788293465707e+00
 -1.185980651112e+00   -8.157922481814e-03  -1.534097839810e+02   7.788293465707e+00
 -8.166131741213e-01    3.822600953582e-02  -1.463208874948e+02  -4.477290807581e+00
 -1.186172438777e+00   -6.078446747930e-03  -1.533431307876e+02  -4.477290807581e+00
 -1.187859079170e+00    1.148599867681e-01  -1.429489573324e+02  -4.477290807581e+00
 -1.188842262336e+00   -7.503794405782e-03  -1.533712938314e+02  -7.387166625192e+00
 -8.138590699043e-01    3.953343287567e-02  -1.462890398888e+02  -7.387166625192e+00
 -8.127104693966e-01   -4.625666788222e-02  -1.602602586133e+02  -7.387166625192e+00
 -1.040462346465e+00   -8.295577752636e-03  -1.535476901502e+02   7.951996117031e+00
 -1.185930709493e+00   -6.841530867587e-03  -1.533250401133e+02   7.951996117031e+00
 -1.187174650316e+00   -1.370715002460e-01  -1.639188613364e+02   7.951996117031e+00
 -1.191586118100e+00    1.169934916919e-01  -1.428756428013e+02   1.073258768746e+01
 -1.036999777308e+00   -4.971928447728e-03  -1.533186122908e+02   1.073258768746e+01
 -9.993807404379e-01    1.240898983547e-01  -1.422272225618e+02   1.073258768746e+01
 -5.583390723003e-01   -3.933016401057e-03  -1.533817675234e+02   2.599169530916e+01
 -5.325283915328e-01    7.859570635206e-02  -1.412999144915e+02   2.599169530916e+01
 -1.001892693759e+00    1.246971672910e-01  -1.420797617604e+02   2.599169530916e+01
 -1.152184261737e+00    2.220080789967e-01  -1.333919576583e+02   8.575047996036e+00
 -9.055686535003e-01    2.256817051448e-01  -1.315855250235e+02   8.575047996036e+00
 -1.045141570057e+00    2.948876610912e-01  -1.246948954808e+02   8.575047996036e+00
 -9.064438717203e-01    2.255243521606e-01  -1.315343049627e+02   2.435096796546e+01
 -5.329286521859e-01    7.828805792927e-02  -1.411753821741e+02   2.435096796546e+01
 -4.766227754435e-01    1.378352503144e-01  -1.299488037195e+02   2.435096796546e+01
 -1.185492648570e+00    1.176685366995e-01  -1.429026454639e+02  -3.801984114234e+00
 -1.155480189775e+00    2.203968588987e-01  -1.334111051043e+02  -3.801984114234e+00
 -7.508973082482e-01    9.000812059370e-02  -1.338171352962e+02  -3.801984114234e+00
 -1.190251151524e+00    1.156445789659e-01  -1.429805228785e+02   8.085702605202e+00
 -1.000174951203e+00    1.254912710198e-01  -1.421228193656e+02   8.085702605202e+00
 -1.150403538907e+00    2.231967528001e-01  -1.332351417909e+02   8.085702605202e+00
 -7.692578286551e-01    2.687192242408e-01  -1.223965167984e+02   1.143609211103e+01
 -1.047770458368e+00    2.950402653025e-01  -1.247639561864e+02   1.143609211103e+01
 -9.025340676200e-01    2.258584037500e-01  -1.315192419069e+02   1.143609211103e+01
 -1.189169047237e+00    1.165678479938e-01  -1.429424478202e+02  -7.420281111546e+00
 -7.456047211849e-01    9.070188488986e-02  -1.337527975786e+02  -7.420281111546e+00
 -8.149864774752e-01    3.677833736898e-02  -1.463259906778e+02  -7.420281111546e+00
 -1.154143089434e+00    2.211467517164e-01  -1.333846846481e+02  -5.986941456160e+00
 -9.796870906602e-01    1.988824419862e-01  -1.263763183204e+02  -5.986941456160e+00
 -7.515001793728e-01    8.884164856110e-02  -1.338198538857e+02  -5.986941456160e+00
 -1.152839090165e+00    2.230828852772e-01  -1.333054659456e+02   1.146786218710e+01
 -9.975398356257e-01    1.260745969155e-01  -1.420563383848e+02   1.146786218710e+01
 -9.055054549855e-01    2.247885337734e-01  -1.316700278783e+02   1.146786218710e+01
 -4.789652403998e-01    1.383136498748e-01  -1.298636837138e+02   2.269675104883e+01
 -7.682629513492e-01    2.689532214498e-01  -1.222547437565e+02   2.269675104883e+01
 -9.036319535739e-01    2.253982669387e-01  -1.316181819644e+02   2.269675104883e+01
 -5.412648109424e-01    7.394344752222e-02  -1.172493734675e+02  -1.432676716908e+01
 -2.077115666002e-03   -6.810615347161e-04  -1.172513400973e+02  -1.432676716908e+01
 -6.396587516473e-01    9.487241909016e-02  -1.239327876728e+02  -1.432676716908e+01
 -9.023013884856e-01    2.884327914927e-01  -1.175365874274e+02   1.010840829541e+01
 -7.663890630202e-01    2.689949568207e-01  -1.222716525840e+02   1.010840829541e+01
 -6.259697627110e-01    2.381156466940e-01  -1.150181644858e+02   1.010840829541e+01
 -3.052878042474e-03   -1.876681724411e-03  -1.533195745055e+02   3.913188786351e+01
 -1.751271322754e-03    1.456979694205e-03  -1.412554547723e+02   3.913188786351e+01
 -5.358205756923e-01    7.687522456373e-02  -1.411772296348e+02   3.913188786351e+01
 -7.117365070375e-01    6.369062925778e-03  -1.107072349677e+02   2.380061605306e+00
 -7.775241892147e-01    1.855863305203e-01  -1.127046070357e+02   2.380061605306e+00
 -5.193440439466e-01    1.406280631664e-01  -1.101820740916e+02   2.380061605306e+00
 -2.689885116988e-01    8.077148349367e-02  -1.082488764559e+02   4.772191540643e+00
 -4.768544678357e-01    3.837928234058e-03  -1.085838429313e+02   4.772191540643e+00
 -5.182236401121e-01    1.405385434900e-01  -1.101741094183e+02   4.772191540643e+00
 -8.999050271150e-01    2.883858211743e-01  -1.174757657123e+02   7.779076782339e+00
 -1.047342905143e+00    2.945507303601e-01  -1.248327376540e+02   7.779076782339e+00
 -7.692133938984e-01    2.690032761800e-01  -1.223307711719e+02   7.779076782339e+00
 -6.258913550939e-01    2.380221087867e-01  -1.149652437279e+02   5.463909977742e+00
 -7.765514452802e-01    1.859895843856e-01  -1.126391896472e+02   5.463909977742e+00
 -9.018512903071e-01    2.880402011018e-01  -1.175870402450e+02   5.463909977742e+00
 -9.973907424949e-01    1.985256091497e-01  -1.144530304130e+02   2.233510969518e+00
 -8.992036435948e-01    2.869270797882e-01  -1.175333629635e+02   2.233510969518e+00
 -7.803752608317e-01    1.869406901289e-01  -1.127673548074e+02   2.233510969518e+00
 -9.028580770788e-01    2.881831013647e-01  -1.175970408494e+02   3.089428022017e+00
 -1.005609464956e+00    2.566912375006e-01  -1.196535313186e+02   3.089428022017e+00
 -1.044061994271e+00    2.939926670287e-01  -1.247696506900e+02   3.089428022017e+00
 -9.970293247524e-01    1.994623578722e-01  -1.144369454266e+02  -3.210040747678e-01
 -7.805861061398e-01    1.854640517894e-01  -1.127700973535e+02  -3.210040747678e-01
 -9.327916268696e-01    9.305488837820e-02  -1.119625728922e+02  -3.210040747678e-01
 -6.237106816313e-01    2.379173672254e-01  -1.149230365229e+02   7.313730365452e+00
 -5.190022793335e-01    1.410865898051e-01  -1.102063592048e+02   7.313730365452e+00
 -7.781859872627e-01    1.858771438337e-01  -1.126771457720e+02   7.313730365452e+00
 -7.182408788563e-01    5.866769884870e-02  -1.104648132944e+02  -5.902280641666e+00
 -9.693542742078e-01    7.991434663300e-02  -1.101557828827e+02  -5.902280641666e+00
 -7.103379407447e-01    2.608768664940e-02  -1.060931777648e+02  -5.902280641666e+00
 -1.281245752928e+00   -1.205433419942e-02  -9.279349455307e+01   7.738889406065e+00
 -7.355038629902e-03   -1.847086807865e-03  -9.571801734362e+01   7.738889406065e+00
 -1.225026422768e-02    1.439929959144e-03  -8.533058806884e+01   7.738889406065e+00
 -9.940808300876e-01    1.959789496802e-01  -1.143912906981e+02  -3.977232047465e+00
 -1.074276054161e+00    6.382480247217e-02  -1.098487599164e+02  -3.977232047465e+00
 -9.704870285229e-01    8.063000510094e-02  -1.101858046479e+02  -3.977232047465e+00
 -9.921642140170e-01    1.966931360692e-01  -1.143593987681e+02   2.880493642593e-02
 -9.369867891815e-01    9.517573674155e-02  -1.120501538719e+02   2.880493642593e-02
 -1.075871779160e+00    6.444929872169e-02  -1.098808144896e+02   2.880493642593e-02
 -1.077403822773e+00    6.350999636936e-02  -1.098969924836e+02   1.216881225287e-03
 -1.082082123069e+00    1.002603601280e-02  -1.094065385823e+02   1.216881225287e-03
 -1.166211075403e+00   -1.012064369862e-02  -1.062252834019e+02   1.216881225287e-03
 -1.005334457270e+00    2.569429930655e-01  -1.196462194237e+02   5.243271575122e-01
 -9.026491754442e-01    2.873358278935e-01  -1.175917154867e+02   5.243271575122e-01
 -9.937700410072e-01    1.976832733425e-01  -1.143654958664e+02   5.243271575122e-01
 -1.067943880129e+00    7.981000971250e-03  -1.025401860238e+02  -1.686238529678e+00
 -1.077172084206e+00    6.292412298396e-02  -1.099177902075e+02  -1.686238529678e+00
 -1.167670218981e+00   -9.574035243864e-03  -1.062201127908e+02  -1.686238529678e+00
 -1.077708892121e+00    6.644241008178e-02  -1.098816986244e+02  -8.696031196009e-01
 -9.361460891431e-01    9.246959598737e-02  -1.120521329117e+02  -8.696031196009e-01
 -1.082191826975e+00    7.807903671665e-03  -1.094104989287e+02  -8.696031196009e-01
 -7.768876037279e-01    1.843930799080e-01  -1.126980511846e+02   1.378248122968e+00
 -7.131041034202e-01    7.578370885885e-03  -1.107680696263e+02   1.378248122968e+00
 -9.350417387587e-01    9.350868091205e-02  -1.120363170588e+02   1.378248122968e+00
 -9.070876493452e-01    1.691988027975e-01  -1.166141600080e+02  -3.367533206349e+00
 -9.979341635623e-01    1.972065487234e-01  -1.144336327126e+02  -3.367533206349e+00
 -9.675476417874e-01    8.059783319800e-02  -1.101389501581e+02  -3.367533206349e+00
 -1.005652389190e+00    2.559029375621e-01  -1.196523875246e+02  -4.252492410806e+00
 -9.076334553850e-01    1.677785401670e-01  -1.166475191678e+02  -4.252492410806e+00
 -8.950937469017e-01    1.767402771522e-01  -1.209061328871e+02  -4.252492410806e+00
 -1.003567065027e+00    2.556928951213e-01  -1.196324148758e+02  -3.895609865649e+00
 -9.957419153976e-01    1.982611298754e-01  -1.143948126442e+02  -3.895609865649e+00
 -9.094219702750e-01    1.683527604920e-01  -1.166736545718e+02  -3.895609865649e+00
 -9.821970787275e-01    1.981368223896e-01  -1.264490646959e+02  -9.104027783928e+00
 -8.953213976226e-01    1.766222977521e-01  -1.209085508746e+02  -9.104027783928e+00
 -6.405469884446e-01    9.526287141488e-02  -1.239633033273e+02  -9.104027783928e+00
 -8.952002613266e-01    1.764464788133e-01  -1.209189915214e+02  -3.314382395329e+00
 -9.824002340673e-01    1.989857614052e-01  -1.264458052551e+02  -3.314382395329e+00
 -1.005626306757e+00    2.566762584803e-01  -1.196335757021e+02  -3.314382395329e+00
 -5.411427324441e-01    7.387806625042e-02  -1.172513721812e+02  -8.827395360763e+00
 -6.393522763618e-01    9.557106175005e-02  -1.239298585395e+02  -8.827395360763e+00
 -8.965492161117e-01    1.762585757519e-01  -1.209345022359e+02  -8.827395360763e+00
 -9.842305195125e-01    1.981179058356e-01  -1.264515353245e+02  -8.536442989756e+00
 -6.382727225246e-01    9.539725042053e-02  -1.239370691492e+02  -8.536442989756e+00
 -7.434683334293e-01    8.914742742839e-02  -1.337336489760e+02  -8.536442989756e+00
 -8.942619426992e-01    1.761555073652e-01  -1.209161670592e+02  -8.762929505016e+00
 -9.093071683838e-01    1.676736473218e-01  -1.166589905233e+02  -8.762929505016e+00
 -5.437306322061e-01    7.413441898727e-02  -1.172825924637e+02  -8.762929505016e+00
 -1.003015523674e+00    2.568798224778e-01  -1.195805065210e+02  -1.715359196840e+00
 -9.855784019890e-01    1.989742564968e-01  -1.264954288678e+02  -1.715359196840e+00
 -1.047836774372e+00    2.934218786521e-01  -1.248333167985e+02  -1.715359196840e+00
 -7.199029644295e-01    5.760169164100e-02  -1.105006300514e+02  -6.747538418975e+00
 -9.062107990252e-01    1.675008508784e-01  -1.166207820646e+02  -6.747538418975e+00
 -9.678926682446e-01    8.161418342327e-02  -1.101393903152e+02  -6.747538418975e+00
 -6.795933833108e-01    9.771966103954e-03  -1.023165262863e+02  -9.907625922174e+00
 -2.922305949521e-03   -4.850703522757e-04  -1.019248279797e+02  -9.907625922174e+00
 -7.105723613767e-01    2.603239440989e-02  -1.061166246113e+02  -9.907625922174e+00
 -6.793377886466e-01    9.766551702883e-03  -1.022774785762e+02  -5.487034989403e+00
 -1.065928005116e+00    7.652089532299e-03  -1.024836919738e+02  -5.487034989403e+00
 -9.377229370321e-01    1.243407269225e-02  -9.607106528010e+01  -5.487034989403e+00
 -2.851488989943e-03    5.088507662414e-04  -1.104778461833e+02  -1.017625951592e+01
 -7.135447966287e-01    2.645139068650e-02  -1.060944768876e+02  -1.017625951592e+01
 -6.275388745463e-04   -4.980272528020e-04  -1.019087788443e+02  -1.017625951592e+01
 -9.087100084316e-01   -8.626061033970e-03  -5.285381863778e-03  -2.985290785433e+00
 -1.078144849786e+00   -1.021742163293e-02  -7.273180149687e+00  -2.985290785433e+00
 -1.217302642529e+00   -2.691630954177e-03  -7.712444836846e-02  -2.985290785433e+00
  1.245495542488e-03    1.467776874736e-03  -1.880124252568e+02  -1.212638824917e+01
 -4.848085826087e-01   -8.471472674310e-02  -1.863595656992e+02  -1.212638824917e+01
 -1.959546374298e-03   -8.220957707788e-04  -1.855930983189e+02  -1.212638824917e+01
 -1.074944858157e+00    1.440814616609e-02  -8.562648760002e+01   8.210988368664e+00
 -1.271344369869e+00   -1.100044659870e-02  -9.276803550932e+01   8.210988368664e+00
 -1.842135826019e-02    1.648717703809e-03  -8.533150633282e+01   8.210988368664e+00
 -7.178005096485e-01    5.838334683575e-02  -1.104522727125e+02  -8.596742045069e+00
 -5.427789033327e-01    7.497865497775e-02  -1.172514764459e+02  -8.596742045069e+00
 -9.094670503531e-01    1.668012508468e-01  -1.166539706745e+02  -8.596742045069e+00
 -1.263337600419e+00   -2.114662345475e-03  -3.911273814807e+01  -1.737900978766e-01
 -1.165241655500e+00    5.010327878916e-03  -3.281894705288e+01  -1.737900978766e-01
 -1.114890761457e+00   -5.900186759424e-03  -3.152507514584e+01  -1.737900978766e-01
  8.055991550928e-04   -3.069164603238e-04  -1.171886778429e+02  -1.605332649637e+01
 -4.462689054075e-03    1.030711233043e-04  -1.303453566703e+02  -1.605332649637e+01
 -6.438939765813e-01    9.463294249754e-02  -1.239513277462e+02  -1.605332649637e+01
 -1.210043415794e+00    6.171669010176e-03  -8.689173652280e+01  -8.598783698915e+00
 -2.113370366165e-02    1.661024940735e-03  -9.513524410932e+01  -8.598783698915e+00
 -9.296755382225e-01    1.275023261150e-02  -9.601324172062e+01  -8.598783698915e+00
 -1.048963715993e+00    2.936808799319e-01  -1.248569699042e+02   7.035723521017e-01
 -9.842915097630e-01    1.988431448007e-01  -1.264778324879e+02   7.035723521017e-01
 -1.148122192477e+00    2.219672934748e-01  -1.333121869684e+02   7.035723521017e-01
 -1.083237050322e+00    9.447420364552e-03  -1.094507213586e+02   3.615592392758e-01
 -9.341406127848e-01    9.087799234028e-02  -1.120237832068e+02   3.615592392758e-01
 -9.168887925120e-01   -7.287562316563e-02  -1.120445739313e+02   3.615592392758e-01
 -5.139643401205e-03    1.315937145209e-03  -1.304126356277e+02  -1.686099814150e+01
 -8.155259977296e-01    3.947722367814e-02  -1.462962038213e+02  -1.686099814150e+01
 -7.429285790417e-01    8.790559661363e-02  -1.337580991867e+02  -1.686099814150e+01
 -1.258586609758e+00   -1.202466305140e-02  -9.260835660143e+01  -2.212126684949e+00
 -9.513246767301e-01    1.241795620543e-02  -9.604662447089e+01  -2.212126684949e+00
 -1.181234210359e+00   -3.103215568926e-03  -1.023784943998e+02  -2.212126684949e+00
 -1.092516823880e+00   -1.064937362528e-01  -1.431775247161e+02   6.693131186874e+00
 -1.084381093028e+00    1.867630435746e-03  -1.539275315525e+02   6.693131186874e+00
 -6.428600292479e-01   -3.257167694669e-02  -1.464439240572e+02   6.693131186874e+00
 -1.138046652188e-02   -4.949629884354e-04  -6.667819005157e+00  -8.176482337913e+00
 -1.081039180250e+00   -1.014556552159e-02  -7.223234352041e+00  -8.176482337913e+00
 -9.083899355195e-01   -8.762844457429e-03   3.008226128056e-02  -8.176482337913e+00
 -1.178295219825e+00   -3.197427399927e-03  -1.023479329127e+02  -1.534945172436e+00
 -1.068291911177e+00    8.299103293732e-03  -1.025269323722e+02  -1.534945172436e+00
 -1.166728492981e+00   -9.404097329370e-03  -1.062150684177e+02  -1.534945172436e+00
 -1.402941668415e+00   -1.124434432593e-02  -2.517456412632e+01  -6.233534245995e+00
 -1.154890608781e+00   -1.771533219039e-02  -1.505587204129e+01  -6.233534245995e+00
 -4.515974333206e-02    8.791787260830e-04  -2.325288738724e+01  -6.233534245995e+00
 -1.184676607049e+00   -3.019088728288e-03  -1.023892527609e+02  -1.766431707200e+00
 -9.459848602524e-01    1.233280769089e-02  -9.606496138303e+01  -1.766431707200e+00
 -1.061657960487e+00    7.843391703201e-03  -1.025246314219e+02  -1.766431707200e+00
 -9.383146476590e-01    1.205372328547e-02  -9.591298941340e+01  -1.858236366666e+00
 -1.266995145910e+00   -1.074575040694e-02  -9.258603670102e+01  -1.858236366666e+00
 -1.201001479380e+00    6.347739692378e-03  -8.683736697390e+01  -1.858236366666e+00
 -1.165567302159e+00   -9.663606227101e-03  -1.062141896884e+02   3.507596926772e+00
 -1.032923522718e+00   -5.303901056600e-02  -1.095980482055e+02   3.507596926772e+00
 -8.949377373017e-01   -6.819128064505e-02  -1.102583751486e+02   3.507596926772e+00
 -1.005381897225e+00   -1.954352452170e-02  -1.020312230023e+02   2.519571577206e+00
 -1.179780080988e+00   -2.744034257146e-03  -1.023484982909e+02   2.519571577206e+00
 -1.164416429564e+00   -1.017484730126e-02  -1.062447892920e+02   2.519571577206e+00
 -8.937480472955e-01   -6.722361688664e-02  -1.102752524626e+02   5.469017662926e+00
 -6.218616433916e-01   -2.355464295709e-02  -1.063971499383e+02   5.469017662926e+00
 -1.168162250988e+00   -1.073847405073e-02  -1.062211802442e+02   5.469017662926e+00
 -1.173942866309e-03    7.370466579012e-04  -1.056743705768e+02   1.048114756009e+01
 -6.294343600160e-01   -4.360439043859e-02  -1.101399300770e+02   1.048114756009e+01
 -1.457025671717e-03   -2.491292069293e-04  -1.104114369570e+02   1.048114756009e+01
 -6.263740116994e-01   -4.346069562469e-02  -1.101286325203e+02   1.052796686793e+01
 -3.362417285446e-03    9.046008747640e-04  -1.056947122703e+02   1.052796686793e+01
 -6.148781037697e-01   -2.269774549594e-02  -1.063473293689e+02   1.052796686793e+01
 -1.065391335028e+00    6.785635650840e-03  -1.025237407073e+02  -2.900652418753e+00
 -9.662926390882e-01    7.913142437657e-02  -1.101207932239e+02  -2.900652418753e+00
 -1.078412073530e+00    6.394390241478e-02  -1.099212158223e+02  -2.900652418753e+00
 -6.788343880728e-01    9.652013280049e-03  -1.023028884482e+02  -5.802575024171e+00
 -7.104214997865e-01    2.644505566793e-02  -1.061437052724e+02  -5.802575024171e+00
 -1.067599633272e+00    7.631415435381e-03  -1.025079608002e+02  -5.802575024171e+00
 -1.077926413594e+00   -8.942398830599e-03  -7.299891687024e+00  -9.525592516350e-01
 -1.160413303426e+00   -1.869072082995e-02  -1.547297682156e+01  -9.525592516350e-01
 -1.222490871013e+00   -1.554871350066e-02  -9.595965955659e+00  -9.525592516350e-01
 -1.778924878941e-02   -8.403696888852e-04  -7.661421798448e+01  -8.113877920424e+00
 -1.241336657323e+00    2.286374489261e-02  -6.944262597907e+01  -8.113877920424e+00
 -8.347177602583e-04   -7.033237011888e-04  -6.808265467325e+01  -8.113877920424e+00
 -3.348326108705e-02    5.334481126070e-04  -7.745507973321e+01   6.575103469277e+00
 -1.405335415092e+00    1.597246687421e-02  -7.791780775864e+01   6.575103469277e+00
 -1.077568323980e+00    1.356825501732e-02  -8.590369054337e+01   6.575103469277e+00
 -1.394123969735e+00    1.626412786233e-02  -7.794822359909e+01  -6.489042291337e+00
 -3.550094115994e-02   -6.706241972604e-04  -7.713450641467e+01  -6.489042291337e+00
 -1.206561463170e+00    5.308567579183e-03  -8.727742423362e+01  -6.489042291337e+00
 -1.107344870738e+00   -6.034225899220e-05  -4.458417967556e+01   1.699641883000e+00
 -1.287838763024e+00   -3.668599871356e-03  -4.917432048471e+01   1.699641883000e+00
 -1.103804255055e+00   -1.280187913726e-02  -5.384624811449e+01   1.699641883000e+00
 -1.115657819427e+00   -6.178908475684e-03  -3.154445417284e+01  -8.109006112568e+00
  3.860175424761e-04    1.347229171487e-04  -3.148337036336e+01  -8.109006112568e+00
 -1.338385808332e-02   -5.181470453561e-04  -3.946802086311e+01  -8.109006112568e+00
 -9.847512229654e-01    1.665161161070e-02  -6.229748760237e+01   2.198801002176e+00
 -1.286217483990e+00    1.684200261910e-02  -5.930839246734e+01   2.198801002176e+00
 -1.240722239246e+00    2.779557871028e-02  -6.984017627997e+01   2.198801002176e+00
 -1.277486783338e+00   -2.996327237701e-03  -4.869568544022e+01  -6.299382953422e+00
 -4.172293619287e-02    1.978258228149e-03  -5.913097425318e+01  -6.299382953422e+00
 -1.297472575918e+00    1.594504933315e-02  -5.926498898227e+01  -6.299382953422e+00
 -1.099529764499e+00   -4.545477239775e-05  -4.447998592004e+01   1.738031377347e+00
 -1.149166254626e+00    4.517033914552e-03  -3.277983200036e+01   1.738031377347e+00
 -1.274677147466e+00   -1.299192969402e-03  -3.908619546772e+01   1.738031377347e+00
 -1.300284237199e+00    1.791443312731e-02  -5.949472899697e+01  -6.134521141825e+00
 -3.769397417908e-02    2.456239963751e-04  -5.954063506077e+01  -6.134521141825e+00
 -1.229288148462e+00    2.510522305827e-02  -7.003097754896e+01  -6.134521141825e+00
 -1.234186690073e+00   -1.383556017524e-02  -9.598609417568e+00   7.983680086742e+00
 -1.251197654920e-02   -9.193426130680e-04  -1.590968608643e+01   7.983680086742e+00
 -7.742949424295e-03    1.235484689678e-03  -6.104307738718e+00   7.983680086742e+00
 -1.450002988771e-02    1.113517680280e-03  -1.468268639934e+01  -7.822762111931e+00
 -1.160159496478e+00   -1.669518515721e-02  -1.539657776121e+01  -7.822762111931e+00
 -1.079661833347e+00   -9.603675117615e-03  -7.242699060495e+00  -7.822762111931e+00
 -6.891070815673e-03    5.775972670958e-04  -1.469050539362e+01  -8.263605174440e+00
 -1.087657734906e+00   -9.841517146059e-03  -7.226793784040e+00  -8.263605174440e+00
 -5.595717478118e-03   -5.687638900185e-04  -6.722041020131e+00  -8.263605174440e+00
 -1.210201117969e+00   -2.350486594290e-03  -8.005104815482e-02  -1.063954173852e+00
 -1.085440184272e+00   -1.040245593940e-02  -7.237260927452e+00  -1.063954173852e+00
 -1.214139278213e+00   -1.339871250296e-02  -9.587997399848e+00  -1.063954173852e+00
  7.951507027133e-04   -2.654047760492e-04  -3.126332951511e+01  -8.105734620289e+00
 -1.113918287485e+00   -5.959678862245e-03  -3.193123180986e+01  -8.105734620289e+00
 -1.904981417857e-02   -6.012480592321e-05  -2.377060338499e+01  -8.105734620289e+00
 -1.170070635558e+00   -1.989286207275e-02  -1.547721724049e+01   8.117096323840e-01
 -1.377437267349e+00   -1.083394208853e-02  -2.532473191072e+01   8.117096323840e-01
 -1.065940461671e+00   -2.819260559888e-02  -1.836941099868e+01   8.117096323840e-01
 -1.168671405982e+00   -1.630777069109e-02  -1.523909613153e+01  -7.908660130930e+00
 -4.447579730874e-03    9.681793069716e-04  -1.482293102150e+01  -7.908660130930e+00
 -1.978473086740e-02    5.784489140953e-04  -2.322337795034e+01  -7.908660130930e+00
 -1.174184356803e+00   -2.004015981407e-02  -1.545516914844e+01   7.640669938785e-01
 -1.064682156807e+00   -2.828059713805e-02  -1.814225788149e+01   7.640669938785e-01
 -1.213500308152e+00   -1.566001128820e-02  -9.479272619936e+00   7.640669938785e-01
 -3.966364699437e-03   -5.071320118944e-04  -1.587882539680e+01   8.805192415835e+00
 -1.064842205728e+00   -2.606440182832e-02  -1.803831327765e+01   8.805192415835e+00
 -8.704547033459e-03    8.776365993411e-04  -2.423803565235e+01   8.805192415835e+00
 -2.643849207878e-02    1.618380063950e-03  -2.429127171854e+01   7.365956604648e+00
 -1.055009124029e+00   -2.636624482345e-02  -1.798112329992e+01   7.365956604648e+00
 -1.386838928037e+00   -9.873023615068e-03  -2.520367967680e+01   7.365956604648e+00
 -1.222080516594e+00    5.960834492544e-03  -8.696322583507e+01  -8.431040323035e+00
 -2.342401942402e-03   -8.168171254287e-04  -8.613408332918e+01  -8.431040323035e+00
 -1.168364553242e-02    9.993650763873e-04  -9.508322844054e+01  -8.431040323035e+00
 -1.086352342070e+00    1.314604258451e-02  -8.570170594600e+01   9.362174008386e-01
 -1.213631805146e+00    5.933470324870e-03  -8.690944764878e+01   9.362174008386e-01
 -1.255673292621e+00   -1.029570707634e-02  -9.277208789315e+01   9.362174008386e-01
 -4.418743224736e-03   -2.077832486411e-04  -6.757179262425e+01   8.504875006682e+00
 -1.092850062139e+00    2.603987173677e-02  -7.016417097127e+01   8.504875006682e+00
 -1.202172415405e-02   -1.878472188018e-04  -7.718402148312e+01   8.504875006682e+00
 -1.211207107219e+00    5.437062709132e-03  -8.690414928904e+01   1.270037617443e+00
 -1.090938994037e+00    1.306721943355e-02  -8.551981528130e+01   1.270037617443e+00
 -1.384806205696e+00    1.590050637631e-02  -7.785932288246e+01   1.270037617443e+00
 -1.086711066423e+00    1.463257401122e-02  -8.575993268495e+01   8.254523796359e+00
 -3.430844820552e-03    9.559938546628e-04  -8.532469164428e+01   8.254523796359e+00
 -1.364228165261e-02    3.061432686511e-04  -7.752455333987e+01   8.254523796359e+00
 -1.146753130437e-02    3.438800400788e-04  -2.460652495751e+01   8.836777669214e+00
 -1.167164428998e+00    4.962293178457e-03  -3.284756786737e+01   8.836777669214e+00
 -1.293044345886e-03   -2.975462860836e-05  -3.426740921372e+01   8.836777669214e+00
 -1.835851005406e-03   -4.068155030328e-04  -8.601611476129e+01  -8.416498171783e+00
 -1.220169600019e+00    5.099303876489e-03  -8.715463597574e+01  -8.416498171783e+00
 -1.621048853479e-02   -4.358048894244e-04  -7.716496660656e+01  -8.416498171783e+00
 -1.117836917588e+00   -5.668425944725e-03  -3.164913119051e+01  -7.241909886482e-01
 -1.161201977141e+00    5.166148545126e-03  -3.254822722851e+01  -7.241909886482e-01
 -1.378602208983e+00   -9.238267697065e-03  -2.512649871525e+01  -7.241909886482e-01
 -4.159322757697e-02   -5.688927777117e-06  -2.367944158196e+01  -5.704861749013e+00
 -1.101155586450e+00   -5.544046008760e-03  -3.217007982766e+01  -5.704861749013e+00
 -1.405532898694e+00   -1.023770855546e-02  -2.525209765778e+01  -5.704861749013e+00
 -1.105762917472e+00   -5.968125036228e-03  -3.132163365998e+01  -6.331131544738e+00
 -3.050103276821e-02   -1.264775011088e-03  -3.953524426445e+01  -6.331131544738e+00
 -1.274319858903e+00   -2.870055453259e-03  -3.898810282148e+01  -6.331131544738e+00
 -1.108055207296e+00   -6.943558558179e-04  -4.458523911190e+01   8.710091646892e+00
 -1.104677308151e+00   -1.188221930787e-02  -5.383309606119e+01   8.710091646892e+00
 -1.666030290983e-02    9.008444378364e-05  -5.126560835249e+01   8.710091646892e+00
 -1.294054562282e+00   -2.995013885788e-03  -4.929455959387e+01  -7.613033612786e+00
 -1.819732204558e-02   -8.684120135089e-04  -3.994389496999e+01  -7.613033612786e+00
 -2.798505289777e-03    3.766780841119e-04  -4.949039576102e+01  -7.613033612786e+00
 -2.172071697797e-03    1.716625350617e-04  -3.431042197617e+01   8.829425397221e+00
 -1.163752913502e+00    4.455372652411e-03  -3.279444409217e+01   8.829425397221e+00
 -1.003290399960e-02   -3.846778863114e-04  -4.246592333449e+01   8.829425397221e+00
 -1.087554828866e+00    2.769028190827e-02  -7.055980958818e+01   1.630489409910e+00
 -1.233900925910e+00    2.639865465888e-02  -6.967906369674e+01   1.630489409910e+00
 -1.380344381070e+00    1.627699085095e-02  -7.782104699153e+01   1.630489409910e+00
 -3.521949713788e-02   -8.032705046519e-08  -7.717483291140e+01   6.932889310451e+00
 -1.077635592222e+00    2.614798518813e-02  -7.006121211564e+01   6.932889310451e+00
 -1.402917513348e+00    1.654514834310e-02  -7.783145828190e+01   6.932889310451e+00
 -1.074927782866e-02   -7.158968689930e-04  -6.745423518361e+01   8.631986061563e+00
 -9.666375901310e-01    1.475260699402e-02  -6.251627036443e+01   8.631986061563e+00
 -1.086669627403e+00    2.693448416620e-02  -7.025940699381e+01   8.631986061563e+00
 -9.702074016967e-01    1.269091509769e-02  -6.260954656052e+01   9.424776073861e+00
 -3.052421622037e-03    2.312691568351e-05  -6.743458885645e+01   9.424776073861e+00
 -3.855837700267e-03   -8.754959381738e-04  -6.043534649949e+01   9.424776073861e+00
 -5.934818490413e-03    4.510005229592e-04  -5.123409178066e+01   8.813997806784e+00
 -1.114697256166e+00   -1.216720873956e-02  -5.385424739993e+01   8.813997806784e+00
 -6.697045198264e-03   -3.972782564912e-04  -6.042189141961e+01   8.813997806784e+00
 -1.110235210877e+00   -1.380507440856e-02  -5.400904546693e+01   1.552513112294e+00
 -1.278505124576e+00   -3.729263305563e-03  -4.893748893187e+01   1.552513112294e+00
 -1.288735268250e+00    1.512648520618e-02  -5.923408783994e+01   1.552513112294e+00
 -2.051467952692e-02    1.266913546820e-03  -5.905057895027e+01  -7.620101031216e+00
 -1.293888337149e+00   -2.217360875818e-03  -4.891814279128e+01  -7.620101031216e+00
 -2.267995496267e-03   -5.646379379284e-06  -4.971113710465e+01  -7.620101031216e+00
 -4.634170924421e-04   -1.301234825072e-03  -6.787953114533e+01  -8.119724311817e+00
 -1.241590632939e+00    2.344696874283e-02  -6.978491921787e+01  -8.119724311817e+00
 -1.721440391648e-02    1.636295196616e-05  -5.958541607919e+01  -8.119724311817e+00
 -1.103574322945e+00   -1.283236353787e-02  -5.391155620441e+01   8.810974473711e+00
 -9.595346503508e-01    1.262882961432e-02  -6.262589474214e+01   8.810974473711e+00
 -1.565699193655e-02   -1.145021289477e-03  -6.044344127799e+01   8.810974473711e+00
 -1.098933899903e+00   -1.385764017070e-02  -5.395796542323e+01   2.830988205517e+00
 -1.297328167742e+00    1.616986189785e-02  -5.920199454705e+01   2.830988205517e+00
 -9.636951799360e-01    1.430773208677e-02  -6.251490298766e+01   2.830988205517e+00
 -1.115363864567e+00   -9.247444644071e-04  -4.456940022964e+01   8.706650942261e+00
 -7.538275589832e-03   -9.310927127799e-05  -5.127957804205e+01   8.706650942261e+00
 -5.898193575811e-03   -2.314492449210e-04  -4.243644755492e+01   8.706650942261e+00
 -1.152450508900e+00    4.453987103439e-03  -3.277683208390e+01   8.517985575808e+00
 -1.099036614229e+00   -4.282596668175e-04  -4.450328051508e+01   8.517985575808e+00
 -2.029339138712e-02   -5.704093638166e-04  -4.246435895736e+01   8.517985575808e+00
 -1.277654128935e+00   -3.300381561228e-03  -4.937783545335e+01   1.523096971602e+00
 -1.114993140951e+00    4.057519410644e-04  -4.446769609649e+01   1.523096971602e+00
 -1.263730256122e+00   -1.589796887440e-03  -3.913105550599e+01   1.523096971602e+00
