
  4.016746114171e-04   -4.830793806179e-04   5.013150397325e+01  -2.783555975270e+00
  1.258350281419e-01   -4.419002072830e-04   5.052290785241e+01  -2.783555975270e+00
 -6.943348415580e-05    1.976346337401e-04   5.027767450343e+01  -2.783555975270e+00
  1.525041522348e-01   -2.141591582450e-02   4.639241747811e+01  -5.069697581029e+00
 -1.100356268581e-04   -6.019025382492e-06   4.829952657581e+01  -5.069697581029e+00
  4.269072696477e-04    1.025713062344e-05   4.632084218097e+01  -5.069697581029e+00
  1.257315112425e-01    2.681502986148e-04   5.052668484735e+01  -2.928847304094e+00
  2.050689230610e-01   -4.349260735803e-02   5.044014542176e+01  -2.928847304094e+00
  2.198430501314e-01   -5.758588751329e-04   5.120932221377e+01  -2.928847304094e+00
  2.058884806215e-01   -4.311000280137e-02   5.042771662962e+01  -2.768876820607e+00
  1.250580484873e-01   -1.172619758831e-04   5.054578827671e+01  -2.768876820607e+00
  9.608892393417e-02   -1.725012878731e-02   5.000242258392e+01  -2.768876820607e+00
  2.553406879571e-01   -5.374120698357e-02   5.157864398063e+01  -1.949351418781e+00
  2.199359742062e-01   -5.678844426215e-04   5.123346954237e+01  -1.949351418781e+00
  2.051801375909e-01   -4.384462301163e-02   5.042570781827e+01  -1.949351418781e+00
  3.195624985124e-01    3.270482445209e-03   2.539990115504e+00  -2.120825204917e+00
  4.385202764612e-03   -2.751569520147e-04   1.598082477739e+00  -2.120825204917e+00
  2.343440758888e-01   -3.335881818952e-03  -1.437822161555e-02  -2.120825204917e+00
  9.632456234327e-02   -1.698282130060e-02   4.999907413861e+01  -2.663112355967e+00
  1.969109504075e-01   -4.741746608217e-02   4.946955838780e+01  -2.663112355967e+00
  2.058705969017e-01   -4.337458089513e-02   5.042229450034e+01  -2.663112355967e+00
  3.043142902256e-01    2.907417457192e-03   2.844730598796e+01  -1.202923301420e+00
  1.622070192698e-01    6.378416522726e-03   2.849090871835e+01  -1.202923301420e+00
  2.609484587155e-01    5.006199129131e-03   2.732355823258e+01  -1.202923301420e+00
  1.189097832758e-01   -2.316099879747e-02   4.871021805688e+01  -2.547263927624e+00
  1.526166353185e-01   -2.152644060053e-02   4.639066175647e+01  -2.547263927624e+00
  2.228816600478e-01   -5.280321488490e-02   4.813791425741e+01  -2.547263927624e+00
  4.344290061876e-04    9.573099125899e-05   4.958591611408e+01  -3.652596859593e+00
  1.185311151106e-01   -2.304274594677e-02   4.871811153181e+01  -3.652596859593e+00
  9.600604532974e-02   -1.711195115823e-02   5.001161308187e+01  -3.652596859593e+00
  1.971898255381e-01   -4.745230100582e-02   4.946538650614e+01  -1.298343051751e+00
  2.224899123128e-01   -5.308981894006e-02   4.813984697981e+01  -1.298343051751e+00
  2.420001948708e-01   -7.140982516387e-02   4.998706054298e+01  -1.298343051751e+00
  2.224557575666e-01   -5.283915472566e-02   4.814087693161e+01  -2.725296233252e+00
  1.971793065395e-01   -4.750114004159e-02   4.946710642664e+01  -2.725296233252e+00
  1.193678624266e-01   -2.312799174632e-02   4.870283858193e+01  -2.725296233252e+00
  2.578068859217e-01   -8.011774792065e-02   4.865890589515e+01  -8.217681539215e-01
  2.413324575143e-01   -7.145622258666e-02   5.000205793073e+01  -8.217681539215e-01
  2.233372487362e-01   -5.308365948310e-02   4.812600685597e+01  -8.217681539215e-01
  1.971472989702e-01   -4.751848411358e-02   4.946622819830e+01  -1.654373262595e+00
  2.420346145212e-01   -7.125500334038e-02   4.998711177821e+01  -1.654373262595e+00
  2.054631164169e-01   -4.348254873946e-02   5.043116758119e+01  -1.654373262595e+00
  2.580725157063e-01   -8.018472032926e-02   4.865077027708e+01  -1.915447169457e-01
  2.230646480353e-01   -5.303304937793e-02   4.813321480670e+01  -1.915447169457e-01
  2.767842286179e-01   -5.944164309878e-02   4.638683855923e+01  -1.915447169457e-01
  1.188950465996e-01   -2.323403228452e-02   4.871474126164e+01  -2.620014653376e+00
  1.974725559547e-01   -4.739122074392e-02   4.946084204110e+01  -2.620014653376e+00
  9.575202878591e-02   -1.698901978316e-02   5.001397352712e+01  -2.620014653376e+00
  4.549413875409e-04   -1.257638510200e-04   4.042030979422e+01  -5.563165114838e+00
  2.545634831355e-04    2.243391230689e-04   3.479261815023e+01  -5.563165114838e+00
  1.674584344433e-01    8.281963245474e-03   3.909326396464e+01  -5.563165114838e+00
  2.546752501482e-01   -5.386620331354e-02   5.157577424343e+01  -1.665854235098e+00
  2.058829670508e-01   -4.359406638901e-02   5.042142453973e+01  -1.665854235098e+00
  2.415255137649e-01   -7.127167291940e-02   4.999346941694e+01  -1.665854235098e+00
  2.832174402731e-01   -1.142410186601e-03   5.241499371760e+01  -1.094952864918e+00
  2.538981233364e-01   -5.335396528431e-02   5.157484429667e+01  -1.094952864918e+00
  2.620167327437e-01   -2.366529740594e-02   5.271374297278e+01  -1.094952864918e+00
  2.825339898702e-01   -3.138783268351e-04   5.240223649569e+01  -2.429210526796e+00
  2.205652694612e-01   -3.113473777580e-04   5.122797048263e+01  -2.429210526796e+00
  2.545778211746e-01   -5.375944357317e-02   5.158625066654e+01  -2.429210526796e+00
  2.835677062424e-01   -1.117603442095e-03   5.242656982491e+01  -1.139439802865e+00
  2.617962368212e-01   -2.340990753673e-02   5.271238042068e+01  -1.139439802865e+00
  3.139936143503e-01    3.820218811640e-04   5.330855653872e+01  -1.139439802865e+00
  2.608182374815e-01   -2.263858951185e-02   5.271367031880e+01  -6.028262573941e-01
  2.553294093771e-01   -5.414116033265e-02   5.157097511888e+01  -6.028262573941e-01
  2.110363637098e-01   -5.013858258924e-02   5.210995676146e+01  -6.028262573941e-01
  2.017009813635e-01    3.818528046414e-03   5.268721746949e+01   1.025763132711e-01
  2.614581629394e-01   -2.271931618860e-02   5.269253198780e+01   1.025763132711e-01
  2.099991933700e-01   -4.976948812862e-02   5.212610774145e+01   1.025763132711e-01
  2.611593362526e-01   -2.190349138430e-02   5.270560537142e+01  -3.680840952949e-01
  2.652176070576e-01    2.796746064031e-02   5.268060223368e+01  -3.680840952949e-01
  3.142770379985e-01   -9.948599868240e-04   5.330648645229e+01  -3.680840952949e-01
  2.553238796215e-01   -5.394985049781e-02   5.156680145245e+01   1.506349516851e-01
  2.294160924226e-01   -7.926275023679e-02   5.068696192325e+01   1.506349516851e-01
  2.110285912114e-01   -5.049847002990e-02   5.211230660294e+01   1.506349516851e-01
  1.773542962864e-01   -2.583462956298e-03   2.738674566349e+01   2.262906635910e+00
  2.441090746826e-01   -3.478092475714e-03   2.572125315784e+01   2.262906635910e+00
  2.732888748931e-03   -2.649512016088e-04   2.543379271349e+01   2.262906635910e+00
  1.633375954247e-01   -6.473677731566e-02   5.135181849007e+01   2.404997555882e+00
  2.303143868630e-01   -7.962514045018e-02   5.068878960286e+01   2.404997555882e+00
  1.946108454183e-01   -7.286638819186e-02   4.934210650643e+01   2.404997555882e+00
  2.304223905661e-01   -7.936069983906e-02   5.067492064355e+01  -3.802466334109e-01
  2.542048510892e-01   -5.374120274393e-02   5.158494689553e+01  -3.802466334109e-01
  2.420228389617e-01   -7.152119279455e-02   4.998650481393e+01  -3.802466334109e-01
  7.252223123972e-02   -2.031593768526e-02   5.310599198913e+01   2.621964675770e+00
  1.405401643552e-01   -3.689140672558e-02   5.269643298888e+01   2.621964675770e+00
  8.501307370642e-02   -3.786220357804e-02   5.191233703349e+01   2.621964675770e+00
  1.404284551137e-01   -3.672917744700e-02   5.268097769132e+01   1.735833218764e+00
  2.102865442133e-01   -5.011198562734e-02   5.213101312484e+01   1.735833218764e+00
  1.626681363476e-01   -6.469450722390e-02   5.137704528514e+01   1.735833218764e+00
  1.630065415441e-01   -6.464874800444e-02   5.136306485473e+01   2.925189908783e+00
  8.546523052423e-02   -3.793656486695e-02   5.190512784401e+01   2.925189908783e+00
  1.401544532072e-01   -3.686077018192e-02   5.270179686756e+01   2.925189908783e+00
  1.404502610428e-01   -3.662251025061e-02   5.268667484497e+01   3.702272669092e-01
  2.012472178889e-01    4.104252162437e-03   5.270389825473e+01   3.702272669092e-01
  2.102027983229e-01   -5.003216418466e-02   5.212489275961e+01   3.702272669092e-01
  2.576915814214e-01   -8.040988016753e-02   4.865720411076e+01   1.712728799799e+00
  1.953905545807e-01   -7.286905854373e-02   4.932713328068e+01   1.712728799799e+00
  2.296429895711e-01   -7.961725411017e-02   5.070419920471e+01   1.712728799799e+00
  1.632575143706e-01   -6.469470928315e-02   5.136539453492e+01   1.068549068716e+00
  2.098498901396e-01   -5.018620780321e-02   5.214164591462e+01   1.068549068716e+00
  2.302384511001e-01   -7.954637558346e-02   5.067523545556e+01   1.068549068716e+00
  2.567691192829e-01   -8.026529833394e-02   4.867365308232e+01   4.184148170062e-01
  2.304815475342e-01   -7.958068473726e-02   5.067240469030e+01   4.184148170062e-01
  2.421044362717e-01   -7.142013348084e-02   4.998558697779e+01   4.184148170062e-01
  1.402117506938e-01   -3.656329735672e-02   5.268795463483e+01   1.076569691674e+00
  7.269357836356e-02   -2.053961301753e-02   5.311615742994e+01   1.076569691674e+00
  1.329766117997e-01    3.060254933380e-03   5.315850151457e+01   1.076569691674e+00
  2.782943701625e-01   -5.923927701111e-02   4.636587246037e+01  -1.844422582834e+00
  2.218603581269e-01   -5.298895652849e-02   4.815978717577e+01  -1.844422582834e+00
  1.544400229404e-01   -2.144836236939e-02   4.636455694459e+01  -1.844422582834e+00
  3.169126546073e-01    3.352421508026e-03   2.551876512561e+00  -8.343854900849e-01
  2.355008070773e-01   -3.295291121915e-03   2.170967425176e-03  -8.343854900849e-01
  3.181785151838e-01    7.223399787215e-04   3.076573991513e-02  -8.343854900849e-01
  2.833192205735e-01   -3.136948860240e-02   4.385373366992e+01  -1.745546174744e+00
  1.655742998920e-01   -9.079178536918e-03   4.297420473059e+01  -1.745546174744e+00
  2.819766293503e-01   -2.380472832787e-03   4.104282911566e+01  -1.745546174744e+00
  2.826982648458e-01   -3.206476526409e-02   4.386747079276e+01  -1.337423914471e+00
  2.786547835037e-01   -5.902348542452e-02   4.635648999821e+01  -1.337423914471e+00
  1.542583803239e-01   -2.177634336126e-02   4.636952407857e+01  -1.337423914471e+00
  2.578001012046e-01   -8.051363806779e-02   4.867679552277e+01   2.691354285622e+00
  2.259352092138e-01   -6.108657426862e-02   4.683627567619e+01   2.691354285622e+00
  1.954175036884e-01   -7.280092128347e-02   4.930839570638e+01   2.691354285622e+00
  2.267493432182e-01   -6.106377536310e-02   4.681936536268e+01   1.936843638399e+00
  2.570795923641e-01   -8.044782768182e-02   4.869460403775e+01   1.936843638399e+00
  2.778607108549e-01   -5.948507795328e-02   4.636502116064e+01   1.936843638399e+00
  2.483848616510e-01   -3.527615741769e-02   4.403013184552e+01   2.634666330670e+00
  2.267188973139e-01   -6.084306145152e-02   4.679582592126e+01   2.634666330670e+00
  2.780444210991e-01   -5.974682244736e-02   4.638890473120e+01   2.634666330670e+00
  1.199839225547e-01   -3.706332591043e-02   4.723387181046e+01   5.730370950954e+00
  1.951304428118e-01   -7.282845190936e-02   4.934622767051e+01   5.730370950954e+00
  2.262535106906e-01   -6.098941548897e-02   4.680909214043e+01   5.730370950954e+00
  2.773947385459e-01   -5.973584472121e-02   4.640722725273e+01   1.751990959050e+00
  2.839360231381e-01   -3.157671829641e-02   4.384224311398e+01   1.751990959050e+00
  2.490739858278e-01   -3.515244533200e-02   4.401287027082e+01   1.751990959050e+00
  2.836723359847e-01   -3.180165159212e-02   4.385507469889e+01  -2.406979047852e+00
  1.529933780608e-01   -2.196047574109e-02   4.639321946285e+01  -2.406979047852e+00
  1.649734381315e-01   -8.720133044901e-03   4.297572638478e+01  -2.406979047852e+00
  2.580069683953e-01   -2.700835968990e-03   4.106173299130e+01   2.372476221887e+00
  2.488615339656e-01   -3.478488224539e-02   4.398552965104e+01   2.372476221887e+00
  2.842882719692e-01   -3.193717323151e-02   4.386872051294e+01   2.372476221887e+00
  4.811414393955e-04   -2.735635044325e-04   4.100336464650e+01   1.027698377525e+01
  1.434593860952e-01   -8.311731770359e-04   4.103672973112e+01   1.027698377525e+01
  4.467766041700e-04    6.257934959597e-04   3.783913798335e+01   1.027698377525e+01
  2.494298623531e-01   -3.496872112721e-02   4.402250493320e+01   6.460588480988e+00
  1.429035124990e-01   -1.305302787694e-03   4.104131777719e+01   6.460588480988e+00
  1.344463265497e-01   -2.255189638395e-02   4.419897229963e+01   6.460588480988e+00
  1.436340517683e-01   -1.275807197934e-03   4.103937772596e+01   6.488913686877e+00
  2.488069045574e-01   -3.488065170026e-02   4.402610575772e+01   6.488913686877e+00
  2.574327263856e-01   -2.305405485000e-03   4.102251358631e+01   6.488913686877e+00
  1.344746213136e-01   -2.231007687286e-02   4.422189074719e+01   1.106080159074e+01
  1.426749477815e-01   -1.769450297991e-03   4.100130158650e+01   1.106080159074e+01
  1.040271430573e-03   -6.320872166769e-04   4.422609643102e+01   1.106080159074e+01
  2.487670298769e-01   -3.507855196740e-02   4.399812552643e+01   6.327811518814e+00
  1.349782676364e-01   -2.253754054425e-02   4.422633654669e+01   6.327811518814e+00
  2.263437681552e-01   -6.085300205131e-02   4.683696858030e+01   6.327811518814e+00
  2.483846210927e-01    3.009763049862e-02   3.803782680334e+01   6.462120057360e+00
  1.435844276993e-01   -1.382989861164e-03   4.099972846962e+01   6.462120057360e+00
  2.574483172497e-01   -2.070045243708e-03   4.103285160558e+01   6.462120057360e+00
  2.588768933558e-01   -2.548475578762e-03   4.105012796787e+01   1.591254959654e+00
  2.835141307523e-01   -3.201719572536e-02   4.388400754942e+01   1.591254959654e+00
  2.818788146372e-01   -1.873998236257e-03   4.102680818250e+01   1.591254959654e+00
  1.648863030271e-01   -9.348379726232e-03   4.297998907716e+01  -2.511835069956e+00
  1.665942775781e-01    8.304533958729e-03   3.908829987340e+01  -2.511835069956e+00
  2.826897651432e-01   -2.065219366083e-03   4.103768454810e+01  -2.511835069956e+00
  1.194150620319e-01   -3.695671488248e-02   4.720986902720e+01   6.125205944834e+00
  2.269479548856e-01   -6.099850318022e-02   4.683127854034e+01   6.125205944834e+00
  1.342658321400e-01   -2.247370467261e-02   4.423250069985e+01   6.125205944834e+00
  2.369404396948e-05   -8.788179455158e-05   5.190752956537e+01   5.976482099634e+00
  8.600238980215e-02   -3.815453896498e-02   5.191693230925e+01   5.976482099634e+00
  6.250836150329e-04   -3.572787385766e-04   4.994772037253e+01   5.976482099634e+00
  8.520373784504e-02   -3.772044568994e-02   5.189196371770e+01   4.214268918744e+00
  1.634942842631e-01   -6.491824978628e-02   5.137666164054e+01   4.214268918744e+00
  1.025291600259e-01   -4.321389113540e-02   4.986969421950e+01   4.214268918744e+00
  1.417688421333e-01   -1.910181537143e-02   3.139446591082e+01   3.538946634057e+00
  6.359304615871e-05    2.274625279474e-04   2.959735704660e+01   3.538946634057e+00
  4.181563308845e-04   -7.317576377702e-05   3.140633722542e+01   3.538946634057e+00
  5.542143299820e-04   -8.019106072318e-04   5.331218028577e+01   1.918250691740e+00
  6.883233876612e-02    1.474294594240e-03   5.356603096946e+01   1.918250691740e+00
  7.234638846614e-02   -2.004415641032e-02   5.311040407441e+01   1.918250691740e+00
  3.690884255464e-04   -3.199806153218e-04   5.192644770876e+01   4.844537440857e+00
 -1.718058640392e-04    2.262653125578e-04   5.329827064825e+01   4.844537440857e+00
  8.531611246158e-02   -3.769062547720e-02   5.189783267960e+01   4.844537440857e+00
  1.575701988247e-01    3.062445702492e-02   4.826867290273e+01   3.672655130892e+00
  6.936433867802e-04   -1.260492645805e-04   4.926999933141e+01   3.672655130892e+00
  1.256608082085e-01    2.207593178437e-02   4.948473410767e+01   3.672655130892e+00
  8.553885385086e-02   -3.792597844302e-02   5.191961869417e+01   7.370651180339e+00
  1.024028426897e-01   -4.304820229391e-02   4.984766568890e+01   7.370651180339e+00
  1.081878355431e-03   -6.095712725279e-04   4.993890219756e+01   7.370651180339e+00
  2.053862414949e-04    3.965519960511e-05   5.329489771040e+01   3.810662058077e+00
  7.258957428843e-02   -2.049972878183e-02   5.311443355972e+01   3.810662058077e+00
  8.482676501597e-02   -3.750509942889e-02   5.190099018152e+01   3.810662058077e+00
  7.544903156714e-04    9.084089576254e-05   4.426662415893e+01   9.610072213497e+00
  1.367899383796e-04   -5.954126411360e-04   4.728221909030e+01   9.610072213497e+00
  1.346222361930e-01   -2.298271626695e-02   4.419718680775e+01   9.610072213497e+00
  3.036376251460e-04   -5.552651882570e-04   4.422163965678e+01   1.028934844189e+01
  1.434483453250e-01   -1.768419566153e-03   4.100132589044e+01   1.028934844189e+01
  5.164752627956e-04    2.352819798922e-04   4.103877898783e+01   1.028934844189e+01
  2.113833867443e-01    1.242822370638e-02   4.269672882142e+01   4.302299973344e+00
  1.633719875406e-03    2.299854074472e-04   4.597512229826e+01   4.302299973344e+00
  1.873547473558e-01    2.810350725846e-02   4.591290919920e+01   4.302299973344e+00
  1.484937818359e-04   -3.080388010413e-04   4.990221238448e+01   7.831799137648e+00
  1.033539643284e-01   -4.322865700557e-02   4.987285940388e+01   7.831799137648e+00
  8.829189971583e-04   -1.189254733534e-04   4.734928655154e+01   7.831799137648e+00
  9.131121726409e-04   -8.715426763042e-04   4.728534459388e+01   1.003685486773e+01
  1.194246605756e-01   -3.668834405187e-02   4.723106992112e+01   1.003685486773e+01
  1.339027003161e-01   -2.283814353289e-02   4.419805991608e+01   1.003685486773e+01
  1.648999244063e-01   -8.850509989000e-03   4.297900961155e+01  -5.084323620978e+00
  1.613490171965e-03    2.139098717899e-04   4.043638829007e+01  -5.084323620978e+00
  1.664172017149e-01    7.916099457243e-03   3.908879997487e+01  -5.084323620978e+00
  1.191466292519e-01   -2.298514654767e-02   4.870993122415e+01  -3.964017039793e+00
 -9.162124093674e-05    6.198340288844e-05   4.959654514712e+01  -3.964017039793e+00
  4.604784820352e-04   -1.759640683907e-05   4.829982419096e+01  -3.964017039793e+00
  1.614332005853e-03   -4.083436331397e-04   4.734120664149e+01   9.120376821427e+00
  1.027745770184e-01   -4.300009792997e-02   4.987638998495e+01   9.120376821427e+00
  1.190228009287e-01   -3.692262643671e-02   4.721261125467e+01   9.120376821427e+00
  1.024745694624e-01   -4.310985126799e-02   4.984613197933e+01   5.372719352872e+00
  1.956454380744e-01   -7.296518891361e-02   4.934082559160e+01   5.372719352872e+00
  1.193471274669e-01   -3.694023448034e-02   4.723978679141e+01   5.372719352872e+00
  1.531473278889e-01   -2.135552874749e-02   4.639906646201e+01  -5.084615051203e+00
  1.605498905909e-03    3.377037352893e-04   4.361732213882e+01  -5.084615051203e+00
  1.645173085086e-01   -9.074395614016e-03   4.297551872442e+01  -5.084615051203e+00
  2.588492525863e-01   -1.853544478197e-03   4.100547053451e+01   1.566204221821e+00
  2.818872827719e-01   -2.231880706825e-03   4.104718635904e+01   1.566204221821e+00
  2.845648716999e-01    2.714370342084e-02   3.819155618918e+01   1.566204221821e+00
  1.030121007590e-01   -4.331881183783e-02   4.986435538846e+01   4.543897346456e+00
  1.630722122693e-01   -6.483510262708e-02   5.138161091354e+01   4.543897346456e+00
  1.949351772192e-01   -7.279538533043e-02   4.932205955159e+01   4.543897346456e+00
 -4.852522579065e-05   -1.034698268423e-04   4.631830259902e+01  -5.116197066565e+00
  9.500947315569e-04    2.399903849959e-04   4.362343393030e+01  -5.116197066565e+00
  1.536852635447e-01   -2.118794459708e-02   4.639535715197e+01  -5.116197066565e+00
  6.920095588235e-02    1.426960007760e-03   5.356378893741e+01   5.765588035433e-01
  2.044116025007e-04   -6.610063801698e-04   5.331852074393e+01   5.765588035433e-01
  8.951919179357e-05    2.758271443425e-04   5.361285610468e+01   5.765588035433e-01
  2.676086113317e-01    6.422292211325e-02   5.141040798632e+01   4.723019389890e-01
  2.647486077439e-01    2.904421117253e-02   5.267241984491e+01   4.723019389890e-01
  2.164175899550e-01    5.906227851029e-02   5.201039676510e+01   4.723019389890e-01
  2.652250437203e-01    2.820546064199e-02   5.267643543986e+01   5.532342538383e-01
  3.142608200270e-01    8.897664245141e-04   5.305979365981e+01   5.532342538383e-01
  3.144325656486e-01   -1.165098279742e-03   5.331921340567e+01   5.532342538383e-01
  3.137686610555e-01   -2.564586980664e-04   5.305299674374e+01   1.932304940530e+00
  2.656792085717e-01    6.350937922839e-02   5.143070946555e+01   1.932304940530e+00
  2.831294782045e-01    5.307395892868e-04   5.183694025868e+01   1.932304940530e+00
  2.659716803031e-01    6.341540398645e-02   5.142680675516e+01   6.343420722375e-01
  3.135052230926e-01    3.732406428748e-06   5.305530662709e+01   6.343420722375e-01
  2.656437939496e-01    2.962930056499e-02   5.266859277500e+01   6.343420722375e-01
  2.824428163202e-01    2.949552274112e-04   5.184024020557e+01   2.626777381843e+00
  2.671297550546e-01    6.396136823552e-02   5.142261307293e+01   2.626777381843e+00
  2.207855310801e-01    2.798843765728e-04   5.059588488350e+01   2.626777381843e+00
  1.859804754687e-03   -9.604432378969e-05   1.603866125438e+00  -2.303329658564e+00
 -3.009632609163e-05    5.238979624131e-05   9.620451221981e-03  -2.303329658564e+00
  2.361829248189e-01   -3.324697407803e-03  -5.912001840046e-03  -2.303329658564e+00
  2.654343400450e-01    2.918746307541e-02   5.265368005476e+01  -2.079678994413e-01
  2.017118231716e-01    4.588600518688e-03   5.268831983516e+01  -2.079678994413e-01
  2.153586372573e-01    5.867623206345e-02   5.202687077672e+01  -2.079678994413e-01
  2.652234190283e-01    2.924879551709e-02   5.267285444072e+01  -5.717925354118e-02
  2.612222535547e-01   -2.282439661120e-02   5.270800190771e+01  -5.717925354118e-02
  2.021318558949e-01    4.220127467776e-03   5.267361566769e+01  -5.717925354118e-02
  1.433050178068e-01    4.342301698916e-02   5.262884425763e+01  -5.998091826896e-01
  2.155500639979e-01    5.892552928343e-02   5.202696436551e+01  -5.998091826896e-01
  2.012683000686e-01    4.311599685450e-03   5.270430004180e+01  -5.998091826896e-01
  1.684695559017e-01    7.101320463736e-02   5.122613705424e+01  -3.306483041766e+00
  1.430397519509e-01    4.365986469084e-02   5.264550684682e+01  -3.306483041766e+00
  8.719156885214e-02    4.025748750542e-02   5.175217628821e+01  -3.306483041766e+00
  2.152247373774e-01    5.911179456393e-02   5.204447836115e+01  -1.334430051633e+00
  1.687447708726e-01    7.111157779282e-02   5.123008730713e+01  -1.334430051633e+00
  2.407600391706e-01    8.909925832234e-02   5.049207444019e+01  -1.334430051633e+00
  1.681537000595e-01    7.109176819734e-02   5.124138040608e+01  -1.951608374551e+00
  2.156594551605e-01    5.905316899303e-02   5.203391254605e+01  -1.951608374551e+00
  1.432667108187e-01    4.349359136508e-02   5.262280492096e+01  -1.951608374551e+00
  2.731848381940e-01    8.956266015798e-02   4.841951253581e+01  -2.010236955097e+00
  2.401710110578e-01    8.917613276865e-02   5.052128382527e+01  -2.010236955097e+00
  2.035867410694e-01    7.910588313491e-02   4.915702283989e+01  -2.010236955097e+00
  2.163929297772e-01    5.939133666801e-02   5.201487157314e+01  -3.242300708087e-01
  2.399562224107e-01    8.884703037177e-02   5.050304501377e+01  -3.242300708087e-01
  2.676206102789e-01    6.403590025703e-02   5.140230700121e+01  -3.242300708087e-01
  1.430309018926e-01    4.333815863774e-02   5.263149391276e+01  -1.357533452243e+00
  1.329970564929e-01    3.532182302576e-03   5.315780744922e+01  -1.357533452243e+00
  7.402671233327e-02    2.451907292496e-02   5.309563865892e+01  -1.357533452243e+00
  1.428414584051e-01    4.339752397452e-02   5.263946645054e+01  -7.672545295891e-01
  2.017212611124e-01    4.265817570303e-03   5.269330891545e+01  -7.672545295891e-01
  1.331394389680e-01    3.357104730507e-03   5.314179196081e+01  -7.672545295891e-01
  2.017016352052e-01    4.178765227918e-03   5.269334694749e+01   5.738722963294e-01
  1.399900863357e-01   -3.661856906770e-02   5.269680501557e+01   5.738722963294e-01
  1.331488665168e-01    3.233731895642e-03   5.314178549880e+01   5.738722963294e-01
  2.664907373958e-01    6.382331811545e-02   5.141726926491e+01   1.871542521241e-01
  2.409705553039e-01    8.895488065559e-02   5.049264750283e+01   1.871542521241e-01
  2.592257537366e-01    8.201393387762e-02   4.970240380855e+01   1.871542521241e-01
  2.198188828944e-01    6.845824923326e-04   5.058628582931e+01   3.072504458993e+00
  2.251933504748e-01    5.113106119064e-02   5.003353788701e+01   3.072504458993e+00
  1.258707025755e-01   -4.771117059292e-04   4.988660036957e+01   3.072504458993e+00
  2.202970055228e-01    5.560315210905e-04   5.060342050203e+01   1.917753161351e+00
  2.677621931736e-01    6.386226203724e-02   5.140979041006e+01   1.917753161351e+00
  2.249176370853e-01    5.170325540857e-02   5.002249537400e+01   1.917753161351e+00
  1.255897999341e-01    4.191547696127e-04   4.988363994535e+01   3.190143571957e+00
  1.253019945420e-01    2.184256490307e-02   4.948732726365e+01   3.190143571957e+00
 -1.094699130511e-04   -5.751928789570e-04   4.990366240623e+01   3.190143571957e+00
  1.259113246790e-01    2.263326007120e-02   4.947571229202e+01   2.580728186546e+00
  1.252870495575e-01   -2.199852417185e-04   4.990245626892e+01   2.580728186546e+00
  2.259246506199e-01    5.085678315581e-02   5.002167154176e+01   2.580728186546e+00
  1.592097901010e-01    3.056292550156e-02   4.826285515115e+01   3.973854293602e+00
  1.426775276173e-03   -1.777134484458e-05   4.601026678563e+01   3.973854293602e+00
 -3.562206171276e-04   -4.068694307947e-05   4.929482911084e+01   3.973854293602e+00
  9.511903668980e-04   -9.082578021291e-05   2.542945190975e+01   2.545414650510e+00
  8.049962125014e-05    7.627252923903e-05   2.729422127348e+01   2.545414650510e+00
  1.783445750404e-01   -2.615981581813e-03   2.738515696408e+01   2.545414650510e+00
  2.258064802622e-01    5.124051508876e-02   5.001762869795e+01   2.524447230986e+00
  2.217798284359e-01    5.641004953025e-02   4.906026937753e+01   2.524447230986e+00
  1.262030387835e-01    2.226352346188e-02   4.947183802616e+01   2.524447230986e+00
  1.536113768538e-01    5.789729956033e-03   2.757356918581e+01  -2.559461543644e+00
 -3.727075574066e-05   -1.096674415878e-04   2.740046119817e+01  -2.559461543644e+00
  8.601365440463e-04    7.584035234288e-05   2.561798362128e+01  -2.559461543644e+00
  2.585166033179e-01    8.193737192184e-02   4.971747888586e+01   5.366208315786e-01
  2.733179764102e-01    8.928737737587e-02   4.842138282987e+01   5.366208315786e-01
  2.494505487084e-01    6.245537943944e-02   4.777662407367e+01   5.366208315786e-01
  2.722686028158e-01    8.941651523517e-02   4.843550907745e+01  -6.415221663164e-01
  2.593216199710e-01    8.191937960823e-02   4.970187805818e+01  -6.415221663164e-01
  2.410000885714e-01    8.914808698779e-02   5.049018283075e+01  -6.415221663164e-01
  2.220460792747e-01    5.651252473228e-02   4.905702941288e+01   2.367702595445e+00
  2.486550181091e-01    6.222033094705e-02   4.779351252246e+01   2.367702595445e+00
  1.577735239189e-01    3.072368701555e-02   4.825715712880e+01   2.367702595445e+00
  2.486530074356e-01    6.246185331446e-02   4.779076475753e+01   1.079768611089e+00
  2.220930635570e-01    5.646731625104e-02   4.905689023589e+01   1.079768611089e+00
  2.591384306041e-01    8.189094005269e-02   4.970256538276e+01   1.079768611089e+00
  1.573784209577e-01    3.080023346889e-02   4.826807651384e+01   2.220157311507e+00
  2.490944884964e-01    6.216868191188e-02   4.779047693418e+01   2.220157311507e+00
  1.875111804746e-01    2.840335573961e-02   4.591388056548e+01   2.220157311507e+00
  2.223096016014e-01    5.642383916032e-02   4.905035132983e+01   2.370873829942e+00
  1.574397901901e-01    3.080722445113e-02   4.826719559900e+01   2.370873829942e+00
  1.256004925603e-01    2.214621489556e-02   4.948721698536e+01   2.370873829942e+00
  2.735602314102e-01    8.933859268564e-02   4.841307049125e+01  -1.031868882894e-01
  2.971956090942e-01    6.729230547278e-02   4.612536654543e+01  -1.031868882894e-01
  2.491971471711e-01    6.242063904781e-02   4.778415128792e+01  -1.031868882894e-01
  2.592284933607e-01    8.177926100987e-02   4.970414349637e+01   1.476538504243e+00
  2.220039249814e-01    5.650154177166e-02   4.905657392639e+01   1.476538504243e+00
  2.253505930334e-01    5.140125310634e-02   5.002877566756e+01   1.476538504243e+00
  2.669345897703e-01    6.393143619976e-02   5.140669522977e+01   1.557818832167e+00
  2.587582395384e-01    8.180127939832e-02   4.971033165957e+01   1.557818832167e+00
  2.256997149447e-01    5.151163717638e-02   5.001958798743e+01   1.557818832167e+00
  1.584366049032e-01    3.071052033072e-02   4.827376749188e+01   4.572902937639e+00
  1.865693213746e-01    2.830768594031e-02   4.590989702852e+01   4.572902937639e+00
  2.582797266103e-03   -1.601044469872e-04   4.598781520684e+01   4.572902937639e+00
  2.408539271222e-01    8.919602758332e-02   5.050614420472e+01  -2.674652669269e+00
  1.687951200182e-01    7.111952123289e-02   5.121592382086e+01  -2.674652669269e+00
  2.028002974355e-01    7.908855534179e-02   4.917141752382e+01  -2.674652669269e+00
  5.012021653996e-03    1.319951687071e-04   4.239765013026e+00  -2.221141753303e+00
  3.210900787159e-01    3.959343364341e-03   2.552148103440e+00  -2.221141753303e+00
  2.765911990940e-01    7.084088586673e-03   4.827439270876e+00  -2.221141753303e+00
  6.886839741643e-02    2.341155204930e-03   5.356783607438e+01  -2.308693568236e+00
  4.544849750659e-04    6.687043684098e-04   5.322575165222e+01  -2.308693568236e+00
  7.376834962687e-02    2.409736736754e-02   5.309074675973e+01  -2.308693568236e+00
  6.921401985909e-02    2.378669185713e-03   5.356526129104e+01  -8.416065149771e-01
  9.425509921086e-05   -2.252418869504e-04   5.361191773459e+01  -8.416065149771e-01
  1.670946947987e-04    5.865661108239e-04   5.323335247613e+01  -8.416065149771e-01
  7.391957178148e-02    2.465317996824e-02   5.310916338620e+01  -5.154343576380e+00
  9.405514426833e-04    9.249152989001e-04   5.195806173788e+01  -5.154343576380e+00
  8.660419885229e-02    3.977335991106e-02   5.174019508151e+01  -5.154343576380e+00
  1.052826762735e-01    4.636166394769e-02   4.970449734917e+01  -6.833408920479e+00
  8.702230587930e-02    4.003892192513e-02   5.175093028954e+01  -6.833408920479e+00
  2.338332522999e-04    4.430735707945e-04   5.192362914369e+01  -6.833408920479e+00
  1.063445637498e-01    4.662260572846e-02   4.971826799274e+01  -4.890695641794e+00
  2.031348063516e-01    7.903120852109e-02   4.915117947610e+01  -4.890695641794e+00
  1.685209224781e-01    7.117929223136e-02   5.124521807653e+01  -4.890695641794e+00
  1.057424338607e-01    4.649972664104e-02   4.972555753199e+01  -4.542922316642e+00
  1.690061287592e-01    7.128150294469e-02   5.123970568852e+01  -4.542922316642e+00
  8.684773112852e-02    4.000636494220e-02   5.173701086230e+01  -4.542922316642e+00
  5.073855663264e-04    6.412628492257e-04   5.196586600709e+01  -3.726312720948e+00
  7.429537402666e-02    2.482486082747e-02   5.310498854234e+01  -3.726312720948e+00
  3.165715506015e-05   -8.130190150353e-05   5.320647394365e+01  -3.726312720948e+00
  1.434353847151e-01    4.372646350714e-02   5.264062476305e+01  -2.862865749554e+00
  7.374980899774e-02    2.425059608602e-02   5.308823923335e+01  -2.862865749554e+00
  8.672788444038e-02    4.013082067072e-02   5.175783084463e+01  -2.862865749554e+00
 -2.484567478252e-04    1.299882525497e-04   5.192446074387e+01  -7.297188402018e+00
  6.599726547165e-04    2.996853441405e-04   4.981108099732e+01  -7.297188402018e+00
  1.058121954354e-01    4.657637503243e-02   4.970135636540e+01  -7.297188402018e+00
  1.669011721372e-01    8.190600055682e-03   3.908928251676e+01  -4.718344639463e+00
  8.401272506986e-04    3.225951507408e-04   3.479967454999e+01  -4.718344639463e+00
  1.526920095046e-01    1.783238272182e-02   3.564975053371e+01  -4.718344639463e+00
  3.208058923575e-01   -6.089993162181e-03   1.851563426475e+01   1.722467498100e+00
  9.778778348583e-03    3.910002039173e-04   2.048518851682e+01   1.722467498100e+00
  3.630753004512e-01   -4.253524114682e-03   2.078107884668e+01   1.722467498100e+00
  1.255363983666e-01   -6.299526250749e-04   5.053203771590e+01  -3.420791566076e+00
  5.742769220801e-04   -3.588525962717e-04   5.012726878106e+01  -3.420791566076e+00
  9.554883199898e-02   -1.689868524300e-02   5.001139368063e+01  -3.420791566076e+00
  1.272088950638e-01    4.055074642537e-02   4.711860318502e+01  -9.618893884005e+00
  2.265393120485e-04    3.398214933841e-04   4.708451666087e+01  -9.618893884005e+00
  7.534854700087e-04   -2.258446496750e-04   4.410905754894e+01  -9.618893884005e+00
  1.264692447711e-01    4.105521570786e-02   4.708605759572e+01  -9.040957538187e+00
 -1.432647522001e-04    3.739713410384e-04   4.978287278266e+01  -9.040957538187e+00
  6.099021133198e-04    6.794318038310e-05   4.711660005116e+01  -9.040957538187e+00
  1.275552260849e-01    1.838156332947e-02   3.295044283895e+01  -3.749072793966e+00
  2.207581377084e-04   -1.805110561159e-04   3.132280770641e+01  -3.749072793966e+00
  1.068167413929e-01    1.430751648459e-02   3.121174206018e+01  -3.749072793966e+00
  1.061043683335e-01    4.636274536453e-02   4.971615750638e+01  -9.118438918982e+00
  4.523966267899e-04    6.453956833146e-04   4.978357314441e+01  -9.118438918982e+00
  1.257562685855e-01    4.084136058955e-02   4.708725700960e+01  -9.118438918982e+00
  2.336014626669e-01    1.820101523108e-02   2.953882048851e+01  -1.602077229374e+00
  1.631109574496e-01    1.177482047061e-02   2.949668284740e+01  -1.602077229374e+00
  1.612254738082e-01    6.051904782337e-03   2.848991879799e+01  -1.602077229374e+00
  1.403072395700e-01    2.328917933673e-02   4.408985597316e+01  -1.027511610305e+01
  4.948671280263e-04    4.057857805250e-04   4.405805926342e+01  -1.027511610305e+01
  7.645646406511e-04   -5.044153803602e-04   4.089175287472e+01  -1.027511610305e+01
  2.032612578752e-01    7.903972936934e-02   4.917526461320e+01  -6.012381795889e+00
  1.267194436078e-01    4.075449350406e-02   4.711022851632e+01  -6.012381795889e+00
  2.369618558943e-01    6.638364404707e-02   4.663744921655e+01  -6.012381795889e+00
  1.261178943755e-01    4.066923771802e-02   4.711625338003e+01  -5.739442505752e+00
  2.037631235548e-01    7.916363491444e-02   4.917004813264e+01  -5.739442505752e+00
  1.059388608855e-01    4.645265835609e-02   4.969734243646e+01  -5.739442505752e+00
  3.073822150622e-01    3.715957676673e-02   4.360983295074e+01   9.850035898395e-01
  1.894403001649e-01    2.865288285752e-02   4.589306494445e+01   9.850035898395e-01
  2.990212765698e-01    6.688773229046e-02   4.609658083815e+01   9.850035898395e-01
  1.895432577588e-01    2.832281950512e-02   4.588955233684e+01   1.528083972888e+00
  2.480146235798e-01    6.237057387867e-02   4.781106586457e+01   1.528083972888e+00
  2.987097783012e-01    6.711018063171e-02   4.610525755114e+01   1.528083972888e+00
  2.982520812683e-01    6.732352662362e-02   4.610346984733e+01  -2.278366396102e+00
  2.725955367454e-01    8.960174178913e-02   4.845631765460e+01  -2.278366396102e+00
  2.374495860572e-01    6.645816382602e-02   4.664696826612e+01  -2.278366396102e+00
  2.374035344259e-01    6.623112811244e-02   4.662389324249e+01  -2.985312642872e+00
  2.601980287975e-01    3.875308251725e-02   4.386219745050e+01  -2.985312642872e+00
  2.984663062924e-01    6.759316110619e-02   4.612714635115e+01  -2.985312642872e+00
  2.376640327659e-01    6.641245348665e-02   4.666016406927e+01  -6.422032448624e+00
  1.261974103932e-01    4.063845356810e-02   4.708719067968e+01  -6.422032448624e+00
  1.396048912828e-01    2.366850014627e-02   4.409121896935e+01  -6.422032448624e+00
  2.035865860374e-01    7.903237590835e-02   4.913850118410e+01  -2.996398347428e+00
  2.366411591447e-01    6.647804060271e-02   4.666370642416e+01  -2.996398347428e+00
  2.733172638837e-01    8.967150433624e-02   4.843881351702e+01  -2.996398347428e+00
  1.394703258593e-01    2.374715625172e-02   4.405824673305e+01  -6.785626912651e+00
  1.452007640135e-01    1.738924929177e-03   4.088537532616e+01  -6.785626912651e+00
  2.613222987174e-01    3.842298140532e-02   4.385550355107e+01  -6.785626912651e+00
  1.394237663984e-01    2.380167434027e-02   4.406185531262e+01  -1.100514235780e+01
  1.264915053400e-01    4.032027134095e-02   4.712049767350e+01  -1.100514235780e+01
  1.465378971894e-03   -3.546902390850e-05   4.410163503599e+01  -1.100514235780e+01
  3.089225547553e-01    3.699320124052e-02   4.361518391352e+01  -2.782899913181e+00
  2.606203935035e-01    3.826763909566e-02   4.381684783099e+01  -2.782899913181e+00
  2.696649047702e-01    3.934493150027e-03   4.090801289000e+01  -2.782899913181e+00
  2.608716033873e-01    3.863450062070e-02   4.384491682768e+01  -2.174706090216e+00
  3.085271920774e-01    3.664632765338e-02   4.358700115685e+01  -2.174706090216e+00
  2.978280633518e-01    6.758432192015e-02   4.614518596063e+01  -2.174706090216e+00
  2.116651459639e-01    1.234993000832e-02   4.269295383934e+01   1.137320649766e+00
  3.078944748851e-01    3.640075820490e-02   4.359545424866e+01   1.137320649766e+00
  3.084342285095e-01    3.835650333793e-03   4.088792056165e+01   1.137320649766e+00
  3.082873417703e-01    3.689728411563e-02   4.359744642040e+01   1.876160730673e+00
  2.111832706376e-01    1.189563858752e-02   4.269118177526e+01   1.876160730673e+00
  1.881103562494e-01    2.881286431137e-02   4.591282410118e+01   1.876160730673e+00
  2.690535867446e-01    3.563986519935e-03   4.086658104349e+01  -6.997299899578e+00
  2.606476423775e-01    3.831829890589e-02   4.385924562907e+01  -6.997299899578e+00
  1.460360151296e-01    1.729179929383e-03   4.088298649970e+01  -6.997299899578e+00
  1.402133186621e-01    2.375492981611e-02   4.408561346948e+01  -6.736533539204e+00
  2.605158327650e-01    3.853897402717e-02   4.383018280107e+01  -6.736533539204e+00
  2.371162604555e-01    6.626076910702e-02   4.666555780209e+01  -6.736533539204e+00
  1.687800967607e-03   -4.835079559840e-04   4.088578823346e+01  -1.152260824289e+01
  1.447874666263e-01    2.056805780460e-03   4.085257453399e+01  -1.152260824289e+01
  1.395510169666e-01    2.321480965545e-02   4.409113901746e+01  -1.152260824289e+01
  2.113138826255e-01    1.216132204922e-02   4.269845037834e+01   4.743517088761e+00
  2.120310569744e-01   -9.126840302599e-03   3.905589804557e+01   4.743517088761e+00
  2.167465487319e-03   -1.750168569049e-04   4.038062900469e+01   4.743517088761e+00
  1.715646257225e-03    4.870288451296e-04   4.082453349874e+01  -1.145741733099e+01
  1.384559400985e-01   -1.914008213564e-02   3.766015889124e+01  -1.145741733099e+01
  1.447696514871e-01    1.553996261580e-03   4.087115346434e+01  -1.145741733099e+01
  7.367538586011e-02    2.445437924284e-02   5.310091698502e+01  -8.590705918462e-01
  1.333800605696e-01    3.542315326960e-03   5.315366605126e+01  -8.590705918462e-01
  6.882542212750e-02    1.848127760406e-03   5.355146667825e+01  -8.590705918462e-01
  1.333755838275e-01    3.056240846367e-03   5.315429765218e+01   6.230167306085e-01
  7.230124859809e-02   -2.046582636889e-02   5.312169216482e+01   6.230167306085e-01
  6.881429905876e-02    1.981743909363e-03   5.355096997275e+01   6.230167306085e-01
  8.706524713469e-04   -2.868255860686e-04   4.039438952702e+01   5.286391448995e+00
  4.649855816223e-04    3.024736232131e-04   4.598192834101e+01   5.286391448995e+00
  2.125058105186e-01    1.233406707504e-02   4.269357745226e+01   5.286391448995e+00
  1.291768539345e-01    1.841126448105e-02   3.295387674362e+01  -4.309700820518e+00
  1.076855685096e-03   -9.956930238202e-06   3.480993010421e+01  -4.309700820518e+00
 -2.016186420852e-04   -4.884704202788e-06   3.278134436706e+01  -4.309700820518e+00
  3.075638656960e-01    5.596434838458e-04   2.739546415960e+01  -6.539265305549e-01
  2.616339451198e-01    5.095436044176e-03   2.731474841671e+01  -6.539265305549e-01
  3.277091829626e-01    3.189270134544e-03   2.478105357557e+01  -6.539265305549e-01
  2.853519196475e-01    2.703174840438e-02   3.820653188614e+01   2.388799607431e+00
  2.484880808332e-01    2.998299079692e-02   3.807810590907e+01   2.388799607431e+00
  2.579678204369e-01   -1.670672443389e-03   4.099406553068e+01   2.388799607431e+00
  2.847585306950e-01    2.691705609126e-02   3.822215142317e+01  -2.450681423093e+00
  1.670095586211e-01    7.629986952684e-03   3.909581449919e+01  -2.450681423093e+00
  1.532346188451e-01    1.836551542483e-02   3.564890115703e+01  -2.450681423093e+00
  1.330226784810e-01    1.919270113577e-02   3.783526694013e+01   1.089761100818e+01
  1.343098849086e-03    7.635868136500e-04   3.783516941051e+01   1.089761100818e+01
  1.426299701554e-01   -8.457525142999e-04   4.103658059191e+01   1.089761100818e+01
  1.428229162887e-01   -1.332919105664e-03   4.099745214353e+01   6.479855312000e+00
  2.490254274920e-01    3.017024719857e-02   3.804172617979e+01   6.479855312000e+00
  1.331642024408e-01    1.950739879923e-02   3.785816017499e+01   6.479855312000e+00
  1.337948055795e-01    1.953011288702e-02   3.783110427554e+01   6.295366415257e+00
  2.483322805064e-01    3.026742717411e-02   3.806575524720e+01   6.295366415257e+00
  2.253114987377e-01    5.525484838359e-02   3.525593024247e+01   6.295366415257e+00
  1.853456284742e-03   -9.731644392769e-06   3.777572721523e+01   1.032913466215e+01
  1.327202899941e-01    1.957644820711e-02   3.785455969498e+01   1.032913466215e+01
  1.202352051630e-01    3.472649839453e-02   3.484333757711e+01   1.032913466215e+01
  2.850327589540e-01    2.667049644075e-02   3.823267125499e+01   1.704672882568e+00
  2.791989856190e-01    5.266386531468e-02   3.563627414303e+01   1.704672882568e+00
  2.486675045802e-01    3.035341931044e-02   3.805142845773e+01   1.704672882568e+00
  4.032766950526e-04    5.779850771294e-05   4.829333779967e+01  -4.184809586299e+00
  1.519186542278e-01   -2.151152595902e-02   4.639565038114e+01  -4.184809586299e+00
  1.192303427341e-01   -2.310349535939e-02   4.871064688271e+01  -4.184809586299e+00
  1.570532183694e-01    5.916086763134e-02   3.092009858155e+01   2.438056198472e+00
  1.912651720068e-01    6.635344436606e-02   3.283816045953e+01   2.438056198472e+00
  2.241340754430e-01    7.021670834128e-02   3.152032205521e+01   2.438056198472e+00
  2.798417098775e-01    5.263485561657e-02   3.565465111425e+01   2.658070935227e+00
  2.256419906975e-01    5.517540533621e-02   3.529742954236e+01   2.658070935227e+00
  2.479668701471e-01    3.050624596672e-02   3.803434577414e+01   2.658070935227e+00
  1.203975395716e-01    3.507951768305e-02   3.485423070502e+01   5.573705095390e+00
  2.251735707230e-01    5.535265419960e-02   3.528353866001e+01   5.573705095390e+00
  1.917174122535e-01    6.630720170432e-02   3.283529102017e+01   5.573705095390e+00
  1.198749468467e-01    3.498804482218e-02   3.487596127886e+01   6.012946899323e+00
  1.331102013074e-01    1.947362991144e-02   3.782499641425e+01   6.012946899323e+00
  2.258762502059e-01    5.537979221370e-02   3.526173436581e+01   6.012946899323e+00
  2.574166331593e-01    7.099491187676e-02   3.340771547841e+01   2.727024786351e+00
  1.920328024630e-01    6.628273300844e-02   3.287089498948e+01   2.727024786351e+00
  2.248479173166e-01    5.544935805054e-02   3.525850842988e+01   2.727024786351e+00
  9.634482301724e-04   -1.889556355867e-04   3.776872468219e+01   9.066392826063e+00
  1.210063236891e-01    3.493911964868e-02   3.484530870428e+01   9.066392826063e+00
  1.216276837651e-04    2.984981674033e-04   3.487503743649e+01   9.066392826063e+00
  2.797009092014e-01    5.235644057803e-02   3.567687883425e+01   1.918767102034e+00
  2.567350057355e-01    7.095042410948e-02   3.338973481201e+01   1.918767102034e+00
  2.256329233874e-01    5.540172838523e-02   3.527573863173e+01   1.918767102034e+00
  2.837287352455e-01    2.718813955509e-02   3.821250294010e+01  -1.417541307235e+00
  1.546904690561e-01    1.819706083828e-02   3.566535021821e+01  -1.417541307235e+00
  2.806362825920e-01    5.192731379178e-02   3.568220017659e+01  -1.417541307235e+00
  3.766682552623e-04   -6.721548254758e-05   4.361388239701e+01  -5.499663438402e+00
  7.058989479384e-04    1.941599154786e-04   4.044164269667e+01  -5.499663438402e+00
  1.656588233142e-01   -8.759738018258e-03   4.297672920503e+01  -5.499663438402e+00
  9.962752623466e-02    3.949950439339e-02   3.237820439024e+01   5.306854431168e+00
  1.198359384547e-01    3.500543273676e-02   3.484758278929e+01   5.306854431168e+00
  1.921877821693e-01    6.642098809352e-02   3.284093378080e+01   5.306854431168e+00
  1.202422659538e-01    3.540225898278e-02   3.487636582288e+01   8.442087104476e+00
 -6.706961520119e-05    4.191941901366e-04   3.227164877175e+01   8.442087104476e+00
  5.401825685898e-04    3.548993333427e-05   3.484430221982e+01   8.442087104476e+00
  5.789930496332e-04    7.438782337803e-04   3.227100974426e+01   8.382542037762e+00
  1.195233183849e-01    3.518115314649e-02   3.487481944169e+01   8.382542037762e+00
  9.969559867021e-02    3.934721442083e-02   3.236095688301e+01   8.382542037762e+00
  9.611225726915e-02   -1.699277576559e-02   5.000449849453e+01  -3.199795777140e+00
 -1.844967379817e-05   -1.416466435742e-05   5.014161145000e+01  -3.199795777140e+00
  3.128703284376e-04   -2.994297693166e-05   4.959355075408e+01  -3.199795777140e+00
  8.231397285134e-02    3.543980759431e-02   3.037846070060e+01   5.678218302789e+00
 -5.450062535390e-05    5.387479435633e-05   3.037369410773e+01   5.678218302789e+00
  7.985975765211e-04    4.150299110049e-04   3.221945142599e+01   5.678218302789e+00
  8.156810144158e-02    3.500847510315e-02   3.039613474362e+01   4.569474900690e+00
 -2.015646525295e-04   -1.865223994764e-04   2.904654430857e+01   4.569474900690e+00
  3.526666441668e-04    2.827442037469e-04   3.035603788520e+01   4.569474900690e+00
  1.066453686021e-01    1.404392362175e-02   3.120988654571e+01  -3.550455414252e+00
  2.532337000966e-04    5.947126823776e-05   3.131675418791e+01  -3.550455414252e+00
 -7.221692632306e-05   -1.512367914250e-04   2.957411112765e+01  -3.550455414252e+00
  8.180733866074e-02    3.519174370350e-02   3.037603301851e+01   7.064852687902e+00
  1.392397815360e-03    7.347298781385e-04   3.222684453895e+01   7.064852687902e+00
  9.923661821001e-02    3.934507137398e-02   3.237555724506e+01   7.064852687902e+00
  1.879673442480e-01   -1.552847564655e-02   2.958413903792e+01   2.798624570136e+00
  1.857363354706e-01   -7.178278674564e-03   2.839905617073e+01   2.798624570136e+00
  1.683584931567e-03   -8.118529441423e-05   2.959499139100e+01   2.798624570136e+00
  6.798955256680e-02    1.942062665391e-02   2.924894719764e+01   2.539179139827e+00
  8.131129502093e-02    3.512605874643e-02   3.038220485308e+01   2.539179139827e+00
  1.315621149060e-01    3.454809159618e-02   2.965699893303e+01   2.539179139827e+00
  1.572761559660e-01    5.935851689896e-02   3.089533612640e+01   4.094229553474e+00
  8.140959941622e-02    3.498754049900e-02   3.040215640845e+01   4.094229553474e+00
  9.955012147268e-02    3.956165233905e-02   3.235324265307e+01   4.094229553474e+00
  1.866176892889e-04    6.056224209981e-04   2.902485785760e+01   6.444718753414e-01
  6.414963207719e-02    2.626362003662e-04   2.881917373570e+01   6.444718753414e-01
  1.151845140938e-04   -2.524101513066e-04   2.868122070293e+01   6.444718753414e-01
  5.085578764715e-04    7.463528969657e-04   2.903097812336e+01   1.886080447778e+00
  6.783555416252e-02    1.916355819834e-02   2.924512761355e+01   1.886080447778e+00
  6.382679430121e-02    1.987735848076e-04   2.881556093408e+01   1.886080447778e+00
  1.231858956080e-01   -4.944521885867e-04   2.921339463438e+01   6.587396782975e-01
  6.385000326317e-02   -2.634498694764e-04   2.882994037562e+01   6.587396782975e-01
  6.778552311090e-02    1.954076999581e-02   2.923437430821e+01   6.587396782975e-01
  1.915424478212e-04    3.529229682939e-04   2.867384460286e+01  -9.443240090728e-01
  6.401148875214e-02   -3.733137399645e-04   2.882776152988e+01  -9.443240090729e-01
  6.885330387713e-02   -2.020185334264e-02   2.913382037683e+01  -9.443240090728e-01
  1.311910246043e-01    3.451254472589e-02   2.965195410073e+01   2.922611506299e+00
  8.173512173163e-02    3.519684757939e-02   3.038911353660e+01   2.922611506299e+00
  1.567351696440e-01    5.908949712365e-02   3.090905976681e+01   2.922611506299e+00
  6.807615700452e-02    1.957508040443e-02   2.924067009475e+01   3.696972716618e+00
  1.493027594115e-04   -2.498331071528e-06   2.904929990295e+01   3.696972716618e+00
  8.109806855433e-02    3.482300648023e-02   3.039334942116e+01   3.696972716618e+00
  1.000929935809e-01    3.968944438853e-02   3.235892050148e+01   4.529248284454e+00
  1.915511059605e-01    6.628106960355e-02   3.285847957308e+01   4.529248284454e+00
  1.568371162157e-01    5.926089261196e-02   3.089021091647e+01   4.529248284454e+00
  2.133117444568e-01   -9.581895917421e-03   3.906022245488e+01   5.306933343077e+00
  4.869288653372e-04   -3.254990793295e-04   3.489028067696e+01   5.306933343077e+00
  7.887736377247e-04    2.113057292754e-04   4.036488765279e+01   5.306933343077e+00
  2.802330032915e-01    5.211848803083e-02   3.567590193627e+01  -1.968904207058e+00
  1.549231545799e-01    1.791072700132e-02   3.566462754882e+01  -1.968904207058e+00
  2.278493762464e-01    4.490383204838e-02   3.372255581786e+01  -1.968904207058e+00
  1.885192198170e-01   -1.586580976312e-02   2.958797535242e+01   2.888063857717e+00
  9.914945277763e-04    4.037411282499e-04   2.960547939094e+01   2.888063857717e+00
  1.412558063612e-01   -1.931074605742e-02   3.139561239673e+01   2.888063857717e+00
  1.278046532794e-01    1.854359800737e-02   3.295322693536e+01  -2.554428744638e+00
  1.067931156231e-01    1.424565562209e-02   3.121130910385e+01  -2.554428744638e+00
  2.064156762384e-01    3.902054514741e-02   3.224473493974e+01  -2.554428744638e+00
  1.284756780606e-01    1.848247494159e-02   3.295088368113e+01  -4.794440718659e+00
  1.519583592278e-01    1.798797690694e-02   3.564215765331e+01  -4.794440718659e+00
  1.908319445581e-03   -4.421750028944e-05   3.481435830870e+01  -4.794440718659e+00
  2.286214480367e-01    4.491943200093e-02   3.374133655851e+01  -1.112515390284e+00
  2.059933216879e-01    3.907318443224e-02   3.224106556890e+01  -1.112515390284e+00
  2.434869327413e-01    6.035633293657e-02   3.198816894160e+01  -1.112515390284e+00
  2.060570635074e-01    3.911464433212e-02   3.223813670680e+01  -2.694697990238e+00
  2.285269105627e-01    4.469795314197e-02   3.374261707655e+01  -2.694697990238e+00
  1.282817859025e-01    1.847398592898e-02   3.296351965076e+01  -2.694697990238e+00
  2.126632983380e-01    3.737734865369e-02   3.112852398127e+01  -1.342156265433e+00
  2.434493926396e-01    6.015230180023e-02   3.199295859765e+01  -1.342156265433e+00
  2.059892288399e-01    3.915659572600e-02   3.223795168906e+01  -1.342156265433e+00
  2.294649569896e-01    4.491444281314e-02   3.375482356082e+01  -7.265711086621e-01
  2.427886263153e-01    6.041301253774e-02   3.197392073708e+01  -7.265711086621e-01
  2.574517059266e-01    7.058054973918e-02   3.342588436733e+01  -7.265711086621e-01
  2.057364066149e-01    3.900204226860e-02   3.223978644048e+01  -2.461119039524e+00
  1.076025232355e-01    1.430592109129e-02   3.122034037797e+01  -2.461119039524e+00
  2.131092405744e-01    3.735144513438e-02   3.113187942391e+01  -2.461119039524e+00
  1.277902611615e-01    1.851534466759e-02   3.295634415090e+01  -2.595010536226e+00
  2.290310989327e-01    4.468827933103e-02   3.374313610470e+01  -2.595010536226e+00
  1.528308359391e-01    1.802648661782e-02   3.564019218864e+01  -2.595010536226e+00
  1.642738738186e-01    1.207271441708e-02   2.950257128531e+01  -2.904355001530e+00
  1.064927972261e-01    1.422172893387e-02   3.120944721644e+01  -2.904355001530e+00
  3.047574307782e-04   -3.069777950461e-04   2.958031205833e+01  -2.904355001530e+00
  1.531321769106e-01    5.757043537885e-03   2.757140846609e+01  -2.547704224329e+00
  1.605647928227e-01    5.949335148955e-03   2.848128817549e+01  -2.547704224329e+00
  4.408432319009e-04   -1.477238442669e-04   2.740248286180e+01  -2.547704224329e+00
  2.614766977515e-01    5.216521056518e-03   2.732753563853e+01  -1.551920120995e+00
  1.610215018843e-01    6.144971753327e-03   2.849020346345e+01  -1.551920120995e+00
  1.531292955065e-01    5.868215322924e-03   2.757200388281e+01  -1.551920120995e+00
  1.635613142745e-01    1.155345594908e-02   2.950905151940e+01  -1.823631001044e+00
  2.333665539376e-01    1.860055765432e-02   2.952456900839e+01  -1.823631001044e+00
  2.123062620224e-01    3.730423528609e-02   3.111882881351e+01  -1.823631001044e+00
  3.016965444860e-01   -1.467573765818e-03   8.771920182733e+00  -1.946923056804e+00
  7.505405942606e-03   -2.296278144247e-04   6.534148905699e+00  -1.946923056804e+00
  3.626812357979e-01    2.167061615031e-03   6.691870319599e+00  -1.946923056804e+00
  2.449824888649e-01    4.655144955417e-02   3.062905053837e+01  -1.187046537448e+00
  2.428999892597e-01    6.010933293440e-02   3.198766133029e+01  -1.187046537448e+00
  2.131491815611e-01    3.751450313092e-02   3.113548195782e+01  -1.187046537448e+00
  2.778122819400e-01   -2.017943161091e-03   2.744839901822e+01   1.511261382761e+00
  1.862805740996e-01   -7.216358413125e-03   2.841580136818e+01   1.511261382761e+00
  2.520526077365e-01   -2.106358591745e-02   2.949487098604e+01   1.511261382761e+00
  1.632270267472e-01    1.178895883776e-02   2.949480920844e+01  -2.410441212107e+00
  2.130201044674e-01    3.711442435421e-02   3.112917548188e+01  -2.410441212107e+00
  1.075251871997e-01    1.453980594396e-02   3.121349773313e+01  -2.410441212107e+00
  1.088639368218e-04   -8.975501642649e-05   2.740314689592e+01  -2.675862041333e+00
  1.609100387288e-01    5.920016495884e-03   2.847953488758e+01  -2.675862041333e+00
  4.111402124841e-04   -3.551762326916e-05   2.831557254431e+01  -2.675862041333e+00
  2.770053039356e-03    2.398506518399e-04   2.561870491880e+01  -2.056170016075e+00
  3.316412078732e-01    3.508909413091e-03   2.481437007274e+01  -2.056170016075e+00
  1.528402515284e-01    5.918513522930e-03   2.758585221344e+01  -2.056170016075e+00
  1.958388479347e-01    4.465878167628e-02   3.025447813489e+01   1.221441191107e+00
  1.570090135606e-01    5.912781019761e-02   3.090622117625e+01   1.221441191107e+00
  2.240271563197e-01    7.012016242722e-02   3.153392787780e+01   1.221441191107e+00
  2.564717452042e-01    7.073457395713e-02   3.340880891119e+01   5.998639326881e-01
  2.434511862847e-01    6.037309200481e-02   3.199335259335e+01   5.998639326881e-01
  2.243081096973e-01    7.015226388578e-02   3.153672749405e+01   5.998639326881e-01
  1.229251547121e-01   -6.552290907215e-04   2.922510526620e+01   6.005390868733e-01
  1.310120622900e-01    3.427887771321e-02   2.965670735750e+01   6.005390868733e-01
  1.840481458172e-01   -1.480667715430e-03   2.974336770974e+01   6.005390868733e-01
  1.314095549321e-01    3.440840823409e-02   2.967236258223e+01   1.742398232070e+00
  1.564478590669e-01    5.911672780541e-02   3.089492790334e+01   1.742398232070e+00
  1.962580829188e-01    4.461825871970e-02   3.026425039115e+01   1.742398232070e+00
  1.835776943795e-01   -1.426647943397e-03   2.973435438351e+01   4.355085322921e-01
  1.314741382717e-01    3.429568541726e-02   2.966546915414e+01   4.355085322921e-01
  1.961071079922e-01    4.455070898698e-02   3.027170524030e+01   4.355085322921e-01
  1.312098587164e-01    3.424826713825e-02   2.966519938282e+01   1.090612515066e+00
  1.227843572383e-01   -5.097563551720e-04   2.920970454144e+01   1.090612515066e+00
  6.817414687133e-02    1.961928369210e-02   2.923939680799e+01   1.090612515066e+00
  2.233173753136e-01    6.982912999776e-02   3.151933205236e+01   4.249348456331e-01
  2.453994891850e-01    4.659168237110e-02   3.064474426433e+01   4.249348456331e-01
  1.968687765026e-01    4.490355756530e-02   3.028822124852e+01   4.249348456331e-01
  2.235181421703e-01    7.020578934052e-02   3.150445798376e+01   1.796856686850e+00
  1.920001604095e-01    6.635565068238e-02   3.285335654869e+01   1.796856686850e+00
  2.573329514707e-01    7.087637485730e-02   3.342569909249e+01   1.796856686850e+00
  2.445253542767e-01    4.597161683102e-02   3.062880020511e+01  -1.147598906167e+00
  2.340340970050e-01    1.847302530630e-02   2.953419356135e+01  -1.147598906167e+00
  2.679946668592e-01    1.415997191818e-02   2.936871296077e+01  -1.147598906167e+00
  2.242229191040e-01    6.992041169810e-02   3.153495588022e+01  -5.648538251604e-02
  2.433889829386e-01    6.044621241849e-02   3.199167708849e+01  -5.648538251604e-02
  2.444418830218e-01    4.637965105198e-02   3.062106335013e+01  -5.648538251604e-02
  2.418082113162e-01   -2.464448494339e-02   3.003995964533e+01  -1.108643322704e-01
  1.844399854480e-01   -1.511762348368e-03   2.975963597081e+01  -1.108643322704e-01
  2.373553454383e-01    2.008594352085e-02   3.004673718688e+01  -1.108643322704e-01
  1.839704729990e-01   -1.136119835685e-03   2.975089646483e+01   1.990432872879e-01
  1.959168739119e-01    4.425527097879e-02   3.026939906602e+01   1.990432872879e-01
  2.377000581233e-01    1.993947604019e-02   3.005566835495e+01   1.990432872879e-01
  2.684910537848e-01    1.421531629318e-02   2.937707559112e+01  -1.387756181885e-01
  2.382537132349e-01    2.031681160738e-02   3.006082953997e+01  -1.387756181885e-01
  2.440268655599e-01    4.621380456377e-02   3.062240998354e+01  -1.387756181885e-01
  2.689821123424e-01    1.468887316673e-02   2.937412533471e+01  -4.492465919845e-01
  2.810187501988e-01   -2.900427898960e-03   2.931598903562e+01  -4.492465919845e-01
  2.379931669128e-01    1.964549438946e-02   3.006283200274e+01  -4.492465919845e-01
  3.031470134296e-01    2.500220797951e-03   2.845139676917e+01  -3.233301984115e-01
  2.811905427893e-01   -2.466691537830e-03   2.931706620366e+01  -3.233301984115e-01
  2.685281970727e-01    1.422638428625e-02   2.936562292798e+01  -3.233301984115e-01
  2.371037537042e-01    1.983571578358e-02   3.003703580877e+01  -2.755740826475e-01
  1.968967963508e-01    4.450360691668e-02   3.028801636052e+01  -2.755740826475e-01
  2.453227761919e-01    4.686508253726e-02   3.064191064420e+01  -2.755740826475e-01
  2.125809206981e-01    3.771884499425e-02   3.111937601291e+01  -1.024774662739e+00
  2.332699625252e-01    1.838215889024e-02   2.952092294461e+01  -1.024774662739e+00
  2.455004843125e-01    4.628453627417e-02   3.063839907183e+01  -1.024774662739e+00
  1.229068239054e-01   -7.864407204341e-04   2.922431871138e+01  -7.652842955271e-01
  1.840688943002e-01   -1.512583923279e-03   2.974435266922e+01  -7.652842955271e-01
  1.334516987562e-01   -3.621091489633e-02   2.961251870827e+01  -7.652842955271e-01
  3.324763553451e-01    7.893397615355e-04   1.045441204950e+01   1.703380962335e+00
  9.790417456219e-03    3.925098386534e-04   1.064405571743e+01   1.703380962335e+00
  3.344442356639e-01    9.093979346882e-04   1.321846724641e+01   1.703380962335e+00
  2.290847566767e-01    4.488854939188e-02   3.375009366713e+01  -1.158774486244e-01
  2.577854345578e-01    7.064143212706e-02   3.343222426552e+01  -1.158774486244e-01
  2.786271664277e-01    5.234186353072e-02   3.565621976383e+01  -1.158774486244e-01
  2.401540201745e-01    2.371237317190e-03  -3.652973412894e-03   2.338974683649e+00
  3.362046507912e-04   -3.229253952402e-05   6.142970283457e-03   2.338974683649e+00
  1.260450259709e-03    5.664661056163e-05   1.774822043431e+00   2.338974683649e+00
  6.392007554610e-02   -1.485875678232e-04   2.883218187830e+01  -7.768439161727e-01
  1.231665814067e-01   -9.037769698783e-04   2.921415845404e+01  -7.768439161727e-01
  6.891520064162e-02   -2.066807712860e-02   2.913315485005e+01  -7.768439161727e-01
  1.049846751386e-01   -4.164506178235e-02   3.220265114411e+01  -7.862143229270e+00
  8.008897763422e-04   -7.272943425191e-05   3.467471164985e+01  -7.862143229270e+00
  6.420133455197e-05   -2.257730698247e-04   3.222394598594e+01  -7.862143229270e+00
  1.538808942583e-01    6.058458408019e-03   2.758382594622e+01  -1.535534376611e+00
  3.293392322802e-01    3.359770773484e-03   2.480050842696e+01  -1.535534376611e+00
  2.607899898290e-01    5.158720097963e-03   2.730967595864e+01  -1.535534376611e+00
  7.316729433443e-04    2.226733251343e-04   3.762882837436e+01  -9.266876058245e+00
  3.656568762422e-04   -3.932959704378e-04   3.472422664822e+01  -9.266876058245e+00
  1.244566611234e-01   -3.492002187548e-02   3.471709756444e+01  -9.266876058245e+00
 -1.156526690756e-04   -1.157864550315e-04   3.131889021270e+01  -4.260535378735e+00
  1.280257426914e-01    1.830916634813e-02   3.295260586735e+01  -4.260535378735e+00
  3.193288548353e-04    4.222120882702e-05   3.278261250119e+01  -4.260535378735e+00
  1.043995140409e-01   -4.139781497494e-02   3.220009285373e+01  -9.407174017532e+00
  1.234612507434e-01   -3.511016897317e-02   3.474475774622e+01  -9.407174017532e+00
  1.396393812439e-03   -3.118186322420e-04   3.468326170517e+01  -9.407174017532e+00
  1.409092442104e-03    6.385288754085e-05   3.763699666666e+01  -1.076219238536e+01
  1.238392059739e-01   -3.476047840069e-02   3.471419972081e+01  -1.076219238536e+01
  1.383217931944e-01   -1.970805535650e-02   3.768988139518e+01  -1.076219238536e+01
  5.157146859661e-04   -1.925851963064e-04   3.219851079475e+01  -6.952019786401e+00
 -2.436459424444e-04   -1.275220084065e-04   3.022024007024e+01  -6.952019786401e+00
  1.040997901093e-01   -4.167600745428e-02   3.222874004609e+01  -6.952019786401e+00
  3.265849858146e-01   -7.141916869376e-03   1.865905131246e+01  -3.565768245366e-01
  2.829803161051e-01   -7.058624613078e-03   1.884175897281e+01  -3.565768245366e-01
  2.552949430360e-01   -4.417844344474e-03   1.670863389789e+01  -3.565768245366e-01
  6.932338529756e-02   -2.090275668110e-02   2.912897419194e+01  -4.813627972706e+00
  8.299005214357e-02   -3.475954756837e-02   3.037186603728e+01  -4.813627972706e+00
  9.920004432579e-04   -8.558758206908e-04   3.019118588683e+01  -4.813627972706e+00
  2.213387372032e-04   -2.838419815908e-04   2.910892037741e+01  -2.087909820801e+00
 -8.604413756727e-05    4.182100503404e-04   2.866796803601e+01  -2.087909820801e+00
  6.924413785475e-02   -2.030291999217e-02   2.913750703154e+01  -2.087909820801e+00
  1.038821243454e-01   -4.152410896858e-02   3.220791815430e+01  -4.324741685521e+00
  8.327064780702e-02   -3.498877506798e-02   3.037512180041e+01  -4.324741685521e+00
  1.621973440678e-01   -6.143462970131e-02   3.084997752208e+01  -4.324741685521e+00
  1.035057118130e-01   -4.144498338802e-02   3.222676641504e+01  -6.479880088178e+00
  2.453664986090e-04   -4.180462887759e-04   3.022153172291e+01  -6.479880088178e+00
  8.341969462459e-02   -3.499773678973e-02   3.036256734066e+01  -6.479880088178e+00
  1.336407526800e-01   -3.648272820953e-02   2.960582307457e+01  -3.174364139604e+00
  1.616669315682e-01   -6.119381951040e-02   3.086267830443e+01  -3.174364139604e+00
  8.361648589456e-02   -3.520780019098e-02   3.036036731586e+01  -3.174364139604e+00
  1.237052284782e-01   -3.512827088827e-02   3.471912374883e+01  -5.524167914010e+00
  1.039728206977e-01   -4.145050448898e-02   3.223123788732e+01  -5.524167914010e+00
  1.998534858417e-01   -6.908912060461e-02   3.275350294628e+01  -5.524167914010e+00
  8.316605440868e-02   -3.509292680249e-02   3.035527930197e+01  -2.679477421935e+00
  6.906480727615e-02   -2.051715404781e-02   2.914884107826e+01  -2.679477421935e+00
  1.340240562076e-01   -3.654185011325e-02   2.961031711789e+01  -2.679477421935e+00
  5.520938254430e-04   -5.934466831720e-04   3.018459089627e+01  -3.363535278281e+00
 -3.983019171879e-05    1.182175127032e-04   2.911656525307e+01  -3.363535278281e+00
  6.972367864161e-02   -2.106810213144e-02   2.913100715398e+01  -3.363535278281e+00
  1.678192166478e-01   -2.469016241075e-02   3.317270947682e+01   4.568370350361e+00
  2.339432808394e-03    7.827373919178e-05   3.489934547129e+01   4.568370350361e+00
  1.934055155662e-01   -2.261722523342e-02   3.576429503165e+01   4.568370350361e+00
  1.991927857523e-01   -6.893913901543e-02   3.277090920559e+01  -4.715121935937e+00
  1.044094763138e-01   -4.161218491475e-02   3.221451100813e+01  -4.715121935937e+00
  1.617586077808e-01   -6.135435564929e-02   3.084470997633e+01  -4.715121935937e+00
  2.598307267156e-01   -3.082508176223e-02   3.790212150633e+01  -6.948335469842e+00
  2.690508774504e-01    3.294566779542e-03   4.087716810703e+01  -6.948335469842e+00
  1.460214549345e-01    1.906154264128e-03   4.084102979635e+01  -6.948335469842e+00
  2.597143355888e-01   -3.103429969267e-02   3.793098845694e+01  -6.631306689635e+00
  1.390558466231e-01   -1.962641505303e-02   3.766729535881e+01  -6.631306689635e+00
  2.350477217055e-01   -5.722152930131e-02   3.515424862031e+01  -6.631306689635e+00
  2.704717371261e-01    3.112752169519e-03   4.084824803623e+01  -2.026935125381e+00
  3.095122490951e-01   -2.903597551966e-02   3.812271982539e+01  -2.026935125381e+00
  3.083484617233e-01    3.648217800150e-03   4.089037410162e+01  -2.026935125381e+00
  2.127330831971e-01   -9.240240319298e-03   3.906255258829e+01   1.158659464749e+00
  3.083965727147e-01    3.107346833738e-03   4.087332001288e+01   1.158659464749e+00
  3.093334727244e-01   -2.837925701551e-02   3.815716664298e+01   1.158659464749e+00
  3.090904821545e-01    3.475602628056e-03   4.088071302304e+01   1.919010639501e+00
  2.120156019842e-01   -9.582222874382e-03   3.905429310526e+01   1.919010639501e+00
  2.110458961801e-01    1.270273065716e-02   4.270150610057e+01   1.919010639501e+00
  2.705175089061e-01    3.791681349305e-03   4.089590417093e+01  -2.063042945844e+00
  3.083284633599e-01    3.305941137996e-03   4.086831507297e+01  -2.063042945844e+00
  3.081711921237e-01    3.705655695414e-02   4.363058167254e+01  -2.063042945844e+00
  3.102885617503e-01   -2.892364249111e-02   3.813797201274e+01  -2.806111694826e+00
  2.695959684240e-01    2.922214687990e-03   4.083631545271e+01  -2.806111694826e+00
  2.598576847008e-01   -3.074591437906e-02   3.794469032707e+01  -2.806111694826e+00
  1.451865645876e-01    1.863127614500e-03   4.083823609767e+01  -6.763154286840e+00
  1.383499696380e-01   -1.964592128904e-02   3.769363338351e+01  -6.763154286840e+00
  2.604978315693e-01   -3.090003372260e-02   3.790624563430e+01  -6.763154286840e+00
  3.003496322765e-01   -5.650327625045e-02   3.565343484709e+01  -2.265920639554e+00
  2.353666648822e-01   -5.739648028637e-02   3.517329721730e+01  -2.265920639554e+00
  2.723186848705e-01   -7.592679099117e-02   3.337703270470e+01  -2.265920639554e+00
  2.355889921469e-01   -5.735368960512e-02   3.515993921657e+01  -6.336126347515e+00
  1.384484362047e-01   -1.956094077784e-02   3.766140325504e+01  -6.336126347515e+00
  1.236617829161e-01   -3.510961152380e-02   3.474677358928e+01  -6.336126347515e+00
  3.087298780230e-01   -2.911592724226e-02   3.814529268781e+01   9.728719222306e-01
  3.012214305058e-01   -5.608069947309e-02   3.565858213626e+01   9.728719222306e-01
  1.961720552297e-01   -2.295094254086e-02   3.578257099051e+01   9.728719222306e-01
  3.099547090952e-01   -2.857816782568e-02   3.816512340992e+01  -2.120908179381e+00
  2.600515248122e-01   -3.110585866463e-02   3.791768674861e+01  -2.120908179381e+00
  2.998745732332e-01   -5.680807237070e-02   3.561297622535e+01  -2.120908179381e+00
  1.996520038450e-01   -6.891911499468e-02   3.278459956142e+01  -3.016636643594e+00
  2.729991562068e-01   -7.596522476208e-02   3.339487520698e+01  -3.016636643594e+00
  2.345798293135e-01   -5.744482110979e-02   3.515615189960e+01  -3.016636643594e+00
  3.096849980209e-01   -2.883093831110e-02   3.815570112067e+01   1.923587714842e+00
  1.947866424632e-01   -2.313352728333e-02   3.576583632918e+01   1.923587714842e+00
  2.123052559452e-01   -8.863253195626e-03   3.906376776584e+01   1.923587714842e+00
  3.008740794405e-01   -5.628434184417e-02   3.565193417774e+01   1.539160917316e+00
  2.559821421933e-01   -5.133204571919e-02   3.381775938610e+01   1.539160917316e+00
  1.963205111077e-01   -2.264085801751e-02   3.578304920276e+01   1.539160917316e+00
  3.005104551973e-01   -5.677710156997e-02   3.563119049336e+01  -3.013434322512e+00
  2.593651998565e-01   -3.126012303392e-02   3.790043473160e+01  -3.013434322512e+00
  2.353590540789e-01   -5.716859604042e-02   3.519501722516e+01  -3.013434322512e+00
  1.242657445396e-01   -3.522402784074e-02   3.472490513759e+01  -5.911046358520e+00
  1.993902057538e-01   -6.897379987143e-02   3.274807721076e+01  -5.911046358520e+00
  2.348632351173e-01   -5.732960124513e-02   3.518154952966e+01  -5.911046358520e+00
  1.417998987432e-01   -1.940189177880e-02   3.139960078469e+01   3.746409642532e+00
  5.576795299877e-04    1.722190970019e-04   3.140754264433e+01   3.746409642532e+00
  1.674810655888e-01   -2.461862659130e-02   3.317615340064e+01   3.746409642532e+00
  2.344366654694e-01   -7.472520689853e-02   3.150891802769e+01  -2.671693956712e+00
  1.989062645357e-01   -6.899015989258e-02   3.275249742472e+01  -2.671693956712e+00
  1.619882797047e-01   -6.129500689629e-02   3.087209739084e+01  -2.671693956712e+00
  7.977853755455e-04    4.907600869953e-04   4.081828210864e+01  -1.015959902932e+01
  4.524401438745e-04   -3.770024348977e-04   3.768077191774e+01  -1.015959902932e+01
  1.392059250013e-01   -1.919467273837e-02   3.766167642376e+01  -1.015959902932e+01
  1.835936228153e-01   -1.559615089864e-03   2.973500736974e+01  -6.395844955035e-01
  2.011063443844e-01   -4.818204261259e-02   3.025248979011e+01  -6.395844955035e-01
  1.339164961604e-01   -3.623178234734e-02   2.962183133355e+01  -6.395844955035e-01
  6.929001253066e-02   -2.072357660712e-02   2.914012809663e+01  -1.242032659660e+00
  1.227730426352e-01   -9.034540105510e-04   2.920988189931e+01  -1.242032659660e+00
  1.336280252880e-01   -3.620271233887e-02   2.961976967642e+01  -1.242032659660e+00
  2.338190594388e-01   -7.471607962210e-02   3.149319429804e+01  -2.070674253901e+00
  2.728911040891e-01   -7.584419558880e-02   3.341247528137e+01  -2.070674253901e+00
  1.996361795624e-01   -6.898952250354e-02   3.276777618093e+01  -2.070674253901e+00
  1.619661658823e-01   -6.127052912651e-02   3.085855843532e+01  -1.464070088098e+00
  2.008604642760e-01   -4.829562827009e-02   3.023569198630e+01  -1.464070088098e+00
  2.343176276302e-01   -7.462722569092e-02   3.152185595838e+01  -1.464070088098e+00
  2.595168180926e-01   -5.218751930936e-02   3.067282793230e+01  -6.248785355331e-01
  2.336392994448e-01   -7.434925792532e-02   3.150813918528e+01  -6.248785355331e-01
  2.018575994390e-01   -4.853981537719e-02   3.026870284040e+01  -6.248785355331e-01
  2.345960620090e-01   -7.466643560063e-02   3.152446858081e+01  -8.543075705147e-01
  2.623442250025e-01   -6.682171905551e-02   3.204732976995e+01  -8.543075705147e-01
  2.720477345289e-01   -7.570558892705e-02   3.339632361586e+01  -8.543075705147e-01
  2.594162139719e-01   -5.242667607560e-02   3.066858115623e+01   5.210778670653e-02
  2.019095785109e-01   -4.815862738244e-02   3.026947465035e+01   5.210778670653e-02
  2.415759330613e-01   -2.441108215506e-02   3.003014747134e+01   5.210778670653e-02
  1.614033664375e-01   -6.124688583782e-02   3.084769012385e+01  -1.930043456217e+00
  1.338289209054e-01   -3.634446344355e-02   2.962802364201e+01  -1.930043456217e+00
  2.012818011131e-01   -4.826181592929e-02   3.024545240035e+01  -1.930043456217e+00
  1.877261453164e-01   -1.566317721941e-02   2.958091314852e+01   1.530892132304e+00
  2.527334786137e-01   -2.135886269430e-02   2.950228025855e+01   1.530892132304e+00
  1.856510888434e-01   -7.045797480925e-03   2.840678104130e+01   1.530892132304e+00
  3.343725821000e-01    3.063611877203e-03   2.481634583103e+01  -2.019582271923e+00
  1.890155223958e-03    4.746839326195e-04   2.558817988135e+01  -2.019582271923e+00
  3.326950234606e-03   -3.738170784803e-04   2.280129896488e+01  -2.019582271923e+00
  2.586576886518e-01   -5.152516341382e-02   3.065668636659e+01   1.021480879312e+00
  2.794161441914e-01   -1.706700069037e-02   2.942811131150e+01   1.021480879312e+00
  2.530400837252e-01   -2.155469576497e-02   2.951028825970e+01   1.021480879312e+00
  2.581448516457e-01   -5.171025857926e-02   3.064839740441e+01  -3.178576829531e-02
  2.426841213995e-01   -2.496091607762e-02   3.005290377024e+01  -3.178576829531e-02
  2.798379652369e-01   -1.722995576301e-02   2.943645321719e+01  -3.178576829531e-02
  2.802399874838e-01   -1.697320131531e-02   2.944065344808e+01  -1.325867320072e-02
  2.809811433510e-01   -2.610703686008e-03   2.931734345818e+01  -1.325867320072e-02
  3.034888013092e-01    2.676407285299e-03   2.845134119444e+01  -1.325867320072e-02
  2.622687098366e-01   -6.688571794460e-02   3.204533716636e+01  -1.795905413600e-01
  2.345371124481e-01   -7.445138756405e-02   3.152326449506e+01  -1.795905413600e-01
  2.585733082917e-01   -5.197201815280e-02   3.065014801741e+01  -1.795905413600e-01
  2.785478822439e-01   -2.311041480876e-03   2.745596373905e+01   4.381328973958e-01
  2.801927637054e-01   -1.681959436571e-02   2.944593536634e+01   4.381328973958e-01
  3.038664156139e-01    2.526991851686e-03   2.845008393093e+01   4.381328973958e-01
  2.803156580418e-01   -1.774711855827e-02   2.943671314403e+01   2.153612842847e-01
  2.424645491316e-01   -2.425408023627e-02   3.005339390052e+01   2.153612842847e-01
  2.810037828582e-01   -2.033462650559e-03   2.931842331641e+01   2.153612842847e-01
  2.009444449421e-01   -4.788354952783e-02   3.025083616351e+01  -3.776599142156e-01
  1.839519353227e-01   -1.863405722404e-03   2.975065991819e+01  -3.776599142156e-01
  2.421648585941e-01   -2.452232366470e-02   3.004919404841e+01  -3.776599142156e-01
  2.370332700930e-01   -4.445954259499e-02   3.123274838941e+01   8.544327475211e-01
  2.596749504264e-01   -5.184119897182e-02   3.066766114521e+01   8.544327475211e-01
  2.522651747047e-01   -2.154967346337e-02   2.949807154197e+01   8.544327475211e-01
  2.623537697126e-01   -6.661956900454e-02   3.204707955458e+01   1.080395515199e+00
  2.371800828015e-01   -4.408889257977e-02   3.124162028781e+01   1.080395515199e+00
  2.340821397167e-01   -4.606573630046e-02   3.237145731852e+01   1.080395515199e+00
  2.618083827947e-01   -6.656760690204e-02   3.204193499806e+01   9.802542194549e-01
  2.591000191661e-01   -5.211672075663e-02   3.065755277015e+01   9.802542194549e-01
  2.376513563699e-01   -4.423879207554e-02   3.124834848526e+01   9.802542194549e-01
  2.566460048532e-01   -5.114486445928e-02   3.383666051382e+01   2.356389591865e+00
  2.341458097283e-01   -4.603366153348e-02   3.237205955745e+01   2.356389591865e+00
  1.677090491899e-01   -2.471770801137e-02   3.318405796164e+01   2.356389591865e+00
  2.341119056997e-01   -4.599283711533e-02   3.237486688305e+01   8.332420996581e-01
  2.567049411978e-01   -5.135744519004e-02   3.383558210667e+01   8.332420996581e-01
  2.623500676598e-01   -6.681431791986e-02   3.204201614440e+01   8.332420996581e-01
  1.417666218354e-01   -1.939060682455e-02   3.140023825556e+01   2.296222194359e+00
  1.673959448999e-01   -2.479379664510e-02   3.317525744138e+01   2.296222194359e+00
  2.344662910649e-01   -4.594181150083e-02   3.237889805596e+01   2.296222194359e+00
  2.571719006263e-01   -5.113357095776e-02   3.383727068159e+01   2.215760015359e+00
  1.671146856523e-01   -2.475787627917e-02   3.317731480051e+01   2.215760015359e+00
  1.942197542301e-01   -2.272083859500e-02   3.576053864072e+01   2.215760015359e+00
  2.338679003381e-01   -4.591886038676e-02   3.237417159776e+01   2.271566336077e+00
  2.376223402905e-01   -4.405537869705e-02   3.124451424985e+01   2.271566336077e+00
  1.424454789507e-01   -1.945479483945e-02   3.140833636085e+01   2.271566336077e+00
  2.616646557016e-01   -6.686960898343e-02   3.202828305121e+01   4.098311527606e-01
  2.575348626303e-01   -5.135138641111e-02   3.384847757416e+01   4.098311527606e-01
  2.730329266374e-01   -7.555603197427e-02   3.341298746662e+01   4.098311527606e-01
  1.881712813382e-01   -1.538906192936e-02   2.959025699007e+01   1.747891047284e+00
  2.368066725768e-01   -4.401866334878e-02   3.123454106367e+01   1.747891047284e+00
  2.523574596601e-01   -2.181305476985e-02   2.949815266876e+01   1.747891047284e+00
  1.774834184750e-01   -2.610582633607e-03   2.739615564733e+01   2.589789361272e+00
  7.818139629821e-04    1.319487678096e-04   2.728830127583e+01   2.589789361272e+00
  1.857290842864e-01   -7.030513756874e-03   2.841314395397e+01   2.589789361272e+00
  1.773933959982e-01   -2.606739284409e-03   2.738603768437e+01   1.428537332479e+00
  2.780125789674e-01   -2.206767420300e-03   2.744192126792e+01   1.428537332479e+00
  2.442250306507e-01   -3.333658369463e-03   2.571420706567e+01   1.428537332479e+00
  7.535073381379e-04   -1.366814494996e-04   2.958497827356e+01   2.659888134671e+00
  1.865114400624e-01   -7.140725489131e-03   2.840727742378e+01   2.659888134671e+00
  1.714405362383e-04    1.341790952588e-04   2.728392495947e+01   2.659888134671e+00
  2.386716630935e-01    2.312448062976e-03   1.289627956151e-03   7.796335767987e-01
  2.826584953031e-01    2.751296617782e-03   1.931743511245e+00   7.796335767987e-01
  3.192791710142e-01    7.745107373551e-04   1.946827083255e-02   7.796335767987e-01
 -3.144781418831e-04   -3.754084767312e-04   4.992212492662e+01   3.143466292253e+00
  1.256791392405e-01    2.160560761597e-02   4.948147294160e+01   3.143466292253e+00
  5.051822621987e-04    2.108993652290e-04   4.928251550963e+01   3.143466292253e+00
  2.808214217822e-01   -3.700165129214e-03   2.287792495001e+01  -2.142599729905e+00
  3.318355183795e-01    2.795104860466e-03   2.480994043616e+01  -2.142599729905e+00
  4.945228681031e-03   -4.308805588613e-04   2.280162075219e+01  -2.142599729905e+00
  1.876112119611e-01   -1.559340952020e-02   2.957755918741e+01   2.237080404394e+00
  1.421903432701e-01   -1.967189023351e-02   3.140013056770e+01   2.237080404394e+00
  2.376643802291e-01   -4.383151465415e-02   3.124323805626e+01   2.237080404394e+00
  3.309773818048e-01    6.476942225543e-04   1.044910249536e+01   3.938760731959e-02
  3.044649076202e-01   -1.457520826752e-03   8.755191099614e+00   3.938760731959e-02
  2.918598867252e-01    1.534738444167e-03   8.406435535340e+00   3.938760731959e-02
 -2.042684926793e-04    7.455484478888e-05   3.139127509734e+01   4.202976533109e+00
  1.166090076433e-03   -2.202192336665e-05   3.487920564973e+01   4.202976533109e+00
  1.685882379514e-01   -2.455352255403e-02   3.318098836653e+01   4.202976533109e+00
  3.153636740813e-01   -1.546369421935e-03   2.321905388780e+01   2.240156021908e+00
  5.531865806381e-03   -4.311191680134e-04   2.544660014907e+01   2.240156021908e+00
  2.420433181667e-01   -3.418661098778e-03   2.569849273645e+01   2.240156021908e+00
  2.733341474563e-01   -7.561737251251e-02   3.341895714845e+01  -2.198724500691e-01
  2.571974210183e-01   -5.132148650538e-02   3.384413557358e+01  -2.198724500691e-01
  2.993029532801e-01   -5.649910532129e-02   3.563302299494e+01  -2.198724500691e-01
  2.812825262699e-01   -2.460310027993e-03   2.932889134795e+01  -9.522924576788e-02
  2.419332410146e-01   -2.383652583319e-02   3.004606713941e+01  -9.522924576788e-02
  2.374340291107e-01    1.927968688694e-02   3.005287726271e+01  -9.522924576788e-02
  1.373084582087e-03   -3.524722034880e-04   3.489725125545e+01   4.403381993768e+00
  2.124687629734e-01   -9.576398296462e-03   3.905634229107e+01   4.403381993768e+00
  1.940735691816e-01   -2.239759265260e-02   3.576675631747e+01   4.403381993768e+00
  3.282481910218e-01    3.044565545812e-03   2.476791487293e+01   5.789985879879e-01
  2.478016122174e-01   -3.343106648978e-03   2.570744858290e+01   5.789985879879e-01
  3.078160625589e-01    6.620429696064e-04   2.741447470622e+01   5.789985879879e-01
  2.844445528519e-01    2.648550946987e-02   3.822338443448e+01  -1.736925112377e+00
  2.819133942971e-01   -1.716262685450e-03   4.103154737075e+01  -1.736925112377e+00
  1.674181225414e-01    7.985127183495e-03   3.909607934938e+01  -1.736925112377e+00
  3.018979617665e-03    1.309452879188e-04   1.771789559932e+00   2.143722768570e+00
  2.834635766331e-01    2.734035083264e-03   1.918950509982e+00   2.143722768570e+00
  2.385586959646e-01    2.347636642041e-03  -8.189474099658e-03   2.143722768570e+00
  3.070331742428e-01    7.011621771327e-04   2.740669351640e+01   3.942766175866e-01
  2.786261583081e-01   -2.391154512315e-03   2.745280440196e+01   3.942766175866e-01
  3.036305026796e-01    2.481897573488e-03   2.844864173617e+01   3.942766175866e-01
  3.673973792859e-01    2.728918486465e-03   6.689443592485e+00   1.634318991005e+00
  3.028930056850e-01    4.675816208391e-03   4.011027601847e+00   1.634318991005e+00
  1.183475383333e-02   -2.280256370794e-04   6.175482069917e+00   1.634318991005e+00
  3.087218618034e-01    6.396892522224e-04   2.741734567442e+01   4.583426889516e-01
  2.464090793408e-01   -3.315962458703e-03   2.571245112807e+01   4.583426889516e-01
  2.768956651822e-01   -2.253697148256e-03   2.745283433787e+01   4.583426889516e-01
  2.442844966821e-01   -3.247397559954e-03   2.567223965369e+01   4.894974111312e-01
  3.305401333910e-01    2.717141459326e-03   2.476273030043e+01   4.894974111312e-01
  3.129833385649e-01   -1.584943972109e-03   2.320523009287e+01   4.894974111312e-01
  3.033126204065e-01    2.568273499930e-03   2.844849763783e+01  -9.036971350903e-01
  2.684357141998e-01    1.421410982885e-02   2.936603397233e+01  -9.036971350903e-01
  2.331633367371e-01    1.828394323712e-02   2.953438538243e+01  -9.036971350903e-01
  2.618238499239e-01    5.054685391142e-03   2.732433808638e+01  -6.609575832916e-01
  3.074153079572e-01    5.768483526644e-04   2.740653082506e+01  -6.609575832916e-01
  3.030603718660e-01    2.696778573870e-03   2.845652160842e+01  -6.609575832916e-01
  2.328565507595e-01    1.802726873961e-02   2.953871702687e+01  -1.424188640733e+00
  1.624466907989e-01    6.310883745456e-03   2.849792653703e+01  -1.424188640733e+00
  3.039946537745e-01    2.857023040733e-03   2.845042963844e+01  -1.424188640733e+00
  3.145634240927e-04   -1.964360076116e-04   2.830398319729e+01  -2.738112912992e+00
  1.644335074616e-01    1.164983031314e-02   2.950124163187e+01  -2.738112912992e+00
  3.839507207542e-04    6.671042016659e-05   2.957535017032e+01  -2.738112912992e+00
  1.636245090729e-01    1.161411479832e-02   2.949825616651e+01  -2.751441650227e+00
  8.951873352536e-04   -2.422027781508e-04   2.830938182071e+01  -2.751441650227e+00
  1.606074430585e-01    6.078793528646e-03   2.848470920286e+01  -2.751441650227e+00
  2.778704528928e-01   -1.989002480452e-03   2.745160139427e+01   7.448766942146e-01
  2.519133858963e-01   -2.114906948295e-02   2.949315714288e+01   7.448766942146e-01
  2.805245225774e-01   -1.709193252408e-02   2.944684504534e+01   7.448766942146e-01
  1.772814438403e-01   -2.579148141786e-03   2.739261926342e+01   1.512651184844e+00
  1.856820961338e-01   -7.142139929609e-03   2.842009729202e+01   1.512651184844e+00
  2.784350353928e-01   -2.205885626644e-03   2.744786061268e+01   1.512651184844e+00
  2.826308963939e-01    2.416500214533e-03   1.939209958691e+00   2.463316381514e-01
  3.043440476057e-01    4.939881646573e-03   4.122496733028e+00   2.463316381514e-01
  3.201204625221e-01    4.101480407505e-03   2.549143067239e+00   2.463316381514e-01
  4.633518157586e-03    2.226281089415e-04   2.046284642373e+01   2.121517409395e+00
  3.245845530208e-01   -5.775070044763e-03   1.856202254323e+01   2.121517409395e+00
  2.378699751314e-04    1.893879229183e-04   1.819935539497e+01   2.121517409395e+00
  8.858922159153e-03   -1.477644765615e-04   2.067036903085e+01  -1.714925541961e+00
  3.667245683543e-01   -4.044126196819e-03   2.080408698194e+01  -1.714925541961e+00
  2.813614163532e-01   -3.487305053921e-03   2.295014689597e+01  -1.714925541961e+00
  3.637617459768e-01   -4.114472696414e-03   2.081223760829e+01   1.692789505677e+00
  9.398614089806e-03    1.808978105473e-04   2.059855881577e+01   1.692789505677e+00
  3.145354762341e-01   -1.312673665815e-03   2.331930779457e+01   1.692789505677e+00
  2.894733567516e-01    1.700934257341e-04   1.191519418155e+01  -4.444526951686e-01
  3.368975581590e-01    1.070327652275e-03   1.313057431862e+01  -4.444526951686e-01
  2.887640632676e-01    3.372197146315e-03   1.438238004357e+01  -4.444526951686e-01
  2.921304613590e-01    1.621803923987e-03   8.411103509389e+00   2.123161497579e+00
 -8.842317700775e-05   -3.430854155041e-05   8.387569156270e+00   2.123161497579e+00
  3.564368454846e-03    1.444610104664e-04   1.054400203853e+01   2.123161497579e+00
  2.570766266831e-01   -4.435669795725e-03   1.667771686338e+01  -5.771338900163e-01
  3.358267478011e-01   -4.418021473603e-03   1.585949660849e+01  -5.771338900163e-01
  3.244535009053e-01   -7.068625085764e-03   1.866820886477e+01  -5.771338900163e-01
  3.341087380197e-01    8.707492127677e-04   1.300472102043e+01   1.645574477259e+00
  1.097266550886e-02   -5.249143103073e-04   1.580445005882e+01   1.645574477259e+00
  3.388278248013e-01   -4.198089747240e-03   1.584708971134e+01   1.645574477259e+00
  2.874218398367e-01    1.479892028409e-04   1.188769640792e+01  -4.634732306809e-01
  3.003008485196e-01   -1.323472277314e-03   8.745569693376e+00  -4.634732306809e-01
  3.338403939214e-01    4.297638595964e-04   1.044132652511e+01  -4.634732306809e-01
  3.395823733314e-01   -4.706001191134e-03   1.590804332343e+01   1.599673906425e+00
  1.000466329469e-02   -7.202128806862e-05   1.591195210000e+01   1.599673906425e+00
  3.215270456998e-01   -6.365883104226e-03   1.871817110512e+01   1.599673906425e+00
  3.233078888789e-01    3.639498148482e-03   2.548485390819e+00  -2.091174285856e+00
  3.278070653514e-03    2.413270133755e-04   4.234046415814e+00  -2.091174285856e+00
  2.101326368781e-03   -3.335592420784e-04   1.606192554282e+00  -2.091174285856e+00
  3.846935774140e-03   -2.850906030007e-04   3.904432365659e+00   2.051540225090e+00
  3.042726129487e-01    4.417465683412e-03   4.101648692785e+00   2.051540225090e+00
  2.830948825846e-01    2.593074291183e-03   1.924928998683e+00   2.051540225090e+00
  1.827592432593e-03   -1.478965139743e-04   3.906625498503e+00   2.166750078085e+00
  2.852113057249e-01    2.656435603686e-03   1.920463157470e+00   2.166750078085e+00
  1.486231801510e-03    1.487959951177e-04   1.785814266225e+00   2.166750078085e+00
  3.174319050261e-01    6.854613503120e-04   1.957441946735e-02   2.777526844857e-01
  2.845249948064e-01    2.800089887005e-03   1.922896497280e+00   2.777526844857e-01
  3.180032359176e-01    3.532144550337e-03   2.544694652217e+00   2.777526844857e-01
 -1.918000874481e-04    7.497965981900e-05   8.330329746360e+00   2.122213613438e+00
  2.916642402941e-01    1.553310741492e-03   8.511566309628e+00   2.122213613438e+00
  5.047663732081e-03    1.525509071541e-05   6.310802036758e+00   2.122213613438e+00
  3.069215634395e-01    5.251095992569e-03   4.122143581381e+00  -2.093330345493e-01
  3.608538563129e-01    2.616825931569e-03   6.727766634937e+00  -2.093330345493e-01
  2.798121906779e-01    7.327426144940e-03   4.888279795639e+00  -2.093330345493e-01
  3.065026710168e-01    4.312062365244e-03   4.059485519414e+00   2.074083082462e+00
  1.197775087338e-03   -2.473573081832e-04   3.941005128665e+00   2.074083082462e+00
  5.176898788067e-03   -1.529895076383e-04   6.167222188959e+00   2.074083082462e+00
  3.079549268244e-01    5.291749210984e-03   4.117227417191e+00  -1.996326005139e-01
  2.793334683537e-01    7.356466250173e-03   4.829814618922e+00  -1.996326005139e-01
  3.176917965472e-01    4.135443958828e-03   2.519763070966e+00  -1.996326005139e-01
  1.025029371167e-03    1.370435970235e-04   4.226476045603e+00  -2.310448646818e+00
  2.794155980841e-01    6.762615049855e-03   4.801896195927e+00  -2.310448646818e+00
  2.306100027497e-03   -2.400947019170e-04   6.443406613372e+00  -2.310448646818e+00
  6.970185859912e-03   -4.420588466386e-04   6.457695264645e+00  -1.927992963976e+00
  2.769110210538e-01    6.841924433554e-03   4.786118069750e+00  -1.927992963976e+00
  3.632035546704e-01    2.359288922532e-03   6.696479257476e+00  -1.927992963976e+00
  3.185645126240e-01   -1.490240891752e-03   2.323768117941e+01   2.197398836017e+00
  6.656727247322e-04    2.136440547279e-04   2.301722240255e+01   2.197398836017e+00
  3.052407502840e-03   -2.611831744197e-04   2.543295135895e+01   2.197398836017e+00
  2.837755964522e-01   -3.361713423916e-03   2.289748257208e+01  -2.378049562332e-01
  3.162748842283e-01   -1.471303946220e-03   2.322419299412e+01  -2.378049562332e-01
  3.277415277854e-01    2.607984531024e-03   2.481119661899e+01  -2.378049562332e-01
  1.160332115116e-03    5.454817859163e-05   1.807575591796e+01  -2.227469396996e+00
  2.862271915476e-01   -6.736689789162e-03   1.875333752185e+01  -2.227469396996e+00
  3.154308952262e-03    4.885214628258e-05   2.059840622787e+01  -2.227469396996e+00
  3.156401172204e-01   -1.339771680183e-03   2.322259299628e+01  -3.270017166107e-01
  2.848007070542e-01   -3.346466759721e-03   2.285023477742e+01  -3.270017166107e-01
  3.612487168054e-01   -4.023218999542e-03   2.078898461467e+01  -3.270017166107e-01
  2.838622479147e-01   -3.768829086800e-03   2.291247515356e+01  -2.155735488026e+00
  9.623483723378e-04   -2.512814071769e-04   2.279988276710e+01  -2.155735488026e+00
  3.597606419768e-03   -8.560078865118e-05   2.068848951188e+01  -2.155735488026e+00
  3.063261755076e-03   -9.805899412089e-05   6.540017188995e+00  -2.309300322154e+00
  3.050272494736e-01   -1.446596799919e-03   8.761760386156e+00  -2.309300322154e+00
  3.526949343382e-04    1.011695897820e-05   9.143817447196e+00  -2.309300322154e+00
  4.939305783202e-04    1.040371785355e-04   2.298667674478e+01   2.194384651440e+00
  3.181329955568e-01   -1.259251563085e-03   2.328739807554e+01   2.194384651440e+00
  4.311318903333e-03    1.178121805879e-04   2.060634685991e+01   2.194384651440e+00
  2.925475374466e-01    1.468623700749e-03   8.438455797507e+00   1.848258219867e-01
  3.033118963144e-01   -1.499707054433e-03   8.683782945994e+00   1.848258219867e-01
  3.607676879105e-01    2.193095179577e-03   6.676359013239e+00   1.848258219867e-01
  1.100587849669e-02    5.527961082139e-06   6.287135302753e+00   1.492035755152e+00
  2.882555584084e-01    1.435525818634e-03   8.573882302861e+00   1.492035755152e+00
  3.679578439230e-01    2.462232665174e-03   6.709915490431e+00   1.492035755152e+00
  2.894895110236e-01    1.561601573058e-03   8.353441656752e+00   1.657403102189e+00
  8.103796668193e-03    3.453731769925e-04   1.056127294213e+01   1.657403102189e+00
  3.337981574865e-01    8.466997986772e-04   1.041616458080e+01   1.657403102189e+00
  2.896782921651e-01    3.260507477618e-04   1.191536279945e+01  -2.276997113450e+00
  2.889941606073e-01    3.133502901799e-03   1.437929119432e+01  -2.276997113450e+00
  4.402748643783e-03   -2.430256547141e-05   1.369611703335e+01  -2.276997113450e+00
  3.386406014572e-01    8.878499281155e-04   1.316204973606e+01   1.992394132676e+00
  4.878550985168e-03    2.340409196822e-04   1.066787063241e+01   1.992394132676e+00
  7.171104741693e-04   -1.024902355790e-04   1.321473178709e+01   1.992394132676e+00
  5.859569541493e-04   -4.807777603563e-05   9.154599126405e+00  -2.307422120067e+00
  3.041353843151e-01   -1.302587292615e-03   8.748821749877e+00  -2.307422120067e+00
  2.653105603400e-03    1.055524776752e-04   1.134477671786e+01  -2.307422120067e+00
  2.849519161026e-01   -7.173546709979e-03   1.885648522892e+01  -4.203882565951e-01
  3.226806032650e-01   -6.708678010431e-03   1.862423293378e+01  -4.203882565951e-01
  3.603344242196e-01   -4.120709653595e-03   2.077698224434e+01  -4.203882565951e-01
  9.251747558532e-03   -4.891335163033e-06   2.059695326515e+01  -1.810065094505e+00
  2.822786243910e-01   -6.764094770385e-03   1.872497758697e+01  -1.810065094505e+00
  3.661964045926e-01   -4.194721506089e-03   2.078075388027e+01  -1.810065094505e+00
  2.840099948089e-03    1.864677161001e-04   1.804513563592e+01  -2.259892554596e+00
  2.524558729954e-01   -3.950225761772e-03   1.673591886212e+01  -2.259892554596e+00
  2.846056257991e-01   -6.971193010338e-03   1.877969791972e+01  -2.259892554596e+00
  2.534304154673e-01   -3.423569062008e-03   1.675851208181e+01  -2.461749091828e+00
  8.143121930084e-04   -5.325490052581e-06   1.804086772700e+01  -2.461749091828e+00
  1.028587696848e-03    2.200283602374e-04   1.615328474396e+01  -2.461749091828e+00
  1.576903372774e-03   -1.104854631323e-04   1.368786891467e+01  -2.305639092490e+00
  2.916301572365e-01    3.193413561405e-03   1.438425451401e+01  -2.305639092490e+00
  1.769698717014e-03    9.442624406686e-05   1.614925801921e+01  -2.305639092490e+00
  2.904837654989e-01    3.626405531119e-03   1.442427500339e+01  -4.025858681345e-01
  3.344228628691e-01    1.071120014147e-03   1.306823835711e+01  -4.025858681345e-01
  3.365477057687e-01   -3.989936428207e-03   1.583854439570e+01  -4.025858681345e-01
  5.383479362881e-03   -3.377969119342e-04   1.578310502566e+01   1.993173970826e+00
  3.384782275799e-01    6.701839932013e-04   1.306324640019e+01   1.993173970826e+00
  6.413475392960e-04    4.163018919461e-06   1.327261129274e+01   1.993173970826e+00
  1.013151502272e-04    3.485628387168e-04   1.814577598321e+01   2.123796773563e+00
  3.247399891005e-01   -5.929526526536e-03   1.865281888023e+01   2.123796773563e+00
  4.589727675726e-03   -9.429173038430e-06   1.592431260632e+01   2.123796773563e+00
  2.886969972917e-01    3.360336417164e-03   1.439851207409e+01  -2.301446422513e+00
  2.505895716280e-01   -3.404729168773e-03   1.676208453550e+01  -2.301446422513e+00
  4.142414502471e-03    2.833239342158e-04   1.615533872929e+01  -2.301446422513e+00
  2.875114113195e-01    3.626610194910e-03   1.441021094108e+01  -7.364655134889e-01
  3.387556208268e-01   -4.247479423926e-03   1.583085076805e+01  -7.364655134889e-01
  2.516296473645e-01   -3.834117399410e-03   1.673336467706e+01  -7.364655134889e-01
  2.916183538784e-01    3.783871630837e-04   1.191108427847e+01  -2.276240085725e+00
  1.992985525159e-03    2.380302589767e-05   1.369936642833e+01  -2.276240085725e+00
  1.563848866769e-03    5.900588417321e-05   1.133605904436e+01  -2.276240085725e+00
  3.011604826709e-01   -1.301499304528e-03   8.744713619527e+00  -2.227625322854e+00
  2.873155030588e-01    2.450825943624e-04   1.189392499806e+01  -2.227625322854e+00
  5.352573824253e-03    1.541215481291e-04   1.134403009242e+01  -2.227625322854e+00
  3.342882217464e-01    9.807354205174e-04   1.318391431243e+01  -4.028746402813e-01
  2.914348856257e-01    3.893707552275e-05   1.188432095349e+01  -4.028746402813e-01
  3.309777208028e-01    5.120761682362e-04   1.045285357320e+01  -4.028746402813e-01
